2 0.053125 0.31953125 0.059375 0.0375
2 0.11328125 0.3234375 0.0609375 0.0375
2 0.1734375 0.3265625 0.059375 0.03515625
2 0.23359375 0.3296875 0.0609375 0.03515625
2 0.2953125 0.334375 0.059375 0.03515625
2 0.35546875 0.3359375 0.0609375 0.03515625
2 0.415625 0.33984375 0.059375 0.03515625
2 0.05546875 0.353125 0.0578125 0.03125
2 0.11484375 0.3578125 0.0578125 0.03125
2 0.1734375 0.359375 0.059375 0.03125
2 0.234375 0.36640625 0.059375 0.0296875
2 0.2953125 0.3671875 0.059375 0.03515625
2 0.35546875 0.37109375 0.0609375 0.03515625
2 0.41484375 0.37421875 0.0578125 0.0328125
2 0.05703125 0.3859375 0.0578125 0.0328125
2 0.11640625 0.3890625 0.0578125 0.03515625
1 0.175 0.39375 0.059375 0.0328125
2 0.23515625 0.3953125 0.0578125 0.0296875
2 0.2953125 0.39921875 0.059375 0.0296875
2 0.3546875 0.4046875 0.059375 0.03515625
2 0.415625 0.4078125 0.059375 0.03515625
2 0.034375 0.5234375 0.059375 0.0390625
2 0.0953125 0.52421875 0.059375 0.0375
2 0.15546875 0.528125 0.0578125 0.0375
2 0.21484375 0.53046875 0.0609375 0.0328125
2 0.275 0.53515625 0.059375 0.03515625
2 0.33828125 0.5390625 0.0609375 0.03515625
2 0.39765625 0.54296875 0.0609375 0.03515625
2 0.459375 0.546875 0.0625 0.03515625
2 0.52109375 0.55078125 0.0609375 0.03125
2 0.58203125 0.553125 0.0609375 0.03125
2 0.03671875 0.5546875 0.0578125 0.03125
2 0.64296875 0.55859375 0.0609375 0.03125
2 0.096875 0.55859375 0.059375 0.03125
2 0.703125 0.559375 0.059375 0.0296875
2 0.15625 0.5609375 0.059375 0.02734375
0 0.21640625 0.5625 0.0609375 0.03515625
2 0.76484375 0.56328125 0.0578125 0.0296875
2 0.27734375 0.56875 0.0609375 0.03125
2 0.33828125 0.57109375 0.0609375 0.0296875
2 0.396875 0.571875 0.059375 0.03125
2 0.45859375 0.578125 0.0609375 0.03125
0 0.51953125 0.58203125 0.0609375 0.03125
2 0.0390625 0.584375 0.059375 0.03125
2 0.58046875 0.5859375 0.0609375 0.03125
1 0.0984375 0.5890625 0.059375 0.0328125
2 0.640625 0.58984375 0.059375 0.03125
2 0.1578125 0.59375 0.059375 0.03125
2 0.7015625 0.59375 0.059375 0.03125
2 0.7609375 0.5953125 0.059375 0.03125
2 0.21640625 0.596875 0.0578125 0.0328125
2 0.2765625 0.60078125 0.059375 0.0328125
2 0.33828125 0.60546875 0.0609375 0.03515625
2 0.39765625 0.60546875 0.0609375 0.03515625
2 0.4578125 0.61015625 0.059375 0.0328125
2 0.51796875 0.6140625 0.0609375 0.0328125
0 0.5765625 0.61796875 0.059375 0.0328125
2 0.6390625 0.6234375 0.059375 0.03125
0 0.69765625 0.62578125 0.0578125 0.0328125
4 0.75703125 0.63125 0.0578125 0.03515625
2 0.02421875 0.7265625 0.0484375 0.03515625
2 0.07734375 0.7296875 0.0578125 0.0328125
2 0.13515625 0.7328125 0.0578125 0.03125
2 0.19765625 0.73359375 0.0609375 0.0296875
2 0.25859375 0.7390625 0.0609375 0.0328125
2 0.3171875 0.7421875 0.059375 0.03125
2 0.37734375 0.74609375 0.0609375 0.03125
2 0.43984375 0.75078125 0.0609375 0.0328125
2 0.5 0.75703125 0.0625 0.0328125
2 0.02421875 0.7578125 0.0484375 0.02734375
2 0.0796875 0.75859375 0.05625 0.0296875
2 0.5609375 0.7609375 0.059375 0.0328125
2 0.13828125 0.759375 0.0578125 0.02734375
2 0.62265625 0.7625 0.0609375 0.0328125
2 0.1984375 0.76484375 0.059375 0.0296875
2 0.68203125 0.765625 0.0609375 0.03515625
2 0.2578125 0.76875 0.059375 0.0296875
2 0.7421875 0.771875 0.059375 0.0390625
2 0.80234375 0.77265625 0.0609375 0.0328125
2 0.31796875 0.7734375 0.0578125 0.03125
2 0.8640625 0.77734375 0.0625 0.03515625
2 0.37890625 0.7765625 0.0609375 0.0296875
2 0.92265625 0.78046875 0.0609375 0.0328125
2 0.4390625 0.78125 0.059375 0.02734375
2 0.025 0.78515625 0.05 0.02734375
0 0.4984375 0.7859375 0.059375 0.0296875
0 0.08125 0.7890625 0.059375 0.03125
2 0.559375 0.790625 0.059375 0.02734375
2 0.1390625 0.7921875 0.05625 0.0328125
2 0.61953125 0.79375 0.0609375 0.0296875
2 0.2 0.796875 0.059375 0.03125
2 0.6796875 0.7984375 0.0625 0.03125
2 0.259375 0.8 0.059375 0.0296875
2 0.7390625 0.8015625 0.059375 0.0296875
2 0.31796875 0.80390625 0.0578125 0.0296875
2 0.8 0.8046875 0.0625 0.03125
2 0.85859375 0.8078125 0.0609375 0.0296875
1 0.378125 0.80625 0.059375 0.03125
2 0.9171875 0.809375 0.059375 0.0296875
0 0.4390625 0.8109375 0.059375 0.03125
2 0.9734375 0.8125 0.053125 0.03125
0 0.4984375 0.8171875 0.059375 0.0296875
2 0.5578125 0.81953125 0.059375 0.0296875
2 0.6171875 0.8234375 0.059375 0.0296875
0 0.678125 0.82734375 0.059375 0.0296875
2 0.73828125 0.8296875 0.0609375 0.03125
0 0.796875 0.8328125 0.059375 0.0296875
2 0.85390625 0.83515625 0.0578125 0.0296875
2 0.9125 0.8390625 0.059375 0.0296875
2 0.97109375 0.83984375 0.0578125 0.02734375
2 0.02421875 0.92265625 0.0484375 0.0328125
0 0.0796875 0.928125 0.0625 0.03515625
2 0.1390625 0.9296875 0.059375 0.03125
2 0.19765625 0.9375 0.0578125 0.03125
2 0.25625 0.9390625 0.059375 0.03125
2 0.31796875 0.94375 0.0609375 0.03125
2 0.378125 0.95 0.059375 0.0375
2 0.43828125 0.9515625 0.0609375 0.03515625
2 0.4984375 0.95625 0.0625 0.0375
0 0.025 0.95625 0.05 0.0296875
2 0.56015625 0.96015625 0.0640625 0.040625
0 0.08046875 0.9609375 0.0609375 0.02734375
2 0.1390625 0.9625 0.059375 0.03125
2 0.61875 0.965625 0.0625 0.0375
2 0.19921875 0.96796875 0.0578125 0.0296875
2 0.67734375 0.96953125 0.0640625 0.0375
2 0.25859375 0.96953125 0.0609375 0.0296875
2 0.73984375 0.9734375 0.0640625 0.0375
2 0.3171875 0.97578125 0.059375 0.0296875
2 0.79765625 0.9765625 0.0640625 0.0390625
2 0.8578125 0.978125 0.065625 0.0390625
2 0.378125 0.98046875 0.059375 0.03125
0 0.915625 0.98125 0.065625 0.0375
2 0.97265625 0.98203125 0.0546875 0.0359375
2 0.43671875 0.984375 0.0609375 0.03125
0 0.02578125 0.98515625 0.0515625 0.0296875