3 0.09140625 0.021875 0.0609375 0.03515625
2 0.75859375 0.0203125 0.0609375 0.040625
2 0.296875 0.196875 0.059375 0.03515625
2 0.84765625 0.1984375 0.0609375 0.0328125
2 0.9078125 0.2 0.059375 0.0328125
2 0.35703125 0.20234375 0.0609375 0.0328125
2 0.41796875 0.20625 0.0609375 0.0375
2 0.96796875 0.2078125 0.0609375 0.0375
2 0.47890625 0.2078125 0.0609375 0.0375
2 0.540625 0.21015625 0.0625 0.0375
2 0.60234375 0.215625 0.0609375 0.0375
2 0.66328125 0.2203125 0.0609375 0.0390625
3 0.05546875 0.221875 0.0578125 0.0375
3 0.11640625 0.2234375 0.0609375 0.040625
2 0.72421875 0.2234375 0.0609375 0.040625
2 0.17578125 0.22578125 0.0609375 0.0375
2 0.78515625 0.22734375 0.0609375 0.0375
3 0.23671875 0.23046875 0.0609375 0.0390625
2 0.84453125 0.23359375 0.0609375 0.0375
3 0.29609375 0.23515625 0.0609375 0.040625
3 0.153125 0.02421875 0.059375 0.0375
2 0.81796875 0.025 0.0640625 0.04296875
2 0.9046875 0.23515625 0.059375 0.0375
2 0.35625 0.23828125 0.059375 0.0390625
1 0.41796875 0.2421875 0.0609375 0.0390625
2 0.9640625 0.24140625 0.059375 0.0328125
2 0.478125 0.24609375 0.059375 0.0390625
2 0.53828125 0.2484375 0.0609375 0.0390625
0 0.60078125 0.2515625 0.0609375 0.0390625
2 0.66015625 0.25625 0.0609375 0.0390625
2 0.721875 0.26171875 0.0625 0.0390625
2 0.78125 0.265625 0.059375 0.0390625
2 0.840625 0.26953125 0.059375 0.0390625
3 0.21328125 0.028125 0.0609375 0.040625
2 0.9015625 0.27421875 0.059375 0.0375
2 0.9609375 0.2796875 0.059375 0.0390625
3 0.27265625 0.03046875 0.0578125 0.040625
2 0.87734375 0.03125 0.0578125 0.04296875
2 0.33203125 0.03125 0.0609375 0.0390625
2 0.9375 0.034375 0.0625 0.040625
1 0.39296875 0.0359375 0.0609375 0.040625
3 0.07578125 0.3609375 0.0609375 0.03515625
3 0.13515625 0.36015625 0.0609375 0.0328125
2 0.19609375 0.3609375 0.0609375 0.03515625
2 0.25546875 0.3671875 0.0609375 0.03515625
2 0.3171875 0.36875 0.0625 0.03515625
2 0.378125 0.37421875 0.0625 0.0375
2 0.43984375 0.37578125 0.0609375 0.0328125
2 0.50234375 0.3828125 0.0609375 0.0390625
2 0.5640625 0.38671875 0.0625 0.03515625
2 0.62421875 0.3890625 0.0640625 0.03515625
3 0.075 0.39375 0.059375 0.0328125
2 0.1359375 0.39453125 0.0625 0.03125
2 0.68671875 0.396875 0.0640625 0.03515625
2 0.74921875 0.396875 0.0671875 0.03515625
2 0.19609375 0.3984375 0.0609375 0.03515625
2 0.8109375 0.40234375 0.065625 0.03515625
2 0.25546875 0.40234375 0.0609375 0.03515625
3 0.31640625 0.40546875 0.0609375 0.0375
2 0.86796875 0.4078125 0.0609375 0.03515625
3 0.37734375 0.409375 0.0609375 0.0375
2 0.45390625 0.040625 0.0609375 0.04296875
2 0.93046875 0.4109375 0.0640625 0.0375
1 0.43984375 0.4125 0.0609375 0.03515625
2 0.50078125 0.41484375 0.0609375 0.0328125
2 0.5625 0.42109375 0.0625 0.0328125
2 0.6234375 0.425 0.0625 0.0328125
2 0.13671875 0.42890625 0.0609375 0.0375
2 0.51484375 0.0453125 0.0609375 0.04296875
3 0.0765625 0.43046875 0.059375 0.0375
2 0.68515625 0.43046875 0.0640625 0.0328125
2 0.74609375 0.43125 0.0640625 0.03515625
3 0.1953125 0.43046875 0.059375 0.0328125
3 0.25546875 0.43671875 0.0609375 0.0328125
2 0.80703125 0.43828125 0.0671875 0.0328125
3 0.31640625 0.440625 0.0609375 0.0328125
2 0.865625 0.4421875 0.065625 0.0328125
2 0.92421875 0.4453125 0.0640625 0.03125
3 0.378125 0.4453125 0.0625 0.03515625
1 0.4390625 0.446875 0.059375 0.03515625
1 0.50078125 0.44921875 0.0609375 0.03515625
2 0.56171875 0.45703125 0.0609375 0.03515625
2 0.621875 0.459375 0.0625 0.03515625
2 0.68203125 0.4640625 0.0640625 0.0328125
2 0.74296875 0.46796875 0.0640625 0.0375
2 0.5734375 0.0484375 0.059375 0.04296875
0 0.803125 0.4703125 0.0625 0.03515625
1 0.86328125 0.47578125 0.0640625 0.0328125
2 0.92109375 0.478125 0.0640625 0.03515625
2 0.634375 0.0515625 0.059375 0.040625
2 0.696875 0.0578125 0.0625 0.040625
3 0.09921875 0.5671875 0.0609375 0.0375
3 0.15859375 0.56875 0.0578125 0.03515625
3 0.22109375 0.571875 0.0640625 0.03515625
3 0.28203125 0.575 0.0609375 0.0328125
3 0.34296875 0.57890625 0.0578125 0.0375
3 0.403125 0.58515625 0.0625 0.0328125
2 0.46640625 0.5890625 0.0609375 0.0375
2 0.5265625 0.59296875 0.0625 0.0328125
2 0.5890625 0.596875 0.0625 0.0328125
2 0.65078125 0.60078125 0.0609375 0.0328125
3 0.09921875 0.603125 0.0609375 0.03515625
3 0.1609375 0.60234375 0.059375 0.0328125
2 0.71171875 0.603125 0.0609375 0.03515625
2 0.75625 0.06171875 0.059375 0.040625
3 0.221875 0.6078125 0.0625 0.03515625
2 0.771875 0.609375 0.059375 0.03515625
3 0.2828125 0.609375 0.059375 0.03515625
2 0.83203125 0.6109375 0.0609375 0.03515625
3 0.3421875 0.6140625 0.059375 0.0328125
2 0.8921875 0.61640625 0.059375 0.0375
2 0.403125 0.61796875 0.0625 0.0328125
2 0.95234375 0.61875 0.0609375 0.03515625
2 0.46484375 0.621875 0.0609375 0.0375
2 0.52421875 0.62578125 0.0609375 0.0328125
2 0.58671875 0.62890625 0.0609375 0.03515625
3 0.1 0.6328125 0.059375 0.02734375
2 0.64921875 0.63359375 0.0609375 0.0328125
3 0.159375 0.6359375 0.059375 0.0328125
2 0.7078125 0.6390625 0.059375 0.03125
3 0.221875 0.640625 0.0625 0.03125
2 0.76953125 0.64453125 0.0609375 0.03125
2 0.815625 0.065625 0.059375 0.0375
3 0.2828125 0.6453125 0.059375 0.0375
2 0.8296875 0.646875 0.059375 0.03515625
3 0.3421875 0.64921875 0.059375 0.0375
2 0.88984375 0.64921875 0.0609375 0.0328125
2 0.40234375 0.65234375 0.0609375 0.03515625
2 0.94921875 0.653125 0.0609375 0.0328125
1 0.46328125 0.6546875 0.0609375 0.0390625
2 0.52421875 0.66015625 0.0609375 0.03515625
2 0.58515625 0.66484375 0.0609375 0.0375
2 0.6453125 0.66796875 0.0625 0.03515625
2 0.70625 0.671875 0.059375 0.03515625
2 0.76640625 0.67578125 0.0609375 0.03515625
2 0.82734375 0.6796875 0.0609375 0.03515625
1 0.8859375 0.68125 0.0625 0.03515625
2 0.94609375 0.684375 0.0578125 0.0375
2 0.87578125 0.07109375 0.0578125 0.040625
2 0.93359375 0.07421875 0.0609375 0.04296875
3 0.125 0.77734375 0.059375 0.03125
2 0.18515625 0.7796875 0.0609375 0.03515625
2 0.24453125 0.78125 0.0609375 0.03515625
2 0.30625 0.784375 0.0625 0.0328125
3 0.36796875 0.78828125 0.0609375 0.0328125
2 0.42890625 0.7921875 0.0609375 0.0328125
2 0.49140625 0.7984375 0.0609375 0.03515625
2 0.5515625 0.803125 0.059375 0.03515625
2 0.6125 0.80390625 0.059375 0.0328125
0 0.1265625 0.80546875 0.059375 0.0296875
2 0.67421875 0.809375 0.0609375 0.0375
2 0.1859375 0.8109375 0.059375 0.03515625
2 0.7359375 0.8109375 0.059375 0.03125
2 0.24453125 0.815625 0.0609375 0.0328125
2 0.79609375 0.8140625 0.0609375 0.03515625
3 0.30625 0.8171875 0.0625 0.0328125
2 0.8578125 0.81875 0.059375 0.03515625
3 0.36796875 0.821875 0.0609375 0.03515625
2 0.91640625 0.82109375 0.0609375 0.0328125
2 0.9734375 0.82421875 0.053125 0.03515625
2 0.428125 0.82734375 0.059375 0.0328125
2 0.4890625 0.8296875 0.059375 0.03125
2 0.54921875 0.834375 0.0609375 0.03125
0 0.1265625 0.8359375 0.059375 0.03125
2 0.6109375 0.8375 0.059375 0.03515625
2 0.18671875 0.83984375 0.0578125 0.03125
2 0.671875 0.84375 0.059375 0.03515625
3 0.246875 0.8453125 0.059375 0.03125
2 0.7328125 0.84453125 0.059375 0.0328125
2 0.79296875 0.846875 0.0609375 0.0328125
3 0.30703125 0.8484375 0.0609375 0.0328125
2 0.853125 0.85078125 0.059375 0.0328125
2 0.9125 0.8515625 0.059375 0.03125
3 0.36640625 0.8546875 0.0609375 0.0328125
2 0.97109375 0.85546875 0.0578125 0.03125
2 0.428125 0.8578125 0.059375 0.03515625
0 0.48984375 0.8609375 0.0609375 0.03515625
2 0.54921875 0.865625 0.0609375 0.03515625
0 0.60859375 0.86875 0.0609375 0.03515625
2 0.66953125 0.8734375 0.0609375 0.03515625
2 0.73046875 0.87578125 0.0609375 0.0328125
2 0.790625 0.878125 0.0625 0.0328125
1 0.85 0.8796875 0.059375 0.0328125
2 0.909375 0.8828125 0.059375 0.03515625
2 0.96796875 0.8875 0.0609375 0.0328125
2 0.26328125 0.98125 0.0609375 0.0328125
3 0.1421875 0.98203125 0.059375 0.0359375
3 0.20234375 0.98359375 0.0609375 0.0328125
2 0.57578125 0.01484375 0.0609375 0.0296875
3 0.0546875 0.15234375 0.059375 0.0390625
3 0.115625 0.1515625 0.059375 0.0328125
2 0.63671875 0.01640625 0.0609375 0.0328125
2 0.17578125 0.15703125 0.0609375 0.0328125
2 0.23515625 0.15625 0.0609375 0.03515625
2 0.2953125 0.1625 0.0625 0.03515625
2 0.35703125 0.165625 0.0609375 0.0390625
2 0.41875 0.16875 0.0625 0.0375
2 0.48046875 0.171875 0.0609375 0.03515625
2 0.5421875 0.175 0.0625 0.0328125
2 0.69765625 0.01875 0.0609375 0.0375
3 0.0328125 0.01875 0.05625 0.0328125
2 0.60234375 0.1796875 0.0609375 0.03515625
2 0.665625 0.18359375 0.0625 0.03515625
3 0.115625 0.1875 0.059375 0.03515625
3 0.05625 0.18671875 0.059375 0.0328125
2 0.72578125 0.18671875 0.0609375 0.0328125
2 0.175 0.190625 0.059375 0.0328125
2 0.7875 0.19140625 0.0625 0.03515625
2 0.23515625 0.19375 0.0609375 0.0390625