3 0.428125 0.29296875 0.0625 0.0390625
3 0.490625 0.296875 0.0625 0.0390625
2 0.55234375 0.296875 0.0609375 0.04296875
2 0.6125 0.30078125 0.0625 0.0390625
3 0.67578125 0.30546875 0.0640625 0.0375
3 0.73671875 0.309375 0.0609375 0.040625
2 0.79765625 0.3109375 0.0609375 0.03515625
2 0.859375 0.3140625 0.0625 0.0390625
2 0.97421875 0.321875 0.0515625 0.03515625
2 0.9171875 0.3234375 0.05625 0.040625
2 0.428125 0.32890625 0.059375 0.0375
2 0.4890625 0.3328125 0.0625 0.0328125
2 0.55 0.334375 0.059375 0.03515625
3 0.61171875 0.340625 0.0609375 0.040625
3 0.6734375 0.3421875 0.0625 0.0390625
2 0.73359375 0.3453125 0.0609375 0.03515625
2 0.79453125 0.3484375 0.0609375 0.0375
2 0.8546875 0.3546875 0.059375 0.0375
2 0.971875 0.359375 0.05625 0.0390625
2 0.9140625 0.359375 0.059375 0.03515625
2 0.42734375 0.365625 0.0609375 0.03515625
2 0.48828125 0.3703125 0.0609375 0.0375
2 0.54921875 0.3703125 0.0609375 0.0328125
3 0.61015625 0.37421875 0.0609375 0.0375
3 0.66953125 0.378125 0.0609375 0.0375
2 0.73046875 0.38203125 0.0578125 0.0375
2 0.79296875 0.38671875 0.0640625 0.0390625
2 0.853125 0.38984375 0.059375 0.0375
2 0.91015625 0.3921875 0.0578125 0.03515625
1 0.9703125 0.396875 0.059375 0.0390625
3 0.45390625 0.5 0.0609375 0.04296875
3 0.5171875 0.49921875 0.0625 0.0375
2 0.57734375 0.5046875 0.0609375 0.0375
2 0.63984375 0.50859375 0.0640625 0.0375
3 0.70234375 0.5125 0.0609375 0.0375
3 0.76171875 0.51640625 0.0609375 0.0375
3 0.8203125 0.51953125 0.059375 0.03515625
3 0.88125 0.5234375 0.0625 0.0390625
2 0.94375 0.52421875 0.059375 0.0328125
2 0.5140625 0.53828125 0.0625 0.0375
3 0.45390625 0.5390625 0.0609375 0.03515625
2 0.575 0.54375 0.0625 0.0375
3 0.63671875 0.5453125 0.0609375 0.0390625
3 0.69921875 0.5484375 0.0609375 0.0390625
3 0.759375 0.55390625 0.059375 0.0375
3 0.81875 0.5578125 0.059375 0.0375
3 0.88046875 0.559375 0.0609375 0.0328125
2 0.9390625 0.5609375 0.059375 0.03515625
3 0.45234375 0.5734375 0.0609375 0.0375
2 0.51328125 0.57421875 0.0609375 0.03515625
3 0.5734375 0.578125 0.0625 0.03515625
3 0.63671875 0.58125 0.0609375 0.0375
3 0.6953125 0.58515625 0.059375 0.0328125
3 0.75703125 0.5859375 0.0609375 0.03515625
3 0.81875 0.58984375 0.0625 0.03125
3 0.87890625 0.5921875 0.0609375 0.03125
2 0.9375 0.59765625 0.059375 0.03515625
3 0.48046875 0.71171875 0.0609375 0.040625
3 0.5421875 0.7140625 0.0625 0.0375
3 0.6046875 0.71875 0.0625 0.03515625
3 0.665625 0.7203125 0.059375 0.03515625
3 0.728125 0.72578125 0.0625 0.0375
3 0.7890625 0.73046875 0.059375 0.03515625
2 0.85 0.73359375 0.065625 0.0375
2 0.91015625 0.734375 0.0578125 0.03515625
2 0.96875 0.7375 0.05625 0.0375
3 0.4796875 0.75 0.0625 0.03515625
3 0.54140625 0.7515625 0.0609375 0.0390625
3 0.603125 0.75390625 0.0625 0.03515625
3 0.665625 0.75703125 0.0625 0.0375
3 0.725 0.7625 0.059375 0.0328125
3 0.78671875 0.7625 0.0609375 0.0328125
2 0.8453125 0.76640625 0.059375 0.0328125
2 0.90625 0.76953125 0.059375 0.03515625
2 0.96796875 0.771875 0.0609375 0.03125
3 0.4796875 0.784375 0.0625 0.0328125
3 0.540625 0.7859375 0.059375 0.0328125
3 0.60078125 0.7875 0.0609375 0.03125
3 0.66171875 0.7921875 0.0609375 0.0328125
3 0.7234375 0.79609375 0.0625 0.0328125
2 0.78125 0.7953125 0.059375 0.03515625
1 0.84140625 0.796875 0.0609375 0.03515625
0 0.90234375 0.8 0.0609375 0.0328125
2 0.40546875 0.0796875 0.0640625 0.03515625
2 0.96328125 0.8015625 0.0609375 0.0296875
3 0.4671875 0.08515625 0.0625 0.0375
3 0.52734375 0.0875 0.0640625 0.0390625
3 0.58828125 0.090625 0.0609375 0.0375
3 0.50078125 0.92578125 0.0609375 0.03515625
2 0.5625 0.925 0.0625 0.0328125
2 0.62421875 0.9265625 0.0609375 0.0328125
3 0.6875 0.9296875 0.0625 0.03125
3 0.74921875 0.93359375 0.0609375 0.03125
2 0.809375 0.93359375 0.059375 0.03125
3 0.64921875 0.09453125 0.0640625 0.0375
2 0.86796875 0.9390625 0.0578125 0.03515625
2 0.928125 0.940625 0.0625 0.0328125
3 0.71171875 0.09765625 0.0609375 0.03515625
3 0.62421875 0.96015625 0.0640625 0.0328125
3 0.49921875 0.96015625 0.0609375 0.0328125
2 0.56171875 0.96015625 0.0609375 0.0328125
3 0.68671875 0.9609375 0.0609375 0.03125
3 0.74609375 0.9640625 0.0578125 0.0296875
2 0.8046875 0.965625 0.059375 0.0328125
2 0.865625 0.97265625 0.059375 0.03125
2 0.9234375 0.971875 0.059375 0.0296875
0 0.771875 0.103125 0.059375 0.0390625
2 0.83203125 0.1078125 0.0609375 0.03515625
2 0.890625 0.11328125 0.059375 0.03515625
2 0.95234375 0.115625 0.0609375 0.03515625
3 0.4046875 0.115625 0.0625 0.03515625
3 0.4640625 0.121875 0.0625 0.0375
3 0.5265625 0.12578125 0.0625 0.0375
3 0.58828125 0.128125 0.0609375 0.0375
3 0.65 0.13359375 0.0625 0.0375
3 0.709375 0.1359375 0.059375 0.040625
0 0.76875 0.1421875 0.059375 0.04296875
0 0.8296875 0.146875 0.059375 0.04296875
2 0.89140625 0.15 0.0640625 0.0390625
2 0.9484375 0.153125 0.059375 0.040625
3 0.403125 0.15546875 0.0625 0.040625
3 0.4640625 0.15703125 0.059375 0.0375
3 0.525 0.16015625 0.0625 0.03515625
3 0.58671875 0.165625 0.0609375 0.03515625
3 0.646875 0.16875 0.059375 0.0328125
2 0.7078125 0.175 0.0625 0.0375
2 0.7671875 0.1828125 0.059375 0.0375
2 0.82734375 0.184375 0.0609375 0.0375
2 0.88671875 0.1875 0.0609375 0.0390625
2 0.94609375 0.1921875 0.0609375 0.0375