2 0.07890625 0.2609375 0.0609375 0.0375
2 0.13984375 0.26484375 0.0609375 0.0375
2 0.19921875 0.26953125 0.0609375 0.0390625
2 0.2609375 0.27265625 0.0625 0.0375
2 0.32265625 0.27421875 0.0609375 0.0375
2 0.384375 0.27734375 0.0625 0.0390625
2 0.4453125 0.28203125 0.0625 0.040625
2 0.5078125 0.2875 0.0625 0.04296875
2 0.56796875 0.28984375 0.0609375 0.040625
2 0.63046875 0.29296875 0.0609375 0.0390625
2 0.68984375 0.2953125 0.0609375 0.0390625
2 0.75234375 0.296875 0.0609375 0.0390625
1 0.0796875 0.2984375 0.059375 0.03515625
2 0.13984375 0.3015625 0.0609375 0.0375
2 0.8140625 0.3015625 0.0625 0.0375
2 0.20078125 0.30390625 0.0609375 0.0328125
2 0.87265625 0.30625 0.0609375 0.0390625
2 0.26171875 0.30625 0.0609375 0.03515625
2 0.93359375 0.3078125 0.0609375 0.0375
2 0.32265625 0.31171875 0.0609375 0.0375
2 0.38359375 0.3140625 0.0609375 0.03515625
2 0.44453125 0.31953125 0.0609375 0.0328125
2 0.50546875 0.32109375 0.0609375 0.0328125
2 0.5671875 0.32421875 0.0625 0.03125
2 0.62890625 0.32734375 0.0609375 0.0328125
2 0.6890625 0.32890625 0.0625 0.0328125
2 0.75 0.3328125 0.0625 0.0328125
1 0.08125 0.334375 0.059375 0.03515625
2 0.8109375 0.33671875 0.0625 0.0328125
2 0.14140625 0.33671875 0.0609375 0.0375
2 0.20078125 0.3390625 0.0609375 0.0375
2 0.86953125 0.33984375 0.0609375 0.03515625
2 0.2625 0.3421875 0.0625 0.0390625
2 0.92890625 0.34453125 0.0609375 0.0375
0 0.32265625 0.34453125 0.0609375 0.0375
0 0.3828125 0.3484375 0.0625 0.0375
2 0.44453125 0.35078125 0.0609375 0.0375
2 0.5046875 0.3546875 0.0625 0.0375
4 0.5640625 0.35625 0.0625 0.0375
2 0.62578125 0.3625 0.0609375 0.0375
2 0.68671875 0.3640625 0.0609375 0.0375
2 0.74765625 0.36796875 0.0609375 0.0375
2 0.80703125 0.3703125 0.0609375 0.0375
2 0.865625 0.375 0.059375 0.0390625
2 0.925 0.378125 0.0625 0.0375
2 0.075 0.46796875 0.059375 0.0375
2 0.13828125 0.46953125 0.0609375 0.0375
2 0.19921875 0.47265625 0.0609375 0.03515625
2 0.259375 0.47734375 0.0625 0.0375
2 0.32109375 0.48046875 0.0609375 0.03515625
2 0.38203125 0.48359375 0.0609375 0.0375
2 0.44453125 0.4875 0.0609375 0.0375
2 0.50703125 0.49296875 0.0609375 0.0375
2 0.56796875 0.49609375 0.0609375 0.03515625
2 0.078125 0.5015625 0.059375 0.03125
2 0.6296875 0.5015625 0.059375 0.04296875
2 0.68984375 0.50390625 0.0609375 0.0390625
3 0.1375 0.50625 0.059375 0.03515625
0 0.7515625 0.50625 0.059375 0.03515625
2 0.8125 0.5078125 0.059375 0.03515625
3 0.20078125 0.5078125 0.0609375 0.03515625
3 0.26015625 0.51171875 0.0609375 0.03515625
0 0.87265625 0.51171875 0.0609375 0.03515625
2 0.32109375 0.515625 0.0609375 0.0390625
0 0.93125 0.51640625 0.059375 0.0375
2 0.38203125 0.51953125 0.0609375 0.03515625
2 0.44296875 0.521875 0.0609375 0.03515625
2 0.50390625 0.5265625 0.0609375 0.0328125
0 0.56640625 0.53046875 0.0609375 0.0328125
1 0.62578125 0.53515625 0.0609375 0.03125
3 0.0796875 0.5375 0.059375 0.03515625
0 0.6875 0.53984375 0.059375 0.0328125
3 0.1390625 0.540625 0.0625 0.03515625
2 0.74921875 0.53984375 0.0609375 0.0328125
0 0.80859375 0.54296875 0.0609375 0.03515625
3 0.2 0.54609375 0.0625 0.0375
3 0.2609375 0.54609375 0.0625 0.0375
2 0.86796875 0.54765625 0.0609375 0.0328125
2 0.32109375 0.5515625 0.0609375 0.0375
0 0.928125 0.5515625 0.059375 0.0328125
2 0.38203125 0.5546875 0.0609375 0.03515625
2 0.44296875 0.55625 0.0609375 0.03515625
2 0.50234375 0.5609375 0.0609375 0.03515625
2 0.56484375 0.5640625 0.0609375 0.03515625
2 0.06171875 0.0578125 0.0609375 0.0453125
2 0.121875 0.05859375 0.059375 0.0390625
0 0.62421875 0.5671875 0.0609375 0.0328125
2 0.68515625 0.57109375 0.0609375 0.0328125
0 0.7453125 0.571875 0.059375 0.03515625
2 0.80546875 0.578125 0.0609375 0.03515625
0 0.865625 0.58203125 0.059375 0.03515625
2 0.18125 0.06171875 0.0625 0.040625
2 0.92421875 0.5859375 0.0609375 0.03125
2 0.2421875 0.0640625 0.059375 0.0390625
2 0.30390625 0.06640625 0.0609375 0.0390625
3 0.0734375 0.67890625 0.065625 0.040625
3 0.13828125 0.68046875 0.0671875 0.040625
3 0.19765625 0.6828125 0.0609375 0.0375
2 0.36640625 0.0703125 0.0609375 0.0390625
2 0.25625 0.6859375 0.0625 0.03515625
2 0.31875 0.690625 0.0625 0.0375
2 0.38046875 0.69453125 0.0609375 0.0375
2 0.4421875 0.6984375 0.0625 0.0375
2 0.5046875 0.7015625 0.0625 0.0390625
2 0.565625 0.7046875 0.0625 0.03515625
2 0.628125 0.70625 0.0625 0.0375
2 0.68828125 0.71171875 0.0609375 0.0375
2 0.75 0.7125 0.0625 0.03515625
3 0.075 0.71484375 0.065625 0.0390625
2 0.8109375 0.7171875 0.0625 0.03515625
3 0.1390625 0.71875 0.065625 0.04296875
3 0.1984375 0.71953125 0.0625 0.040625
2 0.86953125 0.71953125 0.0640625 0.0375
3 0.259375 0.7203125 0.0625 0.03515625
2 0.93125 0.7203125 0.0625 0.03515625
2 0.42578125 0.0734375 0.0609375 0.040625
2 0.31953125 0.7234375 0.0609375 0.0328125
2 0.38046875 0.72734375 0.0609375 0.0328125
2 0.44140625 0.73046875 0.0609375 0.03125
2 0.503125 0.734375 0.0625 0.03125
2 0.5640625 0.7375 0.0625 0.0328125
2 0.625 0.740625 0.0625 0.03125
2 0.68671875 0.7453125 0.0609375 0.0328125
2 0.746875 0.746875 0.0625 0.0328125
2 0.80859375 0.75 0.0640625 0.03125
2 0.865625 0.753125 0.0625 0.0328125
3 0.20078125 0.753125 0.0609375 0.0328125
1 0.259375 0.75390625 0.0625 0.03515625
2 0.9265625 0.7546875 0.0625 0.0328125
3 0.3203125 0.7578125 0.0625 0.03515625
3 0.38046875 0.759375 0.0609375 0.03515625
2 0.48828125 0.07734375 0.0609375 0.040625
2 0.4421875 0.76171875 0.0625 0.03515625
2 0.50234375 0.765625 0.0609375 0.03515625
2 0.56171875 0.76953125 0.0609375 0.03515625
2 0.62265625 0.771875 0.0609375 0.03125
2 0.6828125 0.77421875 0.0625 0.0328125
2 0.74375 0.77734375 0.0625 0.03125
2 0.80546875 0.7796875 0.0640625 0.03125
2 0.8640625 0.78203125 0.0625 0.0328125
2 0.9234375 0.7859375 0.0625 0.0328125
2 0.54921875 0.08203125 0.0609375 0.04296875
2 0.61015625 0.0828125 0.0609375 0.040625
2 0.671875 0.0875 0.059375 0.0390625
3 0.18984375 0.88984375 0.0609375 0.0375
3 0.25078125 0.8921875 0.0640625 0.03515625
2 0.3125 0.89765625 0.0625 0.0328125
2 0.37265625 0.9015625 0.0609375 0.0328125
3 0.4359375 0.9046875 0.0625 0.03515625
3 0.49765625 0.9078125 0.0609375 0.03515625
2 0.559375 0.9109375 0.0625 0.0375
2 0.61796875 0.9140625 0.0609375 0.03515625
3 0.74296875 0.9140625 0.0671875 0.0390625
2 0.68203125 0.9171875 0.0640625 0.0328125
2 0.73203125 0.0921875 0.0609375 0.0390625
2 0.8625 0.92109375 0.0625 0.0375
2 0.803125 0.921875 0.059375 0.03515625
3 0.1328125 0.92265625 0.0625 0.0328125
3 0.19296875 0.925 0.0609375 0.0328125
2 0.92265625 0.925 0.0671875 0.0375
3 0.2515625 0.925 0.0625 0.0328125
2 0.31328125 0.92890625 0.0609375 0.0328125
3 0.3734375 0.93125 0.0625 0.03125
3 0.4359375 0.9359375 0.0625 0.03125
2 0.0625 0.09453125 0.0625 0.0375
2 0.12265625 0.09453125 0.0609375 0.0375
2 0.79140625 0.09453125 0.0578125 0.040625
3 0.49609375 0.940625 0.0609375 0.0328125
2 0.55625 0.94140625 0.0625 0.03125
2 0.61796875 0.9453125 0.0609375 0.03125
3 0.68046875 0.946875 0.0640625 0.03125
3 0.74140625 0.9484375 0.0640625 0.0375
3 0.8 0.95 0.0625 0.0375
3 0.19375 0.95390625 0.059375 0.0328125
2 0.859375 0.95625 0.065625 0.0328125
3 0.13359375 0.95625 0.0609375 0.0375
2 0.25234375 0.95625 0.0609375 0.0328125
2 0.91796875 0.95625 0.0640625 0.0328125
2 0.31328125 0.96015625 0.0609375 0.0328125
3 0.3734375 0.96171875 0.0625 0.0328125
3 0.43515625 0.9671875 0.0609375 0.03515625
3 0.49609375 0.9703125 0.0609375 0.03125
2 0.55546875 0.97265625 0.0609375 0.03125
3 0.61640625 0.97578125 0.0625 0.0328125
2 0.18203125 0.0984375 0.0609375 0.0328125
2 0.853125 0.0984375 0.0625 0.0375
3 0.7984375 0.98359375 0.0625 0.0328125
2 0.85625 0.98515625 0.0625 0.0296875
3 0.9140625 0.98515625 0.0625 0.0296875
2 0.24296875 0.0984375 0.0609375 0.0375
2 0.30390625 0.103125 0.0609375 0.03515625
2 0.91171875 0.1046875 0.0609375 0.0375
2 0.3640625 0.1078125 0.059375 0.03515625
2 0.9703125 0.10859375 0.059375 0.0375
2 0.42578125 0.109375 0.0609375 0.03515625
2 0.4875 0.1125 0.0625 0.0328125
0 0.546875 0.115625 0.059375 0.03515625
2 0.60859375 0.121875 0.0609375 0.0375
2 0.66953125 0.12421875 0.0609375 0.0375
2 0.06484375 0.128125 0.0609375 0.040625
2 0.7296875 0.128125 0.059375 0.0375
2 0.1234375 0.13125 0.059375 0.0390625
2 0.78984375 0.13203125 0.0609375 0.0375
2 0.18359375 0.13359375 0.0609375 0.0375
2 0.24296875 0.1359375 0.0609375 0.0375
2 0.84921875 0.1359375 0.0609375 0.0375
2 0.30390625 0.1390625 0.0609375 0.0390625
2 0.909375 0.1390625 0.0625 0.0390625
2 0.36484375 0.1421875 0.0609375 0.0390625
2 0.96640625 0.1421875 0.0609375 0.0390625
2 0.42421875 0.1453125 0.0609375 0.040625
2 0.4859375 0.146875 0.0625 0.0390625
1 0.5453125 0.1515625 0.059375 0.0375
1 0.60625 0.15625 0.059375 0.03515625
0 0.66640625 0.1609375 0.0609375 0.0375
2 0.72734375 0.16484375 0.0609375 0.040625
0 0.7859375 0.16796875 0.059375 0.0390625
2 0.84609375 0.171875 0.0609375 0.0390625
2 0.9046875 0.17578125 0.059375 0.0390625
2 0.96328125 0.18046875 0.0609375 0.0375