2 0.03828125 0.24921875 0.0609375 0.0375
2 0.09921875 0.253125 0.0609375 0.0375
2 0.1578125 0.25859375 0.059375 0.0375
2 0.21796875 0.2609375 0.0609375 0.040625
2 0.28125 0.26640625 0.0625 0.040625
2 0.34296875 0.271875 0.0609375 0.0390625
2 0.40546875 0.275 0.0609375 0.04296875
2 0.46328125 0.278125 0.0609375 0.0375
2 0.52421875 0.2796875 0.0609375 0.0390625
2 0.5859375 0.28203125 0.0625 0.0375
2 0.6484375 0.284375 0.0625 0.0375
2 0.04140625 0.2859375 0.0640625 0.0375
2 0.1 0.2921875 0.0625 0.040625
2 0.7109375 0.2921875 0.059375 0.0375
2 0.77109375 0.2953125 0.0609375 0.0390625
2 0.83203125 0.296875 0.0578125 0.03515625
2 0.159375 0.29765625 0.0625 0.0484375
2 0.22109375 0.2984375 0.0609375 0.0390625
2 0.28203125 0.30546875 0.0640625 0.0375
2 0.34296875 0.309375 0.0578125 0.0375
2 0.4015625 0.3125 0.059375 0.0390625
2 0.4625 0.3140625 0.0625 0.0390625
2 0.525 0.31640625 0.059375 0.0390625
3 0.04140625 0.31875 0.0609375 0.0390625
2 0.5859375 0.32109375 0.0625 0.0375
2 0.64765625 0.321875 0.0640625 0.0390625
2 0.70859375 0.3265625 0.0609375 0.0390625
2 0.10078125 0.328125 0.0609375 0.03125
2 0.828125 0.33125 0.05625 0.0328125
2 0.7671875 0.33125 0.0625 0.0328125
1 0.2203125 0.33203125 0.059375 0.03125
2 0.16015625 0.3328125 0.0609375 0.025
2 0.28046875 0.33515625 0.0609375 0.0296875
2 0.34296875 0.34296875 0.0578125 0.025
2 0.4625 0.3453125 0.059375 0.02734375
2 0.403125 0.3453125 0.059375 0.02734375
2 0.52109375 0.35 0.0578125 0.02734375
1 0.58359375 0.353125 0.0609375 0.0234375
2 0.64453125 0.35625 0.0609375 0.0296875
2 0.70390625 0.3609375 0.0609375 0.03125
2 0.7671875 0.3625 0.0625 0.0328125
2 0.82578125 0.3640625 0.0578125 0.0375
2 0.06015625 0.0453125 0.0640625 0.0390625
3 0.07890625 0.4578125 0.0609375 0.0375
2 0.140625 0.4609375 0.0625 0.0390625
2 0.20078125 0.465625 0.0640625 0.0375
2 0.2609375 0.46875 0.065625 0.0390625
2 0.1203125 0.04765625 0.059375 0.040625
2 0.32265625 0.471875 0.0609375 0.0375
2 0.384375 0.475 0.0625 0.0390625
2 0.446875 0.4765625 0.0625 0.0390625
2 0.50703125 0.4828125 0.0640625 0.04296875
2 0.56953125 0.48515625 0.0640625 0.0375
2 0.63046875 0.48828125 0.0609375 0.0390625
2 0.18046875 0.05 0.0609375 0.040625
2 0.69375 0.4921875 0.0625 0.0390625
2 0.0828125 0.49296875 0.065625 0.0328125
2 0.75390625 0.49609375 0.0609375 0.04296875
2 0.14140625 0.49609375 0.0640625 0.03125
2 0.8140625 0.5 0.059375 0.04296875
2 0.2015625 0.5 0.0625 0.03515625
0 0.26171875 0.5046875 0.0640625 0.0328125
2 0.87421875 0.503125 0.0609375 0.0375
2 0.93515625 0.5046875 0.0640625 0.0375
2 0.32265625 0.50703125 0.0609375 0.0328125
2 0.23984375 0.053125 0.0609375 0.0390625
2 0.30078125 0.0515625 0.0609375 0.0328125
2 0.38515625 0.51171875 0.0640625 0.03125
2 0.4453125 0.5140625 0.065625 0.03515625
2 0.5078125 0.5171875 0.0625 0.03515625
2 0.5671875 0.5203125 0.0625 0.0375
0 0.62734375 0.5234375 0.0609375 0.03515625
2 0.08359375 0.525 0.0609375 0.03515625
2 0.69140625 0.52734375 0.0640625 0.03515625
2 0.1421875 0.528125 0.0625 0.0375
2 0.75078125 0.53046875 0.0640625 0.0328125
2 0.20234375 0.53203125 0.0578125 0.0328125
2 0.8125 0.53203125 0.059375 0.0328125
0 0.2625 0.5359375 0.059375 0.0328125
2 0.86875 0.53828125 0.0625 0.0328125
0 0.93046875 0.53828125 0.0640625 0.0328125
2 0.3234375 0.540625 0.0625 0.03125
0 0.38359375 0.5421875 0.0609375 0.0296875
2 0.44453125 0.546875 0.0609375 0.03515625
1 0.50546875 0.55 0.0609375 0.0328125
2 0.5671875 0.553125 0.0625 0.02734375
2 0.62890625 0.55546875 0.0640625 0.0328125
2 0.68828125 0.55859375 0.0609375 0.03125
2 0.74765625 0.5625 0.0578125 0.03515625
2 0.36171875 0.05859375 0.0609375 0.03515625
2 0.80703125 0.5671875 0.0609375 0.0328125
2 0.865625 0.5703125 0.059375 0.03515625
2 0.9265625 0.57109375 0.059375 0.0328125
2 0.41953125 0.06171875 0.0578125 0.0328125
2 0.06328125 0.66484375 0.0578125 0.0328125
2 0.1234375 0.6671875 0.059375 0.0328125
2 0.18359375 0.6703125 0.0578125 0.03515625
2 0.24296875 0.67109375 0.0609375 0.0328125
2 0.30390625 0.675 0.0609375 0.0375
2 0.365625 0.68046875 0.059375 0.0328125
2 0.4265625 0.68125 0.0625 0.03515625
2 0.48828125 0.6859375 0.0609375 0.03515625
2 0.55 0.6875 0.059375 0.03515625
2 0.61015625 0.69140625 0.0609375 0.03515625
2 0.6734375 0.69609375 0.0625 0.0328125
2 0.0640625 0.69609375 0.059375 0.0296875
2 0.734375 0.696875 0.0625 0.03515625
2 0.12578125 0.6984375 0.0609375 0.0328125
2 0.184375 0.7 0.059375 0.0296875
2 0.7953125 0.703125 0.0625 0.03125
2 0.2453125 0.7046875 0.059375 0.03125
2 0.8546875 0.70390625 0.059375 0.0328125
2 0.30546875 0.7078125 0.0640625 0.0328125
2 0.9140625 0.709375 0.059375 0.03515625
2 0.971875 0.709375 0.05625 0.03125
2 0.365625 0.7125 0.059375 0.03125
2 0.42734375 0.715625 0.0609375 0.0328125
2 0.4890625 0.71796875 0.0625 0.0328125
2 0.54921875 0.721875 0.0609375 0.0328125
2 0.609375 0.7234375 0.0625 0.0328125
2 0.06640625 0.7265625 0.0578125 0.02734375
2 0.6703125 0.728125 0.0625 0.03515625
2 0.12734375 0.72734375 0.0578125 0.0328125
2 0.73125 0.73046875 0.0625 0.03125
2 0.18515625 0.7328125 0.0609375 0.03125
2 0.790625 0.734375 0.0625 0.03125
2 0.85234375 0.7375 0.0609375 0.0328125
2 0.24453125 0.7375 0.0609375 0.0328125
2 0.9703125 0.7390625 0.059375 0.0328125
2 0.30546875 0.740625 0.0609375 0.03125
0 0.91015625 0.740625 0.0609375 0.03125
2 0.36484375 0.74375 0.0609375 0.03125
2 0.4265625 0.7453125 0.0625 0.0296875
0 0.48671875 0.75078125 0.0609375 0.0328125
2 0.54765625 0.75390625 0.0609375 0.03125
2 0.6078125 0.75625 0.059375 0.03125
2 0.66875 0.7578125 0.0625 0.03125
2 0.728125 0.7625 0.059375 0.0296875
1 0.7859375 0.76640625 0.0625 0.0296875
0 0.84609375 0.7671875 0.0578125 0.03125
0 0.90546875 0.771875 0.0609375 0.02734375
2 0.965625 0.7734375 0.065625 0.03125
2 0.06171875 0.0828125 0.0609375 0.0375
0 0.121875 0.08671875 0.0625 0.0375
2 0.06328125 0.8640625 0.0640625 0.0328125
2 0.125 0.86796875 0.0625 0.0328125
2 0.18359375 0.8703125 0.0609375 0.0296875
2 0.24453125 0.87421875 0.0609375 0.0296875
2 0.23984375 0.0890625 0.0609375 0.0375
1 0.18046875 0.0890625 0.0609375 0.0375
2 0.3046875 0.88203125 0.059375 0.0328125
2 0.36484375 0.8859375 0.0640625 0.0328125
2 0.425 0.8890625 0.059375 0.03515625
0 0.4875 0.89453125 0.0625 0.03515625
2 0.06328125 0.8953125 0.0640625 0.0296875
2 0.54765625 0.8953125 0.0640625 0.0328125
2 0.1234375 0.896875 0.05625 0.03125
0 0.30078125 0.090625 0.0609375 0.040625
2 0.609375 0.89921875 0.0625 0.0375
2 0.66875 0.9015625 0.059375 0.0375
2 0.184375 0.9015625 0.0625 0.0328125
2 0.24453125 0.90625 0.0609375 0.03125
2 0.73046875 0.90625 0.0609375 0.03515625
2 0.7890625 0.909375 0.059375 0.0328125
2 0.85078125 0.91015625 0.0609375 0.03515625
2 0.91015625 0.9125 0.0578125 0.03515625
0 0.303125 0.9140625 0.059375 0.03125
2 0.96875 0.9140625 0.059375 0.03515625
2 0.36328125 0.91875 0.0609375 0.0296875
0 0.425 0.9203125 0.059375 0.03125
0 0.48515625 0.925 0.0609375 0.0296875
2 0.54453125 0.92578125 0.0609375 0.02734375
2 0.065625 0.92578125 0.059375 0.03125
2 0.6078125 0.928125 0.059375 0.02734375
2 0.12578125 0.9296875 0.0609375 0.03125
2 0.18515625 0.93125 0.0609375 0.03515625
2 0.72578125 0.9328125 0.0609375 0.0296875
2 0.6671875 0.93359375 0.0625 0.02734375
2 0.24375 0.9359375 0.0625 0.03515625
2 0.36015625 0.09375 0.0640625 0.03515625
2 0.7890625 0.940625 0.0625 0.0328125
2 0.30546875 0.94375 0.0578125 0.02734375
2 0.846875 0.94375 0.059375 0.03125
2 0.9625 0.94453125 0.059375 0.0296875
2 0.90703125 0.94375 0.0609375 0.02734375
1 0.365625 0.946875 0.059375 0.03125
0 0.425 0.9515625 0.059375 0.02734375
2 0.48515625 0.95390625 0.0609375 0.0328125
2 0.5453125 0.95703125 0.0625 0.03515625
2 0.41953125 0.0953125 0.0578125 0.03515625
2 0.60546875 0.959375 0.0609375 0.03125
2 0.665625 0.959375 0.059375 0.03125
2 0.725 0.9625 0.059375 0.03125
2 0.7828125 0.9671875 0.059375 0.03125
2 0.84296875 0.9703125 0.0609375 0.02734375
2 0.9046875 0.97265625 0.0625 0.02734375
2 0.95859375 0.9734375 0.0578125 0.025
2 0.0640625 0.121875 0.0625 0.0375
2 0.12265625 0.12421875 0.0609375 0.0375
2 0.18125 0.12578125 0.059375 0.0375
2 0.240625 0.1265625 0.0625 0.0390625
2 0.30234375 0.12890625 0.0609375 0.03515625
2 0.3609375 0.13203125 0.0625 0.0375
2 0.41953125 0.1328125 0.0578125 0.0390625