2 0.4484375 0.28984375 0.05625 0.0328125
2 0.5078125 0.290625 0.059375 0.03515625
2 0.5671875 0.2953125 0.059375 0.03515625
2 0.628125 0.29609375 0.059375 0.0328125
2 0.68828125 0.29765625 0.0609375 0.0328125
2 0.746875 0.30078125 0.059375 0.03515625
2 0.8078125 0.30390625 0.059375 0.0328125
2 0.86640625 0.30546875 0.0609375 0.0328125
2 0.92578125 0.309375 0.0609375 0.0328125
2 0.44765625 0.32109375 0.0578125 0.0328125
2 0.50703125 0.3234375 0.0609375 0.0328125
2 0.56796875 0.325 0.0609375 0.0328125
2 0.628125 0.32890625 0.059375 0.0328125
2 0.68828125 0.32890625 0.0609375 0.0328125
2 0.74765625 0.33203125 0.0609375 0.03515625
2 0.8078125 0.33515625 0.059375 0.0328125
2 0.86640625 0.33671875 0.0609375 0.0328125
2 0.928125 0.340625 0.059375 0.0328125
0 0.4453125 0.353125 0.059375 0.03125
2 0.50546875 0.35546875 0.0609375 0.03125
2 0.56640625 0.3578125 0.0609375 0.03125
2 0.6265625 0.36015625 0.059375 0.0328125
2 0.68828125 0.3625 0.0609375 0.0328125
2 0.74765625 0.3640625 0.0609375 0.0328125
2 0.8078125 0.36796875 0.059375 0.0328125
2 0.86875 0.36796875 0.059375 0.0328125
2 0.92890625 0.37421875 0.0609375 0.0328125
2 0.47578125 0.49609375 0.0578125 0.03515625
2 0.534375 0.496875 0.059375 0.0328125
2 0.59453125 0.5015625 0.0609375 0.03515625
2 0.6546875 0.50390625 0.059375 0.03515625
2 0.7140625 0.50625 0.059375 0.03515625
2 0.77421875 0.509375 0.0609375 0.03515625
2 0.834375 0.509375 0.059375 0.03515625
2 0.8921875 0.5140625 0.059375 0.03515625
2 0.953125 0.515625 0.059375 0.03515625
2 0.47265625 0.528125 0.0578125 0.0328125
2 0.5328125 0.53046875 0.059375 0.0328125
2 0.5921875 0.5328125 0.059375 0.03515625
2 0.65390625 0.5375 0.0609375 0.03515625
2 0.7140625 0.53984375 0.059375 0.0328125
2 0.77421875 0.540625 0.0609375 0.03515625
2 0.834375 0.54375 0.059375 0.0328125
2 0.89375 0.546875 0.059375 0.03515625
2 0.9546875 0.5484375 0.059375 0.03515625
2 0.47265625 0.56328125 0.0609375 0.0375
2 0.53203125 0.56328125 0.0609375 0.0328125
2 0.59296875 0.56640625 0.0609375 0.03515625
2 0.65390625 0.5703125 0.0609375 0.03515625
2 0.71484375 0.571875 0.0609375 0.03515625
2 0.77578125 0.575 0.0609375 0.0328125
2 0.834375 0.57734375 0.059375 0.0328125
2 0.89609375 0.58125 0.0609375 0.0328125
2 0.95546875 0.5828125 0.0609375 0.0375
2 0.43984375 0.69375 0.0578125 0.03515625
2 0.49921875 0.69609375 0.0609375 0.0375
2 0.55859375 0.7 0.0609375 0.0375
2 0.61953125 0.70234375 0.0609375 0.0375
1 0.678125 0.703125 0.059375 0.03515625
0 0.7390625 0.7078125 0.059375 0.0375
2 0.7984375 0.71015625 0.059375 0.0375
2 0.859375 0.7109375 0.059375 0.03515625
2 0.91875 0.7125 0.059375 0.03515625
2 0.43671875 0.728125 0.0578125 0.03515625
2 0.4984375 0.73046875 0.059375 0.03515625
2 0.5578125 0.734375 0.059375 0.03515625
2 0.61796875 0.7375 0.0609375 0.0375
0 0.6796875 0.7375 0.059375 0.0375
2 0.740625 0.74296875 0.059375 0.0375
2 0.79921875 0.7453125 0.0609375 0.0328125
2 0.86015625 0.74609375 0.0609375 0.03515625
2 0.91875 0.75 0.059375 0.03515625
2 0.4359375 0.76484375 0.059375 0.0375
2 0.4953125 0.765625 0.059375 0.03515625
2 0.55625 0.7671875 0.059375 0.03515625
2 0.61796875 0.7703125 0.0609375 0.0375
2 0.68046875 0.775 0.0609375 0.03515625
2 0.73984375 0.77734375 0.0609375 0.03515625
0 0.8 0.7796875 0.059375 0.03515625
2 0.859375 0.78125 0.059375 0.03515625
2 0.9203125 0.7828125 0.059375 0.03515625
2 0.42109375 0.0921875 0.0578125 0.03515625
2 0.94296875 0.91328125 0.0578125 0.0375
2 0.47890625 0.09453125 0.0609375 0.0375
2 0.5390625 0.0953125 0.059375 0.03515625
2 0.94296875 0.95234375 0.0578125 0.0375
2 0.59921875 0.09765625 0.0609375 0.03515625
1 0.65859375 0.09765625 0.0609375 0.03125
2 0.94375 0.98515625 0.059375 0.0296875
2 0.71640625 0.1015625 0.0578125 0.03125
2 0.77734375 0.1046875 0.0609375 0.0328125
2 0.83671875 0.1078125 0.0609375 0.03515625
0 0.896875 0.1109375 0.059375 0.03125
2 0.95546875 0.1140625 0.0609375 0.0328125
2 0.4203125 0.125 0.059375 0.03125
2 0.47890625 0.125 0.0609375 0.03125
2 0.53828125 0.12578125 0.0578125 0.0328125
2 0.59921875 0.1296875 0.0609375 0.0328125
2 0.6578125 0.13203125 0.059375 0.0375
2 0.7171875 0.13125 0.059375 0.03125
0 0.77734375 0.1328125 0.0609375 0.03125
2 0.83828125 0.1375 0.0609375 0.0328125
2 0.89765625 0.1421875 0.0578125 0.03125
2 0.95703125 0.1453125 0.0609375 0.0375
2 0.4171875 0.1546875 0.059375 0.03515625
2 0.478125 0.15546875 0.0625 0.0328125
2 0.5375 0.15703125 0.059375 0.0375
2 0.5984375 0.1578125 0.059375 0.03515625
2 0.6578125 0.1625 0.0625 0.03515625
2 0.71953125 0.16328125 0.0609375 0.0375
2 0.77890625 0.165625 0.0609375 0.03515625
2 0.8390625 0.1703125 0.059375 0.0390625
2 0.8984375 0.17109375 0.059375 0.0328125
2 0.959375 0.1765625 0.0625 0.0328125