2 0.109375 0.25078125 0.053125 0.0328125
2 0.16640625 0.2515625 0.0546875 0.03515625
2 0.22578125 0.25625 0.0546875 0.03125
0 0.2828125 0.2609375 0.05625 0.0328125
2 0.34140625 0.2625 0.0578125 0.0296875
0 0.4015625 0.265625 0.05625 0.03125
1 0.4609375 0.26953125 0.05625 0.03125
2 0.5203125 0.2734375 0.059375 0.03125
1 0.57890625 0.27734375 0.0578125 0.03125
2 0.640625 0.28125 0.059375 0.03515625
2 0.10546875 0.28125 0.0515625 0.03125
2 0.6984375 0.2828125 0.059375 0.03515625
2 0.16171875 0.28203125 0.0546875 0.0328125
0 0.759375 0.28515625 0.059375 0.03515625
2 0.22109375 0.28828125 0.0546875 0.0328125
2 0.81953125 0.2890625 0.0609375 0.03515625
2 0.27734375 0.28984375 0.0546875 0.0328125
0 0.3390625 0.29375 0.05625 0.0328125
0 0.87890625 0.29375 0.0578125 0.0328125
2 0.39765625 0.296875 0.0578125 0.03125
2 0.9375 0.296875 0.059375 0.03515625
2 0.4578125 0.2984375 0.05625 0.03125
0 0.51875 0.30390625 0.059375 0.0328125
2 0.578125 0.30859375 0.05625 0.03125
2 0.6390625 0.31171875 0.059375 0.0328125
2 0.1 0.31171875 0.053125 0.0328125
2 0.7 0.31640625 0.059375 0.03125
2 0.15703125 0.315625 0.0546875 0.0328125
2 0.2171875 0.31875 0.05625 0.03515625
2 0.76015625 0.31953125 0.0609375 0.0328125
0 0.81875 0.32109375 0.059375 0.0328125
2 0.275 0.321875 0.05625 0.03515625
2 0.3359375 0.325 0.05625 0.0328125
0 0.87890625 0.32734375 0.0578125 0.0328125
2 0.3953125 0.3296875 0.059375 0.03515625
2 0.9390625 0.3296875 0.059375 0.03125
2 0.45703125 0.33203125 0.0578125 0.03515625
2 0.5171875 0.3359375 0.059375 0.03515625
2 0.57578125 0.33984375 0.0578125 0.03515625
2 0.63828125 0.34375 0.0578125 0.03515625
2 0.69921875 0.3453125 0.0609375 0.03125
2 0.76015625 0.35078125 0.0609375 0.0328125
0 0.8203125 0.353125 0.059375 0.03515625
2 0.8796875 0.359375 0.059375 0.03515625
2 0.94140625 0.36328125 0.0609375 0.03515625
0 0.07578125 0.44375 0.0546875 0.03125
2 0.13203125 0.44921875 0.0546875 0.03515625
2 0.18984375 0.453125 0.0546875 0.03515625
2 0.24921875 0.45625 0.0578125 0.0328125
2 0.3078125 0.4640625 0.05625 0.0328125
1 0.36796875 0.465625 0.0578125 0.0328125
2 0.4265625 0.4703125 0.05625 0.03515625
2 0.48671875 0.47265625 0.0609375 0.03125
2 0.546875 0.475 0.059375 0.03125
2 0.0703125 0.47578125 0.053125 0.0328125
2 0.60625 0.4796875 0.059375 0.0296875
2 0.128125 0.48046875 0.05625 0.03125
2 0.66640625 0.4828125 0.0578125 0.03125
2 0.18671875 0.48828125 0.0546875 0.03515625
2 0.72734375 0.48828125 0.0578125 0.03125
1 0.24453125 0.4890625 0.0578125 0.0328125
2 0.7859375 0.4921875 0.059375 0.03125
2 0.30546875 0.4921875 0.0578125 0.03125
2 0.846875 0.4953125 0.059375 0.0328125
2 0.3640625 0.4984375 0.059375 0.03125
2 0.90703125 0.4984375 0.0578125 0.03125
2 0.42421875 0.5015625 0.0578125 0.03125
2 0.965625 0.503125 0.05625 0.0296875
2 0.484375 0.50703125 0.059375 0.0328125
2 0.5453125 0.5078125 0.059375 0.03125
2 0.06640625 0.509375 0.0546875 0.0390625
0 0.60625 0.5125 0.059375 0.0328125
2 0.12421875 0.515625 0.0546875 0.03515625
2 0.6671875 0.51640625 0.059375 0.0328125
2 0.1828125 0.521875 0.05625 0.03515625
2 0.7265625 0.521875 0.059375 0.03125
0 0.2421875 0.521875 0.05625 0.03515625
2 0.7875 0.5234375 0.059375 0.03125
2 0.04140625 0.05390625 0.0515625 0.0296875
2 0.096875 0.05390625 0.053125 0.0296875
2 0.846875 0.52734375 0.059375 0.03125
2 0.3015625 0.528125 0.05625 0.0375
2 0.90703125 0.53203125 0.0578125 0.0328125
2 0.3609375 0.53203125 0.059375 0.0375
0 0.42265625 0.534375 0.0578125 0.0375
2 0.9671875 0.53515625 0.05625 0.03125
2 0.48359375 0.5375 0.0609375 0.03515625
2 0.54453125 0.54296875 0.0609375 0.03515625
2 0.6046875 0.546875 0.059375 0.03515625
2 0.665625 0.55 0.059375 0.0328125
2 0.7265625 0.55546875 0.059375 0.0328125
2 0.7875 0.5578125 0.059375 0.0375
2 0.846875 0.56171875 0.059375 0.0328125
2 0.90703125 0.56328125 0.0578125 0.0328125
2 0.15390625 0.0578125 0.0578125 0.0328125
2 0.9671875 0.56953125 0.05625 0.0328125
2 0.21015625 0.0578125 0.0578125 0.0328125
2 0.26953125 0.06171875 0.0578125 0.0328125
2 0.328125 0.06328125 0.05625 0.0328125
2 0.3859375 0.0640625 0.059375 0.03125
2 0.44609375 0.065625 0.0578125 0.0296875
0 0.24765625 0.66015625 0.0578125 0.03125
2 0.30546875 0.6640625 0.0578125 0.03125
2 0.36484375 0.66875 0.0578125 0.0328125
0 0.4234375 0.671875 0.059375 0.03515625
0 0.484375 0.6796875 0.05625 0.03515625
0 0.54453125 0.68046875 0.0609375 0.0328125
2 0.6046875 0.684375 0.059375 0.0328125
0 0.665625 0.6890625 0.059375 0.0390625
2 0.2421875 0.69140625 0.059375 0.03515625
2 0.72421875 0.69375 0.0609375 0.0390625
2 0.78515625 0.69609375 0.0609375 0.0375
2 0.3015625 0.6984375 0.059375 0.0328125
0 0.84375 0.7015625 0.059375 0.03515625
2 0.3609375 0.703125 0.059375 0.03515625
2 0.5046875 0.0703125 0.059375 0.03515625
0 0.9046875 0.70390625 0.059375 0.0328125
0 0.42265625 0.70390625 0.0609375 0.0328125
1 0.965625 0.70390625 0.059375 0.0328125
2 0.48203125 0.71015625 0.0609375 0.0328125
2 0.54375 0.7125 0.0625 0.03125
2 0.60390625 0.71796875 0.0609375 0.0328125
2 0.6640625 0.7234375 0.059375 0.0328125
2 0.2375 0.7265625 0.059375 0.03515625
2 0.725 0.72734375 0.059375 0.0328125
2 0.29921875 0.73125 0.0578125 0.0375
2 0.78515625 0.7328125 0.0609375 0.03515625
2 0.3578125 0.7359375 0.059375 0.03515625
0 0.84453125 0.7359375 0.0578125 0.03515625
2 0.90390625 0.7390625 0.0609375 0.0375
2 0.9640625 0.740625 0.059375 0.03515625
2 0.4203125 0.740625 0.059375 0.03515625
2 0.5640625 0.0765625 0.059375 0.03515625
2 0.4796875 0.74375 0.059375 0.03515625
2 0.540625 0.746875 0.059375 0.0375
2 0.60234375 0.75078125 0.0609375 0.0328125
2 0.6625 0.7578125 0.059375 0.0390625
2 0.72421875 0.7609375 0.0609375 0.0375
2 0.78515625 0.765625 0.059375 0.03515625
2 0.8453125 0.76953125 0.059375 0.03515625
2 0.90703125 0.7734375 0.0609375 0.03515625
2 0.96640625 0.77421875 0.0609375 0.0375
2 0.62421875 0.07890625 0.0578125 0.0328125
2 0.68359375 0.08125 0.0609375 0.0328125
2 0.0359375 0.08203125 0.053125 0.03125
2 0.09296875 0.08125 0.0546875 0.0296875
2 0.7421875 0.08515625 0.059375 0.0328125
2 0.1484375 0.08671875 0.05625 0.0328125
2 0.2078125 0.08671875 0.05625 0.0296875
1 0.803125 0.0890625 0.059375 0.0328125
4 0.58359375 0.8875 0.0578125 0.0375
2 0.64375 0.890625 0.059375 0.03515625
2 0.7046875 0.8953125 0.059375 0.0375
2 0.76484375 0.9 0.0609375 0.03515625
2 0.825 0.903125 0.059375 0.0375
2 0.8859375 0.90546875 0.059375 0.0375
2 0.94375 0.91015625 0.059375 0.03515625
2 0.26640625 0.09296875 0.0546875 0.0328125
2 0.58203125 0.9234375 0.0578125 0.03515625
2 0.64296875 0.92890625 0.0609375 0.0375
2 0.703125 0.9328125 0.059375 0.0375
2 0.76328125 0.93671875 0.0609375 0.0375
2 0.32421875 0.09296875 0.0578125 0.0296875
2 0.8609375 0.09453125 0.059375 0.0375
2 0.3828125 0.09453125 0.059375 0.0328125
0 0.825 0.9390625 0.059375 0.0390625
2 0.8859375 0.9421875 0.059375 0.0375
2 0.94609375 0.94609375 0.0609375 0.0375
2 0.92265625 0.096875 0.0578125 0.0328125
2 0.58125 0.96015625 0.059375 0.0375
2 0.64140625 0.9625 0.0609375 0.03515625
2 0.703125 0.9671875 0.059375 0.03515625
2 0.76484375 0.97265625 0.0609375 0.03515625
1 0.44375 0.1 0.05625 0.03125
2 0.825 0.9765625 0.059375 0.03515625
2 0.88515625 0.9796875 0.0609375 0.0375
2 0.94609375 0.98203125 0.0609375 0.0359375
1 0.97578125 0.1015625 0.0484375 0.03515625
2 0.503125 0.10234375 0.0625 0.0296875
2 0.5625 0.10625 0.059375 0.0328125
2 0.6234375 0.1078125 0.059375 0.03125
2 0.6828125 0.1109375 0.059375 0.03125
2 0.0296875 0.1109375 0.05 0.03515625
2 0.08671875 0.115625 0.0546875 0.03515625
2 0.14609375 0.115625 0.0609375 0.03125
2 0.74296875 0.115625 0.0609375 0.03125
2 0.20390625 0.1171875 0.0546875 0.03125
2 0.80390625 0.11796875 0.0609375 0.0328125
2 0.26171875 0.1203125 0.0546875 0.0328125
2 0.321875 0.12421875 0.059375 0.0328125
2 0.8640625 0.12421875 0.059375 0.0328125
2 0.38125 0.125 0.059375 0.03515625
2 0.9234375 0.12578125 0.059375 0.0328125
2 0.44140625 0.13203125 0.0578125 0.0328125
2 0.50078125 0.1359375 0.0609375 0.0328125
2 0.5625 0.13671875 0.059375 0.03125
2 0.621875 0.1390625 0.059375 0.03515625
2 0.6828125 0.14140625 0.059375 0.0328125
2 0.74375 0.146875 0.059375 0.03515625
2 0.8046875 0.15 0.059375 0.03515625
2 0.8640625 0.153125 0.059375 0.0328125
2 0.92421875 0.15703125 0.0609375 0.0328125