2 0.0875 0.24140625 0.059375 0.0296875
4 0.26328125 0.2421875 0.0609375 0.03125
0 0.321875 0.2421875 0.059375 0.03125
2 0.20390625 0.24296875 0.0609375 0.0328125
2 0.14609375 0.24296875 0.0609375 0.0328125
1 0.38125 0.24375 0.059375 0.03125
2 0.5015625 0.246875 0.059375 0.0296875
2 0.44140625 0.24921875 0.0609375 0.0296875
0 0.56328125 0.25 0.0609375 0.03125
2 0.62265625 0.25 0.0609375 0.03125
2 0.68359375 0.25390625 0.0609375 0.03125
2 0.74453125 0.25703125 0.0609375 0.0328125
2 0.80390625 0.25703125 0.0609375 0.0328125
1 0.8640625 0.25859375 0.059375 0.0328125
2 0.925 0.2609375 0.059375 0.0296875
2 0.08359375 0.26953125 0.0609375 0.02734375
2 0.2015625 0.27265625 0.0625 0.0296875
2 0.14140625 0.27265625 0.0609375 0.0296875
2 0.259375 0.27421875 0.059375 0.0328125
2 0.3203125 0.2734375 0.059375 0.03515625
2 0.38046875 0.27734375 0.0609375 0.03125
2 0.50078125 0.27734375 0.0609375 0.02734375
2 0.43984375 0.278125 0.0609375 0.0296875
2 0.5609375 0.284375 0.059375 0.0375
2 0.62265625 0.28515625 0.0609375 0.03515625
2 0.68359375 0.28515625 0.0609375 0.03125
2 0.925 0.2890625 0.059375 0.02734375
2 0.80546875 0.290625 0.0609375 0.03125
2 0.74453125 0.28984375 0.0609375 0.0328125
2 0.86640625 0.28984375 0.0609375 0.0296875
2 0.07890625 0.30078125 0.0640625 0.0390625
2 0.1359375 0.30078125 0.0625 0.0390625
2 0.196875 0.3046875 0.0625 0.03515625
2 0.25703125 0.30546875 0.0609375 0.0328125
2 0.3171875 0.30859375 0.0625 0.03515625
2 0.37734375 0.30859375 0.0609375 0.03515625
2 0.4390625 0.309375 0.0625 0.0328125
2 0.50078125 0.3125 0.0609375 0.0390625
2 0.56171875 0.3171875 0.0609375 0.0296875
2 0.62109375 0.3171875 0.0609375 0.0296875
2 0.68359375 0.31953125 0.0609375 0.0375
2 0.80703125 0.321875 0.0609375 0.03515625
2 0.86796875 0.32109375 0.0609375 0.0328125
2 0.74453125 0.32421875 0.0609375 0.03515625
2 0.928125 0.3234375 0.059375 0.0375
2 0.071875 0.04375 0.059375 0.0296875
0 0.1875 0.04375 0.059375 0.0296875
0 0.13046875 0.04296875 0.0578125 0.02734375
0 0.24609375 0.04375 0.0609375 0.0296875
2 0.30546875 0.04609375 0.0578125 0.0296875
2 0.05703125 0.43671875 0.0609375 0.0296875
1 0.115625 0.440625 0.059375 0.0328125
0 0.1734375 0.440625 0.059375 0.0328125
2 0.23203125 0.44140625 0.0609375 0.03125
2 0.35078125 0.44375 0.0609375 0.03125
2 0.28984375 0.4453125 0.0609375 0.03125
1 0.41015625 0.44453125 0.0609375 0.0328125
2 0.47109375 0.4484375 0.0609375 0.0328125
2 0.53125 0.44921875 0.059375 0.03515625
2 0.3640625 0.04609375 0.059375 0.0296875
2 0.5921875 0.4515625 0.059375 0.03515625
2 0.65234375 0.45234375 0.0609375 0.0328125
2 0.7125 0.45390625 0.059375 0.0328125
2 0.77265625 0.4578125 0.0609375 0.0328125
1 0.83515625 0.459375 0.0609375 0.03515625
2 0.89609375 0.46015625 0.0609375 0.0328125
2 0.9546875 0.46171875 0.059375 0.0328125
2 0.05390625 0.46953125 0.0640625 0.0328125
2 0.4234375 0.04609375 0.059375 0.0296875
2 0.48359375 0.04765625 0.0609375 0.0296875
2 0.54453125 0.05 0.0609375 0.0296875
2 0.11171875 0.47265625 0.0578125 0.03125
2 0.16875 0.4734375 0.059375 0.0328125
2 0.28828125 0.47578125 0.0609375 0.0328125
2 0.2296875 0.47578125 0.065625 0.0328125
2 0.34765625 0.4796875 0.0609375 0.0375
2 0.409375 0.478125 0.0625 0.03515625
2 0.4703125 0.48125 0.0625 0.0328125
2 0.53046875 0.48125 0.0609375 0.0296875
2 0.59140625 0.484375 0.0609375 0.03125
2 0.653125 0.4859375 0.0625 0.03515625
2 0.71484375 0.4875 0.0609375 0.0328125
2 0.6046875 0.05 0.059375 0.0296875
2 0.77421875 0.4890625 0.0609375 0.0296875
2 0.8359375 0.49375 0.0625 0.03515625
2 0.896875 0.49375 0.0625 0.03515625
2 0.95703125 0.49609375 0.0609375 0.03515625
2 0.04765625 0.5015625 0.0640625 0.03515625
2 0.10703125 0.50625 0.0609375 0.03515625
2 0.16796875 0.5078125 0.0609375 0.03515625
2 0.66484375 0.05078125 0.0609375 0.03125
2 0.22578125 0.50859375 0.0640625 0.0328125
2 0.2859375 0.509375 0.059375 0.03515625
2 0.34609375 0.5140625 0.0609375 0.03515625
2 0.4078125 0.5140625 0.0625 0.03125
2 0.53125 0.51484375 0.0625 0.0328125
2 0.46953125 0.51484375 0.0609375 0.0328125
2 0.59140625 0.515625 0.0609375 0.03515625
2 0.6546875 0.51953125 0.0625 0.03125
2 0.71484375 0.5203125 0.0609375 0.0375
2 0.778125 0.5234375 0.0625 0.03515625
2 0.83671875 0.5265625 0.0640625 0.0375
2 0.72421875 0.0546875 0.0609375 0.03125
2 0.959375 0.53125 0.0625 0.03125
2 0.896875 0.53046875 0.0625 0.0328125
1 0.784375 0.05546875 0.059375 0.0296875
2 0.84453125 0.0578125 0.0609375 0.0296875
2 0.903125 0.05859375 0.059375 0.03125
2 0.96328125 0.0625 0.0609375 0.03125
2 0.084375 0.64375 0.05625 0.0328125
2 0.1421875 0.64375 0.059375 0.0328125
2 0.20234375 0.646875 0.0578125 0.03515625
2 0.259375 0.6484375 0.059375 0.03515625
2 0.32109375 0.65 0.0609375 0.03515625
2 0.3796875 0.65 0.059375 0.03515625
0 0.4390625 0.653125 0.059375 0.0328125
2 0.5 0.65625 0.059375 0.03515625
2 0.56015625 0.6578125 0.0609375 0.03515625
2 0.62109375 0.6625 0.0609375 0.03515625
2 0.6828125 0.6640625 0.0625 0.03515625
2 0.80390625 0.665625 0.0609375 0.03125
2 0.74375 0.66484375 0.059375 0.0328125
0 0.8640625 0.66796875 0.059375 0.03515625
0 0.9234375 0.66875 0.0625 0.0328125
2 0.08125 0.67578125 0.059375 0.03125
2 0.13984375 0.6765625 0.0609375 0.0328125
2 0.19609375 0.68046875 0.0609375 0.0328125
2 0.25703125 0.6828125 0.0609375 0.0328125
2 0.31796875 0.6859375 0.0609375 0.03515625
2 0.378125 0.6859375 0.0625 0.03515625
0 0.4375 0.6875 0.059375 0.0390625
2 0.496875 0.69140625 0.0625 0.03515625
2 0.559375 0.69453125 0.059375 0.0375
2 0.68203125 0.696875 0.0609375 0.03125
2 0.6203125 0.696875 0.059375 0.03515625
2 0.80390625 0.6984375 0.0609375 0.0328125
2 0.7421875 0.7 0.059375 0.0328125
2 0.925 0.7015625 0.059375 0.03125
2 0.86328125 0.703125 0.0609375 0.03515625
2 0.1265625 0.07109375 0.059375 0.0296875
2 0.0765625 0.7078125 0.059375 0.0375
2 0.1359375 0.7109375 0.059375 0.0390625
2 0.19453125 0.71171875 0.0609375 0.0375
2 0.2546875 0.7140625 0.059375 0.0328125
2 0.31484375 0.71875 0.0609375 0.03515625
2 0.375 0.71953125 0.0625 0.0375
2 0.4375 0.7234375 0.0625 0.0375
2 0.1828125 0.0734375 0.059375 0.0296875
2 0.06640625 0.0734375 0.0609375 0.0328125
2 0.30390625 0.07421875 0.0609375 0.02734375
2 0.4984375 0.7234375 0.0625 0.0328125
2 0.559375 0.728125 0.0625 0.03125
2 0.6828125 0.7328125 0.0625 0.03515625
2 0.62109375 0.7328125 0.0609375 0.03515625
2 0.74375 0.73359375 0.059375 0.0375
2 0.80390625 0.73359375 0.0609375 0.0375
2 0.86484375 0.7375 0.0609375 0.0375
2 0.92578125 0.73828125 0.0578125 0.0390625
2 0.36171875 0.07421875 0.0609375 0.02734375
2 0.24375 0.07421875 0.059375 0.03125
2 0.42421875 0.07734375 0.0609375 0.0296875
2 0.48359375 0.07734375 0.0609375 0.0296875
2 0.54296875 0.07734375 0.0609375 0.0296875
2 0.60390625 0.07890625 0.0609375 0.0296875
2 0.66484375 0.0828125 0.0609375 0.0296875
2 0.72421875 0.0828125 0.0609375 0.0296875
1 0.05390625 0.8375 0.0578125 0.03515625
2 0.1109375 0.8390625 0.059375 0.0375
2 0.78515625 0.08515625 0.0609375 0.0296875
2 0.16796875 0.83984375 0.0578125 0.03125
0 0.22734375 0.8421875 0.0609375 0.03125
2 0.28671875 0.8453125 0.0609375 0.02734375
2 0.34609375 0.84765625 0.0609375 0.02734375
2 0.40546875 0.85078125 0.0609375 0.0296875
0 0.465625 0.85234375 0.059375 0.0296875
0 0.52578125 0.85234375 0.0609375 0.0296875
2 0.58828125 0.8578125 0.0609375 0.03125
1 0.64609375 0.8578125 0.0609375 0.03125
2 0.84453125 0.08515625 0.0609375 0.0296875
2 0.90625 0.0875 0.0625 0.02734375
0 0.70625 0.859375 0.059375 0.02734375
2 0.76796875 0.86640625 0.0609375 0.0375
2 0.88828125 0.86875 0.0609375 0.0390625
2 0.94765625 0.87109375 0.0609375 0.0390625
2 0.82734375 0.8703125 0.0609375 0.0375
2 0.05 0.87109375 0.059375 0.03125
2 0.22421875 0.871875 0.0609375 0.0328125
2 0.165625 0.8734375 0.0625 0.03125
2 0.10859375 0.8734375 0.0609375 0.03515625
2 0.28359375 0.87578125 0.0640625 0.0375
2 0.34375 0.8765625 0.0625 0.0390625
2 0.96484375 0.0890625 0.0609375 0.025
2 0.46484375 0.8859375 0.0609375 0.0375
0 0.403125 0.88671875 0.0625 0.0390625
2 0.52421875 0.8875 0.0609375 0.0375
2 0.584375 0.89140625 0.0625 0.0453125
2 0.646875 0.89140625 0.0625 0.0375
2 0.70859375 0.89375 0.0640625 0.0375
2 0.76875 0.9046875 0.0625 0.04296875
2 0.0453125 0.90546875 0.059375 0.0375
2 0.82890625 0.9078125 0.0609375 0.0390625
2 0.94921875 0.90703125 0.0609375 0.040625
2 0.88984375 0.90703125 0.0609375 0.040625
2 0.10390625 0.9078125 0.0640625 0.0390625
1 0.16171875 0.9109375 0.0609375 0.0453125
0 0.22265625 0.9125 0.0609375 0.046875
2 0.28046875 0.9140625 0.0609375 0.046875
2 0.3421875 0.91796875 0.0625 0.04296875
2 0.4046875 0.925 0.0625 0.0375
2 0.46484375 0.925 0.0578125 0.0375
2 0.52421875 0.92890625 0.0609375 0.0453125
2 0.584375 0.93125 0.0625 0.046875
2 0.70703125 0.9359375 0.0609375 0.04296875
2 0.64609375 0.9359375 0.0609375 0.046875
2 0.76796875 0.94140625 0.0609375 0.0390625
2 0.890625 0.9421875 0.059375 0.0375
2 0.83125 0.9421875 0.0625 0.0375
2 0.9515625 0.94375 0.0625 0.0390625
2 0.18046875 0.1015625 0.0609375 0.03125
2 0.1203125 0.10234375 0.059375 0.0296875
2 0.3 0.103125 0.059375 0.03125
2 0.0625 0.1046875 0.05625 0.0296875
2 0.359375 0.10546875 0.059375 0.03125
2 0.240625 0.10625 0.059375 0.0328125
2 0.4203125 0.1078125 0.0625 0.03125
2 0.48203125 0.1078125 0.0609375 0.03125
2 0.54296875 0.109375 0.0609375 0.03125
2 0.60390625 0.109375 0.0609375 0.03125
2 0.665625 0.11015625 0.059375 0.0296875
2 0.725 0.1140625 0.0625 0.0296875
2 0.7875 0.1140625 0.0625 0.0296875
2 0.90703125 0.1171875 0.0640625 0.03125
2 0.846875 0.1171875 0.0625 0.03125
2 0.96796875 0.11796875 0.0640625 0.0328125