3 0.3375 0.43359375 0.0625 0.03515625
3 0.39921875 0.4390625 0.0609375 0.03515625
2 0.45625 0.440625 0.0625 0.0328125
3 0.51875 0.4421875 0.0625 0.0328125
3 0.58046875 0.4421875 0.0609375 0.0328125
3 0.640625 0.44453125 0.059375 0.0328125
4 0.70234375 0.446875 0.0609375 0.03515625
2 0.76328125 0.4484375 0.0609375 0.0328125
3 0.82421875 0.44921875 0.0609375 0.03125
3 0.88359375 0.4515625 0.0609375 0.03125
3 0.946875 0.45234375 0.0625 0.0328125
3 0.33359375 0.46953125 0.0609375 0.0328125
2 0.39453125 0.47265625 0.0609375 0.03515625
2 0.45625 0.475 0.0625 0.03515625
3 0.5171875 0.475 0.0625 0.03515625
3 0.5796875 0.4765625 0.059375 0.03515625
3 0.640625 0.478125 0.0625 0.03515625
2 0.70234375 0.48046875 0.0609375 0.03515625
2 0.7640625 0.48125 0.059375 0.0328125
3 0.8234375 0.4828125 0.0625 0.03515625
3 0.8859375 0.4859375 0.0625 0.0390625
3 0.946875 0.4890625 0.0625 0.0375
2 0.33359375 0.5046875 0.0609375 0.0375
2 0.39375 0.5078125 0.0625 0.03515625
2 0.45546875 0.50859375 0.0640625 0.0328125
2 0.51796875 0.509375 0.0640625 0.03515625
3 0.57890625 0.51171875 0.0609375 0.03515625
2 0.640625 0.5140625 0.0625 0.03515625
2 0.70234375 0.5140625 0.0609375 0.03515625
2 0.76328125 0.515625 0.0609375 0.03515625
2 0.825 0.51953125 0.0625 0.03515625
3 0.8875 0.5203125 0.0625 0.0328125
2 0.9484375 0.5234375 0.0625 0.03125
1 0.03828125 0.63125 0.0578125 0.03515625
4 0.0953125 0.63203125 0.05625 0.0328125
2 0.153125 0.634375 0.059375 0.03515625
2 0.2125 0.6375 0.059375 0.0375
2 0.271875 0.6390625 0.059375 0.03515625
2 0.33203125 0.640625 0.0609375 0.03515625
2 0.3921875 0.640625 0.059375 0.03515625
2 0.453125 0.6453125 0.0625 0.0375
2 0.51484375 0.64765625 0.0609375 0.0375
2 0.57578125 0.65 0.0609375 0.03515625
2 0.63515625 0.65 0.0609375 0.03515625
2 0.696875 0.653125 0.0625 0.0375
2 0.75859375 0.65546875 0.0609375 0.0375
2 0.81875 0.65625 0.0625 0.03515625
2 0.88046875 0.66015625 0.0609375 0.03515625
3 0.93984375 0.659375 0.0640625 0.0375
2 0.034375 0.6640625 0.0625 0.03125
2 0.0921875 0.6640625 0.05625 0.03125
2 0.1515625 0.6671875 0.059375 0.0296875
2 0.21015625 0.66796875 0.0578125 0.02734375
2 0.26953125 0.671875 0.0609375 0.03125
2 0.3296875 0.6765625 0.059375 0.0375
2 0.39140625 0.6765625 0.0609375 0.0328125
2 0.45234375 0.68046875 0.0609375 0.0328125
2 0.51328125 0.68125 0.0609375 0.03125
2 0.57578125 0.684375 0.0609375 0.0328125
2 0.6359375 0.68671875 0.0625 0.0328125
2 0.6984375 0.68671875 0.0625 0.0328125
2 0.759375 0.6890625 0.0625 0.03125
2 0.82109375 0.69140625 0.0609375 0.03515625
2 0.88203125 0.69375 0.0609375 0.03515625
2 0.94140625 0.69453125 0.0609375 0.0328125
2 0.03046875 0.6984375 0.0609375 0.0375
2 0.0890625 0.69921875 0.059375 0.0390625
2 0.14921875 0.7015625 0.0609375 0.0390625
2 0.209375 0.703125 0.059375 0.04296875
2 0.2671875 0.7078125 0.0625 0.040625
2 0.328125 0.70703125 0.059375 0.0390625
2 0.38828125 0.7109375 0.0640625 0.03515625
2 0.45078125 0.715625 0.0609375 0.0375
2 0.51171875 0.7171875 0.0609375 0.0390625
2 0.575 0.71953125 0.0625 0.0375
2 0.63671875 0.7203125 0.0609375 0.0390625
2 0.696875 0.72265625 0.0625 0.0390625
2 0.759375 0.725 0.0625 0.0390625
2 0.821875 0.7265625 0.0625 0.03515625
2 0.88359375 0.728125 0.0609375 0.03515625
2 0.94296875 0.728125 0.0609375 0.03515625
2 0.03984375 0.828125 0.0609375 0.03515625
0 0.09921875 0.8328125 0.0578125 0.0328125
0 0.15625 0.834375 0.059375 0.03515625
2 0.2140625 0.83671875 0.059375 0.0375
2 0.27421875 0.840625 0.0609375 0.0375
2 0.334375 0.840625 0.059375 0.0375
2 0.39375 0.84375 0.0625 0.03515625
0 0.45546875 0.846875 0.0609375 0.0375
2 0.515625 0.8484375 0.059375 0.0328125
0 0.57578125 0.85078125 0.0609375 0.0328125
2 0.63671875 0.853125 0.0609375 0.03515625
0 0.6984375 0.85546875 0.059375 0.03515625
2 0.7578125 0.85859375 0.0625 0.0375
2 0.81953125 0.859375 0.0609375 0.03515625
2 0.88046875 0.8625 0.0609375 0.0375
2 0.03671875 0.86328125 0.0609375 0.03125
2 0.93984375 0.8640625 0.0609375 0.0375
2 0.0953125 0.865625 0.059375 0.03125
2 0.15546875 0.86796875 0.0609375 0.0328125
2 0.2140625 0.87109375 0.059375 0.03125
0 0.3328125 0.878125 0.059375 0.0328125
0 0.39375 0.878125 0.0625 0.0328125
2 0.2734375 0.878125 0.059375 0.0328125
2 0.45390625 0.8796875 0.0609375 0.0296875
2 0.57578125 0.88203125 0.0609375 0.0328125
0 0.51484375 0.88203125 0.0609375 0.0328125
0 0.63671875 0.88671875 0.0609375 0.03125
1 0.69765625 0.8875 0.0609375 0.0328125
2 0.759375 0.89375 0.0625 0.0328125
2 0.81953125 0.89453125 0.0609375 0.03125
2 0.88046875 0.89765625 0.0609375 0.0328125
2 0.94140625 0.9 0.0609375 0.03515625
2 0.034375 0.89921875 0.0625 0.040625
2 0.09375 0.9015625 0.059375 0.040625
2 0.15078125 0.90234375 0.0578125 0.0390625
2 0.2109375 0.9078125 0.059375 0.04296875
0 0.27109375 0.91328125 0.0609375 0.040625
0 0.33046875 0.91484375 0.0609375 0.040625
0 0.39140625 0.91484375 0.0609375 0.040625
0 0.4515625 0.91796875 0.0625 0.046875
2 0.51484375 0.921875 0.0609375 0.04296875
0 0.57578125 0.92265625 0.0609375 0.0453125
2 0.63671875 0.9234375 0.0609375 0.04296875
2 0.6984375 0.92578125 0.059375 0.04296875
2 0.75859375 0.9296875 0.0609375 0.0390625
2 0.82109375 0.9296875 0.0609375 0.0390625
2 0.88203125 0.9359375 0.0609375 0.04296875
2 0.94296875 0.9359375 0.0609375 0.0390625