0 0.67109375 0.1953125 0.0609375 0.04296875
2 0.06015625 0.196875 0.0609375 0.03515625
2 0.1203125 0.2015625 0.059375 0.03515625
2 0.73203125 0.203125 0.0609375 0.0546875
3 0.18046875 0.203125 0.0609375 0.03515625
0 0.790625 0.2078125 0.0625 0.0453125
3 0.24140625 0.2078125 0.0609375 0.0375
2 0.8515625 0.2109375 0.059375 0.04296875
2 0.303125 0.21171875 0.0625 0.0375
2 0.91171875 0.215625 0.0609375 0.0453125
2 0.97109375 0.21953125 0.0578125 0.040625
2 0.36484375 0.21953125 0.0578125 0.0328125
2 0.425 0.225 0.0625 0.03515625
2 0.48671875 0.225 0.0640625 0.03515625
2 0.546875 0.22734375 0.0625 0.0296875
2 0.60703125 0.2328125 0.0609375 0.03515625
2 0.06171875 0.2328125 0.0609375 0.03515625
0 0.66953125 0.23515625 0.0640625 0.0375
2 0.58515625 0.0234375 0.0609375 0.0390625
3 0.12109375 0.2359375 0.0609375 0.03515625
3 0.18125 0.24140625 0.059375 0.0375
3 0.24140625 0.24375 0.0609375 0.0390625
2 0.7296875 0.24375 0.0625 0.03125
2 0.7890625 0.2453125 0.0625 0.0328125
2 0.303125 0.246875 0.0625 0.040625
2 0.85078125 0.25078125 0.0609375 0.0375
2 0.909375 0.2515625 0.059375 0.0390625
3 0.03984375 0.02734375 0.0578125 0.0390625
2 0.36328125 0.25390625 0.0609375 0.03125
2 0.96875 0.25703125 0.059375 0.0328125
2 0.4234375 0.2578125 0.0625 0.03515625
2 0.4859375 0.259375 0.0625 0.03515625
1 0.54453125 0.26171875 0.0609375 0.0390625
2 0.60625 0.2671875 0.0625 0.03515625
0 0.6671875 0.26953125 0.0625 0.03515625
2 0.64609375 0.028125 0.0609375 0.0375
3 0.10078125 0.0296875 0.0609375 0.04296875
0 0.72734375 0.2734375 0.0609375 0.03515625
0 0.7875 0.28046875 0.0625 0.0375
0 0.846875 0.28515625 0.059375 0.03125
2 0.90546875 0.2890625 0.0578125 0.04296875
2 0.96484375 0.2921875 0.0578125 0.0375
0 0.70625 0.03125 0.0625 0.0390625
3 0.1625 0.034375 0.065625 0.040625
3 0.08203125 0.36640625 0.0609375 0.0453125
2 0.14453125 0.3703125 0.0609375 0.040625
2 0.76640625 0.0375 0.0609375 0.0390625
3 0.2234375 0.0390625 0.059375 0.0390625
2 0.20546875 0.37421875 0.0609375 0.0453125
3 0.26484375 0.3765625 0.0640625 0.0390625
3 0.3265625 0.3796875 0.0625 0.040625
3 0.3890625 0.3828125 0.0625 0.03515625
3 0.45 0.3875 0.059375 0.0375
2 0.5125 0.38984375 0.0625 0.0375
2 0.5734375 0.3953125 0.0625 0.040625
2 0.634375 0.39921875 0.0625 0.040625
2 0.6953125 0.403125 0.059375 0.0375
2 0.14375 0.40625 0.0625 0.03515625
2 0.08359375 0.40703125 0.0640625 0.0375
2 0.75703125 0.40703125 0.0640625 0.0328125
3 0.2046875 0.41015625 0.0625 0.0390625
2 0.2828125 0.04296875 0.0625 0.0390625
2 0.81796875 0.4125 0.0609375 0.0390625
3 0.265625 0.41484375 0.0625 0.040625
2 0.8796875 0.415625 0.0625 0.0390625
2 0.93828125 0.41796875 0.0609375 0.03515625
3 0.32578125 0.41875 0.0609375 0.0375
3 0.38828125 0.42109375 0.0640625 0.040625
3 0.45078125 0.425 0.0578125 0.0375
2 0.51015625 0.4265625 0.0609375 0.040625
2 0.82578125 0.04296875 0.059375 0.03515625
2 0.57265625 0.43359375 0.0640625 0.03515625
2 0.63359375 0.43671875 0.0609375 0.0328125
2 0.69375 0.4390625 0.0625 0.03515625
3 0.084375 0.43828125 0.0625 0.0375
2 0.75390625 0.4421875 0.0609375 0.0328125
3 0.1453125 0.44375 0.0625 0.0390625
3 0.2046875 0.4453125 0.0625 0.03515625
3 0.265625 0.44921875 0.0625 0.03515625
2 0.8140625 0.44921875 0.059375 0.03515625
2 0.87421875 0.453125 0.0640625 0.0390625
2 0.93359375 0.45390625 0.0640625 0.0375
3 0.3265625 0.45625 0.059375 0.0375
3 0.38828125 0.46015625 0.0640625 0.0328125
3 0.45078125 0.46171875 0.0609375 0.0375
2 0.51015625 0.46484375 0.0609375 0.03515625
0 0.34140625 0.04609375 0.0609375 0.0328125
2 0.5703125 0.46796875 0.0625 0.0328125
2 0.63125 0.4734375 0.0625 0.0375
2 0.69375 0.475 0.0625 0.0390625
2 0.7515625 0.47734375 0.059375 0.040625
2 0.81328125 0.48359375 0.0609375 0.0375
2 0.87265625 0.48828125 0.0640625 0.03125
2 0.8859375 0.0484375 0.0625 0.03515625
2 0.403125 0.0484375 0.0625 0.03515625
2 0.9328125 0.490625 0.0625 0.03515625
2 0.94765625 0.053125 0.0609375 0.0390625
2 0.46484375 0.0546875 0.0640625 0.0390625
2 0.52421875 0.05546875 0.0609375 0.0375
3 0.0453125 0.56875 0.05625 0.03515625
3 0.10390625 0.575 0.0609375 0.0375
3 0.1671875 0.584375 0.065625 0.03515625
3 0.2296875 0.584375 0.059375 0.03515625
2 0.58359375 0.0609375 0.0609375 0.0390625
3 0.28984375 0.58984375 0.0609375 0.04296875
3 0.3515625 0.5953125 0.0625 0.03515625
2 0.41484375 0.5984375 0.0609375 0.0375
2 0.47578125 0.603125 0.0640625 0.046875
3 0.046875 0.60546875 0.05625 0.03515625
2 0.53828125 0.6046875 0.0609375 0.040625
2 0.60078125 0.60625 0.0609375 0.040625
2 0.6609375 0.61015625 0.0625 0.0375
3 0.10390625 0.61015625 0.0640625 0.0328125
2 0.72421875 0.6171875 0.0640625 0.03515625
3 0.1671875 0.6203125 0.065625 0.0375
2 0.784375 0.62109375 0.0625 0.03515625
3 0.23125 0.6203125 0.0625 0.040625
2 0.84453125 0.62578125 0.0609375 0.0328125
2 0.90546875 0.62890625 0.0609375 0.0390625
3 0.29296875 0.62890625 0.0609375 0.03515625
2 0.35234375 0.6296875 0.0609375 0.0328125
2 0.96640625 0.63125 0.0609375 0.04296875
2 0.4140625 0.6328125 0.0625 0.03125
2 0.47421875 0.6390625 0.0609375 0.03125
2 0.5359375 0.640625 0.0625 0.03125
2 0.59765625 0.6421875 0.0640625 0.03125
3 0.04453125 0.64453125 0.0515625 0.0390625
2 0.64453125 0.065625 0.0609375 0.040625
2 0.659375 0.646875 0.0625 0.03515625
3 0.1046875 0.6453125 0.065625 0.0375
2 0.7203125 0.65 0.0625 0.02734375
2 0.78125 0.653125 0.065625 0.0296875
3 0.16796875 0.653125 0.0640625 0.0328125
2 0.8390625 0.65625 0.0625 0.03125
3 0.23046875 0.6578125 0.0609375 0.03125
2 0.89921875 0.6609375 0.0609375 0.025
2 0.290625 0.66328125 0.0625 0.0296875
2 0.34921875 0.6625 0.0578125 0.03125
1 0.41328125 0.6671875 0.0640625 0.0328125
2 0.9609375 0.6671875 0.0625 0.0328125
2 0.47421875 0.6703125 0.0609375 0.03515625
2 0.534375 0.67109375 0.0625 0.0328125
2 0.59609375 0.6765625 0.0609375 0.0375
2 0.65703125 0.6796875 0.0609375 0.03515625
2 0.7171875 0.6796875 0.059375 0.03125
1 0.70703125 0.0703125 0.0609375 0.0390625
2 0.77734375 0.684375 0.0609375 0.0328125
2 0.8375 0.68828125 0.0625 0.0296875
2 0.896875 0.6921875 0.0625 0.0328125
2 0.95625 0.696875 0.059375 0.03125
2 0.7640625 0.0765625 0.0625 0.0390625
3 0.0671875 0.7859375 0.0625 0.0375
2 0.12890625 0.7890625 0.0609375 0.03515625
2 0.1890625 0.78828125 0.0625 0.0296875
3 0.25078125 0.79296875 0.0640625 0.03125
2 0.8234375 0.08125 0.059375 0.0375
3 0.31171875 0.80078125 0.0578125 0.03515625
2 0.371875 0.80390625 0.0625 0.0375
2 0.434375 0.80625 0.0625 0.03515625
2 0.49609375 0.80859375 0.0609375 0.0390625
2 0.55703125 0.8140625 0.0640625 0.03515625
3 0.18984375 0.8203125 0.0609375 0.03125
2 0.1296875 0.82109375 0.0625 0.0328125
2 0.61796875 0.821875 0.0640625 0.0390625
3 0.06640625 0.82109375 0.0640625 0.0328125
2 0.68046875 0.82109375 0.0640625 0.0375
2 0.740625 0.82421875 0.0625 0.03515625
3 0.2515625 0.8265625 0.065625 0.03515625
2 0.8046875 0.82890625 0.0625 0.0375
2 0.8640625 0.828125 0.0625 0.03125
2 0.92109375 0.834375 0.0609375 0.03515625
3 0.31171875 0.8359375 0.0578125 0.03515625
2 0.37109375 0.8390625 0.0609375 0.0296875
2 0.434375 0.83984375 0.0625 0.03125
2 0.4953125 0.84375 0.0625 0.03515625
2 0.55546875 0.85078125 0.0609375 0.0296875
3 0.0671875 0.8515625 0.065625 0.02734375
2 0.1296875 0.85234375 0.0625 0.0296875
2 0.6171875 0.853125 0.065625 0.02734375
3 0.190625 0.8546875 0.0625 0.0328125
2 0.73828125 0.85546875 0.0640625 0.03125
2 0.67734375 0.85546875 0.0640625 0.02734375
2 0.79765625 0.85859375 0.0609375 0.0296875
2 0.8828125 0.08671875 0.0625 0.040625
2 0.8578125 0.8609375 0.065625 0.03125
3 0.24921875 0.8609375 0.0640625 0.03515625
2 0.9171875 0.865625 0.0625 0.03125
3 0.31171875 0.86796875 0.0578125 0.0296875
2 0.37109375 0.8671875 0.0609375 0.03125
2 0.4328125 0.8734375 0.0625 0.03515625
4 0.4921875 0.8765625 0.0625 0.02734375
2 0.9421875 0.08984375 0.0625 0.0390625
4 0.55390625 0.88203125 0.0609375 0.0296875
2 0.615625 0.88203125 0.0625 0.0328125
2 0.67578125 0.884375 0.0640625 0.03125
2 0.7359375 0.8875 0.0625 0.0328125
2 0.79453125 0.8890625 0.0609375 0.03125
2 0.853125 0.890625 0.059375 0.03125
2 0.91484375 0.89375 0.0640625 0.0296875
2 0.8296875 0.01171875 0.059375 0.0234375
0 0.34296875 0.01484375 0.0609375 0.0296875
2 0.8890625 0.015625 0.059375 0.03125
0 0.4046875 0.01640625 0.0625 0.0328125
2 0.9484375 0.01640625 0.0625 0.0328125
3 0.059375 0.16015625 0.059375 0.03515625
2 0.11953125 0.165625 0.0609375 0.03515625
2 0.18046875 0.1671875 0.0609375 0.0375
3 0.2421875 0.17109375 0.0625 0.0375
2 0.303125 0.1734375 0.059375 0.03515625
2 0.4640625 0.01875 0.0625 0.0375
2 0.525 0.01875 0.0625 0.0375
2 0.3640625 0.18359375 0.0625 0.04296875
2 0.42578125 0.184375 0.0609375 0.0453125
2 0.4875 0.1875 0.0625 0.04296875
2 0.54765625 0.1890625 0.0609375 0.04296875
2 0.6109375 0.1953125 0.0625 0.046875