2 0.68984375 0.30078125 0.0578125 0.03125
2 0.74765625 0.3015625 0.0609375 0.0296875
2 0.8078125 0.303125 0.059375 0.02734375
0 0.8671875 0.3046875 0.059375 0.02734375
2 0.9265625 0.3140625 0.059375 0.03125
2 0.68828125 0.33125 0.0578125 0.0375
2 0.8078125 0.334375 0.0625 0.03125
1 0.7484375 0.334375 0.0625 0.03515625
2 0.86953125 0.33671875 0.0609375 0.0375
2 0.92734375 0.34453125 0.0609375 0.0328125
2 0.6890625 0.3640625 0.059375 0.0328125
2 0.7484375 0.3671875 0.0625 0.03515625
2 0.80859375 0.36875 0.0609375 0.03515625
2 0.86796875 0.37109375 0.0609375 0.03125
2 0.92890625 0.37890625 0.0609375 0.03515625
2 0.89765625 0.11328125 0.0578125 0.03125
2 0.95625 0.1171875 0.059375 0.03125
2 0.89765625 0.14375 0.0578125 0.025
2 0.9578125 0.1453125 0.0625 0.0296875
2 0.9 0.171875 0.05625 0.03125
0 0.959375 0.178125 0.0625 0.03515625