2 0.0625 0.253125 0.059375 0.0375
2 0.1234375 0.25703125 0.0625 0.0328125
2 0.1828125 0.2578125 0.0625 0.03515625
2 0.24296875 0.259375 0.0609375 0.0390625
2 0.30390625 0.26484375 0.0609375 0.0375
2 0.365625 0.26875 0.0625 0.0375
2 0.4265625 0.2703125 0.0625 0.040625
2 0.48671875 0.2734375 0.0609375 0.0390625
2 0.54765625 0.2765625 0.0609375 0.0375
2 0.61015625 0.28125 0.0609375 0.03515625
2 0.67109375 0.2859375 0.0609375 0.0375
2 0.73125 0.28828125 0.0625 0.0375
2 0.06484375 0.2890625 0.0609375 0.03515625
2 0.121875 0.290625 0.059375 0.03515625
0 0.79375 0.290625 0.059375 0.0390625
2 0.1828125 0.2921875 0.0625 0.0328125
2 0.24296875 0.2953125 0.0609375 0.03515625
2 0.85390625 0.29609375 0.0578125 0.040625
2 0.303125 0.3 0.059375 0.0375
2 0.91328125 0.3 0.0609375 0.0375
2 0.97109375 0.3015625 0.0578125 0.0375
2 0.3640625 0.303125 0.0625 0.03515625
2 0.42578125 0.3078125 0.0609375 0.0375
2 0.4859375 0.3109375 0.0625 0.03515625
2 0.54609375 0.3125 0.0609375 0.03515625
2 0.60625 0.3140625 0.059375 0.03515625
2 0.66796875 0.31953125 0.0609375 0.0328125
2 0.06484375 0.321875 0.0609375 0.03515625
2 0.72734375 0.325 0.0609375 0.0375
2 0.1234375 0.32421875 0.05625 0.03515625
2 0.78828125 0.3265625 0.0609375 0.0390625
2 0.1828125 0.32734375 0.0625 0.0375
2 0.24296875 0.33125 0.0609375 0.0375
2 0.84921875 0.33125 0.0609375 0.040625
2 0.90859375 0.334375 0.0609375 0.03515625
2 0.30390625 0.334375 0.0609375 0.0390625
2 0.96796875 0.3359375 0.0578125 0.03515625
2 0.36328125 0.3390625 0.0609375 0.0328125
2 0.42421875 0.3421875 0.0609375 0.03515625
2 0.48515625 0.34296875 0.0609375 0.040625
2 0.54609375 0.34765625 0.0609375 0.03515625
1 0.60546875 0.35 0.0609375 0.03515625
1 0.66484375 0.353125 0.0609375 0.03125
2 0.72734375 0.35859375 0.0609375 0.0328125
2 0.78671875 0.36328125 0.0609375 0.03515625
1 0.84453125 0.36640625 0.0609375 0.0328125
2 0.9046875 0.3671875 0.059375 0.0390625
2 0.96328125 0.371875 0.0578125 0.0375
2 0.0453125 0.04296875 0.059375 0.0390625
2 0.0296875 0.45625 0.059375 0.0375
2 0.08671875 0.4578125 0.0609375 0.0375
2 0.14609375 0.4609375 0.0609375 0.03515625
2 0.20703125 0.4625 0.0609375 0.03515625
2 0.10703125 0.046875 0.0609375 0.0390625
2 0.16640625 0.04765625 0.0609375 0.040625
2 0.26796875 0.46953125 0.0609375 0.0328125
2 0.32890625 0.471875 0.0609375 0.0375
2 0.38984375 0.475 0.0609375 0.03515625
2 0.45234375 0.47734375 0.0609375 0.0375
2 0.51328125 0.4828125 0.0609375 0.03515625
2 0.57421875 0.48515625 0.0609375 0.0296875
2 0.6359375 0.48515625 0.0625 0.0375
2 0.69609375 0.49140625 0.0609375 0.0375
2 0.03046875 0.490625 0.0609375 0.03125
2 0.08984375 0.4921875 0.0609375 0.03125
2 0.75703125 0.49140625 0.0609375 0.0375
2 0.14765625 0.4953125 0.0609375 0.0328125
2 0.81875 0.4984375 0.0625 0.03515625
2 0.20859375 0.49921875 0.0609375 0.0375
2 0.878125 0.50078125 0.059375 0.040625
2 0.26796875 0.503125 0.0609375 0.0328125
2 0.93828125 0.50390625 0.0609375 0.03515625
2 0.3296875 0.5046875 0.0625 0.0328125
2 0.228125 0.05078125 0.059375 0.0390625
2 0.38984375 0.5078125 0.0609375 0.03125
2 0.45078125 0.5125 0.0609375 0.0328125
2 0.51171875 0.51640625 0.0609375 0.0328125
2 0.57109375 0.51953125 0.0640625 0.0390625
2 0.6328125 0.5203125 0.0625 0.0328125
2 0.09140625 0.5234375 0.0609375 0.03515625
1 0.03125 0.5234375 0.0625 0.03125
2 0.6953125 0.5234375 0.059375 0.03125
2 0.75546875 0.525 0.0609375 0.03515625
2 0.15 0.5265625 0.059375 0.0375
2 0.28828125 0.05390625 0.0609375 0.0375
2 0.2109375 0.53125 0.0625 0.03515625
2 0.81640625 0.53203125 0.0609375 0.0375
2 0.26953125 0.534375 0.0609375 0.0375
2 0.3296875 0.53515625 0.0625 0.03515625
0 0.8765625 0.5359375 0.059375 0.0328125
0 0.93359375 0.53828125 0.0609375 0.0328125
2 0.38984375 0.53984375 0.0609375 0.0375
2 0.45 0.5453125 0.059375 0.03515625
2 0.509375 0.546875 0.059375 0.03515625
2 0.57265625 0.55 0.0671875 0.040625
0 0.63125 0.55546875 0.059375 0.0375
1 0.6921875 0.5578125 0.0625 0.0375
2 0.7515625 0.559375 0.0625 0.0375
0 0.81171875 0.5640625 0.0609375 0.0390625
0 0.87109375 0.56875 0.0609375 0.03515625
2 0.92890625 0.56875 0.0609375 0.03125
2 0.34765625 0.059375 0.0609375 0.0375
2 0.41015625 0.0625 0.0609375 0.0390625
2 0.04921875 0.66015625 0.0609375 0.03125
2 0.47109375 0.065625 0.0609375 0.0375
2 0.53125 0.0671875 0.0625 0.0375
2 0.11015625 0.66796875 0.0609375 0.03125
2 0.16953125 0.6703125 0.0609375 0.03515625
2 0.2296875 0.67578125 0.0625 0.03125
2 0.290625 0.67578125 0.0625 0.03125
2 0.353125 0.6796875 0.0625 0.03515625
2 0.41328125 0.68125 0.0609375 0.03125
2 0.47421875 0.6859375 0.0609375 0.03125
2 0.53515625 0.690625 0.0609375 0.0328125
2 0.5984375 0.69375 0.0625 0.03515625
0 0.0515625 0.69375 0.0625 0.03515625
2 0.65859375 0.69609375 0.0578125 0.0375
2 0.11171875 0.7 0.0609375 0.0328125
2 0.16953125 0.70234375 0.0609375 0.0328125
2 0.71875 0.70234375 0.059375 0.0328125
2 0.22890625 0.703125 0.0609375 0.02734375
2 0.78046875 0.7046875 0.0609375 0.03515625
2 0.84140625 0.7046875 0.0609375 0.03515625
2 0.9 0.70703125 0.059375 0.03515625
2 0.2921875 0.7078125 0.0625 0.0328125
2 0.96015625 0.709375 0.0609375 0.03515625
2 0.35234375 0.7109375 0.0609375 0.03515625
0 0.41328125 0.7140625 0.0609375 0.0328125
2 0.47421875 0.715625 0.0609375 0.0328125
2 0.53515625 0.7203125 0.0609375 0.03125
2 0.59296875 0.0734375 0.0609375 0.0375
1 0.0515625 0.7265625 0.059375 0.03515625
2 0.5953125 0.72578125 0.0625 0.0296875
2 0.65703125 0.72734375 0.0609375 0.0296875
0 0.1125 0.728125 0.0625 0.03515625
2 0.17265625 0.7328125 0.0609375 0.03515625
2 0.23203125 0.734375 0.0609375 0.03515625
2 0.71796875 0.734375 0.0640625 0.03515625
2 0.77890625 0.73515625 0.0609375 0.0296875
2 0.83671875 0.73828125 0.0609375 0.03125
2 0.2921875 0.7390625 0.0625 0.0328125
0 0.89765625 0.740625 0.0609375 0.03515625
2 0.35234375 0.740625 0.0609375 0.03515625
2 0.95546875 0.7421875 0.0578125 0.03125
0 0.41171875 0.74375 0.0578125 0.03125
1 0.47265625 0.7484375 0.0609375 0.03125
2 0.53515625 0.75078125 0.0609375 0.0328125
2 0.5953125 0.75390625 0.0625 0.03515625
2 0.65546875 0.75703125 0.0609375 0.0328125
2 0.6546875 0.0765625 0.0625 0.03515625
2 0.715625 0.7640625 0.0625 0.0390625
2 0.7734375 0.76640625 0.0625 0.0328125
2 0.83359375 0.76953125 0.0578125 0.03515625
0 0.89140625 0.7703125 0.0609375 0.0296875
2 0.9515625 0.7703125 0.059375 0.0296875
2 0.71484375 0.0796875 0.0609375 0.03515625
2 0.0484375 0.08125 0.059375 0.0375
2 0.77421875 0.084375 0.0578125 0.0390625
2 0.10859375 0.08515625 0.0609375 0.0375
2 0.16796875 0.0859375 0.0609375 0.0390625
2 0.08046875 0.86640625 0.0609375 0.0296875
2 0.1375 0.87109375 0.059375 0.03125
2 0.196875 0.8765625 0.059375 0.03515625
2 0.228125 0.0875 0.059375 0.03515625
0 0.834375 0.08984375 0.0625 0.0390625
2 0.25859375 0.88125 0.0609375 0.03125
2 0.31796875 0.8859375 0.0578125 0.0296875
2 0.37890625 0.8875 0.0640625 0.0328125
2 0.440625 0.89140625 0.059375 0.0296875
2 0.0796875 0.8953125 0.059375 0.0296875
2 0.5 0.89765625 0.059375 0.0296875
2 0.5609375 0.89765625 0.0625 0.0296875
2 0.62265625 0.9 0.0609375 0.03125
2 0.1390625 0.90234375 0.059375 0.03125
2 0.68359375 0.9046875 0.0609375 0.03125
2 0.1984375 0.90703125 0.059375 0.0296875
2 0.74296875 0.90703125 0.0578125 0.0328125
2 0.80390625 0.9125 0.0609375 0.03125
2 0.86328125 0.9125 0.0609375 0.02734375
2 0.259375 0.9125 0.0625 0.03125
2 0.9234375 0.91328125 0.059375 0.0296875
2 0.31875 0.915625 0.059375 0.02734375
2 0.28828125 0.09296875 0.0609375 0.0375
2 0.8953125 0.09375 0.059375 0.0390625
2 0.37890625 0.91875 0.0609375 0.0296875
2 0.43828125 0.921875 0.0609375 0.02734375
2 0.49921875 0.92578125 0.0609375 0.02734375
1 0.08203125 0.92578125 0.0609375 0.03125
2 0.56015625 0.9265625 0.0609375 0.0296875
2 0.62109375 0.93125 0.0609375 0.03125
2 0.14140625 0.93359375 0.0578125 0.03125
2 0.68203125 0.93671875 0.0609375 0.0328125
2 0.2 0.9359375 0.059375 0.03515625
2 0.7421875 0.93828125 0.059375 0.0296875
2 0.25859375 0.940625 0.0609375 0.0296875
2 0.859375 0.940625 0.059375 0.0296875
2 0.80078125 0.94140625 0.0609375 0.02734375
2 0.31875 0.94375 0.059375 0.03125
2 0.9203125 0.94375 0.059375 0.03125
2 0.3796875 0.946875 0.0625 0.03125
2 0.440625 0.9515625 0.059375 0.03125
1 0.50078125 0.953125 0.0609375 0.03125
2 0.34921875 0.0953125 0.0609375 0.03515625
2 0.559375 0.9578125 0.059375 0.0328125
2 0.61953125 0.9609375 0.0609375 0.03515625
0 0.6796875 0.96484375 0.059375 0.03125
2 0.73828125 0.96796875 0.0609375 0.0296875
2 0.7984375 0.96796875 0.059375 0.025
2 0.85546875 0.9703125 0.0609375 0.03125
1 0.915625 0.975 0.059375 0.03125
2 0.9546875 0.0984375 0.059375 0.0375
2 0.41015625 0.1 0.0609375 0.03515625
2 0.47109375 0.103125 0.0609375 0.03515625
2 0.53125 0.10625 0.059375 0.0375
2 0.590625 0.1125 0.0625 0.0375
2 0.65234375 0.1125 0.0609375 0.0328125
2 0.71171875 0.1171875 0.0609375 0.0390625
2 0.05 0.1171875 0.0625 0.0390625
2 0.11015625 0.11875 0.0609375 0.03515625
0 0.771875 0.12109375 0.059375 0.0390625
2 0.1671875 0.1234375 0.059375 0.03515625
2 0.2296875 0.12421875 0.0625 0.0375
0 0.83203125 0.125 0.0609375 0.0390625
2 0.28828125 0.128125 0.0609375 0.0375
2 0.88984375 0.1296875 0.0609375 0.0375
2 0.34921875 0.13203125 0.0609375 0.0375
2 0.95 0.13203125 0.059375 0.0328125
2 0.41015625 0.134375 0.0609375 0.03515625
2 0.4703125 0.13671875 0.059375 0.03515625
2 0.53046875 0.14140625 0.0609375 0.0328125
2 0.58984375 0.14765625 0.0609375 0.0328125
2 0.65078125 0.14921875 0.0609375 0.0375
2 0.7109375 0.15234375 0.059375 0.0390625
0 0.77109375 0.1578125 0.0609375 0.03515625
2 0.82890625 0.16328125 0.0609375 0.0375
0 0.8875 0.16328125 0.059375 0.0375
2 0.946875 0.16875 0.059375 0.0375