2 0.5125 0.284375 0.059375 0.0296875
2 0.57265625 0.290625 0.0609375 0.03125
2 0.63125 0.2953125 0.059375 0.02734375
0 0.690625 0.29765625 0.059375 0.0296875
2 0.75 0.3015625 0.059375 0.025
0 0.81015625 0.30546875 0.0609375 0.0296875
1 0.86796875 0.3109375 0.0578125 0.03125
2 0.9296875 0.31328125 0.059375 0.0296875
2 0.5109375 0.3171875 0.0625 0.0328125
1 0.9796875 0.3171875 0.040625 0.0296875
2 0.5703125 0.32109375 0.0625 0.0296875
2 0.63046875 0.3234375 0.0609375 0.0296875
2 0.690625 0.32421875 0.059375 0.0234375
0 0.75078125 0.33203125 0.0609375 0.03125
2 0.8109375 0.33671875 0.059375 0.0328125
2 0.8703125 0.340625 0.059375 0.0296875
0 0.93046875 0.3421875 0.0609375 0.02734375
2 0.9796875 0.34453125 0.040625 0.025
2 0.50703125 0.34765625 0.0609375 0.03125
2 0.5703125 0.35078125 0.0625 0.0296875
2 0.6296875 0.3546875 0.0625 0.0328125
2 0.690625 0.35625 0.059375 0.040625
2 0.75078125 0.3640625 0.0609375 0.0328125
2 0.8109375 0.36875 0.059375 0.03125
2 0.8703125 0.3734375 0.059375 0.03125
2 0.93203125 0.37421875 0.0609375 0.0328125
2 0.98046875 0.37578125 0.0390625 0.0375
2 0.30078125 0.471875 0.0609375 0.0296875
2 0.3609375 0.475 0.0625 0.02734375
2 0.41953125 0.4765625 0.0578125 0.03125
0 0.47890625 0.48046875 0.0609375 0.03125
2 0.5375 0.4875 0.059375 0.0328125
2 0.5984375 0.4921875 0.059375 0.03125
2 0.65703125 0.49375 0.0609375 0.03125
2 0.71796875 0.5 0.0609375 0.03515625
1 0.778125 0.503125 0.059375 0.0375
2 0.29765625 0.5046875 0.0609375 0.0375
1 0.35625 0.50625 0.0625 0.03515625
2 0.83828125 0.50859375 0.0609375 0.0328125
2 0.4171875 0.509375 0.059375 0.03125
2 0.4765625 0.51171875 0.059375 0.03125
2 0.896875 0.5125 0.059375 0.0328125
2 0.95703125 0.51875 0.0578125 0.0328125
2 0.53671875 0.5203125 0.0609375 0.0296875
2 0.59609375 0.525 0.0609375 0.03515625
1 0.6578125 0.528125 0.0625 0.0375
2 0.71796875 0.53515625 0.0609375 0.03515625
2 0.77734375 0.53828125 0.0609375 0.0328125
2 0.83828125 0.53828125 0.0609375 0.0328125
2 0.29375 0.53984375 0.0625 0.0328125
2 0.35390625 0.5390625 0.0609375 0.03515625
2 0.41484375 0.54375 0.0609375 0.0375
2 0.4765625 0.546875 0.0625 0.03515625
2 0.8984375 0.546875 0.059375 0.03515625
2 0.95703125 0.55078125 0.0578125 0.03515625
2 0.5359375 0.553125 0.059375 0.03515625
2 0.59453125 0.55859375 0.0609375 0.03125
0 0.65625 0.5640625 0.0625 0.03515625
2 0.71640625 0.56953125 0.0609375 0.0328125
2 0.77734375 0.5734375 0.0609375 0.0328125
0 0.83828125 0.57421875 0.0609375 0.0390625
2 0.89765625 0.58125 0.0609375 0.0328125
2 0.9578125 0.58515625 0.059375 0.0328125
0 0.65546875 0.7 0.0578125 0.0375
2 0.71484375 0.7046875 0.0609375 0.03125
2 0.775 0.7078125 0.059375 0.0328125
0 0.834375 0.71171875 0.059375 0.0328125
0 0.89375 0.71796875 0.059375 0.0296875
0 0.95234375 0.721875 0.0578125 0.0296875
2 0.6546875 0.7359375 0.059375 0.0390625
2 0.71484375 0.7390625 0.0609375 0.0328125
2 0.775 0.74296875 0.059375 0.0375
0 0.834375 0.74921875 0.059375 0.0375
2 0.89453125 0.7515625 0.0609375 0.03515625
2 0.9546875 0.753125 0.059375 0.0328125
2 0.653125 0.77265625 0.059375 0.0328125
2 0.7140625 0.77421875 0.0625 0.0375
2 0.775 0.7796875 0.059375 0.03515625
2 0.834375 0.784375 0.059375 0.0328125
2 0.89453125 0.7859375 0.0609375 0.0328125
2 0.9546875 0.7875 0.059375 0.03515625
2 0.43984375 0.08203125 0.0578125 0.03125
0 0.4984375 0.0859375 0.059375 0.03125
2 0.55703125 0.08984375 0.0578125 0.03125
2 0.6171875 0.0921875 0.059375 0.03125
2 0.6765625 0.0953125 0.059375 0.03125
2 0.7359375 0.1 0.059375 0.03515625
2 0.7953125 0.1046875 0.059375 0.0328125
2 0.85390625 0.1078125 0.0578125 0.03125
2 0.4375 0.11015625 0.05625 0.025
2 0.9125 0.1109375 0.059375 0.03125
2 0.49609375 0.115625 0.0609375 0.03125
2 0.97109375 0.1171875 0.0578125 0.02734375
2 0.55625 0.11796875 0.059375 0.025
2 0.615625 0.12109375 0.059375 0.0234375
2 0.675 0.1234375 0.059375 0.0234375
2 0.734375 0.1296875 0.059375 0.025
2 0.79375 0.13359375 0.059375 0.025
1 0.853125 0.13671875 0.059375 0.02734375
2 0.434375 0.140625 0.059375 0.03515625
2 0.91328125 0.14140625 0.0609375 0.0296875
2 0.971875 0.14453125 0.05625 0.02734375
2 0.49375 0.1453125 0.059375 0.0328125
2 0.55390625 0.14765625 0.0609375 0.0328125
2 0.61484375 0.15 0.0609375 0.03515625
2 0.675 0.153125 0.059375 0.0375
2 0.734375 0.16015625 0.059375 0.03515625
2 0.79375 0.1625 0.059375 0.03515625
2 0.8546875 0.1671875 0.059375 0.0328125
2 0.9140625 0.17265625 0.059375 0.0328125
2 0.97265625 0.1734375 0.0546875 0.03515625