2 0.9421875 0.1953125 0.059375 0.0390625
3 0.48671875 0.2984375 0.0609375 0.03515625
3 0.54609375 0.3046875 0.0609375 0.0390625
3 0.60703125 0.30625 0.0609375 0.0390625
2 0.66953125 0.3078125 0.0640625 0.0375
2 0.73125 0.3140625 0.0625 0.03515625
2 0.79296875 0.31640625 0.0609375 0.0390625
2 0.8546875 0.32109375 0.0625 0.040625
2 0.91484375 0.3265625 0.0609375 0.0390625
2 0.97265625 0.3296875 0.0546875 0.04296875
3 0.484375 0.33671875 0.0625 0.040625
2 0.5453125 0.3421875 0.0625 0.03515625
2 0.60546875 0.3421875 0.0609375 0.03515625
2 0.66875 0.34453125 0.0625 0.0375
3 0.728125 0.35078125 0.0625 0.0375
3 0.790625 0.353125 0.0625 0.03515625
3 0.84921875 0.359375 0.0609375 0.03515625
2 0.91171875 0.3609375 0.0609375 0.03515625
2 0.96953125 0.3640625 0.0578125 0.0328125
3 0.4828125 0.371875 0.0625 0.0328125
2 0.5453125 0.37578125 0.0625 0.040625
2 0.6046875 0.37890625 0.059375 0.0390625
3 0.665625 0.38203125 0.0625 0.0375
3 0.7265625 0.38671875 0.0625 0.03515625
3 0.7890625 0.3890625 0.0625 0.03515625
3 0.8453125 0.3921875 0.0625 0.03515625
3 0.90703125 0.3953125 0.0609375 0.0375
2 0.96796875 0.39765625 0.0609375 0.0328125
3 0.5109375 0.509375 0.0625 0.0390625
3 0.571875 0.5125 0.0625 0.0328125
3 0.6328125 0.5171875 0.0625 0.03515625
3 0.696875 0.5171875 0.0625 0.03125
3 0.759375 0.521875 0.0625 0.03515625
3 0.8203125 0.52734375 0.059375 0.03125
2 0.87890625 0.528125 0.0609375 0.0328125
2 0.93984375 0.534375 0.0609375 0.0375
3 0.51015625 0.54609375 0.0609375 0.0375
3 0.5703125 0.5484375 0.0625 0.03515625
3 0.6328125 0.553125 0.065625 0.03125
3 0.69375 0.553125 0.0625 0.0390625
3 0.75625 0.55625 0.065625 0.03515625
2 0.815625 0.5609375 0.0625 0.0390625
2 0.87578125 0.56328125 0.0609375 0.0375
2 0.9375 0.56875 0.0625 0.0390625
3 0.50859375 0.58203125 0.0578125 0.03515625
3 0.56875 0.58203125 0.0625 0.03515625
3 0.6296875 0.58671875 0.059375 0.0328125
3 0.690625 0.58984375 0.0625 0.03515625
3 0.753125 0.59296875 0.0625 0.0375
2 0.8140625 0.5953125 0.059375 0.0390625
1 0.871875 0.5984375 0.059375 0.0375
2 0.9328125 0.60078125 0.0625 0.0328125
3 0.5359375 0.721875 0.0625 0.0375
2 0.59765625 0.7265625 0.0609375 0.03515625
2 0.66015625 0.7296875 0.0609375 0.0375
2 0.721875 0.73125 0.0625 0.0375
3 0.7828125 0.73359375 0.0625 0.0375
2 0.84375 0.7375 0.059375 0.0375
2 0.90390625 0.740625 0.0609375 0.03515625
2 0.9640625 0.74296875 0.0625 0.0375
0 0.53515625 0.75703125 0.0609375 0.0328125
2 0.59765625 0.7578125 0.0609375 0.03125
2 0.6578125 0.7609375 0.059375 0.0375
3 0.71875 0.76484375 0.0625 0.0375
3 0.77890625 0.76875 0.0640625 0.0328125
2 0.8421875 0.771875 0.059375 0.03515625
2 0.90078125 0.77265625 0.0609375 0.0328125
2 0.96015625 0.775 0.0578125 0.03515625
2 0.5953125 0.7875 0.059375 0.03515625
1 0.534375 0.7890625 0.0625 0.03515625
3 0.6546875 0.790625 0.0625 0.03125
3 0.715625 0.79609375 0.065625 0.0328125
3 0.7765625 0.7984375 0.059375 0.03125
2 0.83515625 0.80078125 0.0578125 0.03515625
0 0.8953125 0.80390625 0.0625 0.0328125
2 0.9578125 0.80546875 0.059375 0.0328125
3 0.46171875 0.09296875 0.0609375 0.040625
3 0.5234375 0.09375 0.0625 0.0390625
3 0.55546875 0.93046875 0.0609375 0.0375
2 0.67734375 0.9328125 0.0609375 0.0328125
3 0.61640625 0.93359375 0.0609375 0.03515625
2 0.73828125 0.934375 0.0640625 0.0328125
2 0.80078125 0.9375 0.0609375 0.03515625
2 0.859375 0.9390625 0.059375 0.02734375
2 0.91796875 0.94140625 0.0578125 0.03125
2 0.9734375 0.94375 0.053125 0.03125
3 0.5859375 0.09765625 0.0625 0.03515625
3 0.553125 0.9625 0.059375 0.03125
2 0.61328125 0.9640625 0.0609375 0.0296875
2 0.67421875 0.96484375 0.0609375 0.03125
2 0.7375 0.965625 0.0625 0.0296875
3 0.8578125 0.96796875 0.05625 0.0296875
3 0.79765625 0.96953125 0.0640625 0.0296875
3 0.915625 0.971875 0.059375 0.0296875
2 0.646875 0.1 0.0625 0.02734375
2 0.7078125 0.103125 0.059375 0.03515625
2 0.77109375 0.109375 0.0609375 0.0390625
2 0.83203125 0.1140625 0.0609375 0.0328125
2 0.89140625 0.11640625 0.0609375 0.0328125
2 0.95078125 0.12421875 0.0609375 0.0375
3 0.46015625 0.1296875 0.0609375 0.0375
2 0.521875 0.13125 0.0625 0.03515625
2 0.5828125 0.13203125 0.0625 0.0375
2 0.6453125 0.134375 0.0625 0.0390625
2 0.70546875 0.14140625 0.0609375 0.0375
2 0.765625 0.14453125 0.059375 0.0390625
2 0.8265625 0.1484375 0.0625 0.0390625
2 0.88671875 0.1515625 0.0578125 0.040625
2 0.946875 0.1578125 0.059375 0.0390625
3 0.45859375 0.1671875 0.0609375 0.0375
2 0.5203125 0.16796875 0.0625 0.0390625
2 0.58125 0.16875 0.059375 0.0375
3 0.64140625 0.17578125 0.0578125 0.0390625
3 0.70234375 0.17890625 0.0609375 0.040625
2 0.76328125 0.1828125 0.0578125 0.0375
1 0.82265625 0.18671875 0.0609375 0.040625
2 0.88203125 0.190625 0.0578125 0.040625