3 0.26484375 0.021875 0.0609375 0.0390625
3 0.32578125 0.0203125 0.0609375 0.040625
3 0.5046875 0.19921875 0.0625 0.03515625
3 0.5671875 0.203125 0.0625 0.0390625
3 0.6296875 0.2078125 0.0625 0.0375
2 0.69140625 0.2125 0.0609375 0.03515625
3 0.38671875 0.021875 0.0609375 0.04296875
2 0.44609375 0.02265625 0.0609375 0.0375
3 0.1375 0.2171875 0.0625 0.03515625
2 0.753125 0.21875 0.065625 0.0390625
2 0.81328125 0.221875 0.0640625 0.0375
3 0.1984375 0.2234375 0.0625 0.040625
3 0.25859375 0.225 0.0609375 0.0390625
3 0.31953125 0.225 0.0609375 0.0390625
2 0.87421875 0.22734375 0.0640625 0.0375
2 0.93515625 0.23046875 0.0640625 0.03515625
3 0.3828125 0.23125 0.0625 0.0375
3 0.44453125 0.23046875 0.0609375 0.0390625
3 0.50390625 0.2359375 0.0609375 0.0390625
3 0.5671875 0.24140625 0.0625 0.0375
3 0.628125 0.24375 0.0625 0.0390625
2 0.6890625 0.25 0.065625 0.0390625
3 0.13828125 0.253125 0.0609375 0.0375
2 0.934375 0.025 0.059375 0.04296875
2 0.74921875 0.2546875 0.0640625 0.0328125
2 0.81015625 0.25859375 0.0640625 0.0375
2 0.19921875 0.25859375 0.0609375 0.0296875
2 0.8703125 0.2609375 0.0625 0.0328125
2 0.26015625 0.2609375 0.0609375 0.0328125
3 0.31953125 0.2625 0.0609375 0.0328125
3 0.31953125 0.2640625 0.0609375 0.03515625
2 0.93125 0.265625 0.065625 0.03515625
3 0.384375 0.26640625 0.0625 0.0328125
3 0.44453125 0.26875 0.0578125 0.0328125
3 0.50390625 0.27265625 0.0609375 0.0328125
3 0.50859375 0.028125 0.0609375 0.040625
3 0.56640625 0.278125 0.0640625 0.0328125
3 0.62578125 0.28515625 0.0578125 0.0390625
3 0.68671875 0.28828125 0.0640625 0.040625
3 0.74765625 0.290625 0.0609375 0.0390625
2 0.80859375 0.2921875 0.0609375 0.0328125
2 0.86640625 0.296875 0.0640625 0.0390625
2 0.928125 0.30078125 0.065625 0.03515625
3 0.5703125 0.03203125 0.0625 0.0453125
3 0.6296875 0.03515625 0.059375 0.04296875
2 0.690625 0.0390625 0.059375 0.0390625
3 0.24921875 0.39140625 0.0609375 0.0375
3 0.3125 0.39765625 0.0625 0.0375
3 0.3734375 0.4 0.0625 0.0390625
3 0.4359375 0.40234375 0.0625 0.0390625
3 0.49765625 0.40625 0.0609375 0.03515625
3 0.559375 0.4109375 0.0625 0.0375
0 0.62265625 0.4140625 0.0640625 0.03515625
2 0.68515625 0.41875 0.0609375 0.0375
2 0.74609375 0.4234375 0.0609375 0.0390625
3 0.8078125 0.4265625 0.059375 0.0375
2 0.75078125 0.04296875 0.0609375 0.0390625
3 0.24921875 0.4296875 0.0609375 0.0390625
3 0.8671875 0.4296875 0.0625 0.03515625
3 0.31171875 0.4328125 0.0609375 0.0375
2 0.928125 0.43359375 0.0625 0.03515625
3 0.3734375 0.43671875 0.0625 0.040625
3 0.43515625 0.44140625 0.0609375 0.0390625
3 0.49609375 0.4453125 0.0609375 0.0390625
3 0.55703125 0.446875 0.0609375 0.03515625
2 0.08359375 0.04609375 0.0609375 0.0375
3 0.62109375 0.45 0.0640625 0.0328125
2 0.68125 0.45625 0.059375 0.0375
3 0.74140625 0.4609375 0.0609375 0.03515625
3 0.80390625 0.4640625 0.0640625 0.0375
3 0.86484375 0.46484375 0.0609375 0.03515625
3 0.25 0.4671875 0.0625 0.0390625
3 0.14453125 0.0484375 0.0640625 0.0390625
3 0.31171875 0.46953125 0.0609375 0.0328125
2 0.925 0.46875 0.0625 0.03515625
3 0.37265625 0.471875 0.0640625 0.0375
3 0.49609375 0.478125 0.0609375 0.03125
3 0.55703125 0.4828125 0.0609375 0.03125
2 0.61796875 0.4859375 0.0640625 0.03515625
2 0.8109375 0.05 0.059375 0.040625
2 0.6796875 0.490625 0.0625 0.03515625
3 0.73984375 0.49375 0.0609375 0.03515625
3 0.80078125 0.496875 0.0609375 0.0328125
3 0.8609375 0.49921875 0.059375 0.0328125
2 0.921875 0.5046875 0.0625 0.0328125
3 0.2046875 0.0515625 0.059375 0.0375
2 0.87109375 0.05390625 0.0609375 0.040625
3 0.26484375 0.05390625 0.0578125 0.0375
3 0.32421875 0.0578125 0.0609375 0.040625
3 0.446875 0.06328125 0.0625 0.040625
3 0.38515625 0.06328125 0.0609375 0.040625
2 0.9296875 0.065625 0.059375 0.0375
3 0.50859375 0.07421875 0.0609375 0.046875
3 0.56796875 0.07890625 0.0609375 0.0484375
3 0.6296875 0.078125 0.059375 0.04296875
2 0.690625 0.08125 0.0625 0.040625
2 0.7484375 0.084375 0.059375 0.0390625
2 0.80859375 0.0890625 0.0609375 0.0375
2 0.86796875 0.0921875 0.0578125 0.0390625
2 0.9265625 0.10078125 0.0625 0.0375
2 0.08359375 0.0140625 0.0609375 0.02734375
3 0.14453125 0.0140625 0.0640625 0.02734375
2 0.8140625 0.01484375 0.059375 0.0296875
2 0.87265625 0.015625 0.0609375 0.03125
3 0.2046875 0.01640625 0.059375 0.0328125
3 0.1375 0.178125 0.0625 0.04296875
3 0.2 0.18046875 0.059375 0.040625
3 0.25859375 0.184375 0.0640625 0.040625
3 0.32109375 0.18671875 0.0640625 0.0328125
3 0.38359375 0.190625 0.0609375 0.040625
3 0.44609375 0.19140625 0.0609375 0.03515625