2 0.03046875 0.79375 0.0578125 0.0328125
2 0.09140625 0.796875 0.0609375 0.03515625
2 0.14921875 0.79765625 0.0578125 0.0328125
2 0.209375 0.80546875 0.0625 0.0375
2 0.2671875 0.80859375 0.05625 0.03515625
0 0.0328125 0.828125 0.05625 0.03125
0 0.0921875 0.8296875 0.059375 0.03125
2 0.1515625 0.8328125 0.059375 0.0328125
2 0.21171875 0.8390625 0.0609375 0.0328125
2 0.26953125 0.83984375 0.0578125 0.03125
2 0.0359375 0.8546875 0.05625 0.021875
0 0.09609375 0.85625 0.0609375 0.025
2 0.15234375 0.86015625 0.0578125 0.025
2 0.2109375 0.865625 0.05625 0.02734375
0 0.26796875 0.8671875 0.0546875 0.0234375