2 0.675 0.0203125 0.059375 0.040625
2 0.7828125 0.1984375 0.0625 0.0375
2 0.84296875 0.20390625 0.0609375 0.0375
3 0.290625 0.20625 0.0625 0.0375
2 0.90234375 0.20703125 0.0609375 0.03515625
3 0.353125 0.209375 0.0625 0.03515625
3 0.41484375 0.21015625 0.0609375 0.0375
2 0.96484375 0.21171875 0.0609375 0.0375
2 0.47578125 0.2140625 0.0609375 0.0328125
2 0.5359375 0.21875 0.0625 0.03515625
2 0.596875 0.221875 0.059375 0.0328125
0 0.65625 0.22734375 0.0625 0.0328125
2 0.71875 0.22734375 0.0625 0.0328125
2 0.7359375 0.025 0.059375 0.04296875
2 0.78046875 0.23515625 0.0609375 0.0375
2 0.84140625 0.2390625 0.0640625 0.0328125
3 0.290625 0.24140625 0.0625 0.0328125
3 0.35234375 0.24375 0.0609375 0.03515625
2 0.89921875 0.24296875 0.0640625 0.0328125
2 0.959375 0.246875 0.0625 0.0328125
3 0.4140625 0.246875 0.0625 0.0375
2 0.47578125 0.25 0.0609375 0.03515625
2 0.53671875 0.253125 0.0609375 0.0375
2 0.59453125 0.25703125 0.0609375 0.0328125
0 0.65546875 0.26171875 0.0609375 0.03515625
2 0.71640625 0.2625 0.0609375 0.040625
0 0.778125 0.26953125 0.0625 0.03515625
2 0.83671875 0.27265625 0.0609375 0.0328125
1 0.8953125 0.278125 0.0625 0.0375
2 0.95625 0.28125 0.0625 0.03515625
2 0.796875 0.0296875 0.0625 0.0390625
2 0.8578125 0.034375 0.059375 0.0453125
3 0.25078125 0.0359375 0.0609375 0.0375
3 0.3109375 0.0375 0.0625 0.03515625
3 0.33203125 0.37890625 0.0609375 0.0390625
3 0.39375 0.3828125 0.059375 0.0390625
2 0.4546875 0.384375 0.0625 0.0390625
2 0.51640625 0.3890625 0.0609375 0.0390625
2 0.91796875 0.03984375 0.0609375 0.040625
2 0.5796875 0.39140625 0.0625 0.0375
2 0.63984375 0.396875 0.0609375 0.0390625
2 0.70078125 0.39921875 0.0609375 0.0375
2 0.76171875 0.40546875 0.0609375 0.0328125
2 0.82421875 0.409375 0.0609375 0.0375
2 0.9734375 0.0421875 0.053125 0.040625
3 0.371875 0.0421875 0.059375 0.0375
2 0.88515625 0.4109375 0.0609375 0.0328125
3 0.3328125 0.41484375 0.0625 0.0328125
2 0.9453125 0.41484375 0.059375 0.0375
3 0.39296875 0.4203125 0.0609375 0.03515625
2 0.4546875 0.421875 0.0625 0.03515625
2 0.5171875 0.4234375 0.0625 0.03125
2 0.57734375 0.428125 0.0609375 0.03125
3 0.43203125 0.04375 0.0609375 0.0375
2 0.6390625 0.43125 0.0625 0.03515625
2 0.70078125 0.4359375 0.0609375 0.03515625
2 0.76015625 0.4390625 0.0609375 0.03515625
2 0.821875 0.4421875 0.0625 0.0328125
2 0.88046875 0.4453125 0.0578125 0.03515625
3 0.33203125 0.45 0.0609375 0.0328125
2 0.93984375 0.45 0.0609375 0.0328125
2 0.39296875 0.45390625 0.0609375 0.0328125
2 0.4546875 0.45703125 0.0625 0.03515625
2 0.51640625 0.45703125 0.0609375 0.03515625
2 0.57578125 0.46171875 0.0609375 0.0375
2 0.6375 0.465625 0.0625 0.0328125
2 0.696875 0.471875 0.059375 0.0375
2 0.75703125 0.47578125 0.0609375 0.0328125
2 0.81796875 0.478125 0.0609375 0.03515625
0 0.8765625 0.4828125 0.059375 0.03515625
2 0.93515625 0.484375 0.0609375 0.03515625
2 0.4921875 0.05 0.059375 0.0375
2 0.55234375 0.05078125 0.0609375 0.04296875
1 0.6125 0.0546875 0.059375 0.0390625
2 0.67421875 0.0609375 0.0609375 0.0390625
3 0.33125 0.58671875 0.059375 0.0375
3 0.39296875 0.5875 0.0640625 0.03515625
2 0.453125 0.59296875 0.0625 0.0328125
2 0.515625 0.596875 0.0625 0.0328125
2 0.57578125 0.6015625 0.0609375 0.03125
2 0.63828125 0.6046875 0.0640625 0.0328125
2 0.6984375 0.61015625 0.0625 0.0328125
2 0.76015625 0.6125 0.0640625 0.0328125
2 0.821875 0.61640625 0.065625 0.0375
0 0.88125 0.61875 0.0625 0.03515625
1 0.33125 0.6203125 0.059375 0.0296875
0 0.3921875 0.6203125 0.0625 0.0328125
2 0.94140625 0.6234375 0.0671875 0.03515625
2 0.7359375 0.065625 0.0625 0.040625
2 0.45234375 0.62578125 0.0609375 0.0328125
2 0.51484375 0.63125 0.0609375 0.03515625
2 0.575 0.63671875 0.0625 0.03515625
2 0.63671875 0.63671875 0.0640625 0.03125
0 0.696875 0.6421875 0.0625 0.03515625
2 0.75703125 0.64453125 0.0640625 0.03515625
0 0.81875 0.64921875 0.0625 0.0296875
1 0.33125 0.653125 0.059375 0.0328125
0 0.8765625 0.653125 0.0625 0.0328125
2 0.9359375 0.65625 0.0625 0.03515625
2 0.39140625 0.65703125 0.0609375 0.0328125
2 0.45234375 0.6609375 0.0609375 0.0375
2 0.5125 0.66328125 0.059375 0.0328125
2 0.57265625 0.66875 0.0609375 0.0328125
2 0.634375 0.6703125 0.0625 0.03515625
2 0.6953125 0.6765625 0.0625 0.0328125
1 0.7546875 0.67890625 0.0625 0.0328125
1 0.8140625 0.68046875 0.0625 0.0328125
2 0.7953125 0.06875 0.0625 0.04296875
2 0.87421875 0.6859375 0.0609375 0.03125
2 0.9328125 0.6890625 0.0625 0.03515625
2 0.85546875 0.07421875 0.0609375 0.0390625
2 0.91171875 0.07890625 0.0640625 0.0375
3 0.175 0.78125 0.059375 0.03125
3 0.2359375 0.7875 0.059375 0.03125
2 0.29765625 0.78984375 0.0609375 0.0328125
2 0.359375 0.7953125 0.0625 0.03125
2 0.41953125 0.7984375 0.0609375 0.03125
2 0.48046875 0.8015625 0.0609375 0.0328125
2 0.54296875 0.80546875 0.0609375 0.0328125
2 0.60390625 0.8109375 0.0609375 0.03515625
2 0.6640625 0.81328125 0.0625 0.0328125
2 0.1765625 0.81640625 0.0625 0.03515625
3 0.115625 0.81640625 0.0625 0.03515625
2 0.72578125 0.81875 0.0609375 0.03515625
2 0.2375 0.81953125 0.059375 0.0328125
2 0.7875 0.82109375 0.059375 0.0328125
2 0.29609375 0.8234375 0.0609375 0.0328125
2 0.84609375 0.82421875 0.0609375 0.03515625
3 0.35859375 0.825 0.0609375 0.0296875
2 0.90625 0.828125 0.059375 0.03515625
2 0.96640625 0.82890625 0.0640625 0.0328125
3 0.41953125 0.82890625 0.0609375 0.0296875
3 0.48125 0.8359375 0.0625 0.03125
1 0.9703125 0.084375 0.059375 0.04296875
2 0.54140625 0.840625 0.0609375 0.0328125
2 0.60234375 0.84296875 0.0609375 0.0296875
2 0.6625 0.84765625 0.0625 0.03125
3 0.11640625 0.84765625 0.0640625 0.02734375
2 0.17578125 0.85 0.0609375 0.03125
2 0.72421875 0.85 0.0609375 0.02734375
2 0.23671875 0.853125 0.0609375 0.03515625
2 0.78359375 0.8546875 0.0609375 0.0328125
3 0.3578125 0.85546875 0.0625 0.03125
3 0.29609375 0.85625 0.0609375 0.0296875
2 0.84375 0.85625 0.059375 0.0296875
2 0.90234375 0.86015625 0.0578125 0.0296875
3 0.41953125 0.859375 0.0609375 0.03125
2 0.9625 0.8625 0.0625 0.0328125
3 0.4796875 0.86796875 0.059375 0.0328125
2 0.53984375 0.871875 0.0609375 0.0296875
2 0.60078125 0.875 0.0609375 0.03515625
2 0.66015625 0.87890625 0.0609375 0.03125
2 0.72109375 0.8796875 0.0609375 0.0328125
2 0.78125 0.884375 0.059375 0.03125
2 0.840625 0.8859375 0.0625 0.0296875
2 0.9015625 0.890625 0.059375 0.03125
2 0.95859375 0.8921875 0.0609375 0.02734375
2 0.43203125 0.0125 0.0609375 0.025
2 0.49375 0.015625 0.0625 0.03125
2 0.55546875 0.015625 0.0578125 0.03125
3 0.2921875 0.17109375 0.0625 0.0328125
3 0.353125 0.17265625 0.0625 0.0375
3 0.41484375 0.17578125 0.0609375 0.03515625
2 0.615625 0.0171875 0.059375 0.034375
3 0.4765625 0.1796875 0.0625 0.03515625
2 0.5375 0.18359375 0.0625 0.0390625
2 0.59921875 0.1859375 0.0609375 0.0390625
2 0.6609375 0.1890625 0.0625 0.0390625
2 0.721875 0.19375 0.059375 0.03515625