2 0.29140625 0.2015625 0.0609375 0.03125
2 0.35 0.20625 0.0625 0.0328125
2 0.41015625 0.20703125 0.0609375 0.03125
0 0.46953125 0.2125 0.0640625 0.03125
2 0.146875 0.0203125 0.059375 0.0296875
2 0.628125 0.02265625 0.0625 0.0328125
1 0.53203125 0.21484375 0.0609375 0.03125
2 0.05234375 0.215625 0.0609375 0.0328125
2 0.1125 0.21875 0.059375 0.03125
2 0.5921875 0.21953125 0.0625 0.0296875
2 0.16953125 0.2234375 0.0609375 0.0328125
2 0.22734375 0.2265625 0.0609375 0.03125
2 0.65234375 0.2265625 0.0640625 0.03125
2 0.2875 0.23046875 0.0625 0.03125
2 0.71328125 0.23359375 0.0609375 0.0328125
2 0.20703125 0.025 0.0609375 0.02734375
2 0.34765625 0.2359375 0.0640625 0.03125
2 0.771875 0.2390625 0.059375 0.0328125
0 0.40859375 0.2390625 0.0640625 0.0328125
0 0.4671875 0.24140625 0.0625 0.0296875
2 0.834375 0.246875 0.065625 0.0328125
2 0.05 0.24609375 0.0625 0.03125
2 0.52734375 0.2484375 0.0609375 0.03125
2 0.89453125 0.24921875 0.0578125 0.0296875
2 0.1046875 0.24921875 0.0625 0.0328125
0 0.59140625 0.25078125 0.0609375 0.0328125
2 0.6890625 0.02734375 0.059375 0.02734375
1 0.953125 0.25390625 0.059375 0.03125
2 0.16484375 0.25625 0.0640625 0.03125
2 0.6515625 0.25703125 0.0625 0.0328125
2 0.225 0.259375 0.0625 0.03125
2 0.2859375 0.26484375 0.0625 0.0328125
2 0.71171875 0.26484375 0.0609375 0.0296875
2 0.7734375 0.2671875 0.0625 0.03125
2 0.34375 0.2671875 0.065625 0.03125
0 0.4046875 0.271875 0.0625 0.03515625
2 0.46640625 0.275 0.0640625 0.03515625
2 0.8328125 0.27734375 0.059375 0.03125
2 0.52578125 0.28046875 0.0640625 0.0328125
3 0.89453125 0.28046875 0.0609375 0.0328125
1 0.95390625 0.284375 0.0609375 0.0328125
2 0.5890625 0.2859375 0.0625 0.0328125
2 0.65 0.29296875 0.0625 0.03515625
2 0.265625 0.03046875 0.059375 0.025
2 0.7125 0.296875 0.0625 0.03125
2 0.77265625 0.3 0.0609375 0.0375
2 0.83359375 0.309375 0.0609375 0.0296875
2 0.7484375 0.0328125 0.059375 0.03515625
2 0.32421875 0.0328125 0.0609375 0.02734375
3 0.8953125 0.3140625 0.0625 0.03125
3 0.95546875 0.31953125 0.0578125 0.0328125
2 0.3859375 0.0359375 0.0625 0.0296875
0 0.80859375 0.0359375 0.0609375 0.0375
2 0.44453125 0.0390625 0.0609375 0.02734375
0 0.05078125 0.384375 0.0609375 0.03125
1 0.11015625 0.38671875 0.0640625 0.02734375
2 0.16640625 0.3953125 0.0609375 0.0296875
2 0.225 0.396875 0.059375 0.03125
2 0.284375 0.403125 0.0625 0.0328125
2 0.34375 0.40703125 0.059375 0.0375
0 0.40390625 0.40703125 0.0640625 0.0375
3 0.86953125 0.040625 0.0609375 0.03125
2 0.0453125 0.4140625 0.0625 0.03125
2 0.10546875 0.41484375 0.0609375 0.0296875
2 0.46484375 0.4171875 0.0609375 0.0375
2 0.525 0.4203125 0.0625 0.03125
2 0.16328125 0.42109375 0.0640625 0.0296875
2 0.58671875 0.42578125 0.0640625 0.03125
2 0.6484375 0.42890625 0.0625 0.0375
2 0.22109375 0.428125 0.0640625 0.03125
2 0.50546875 0.04296875 0.0609375 0.03125
2 0.02890625 0.04375 0.0546875 0.0296875
2 0.28046875 0.43359375 0.0640625 0.03125
2 0.70859375 0.434375 0.0609375 0.0296875
2 0.3421875 0.4375 0.0625 0.02734375
2 0.40078125 0.440625 0.0640625 0.0296875
2 0.76953125 0.4421875 0.0609375 0.0328125
2 0.8296875 0.44453125 0.0625 0.0375
2 0.03828125 0.446875 0.0640625 0.03515625
2 0.10234375 0.4484375 0.0640625 0.0375
2 0.46328125 0.4484375 0.0640625 0.0296875
2 0.52578125 0.4515625 0.0640625 0.03125
2 0.8921875 0.45390625 0.059375 0.0375
2 0.1578125 0.45390625 0.065625 0.0375
3 0.9515625 0.45625 0.059375 0.0328125
2 0.58515625 0.45625 0.0640625 0.0296875
2 0.2171875 0.4609375 0.0625 0.03515625
2 0.646875 0.46171875 0.0625 0.0328125
2 0.709375 0.46484375 0.059375 0.03125
2 0.27734375 0.4671875 0.0671875 0.03515625
3 0.9296875 0.046875 0.059375 0.03125
2 0.56484375 0.0484375 0.0609375 0.03125
2 0.3390625 0.46953125 0.0625 0.0375
2 0.76953125 0.475 0.0609375 0.03125
2 0.4 0.475 0.0625 0.03515625
2 0.46171875 0.48046875 0.0640625 0.03515625
2 0.83125 0.48046875 0.0625 0.03515625
2 0.52265625 0.48359375 0.0609375 0.0328125
3 0.89140625 0.4859375 0.0609375 0.04296875
2 0.58515625 0.4875 0.0640625 0.0328125
2 0.084375 0.05 0.059375 0.0296875
2 0.1421875 0.05078125 0.059375 0.02734375
3 0.953125 0.49140625 0.0625 0.0375
2 0.64609375 0.496875 0.0609375 0.0328125
2 0.7078125 0.5 0.0625 0.03515625
2 0.62734375 0.0515625 0.0609375 0.0296875
2 0.7703125 0.50859375 0.0625 0.0328125
2 0.83125 0.51640625 0.0625 0.0328125
3 0.8921875 0.51875 0.059375 0.0375
1 0.953125 0.5265625 0.0625 0.0328125
2 0.20234375 0.05390625 0.0609375 0.0296875
2 0.2625 0.05625 0.059375 0.02734375
2 0.6875 0.0578125 0.059375 0.0328125
2 0.32265625 0.0609375 0.0609375 0.02734375
2 0.08671875 0.58984375 0.0578125 0.03515625
2 0.14453125 0.59453125 0.0578125 0.0375
2 0.20390625 0.60078125 0.0609375 0.0375
2 0.26328125 0.603125 0.0609375 0.03125
2 0.32265625 0.61015625 0.0609375 0.0375
1 0.38359375 0.6140625 0.0609375 0.0375
2 0.44296875 0.61796875 0.0609375 0.0375
2 0.08125 0.621875 0.059375 0.0328125
0 0.5046875 0.625 0.059375 0.0390625
2 0.74921875 0.0640625 0.0609375 0.03125
2 0.38125 0.065625 0.0625 0.0296875
2 0.14140625 0.6265625 0.0578125 0.03515625
2 0.56484375 0.62890625 0.0609375 0.0390625
2 0.20078125 0.6328125 0.0609375 0.03515625
0 0.62578125 0.634375 0.0609375 0.03515625
2 0.6859375 0.6375 0.059375 0.0328125
0 0.25859375 0.6390625 0.0609375 0.0390625
2 0.31953125 0.646875 0.0578125 0.03515625
2 0.74765625 0.646875 0.0609375 0.03515625
2 0.3796875 0.6484375 0.0625 0.0390625
2 0.80859375 0.64921875 0.0609375 0.0328125
2 0.44140625 0.65546875 0.0609375 0.0375
2 0.0765625 0.65625 0.059375 0.03515625
3 0.86875 0.65625 0.0625 0.03125
3 0.9296875 0.6609375 0.059375 0.0328125
2 0.134375 0.6609375 0.059375 0.040625
2 0.503125 0.6609375 0.0625 0.0375
2 0.56328125 0.6640625 0.0609375 0.03515625
2 0.19609375 0.66796875 0.0578125 0.03515625
0 0.625 0.66875 0.0625 0.0375
2 0.25390625 0.6734375 0.0609375 0.03515625
2 0.6875 0.67578125 0.059375 0.0390625
2 0.74765625 0.678125 0.0609375 0.03515625
2 0.31640625 0.67890625 0.0609375 0.040625
2 0.3765625 0.6828125 0.059375 0.0375
2 0.4421875 0.06875 0.059375 0.03125
0 0.809375 0.0703125 0.059375 0.03125
2 0.8078125 0.68359375 0.0625 0.03515625
2 0.4375 0.6890625 0.0625 0.03515625
3 0.86875 0.6890625 0.0625 0.03125
3 0.9296875 0.69375 0.059375 0.03515625
2 0.50078125 0.696875 0.0609375 0.0390625
2 0.56015625 0.7015625 0.0609375 0.0390625
2 0.621875 0.70625 0.0625 0.0375
2 0.6859375 0.71015625 0.0625 0.0375
2 0.74609375 0.715625 0.0609375 0.0375
3 0.8078125 0.7203125 0.0625 0.03515625
3 0.8703125 0.07421875 0.059375 0.03125
2 0.503125 0.0734375 0.059375 0.0296875
3 0.86953125 0.72734375 0.0609375 0.040625
3 0.9296875 0.7296875 0.059375 0.0328125
3 0.9296875 0.078125 0.059375 0.03125
2 0.56484375 0.07890625 0.0609375 0.0296875
2 0.06875 0.7859375 0.05625 0.0375
2 0.125 0.7921875 0.059375 0.0375
2 0.184375 0.79609375 0.059375 0.0375
2 0.2421875 0.8015625 0.059375 0.0375
1 0.3015625 0.81171875 0.059375 0.0375
2 0.36171875 0.8140625 0.0609375 0.0390625
2 0.625 0.0828125 0.059375 0.0328125
2 0.4203125 0.821875 0.0625 0.0390625
2 0.0609375 0.821875 0.059375 0.0390625
2 0.48359375 0.828125 0.0640625 0.0390625
2 0.1203125 0.8296875 0.0625 0.0390625
2 0.178125 0.8328125 0.059375 0.0375
2 0.54375 0.8328125 0.0625 0.0375
2 0.603125 0.8375 0.059375 0.0390625
2 0.2375 0.83984375 0.059375 0.0390625
1 0.66328125 0.84375 0.0609375 0.04296875
2 0.29765625 0.84765625 0.0609375 0.0390625
2 0.72578125 0.85 0.0609375 0.0390625
2 0.359375 0.85234375 0.059375 0.040625
2 0.78671875 0.8546875 0.0609375 0.0375
2 0.05703125 0.8578125 0.0609375 0.03515625
2 0.84765625 0.85859375 0.0609375 0.0453125
2 0.41953125 0.85859375 0.0609375 0.0375
2 0.6875 0.0875 0.059375 0.03125
2 0.48125 0.85859375 0.0625 0.0328125
3 0.90625 0.8625 0.059375 0.0375
2 0.1140625 0.8640625 0.059375 0.0328125
3 0.96796875 0.86796875 0.0640625 0.0375
2 0.1734375 0.86796875 0.0625 0.0328125
2 0.54140625 0.8703125 0.0609375 0.0328125
2 0.6015625 0.87421875 0.0625 0.0328125
2 0.234375 0.87578125 0.059375 0.0375
2 0.6640625 0.88125 0.0625 0.03515625
2 0.2953125 0.88359375 0.0625 0.0328125
2 0.72578125 0.884375 0.0609375 0.03515625
2 0.35546875 0.890625 0.0640625 0.03515625
2 0.78671875 0.8921875 0.0609375 0.0390625
2 0.415625 0.89453125 0.0625 0.0390625
2 0.84765625 0.896875 0.0609375 0.03515625
2 0.478125 0.89765625 0.0625 0.040625
3 0.90625 0.8984375 0.059375 0.03515625
3 0.96640625 0.90546875 0.0609375 0.040625
2 0.540625 0.90625 0.0625 0.0390625
2 0.6015625 0.909375 0.0625 0.040625
2 0.66328125 0.9171875 0.0609375 0.0375
2 0.7484375 0.09296875 0.0625 0.0296875
2 0.72578125 0.9203125 0.0609375 0.03515625
2 0.7859375 0.92890625 0.0625 0.040625
2 0.84765625 0.93359375 0.0609375 0.0390625
3 0.9078125 0.93671875 0.059375 0.040625
3 0.96796875 0.9421875 0.0609375 0.0328125
2 0.80859375 0.1 0.0609375 0.03125
2 0.86953125 0.10234375 0.0609375 0.0296875
2 0.93046875 0.1078125 0.0609375 0.02734375
2 0.4484375 0.0125 0.059375 0.025
2 0.50625 0.0140625 0.0625 0.02734375
0 0.03359375 0.01484375 0.0546875 0.0296875
2 0.56796875 0.01640625 0.059375 0.0296875
2 0.0890625 0.01875 0.059375 0.0328125
2 0.059375 0.18359375 0.0625 0.03125
2 0.1171875 0.1890625 0.0625 0.03125
2 0.171875 0.19375 0.059375 0.03125
2 0.23125 0.1953125 0.0625 0.03125