2 0.05625 0.0203125 0.059375 0.040625
3 0.5984375 0.021875 0.0625 0.03515625
0 0.0265625 0.19609375 0.053125 0.0328125
2 0.08125 0.1984375 0.0625 0.0328125
3 0.62421875 0.2015625 0.0609375 0.03515625
2 0.1390625 0.20390625 0.0625 0.0328125
3 0.6859375 0.2046875 0.0625 0.03515625
2 0.2 0.2046875 0.0625 0.03125
2 0.74765625 0.2046875 0.0609375 0.0390625
3 0.809375 0.2078125 0.0625 0.0328125
2 0.259375 0.2109375 0.0625 0.03515625
2 0.31875 0.21171875 0.0625 0.0296875
3 0.37890625 0.2171875 0.0609375 0.03515625
3 0.43984375 0.221875 0.0609375 0.0328125
3 0.5015625 0.22734375 0.0625 0.0328125
3 0.56171875 0.23046875 0.0609375 0.03515625
2 0.0234375 0.23046875 0.046875 0.03515625
3 0.62421875 0.234375 0.0609375 0.03515625
3 0.66015625 0.025 0.0609375 0.03515625
2 0.07578125 0.234375 0.0640625 0.03515625
2 0.13671875 0.2375 0.0640625 0.0328125
2 0.68515625 0.2390625 0.0609375 0.0328125
2 0.19609375 0.23828125 0.0609375 0.03515625
2 0.746875 0.24140625 0.0625 0.0328125
3 0.809375 0.24140625 0.0625 0.0328125
2 0.25546875 0.24296875 0.0640625 0.0375
3 0.31640625 0.2453125 0.0640625 0.040625
3 0.37890625 0.25078125 0.0640625 0.0328125
2 0.11171875 0.02734375 0.0609375 0.0390625
3 0.43828125 0.25625 0.0640625 0.03515625
3 0.4984375 0.2609375 0.0625 0.0328125
3 0.5609375 0.265625 0.0625 0.03515625
2 0.62265625 0.2703125 0.0609375 0.0375
2 0.684375 0.2734375 0.0625 0.0390625
3 0.74609375 0.27421875 0.0609375 0.0328125
3 0.8078125 0.2796875 0.0625 0.04296875
2 0.17265625 0.03046875 0.0609375 0.040625
3 0.721875 0.03046875 0.0625 0.0328125
2 0.23359375 0.03203125 0.0609375 0.040625
3 0.7828125 0.0328125 0.059375 0.03515625
2 0.2921875 0.034375 0.059375 0.0453125
0 0.04765625 0.3625 0.0609375 0.0328125
0 0.10546875 0.36640625 0.0609375 0.0328125
0 0.165625 0.36875 0.0625 0.03515625
2 0.353125 0.0375 0.0625 0.04296875
2 0.22421875 0.3734375 0.0609375 0.03125
1 0.284375 0.37890625 0.0625 0.03125
2 0.34453125 0.384375 0.0609375 0.03515625
2 0.40390625 0.38671875 0.0609375 0.03125
2 0.41484375 0.03828125 0.0609375 0.0453125
2 0.46640625 0.3921875 0.0609375 0.03515625
2 0.52578125 0.396875 0.0609375 0.03515625
2 0.04453125 0.3984375 0.0609375 0.03515625
2 0.10234375 0.39921875 0.0609375 0.0328125
3 0.58671875 0.40234375 0.0609375 0.03515625
0 0.16171875 0.403125 0.0640625 0.0375
2 0.22421875 0.40546875 0.0578125 0.0328125
3 0.646875 0.40546875 0.059375 0.0375
2 0.28125 0.409375 0.0625 0.0296875
3 0.709375 0.4109375 0.0625 0.0375
2 0.77109375 0.41484375 0.0609375 0.0375
2 0.34296875 0.415625 0.0609375 0.03125
3 0.83515625 0.41875 0.0640625 0.0375
2 0.40234375 0.41875 0.0609375 0.0328125
2 0.46328125 0.42578125 0.0609375 0.03125
3 0.4765625 0.04375 0.0625 0.040625
0 0.0390625 0.43046875 0.0625 0.040625
2 0.525 0.4328125 0.0625 0.0328125
2 0.09921875 0.434375 0.0640625 0.040625
3 0.5859375 0.4359375 0.059375 0.03515625
0 0.15703125 0.4390625 0.0640625 0.0390625
2 0.2171875 0.440625 0.065625 0.040625
3 0.6484375 0.440625 0.0625 0.0375
2 0.27734375 0.4453125 0.0640625 0.04296875
2 0.709375 0.4453125 0.0625 0.0390625
2 0.771875 0.44921875 0.0625 0.03515625
2 0.33984375 0.45 0.0609375 0.0453125
2 0.40078125 0.45390625 0.0609375 0.0453125
3 0.834375 0.4546875 0.065625 0.03515625
2 0.46015625 0.4609375 0.0609375 0.0390625
3 0.5234375 0.46484375 0.0625 0.04296875
3 0.58515625 0.46875 0.0609375 0.0390625
2 0.64609375 0.4765625 0.0609375 0.03515625
2 0.709375 0.478125 0.0625 0.0390625
3 0.771875 0.48515625 0.0625 0.0375
3 0.83359375 0.4859375 0.0640625 0.03515625
3 0.53828125 0.0484375 0.0609375 0.0390625
3 0.5984375 0.05546875 0.0625 0.0375
2 0.0703125 0.56953125 0.05625 0.0375
4 0.128125 0.57421875 0.059375 0.0390625
2 0.18671875 0.57890625 0.0578125 0.0375
2 0.2453125 0.5828125 0.059375 0.0375
2 0.3046875 0.5875 0.059375 0.0390625
2 0.3640625 0.59375 0.059375 0.0390625
2 0.42578125 0.59296875 0.0609375 0.0375
2 0.48671875 0.5984375 0.0609375 0.0328125
2 0.065625 0.603125 0.059375 0.03515625
3 0.659375 0.06171875 0.059375 0.0375
2 0.546875 0.60546875 0.0625 0.0390625
2 0.12421875 0.60859375 0.0578125 0.0375
3 0.6078125 0.6109375 0.0625 0.04296875
3 0.6703125 0.61328125 0.0625 0.0390625
2 0.18359375 0.615625 0.0578125 0.03515625
2 0.24296875 0.6203125 0.0609375 0.0375
3 0.73046875 0.62109375 0.0609375 0.0390625
3 0.7921875 0.62421875 0.0625 0.0375
2 0.3015625 0.62421875 0.059375 0.0375
2 0.36171875 0.628125 0.0609375 0.0328125
3 0.8546875 0.628125 0.0625 0.040625
0 0.42265625 0.63203125 0.0609375 0.040625
0 0.48515625 0.634375 0.0609375 0.0390625
2 0.0609375 0.640625 0.05625 0.0390625
3 0.54609375 0.6421875 0.0640625 0.04296875
2 0.11953125 0.64453125 0.0609375 0.0390625
3 0.72109375 0.0640625 0.0640625 0.03515625
3 0.60625 0.6453125 0.0625 0.0375
2 0.18046875 0.65 0.0609375 0.03515625
3 0.66875 0.6515625 0.0625 0.040625
2 0.2390625 0.65703125 0.059375 0.040625
3 0.73046875 0.65703125 0.0609375 0.0375
2 0.29921875 0.659375 0.0609375 0.040625
3 0.79296875 0.66015625 0.0640625 0.03515625
2 0.36015625 0.6640625 0.0609375 0.0390625
3 0.85390625 0.665625 0.0609375 0.03515625
2 0.42109375 0.6703125 0.0609375 0.0390625
2 0.48203125 0.67578125 0.0609375 0.0390625
3 0.54453125 0.67890625 0.0640625 0.0453125
3 0.60625 0.6796875 0.0625 0.0390625
3 0.78125 0.0703125 0.0625 0.03515625
3 0.66796875 0.68671875 0.0640625 0.0375
3 0.73046875 0.69375 0.0609375 0.0390625
3 0.79140625 0.69609375 0.0640625 0.0375
2 0.8546875 0.70234375 0.059375 0.0375
1 0.034375 0.76875 0.059375 0.0375
2 0.09375 0.77265625 0.059375 0.0328125
2 0.15 0.78125 0.059375 0.0390625
2 0.21015625 0.7859375 0.0609375 0.0375
2 0.26875 0.790625 0.059375 0.0390625
2 0.32890625 0.7953125 0.0609375 0.0390625
2 0.3875 0.8 0.059375 0.040625
2 0.02890625 0.8015625 0.0578125 0.0328125
3 0.44765625 0.8046875 0.0609375 0.0390625
2 0.08828125 0.8046875 0.0640625 0.03125
3 0.51015625 0.80859375 0.0609375 0.0390625
2 0.14609375 0.81171875 0.0578125 0.040625
3 0.5703125 0.8125 0.059375 0.0390625
2 0.20546875 0.81640625 0.0609375 0.03515625
3 0.63203125 0.81953125 0.0640625 0.040625
2 0.69453125 0.821875 0.0609375 0.04296875
2 0.265625 0.82421875 0.059375 0.03515625
2 0.75546875 0.828125 0.0609375 0.04296875
2 0.3265625 0.83203125 0.059375 0.03125
3 0.81640625 0.83203125 0.0609375 0.0390625
2 0.38671875 0.8359375 0.0609375 0.0390625
2 0.02734375 0.8375 0.0546875 0.0390625
2 0.084375 0.8421875 0.0625 0.04296875
3 0.446875 0.8421875 0.0625 0.0390625
3 0.50703125 0.84765625 0.0609375 0.0390625
2 0.14296875 0.846875 0.0609375 0.040625
3 0.57109375 0.85 0.0609375 0.0390625
2 0.20234375 0.8546875 0.0609375 0.040625
2 0.6296875 0.85625 0.0625 0.040625
2 0.26328125 0.859375 0.0609375 0.04296875
2 0.69140625 0.86015625 0.0609375 0.040625
2 0.753125 0.8640625 0.0625 0.040625
2 0.321875 0.865625 0.059375 0.0390625
3 0.815625 0.86875 0.0625 0.0390625
2 0.38359375 0.875 0.0609375 0.0390625
2 0.44453125 0.8796875 0.0609375 0.0328125
2 0.50546875 0.884375 0.0640625 0.0390625
2 0.5671875 0.8890625 0.0625 0.0390625
2 0.6296875 0.89140625 0.0625 0.040625
2 0.690625 0.89765625 0.0625 0.0375
3 0.75234375 0.9 0.0609375 0.03515625
3 0.8140625 0.90546875 0.059375 0.0375
2 0.04765625 0.965625 0.0546875 0.0375
2 0.10546875 0.975 0.0578125 0.0390625
2 0.16328125 0.98046875 0.0546875 0.03515625
2 0.22265625 0.98203125 0.0609375 0.0359375
2 0.02890625 0.16484375 0.0578125 0.0296875
2 0.08515625 0.16796875 0.0609375 0.03125
2 0.1453125 0.17109375 0.0625 0.0328125
2 0.203125 0.175 0.0625 0.0375
2 0.2625 0.1765625 0.0625 0.0328125
2 0.321875 0.17890625 0.059375 0.0328125
3 0.38125 0.1828125 0.059375 0.0328125
3 0.44140625 0.18828125 0.0609375 0.0328125
3 0.50234375 0.19140625 0.0609375 0.03515625
3 0.56328125 0.19453125 0.0609375 0.0375