3 0.76328125 0.478125 0.0609375 0.03515625
3 0.825 0.4796875 0.0625 0.0375
2 0.8859375 0.48359375 0.065625 0.0328125
3 0.94765625 0.4859375 0.0640625 0.03515625
3 0.76484375 0.5125 0.0609375 0.0375
2 0.825 0.5140625 0.0625 0.03125
3 0.94765625 0.5171875 0.0609375 0.03515625
2 0.88671875 0.51875 0.0609375 0.0375
3 0.76484375 0.5453125 0.0609375 0.03515625
2 0.82578125 0.54609375 0.0640625 0.0375
3 0.95 0.553125 0.0625 0.0390625
2 0.88828125 0.55390625 0.0640625 0.0375
1 0.45390625 0.66328125 0.0609375 0.0328125
1 0.5125 0.6703125 0.059375 0.0390625
2 0.5734375 0.671875 0.0625 0.03515625
2 0.63515625 0.67578125 0.0609375 0.03515625
2 0.69609375 0.67890625 0.0640625 0.0328125
2 0.75703125 0.68125 0.0609375 0.0390625
2 0.81640625 0.684375 0.0609375 0.0375
2 0.8765625 0.6875 0.059375 0.0390625
2 0.93828125 0.690625 0.0640625 0.0375
2 0.45078125 0.6984375 0.0609375 0.0375
2 0.5125 0.70625 0.059375 0.0375
2 0.57421875 0.709375 0.0609375 0.03515625
2 0.63359375 0.7125 0.0609375 0.0390625
2 0.6953125 0.71171875 0.0625 0.0375
2 0.75625 0.71796875 0.059375 0.0328125
2 0.815625 0.7203125 0.059375 0.03515625
2 0.878125 0.72578125 0.0625 0.040625
2 0.94140625 0.72734375 0.0640625 0.0375
2 0.45078125 0.7375 0.0609375 0.0375
2 0.51171875 0.7421875 0.0640625 0.0390625
2 0.57265625 0.74296875 0.0609375 0.0328125
2 0.63359375 0.74921875 0.0609375 0.0328125
2 0.69453125 0.75 0.0640625 0.03515625
2 0.75703125 0.75078125 0.0609375 0.0328125
2 0.8171875 0.7546875 0.0625 0.0296875
2 0.8796875 0.7609375 0.0625 0.0296875
2 0.94296875 0.76171875 0.0640625 0.0390625
2 0.33203125 0.8609375 0.0578125 0.03515625
2 0.39140625 0.86640625 0.0609375 0.0375
2 0.45 0.8671875 0.0625 0.03515625
2 0.5109375 0.86796875 0.0625 0.0328125
0 0.57265625 0.8734375 0.0609375 0.03515625
2 0.63203125 0.87890625 0.0609375 0.03515625
2 0.69375 0.8796875 0.0625 0.0375
2 0.7546875 0.8828125 0.0625 0.0390625
2 0.8140625 0.8859375 0.0625 0.0375
2 0.93515625 0.890625 0.0640625 0.03515625
2 0.8765625 0.88984375 0.0625 0.0375
0 0.33046875 0.89765625 0.0640625 0.0375
2 0.38984375 0.9046875 0.0609375 0.0390625
2 0.45078125 0.9046875 0.0609375 0.03515625
2 0.5109375 0.90546875 0.0625 0.040625
2 0.571875 0.909375 0.059375 0.0375
2 0.63203125 0.9140625 0.0640625 0.0390625
2 0.7546875 0.91796875 0.0625 0.03515625
2 0.69375 0.91796875 0.0625 0.03515625
0 0.81484375 0.921875 0.0609375 0.0390625
2 0.87578125 0.9234375 0.0609375 0.0390625
0 0.934375 0.92890625 0.0625 0.0453125
2 0.328125 0.93359375 0.059375 0.0390625
2 0.4484375 0.940625 0.059375 0.040625
2 0.3875 0.9421875 0.0625 0.0375
2 0.51015625 0.9421875 0.0609375 0.0375
2 0.571875 0.95 0.0625 0.040625
2 0.63359375 0.953125 0.0640625 0.03515625
0 0.69375 0.953125 0.0625 0.0390625
2 0.75390625 0.95625 0.0609375 0.0453125
0 0.815625 0.959375 0.059375 0.04296875
2 0.87578125 0.9625 0.0578125 0.0390625
2 0.93671875 0.965625 0.0609375 0.0375