1 0.1953125 0.021875 0.059375 0.03125
3 0.61484375 0.02265625 0.0609375 0.0328125
0 0.253125 0.02734375 0.059375 0.03125
2 0.3109375 0.03046875 0.065625 0.0296875
2 0.37265625 0.03203125 0.0640625 0.0296875
3 0.43125 0.03828125 0.0625 0.0296875
2 0.07421875 0.040625 0.0578125 0.0390625
3 0.49375 0.0421875 0.0625 0.0296875
2 0.13125 0.04375 0.0625 0.040625
3 0.5546875 0.0484375 0.0625 0.03125
3 0.6140625 0.053125 0.0625 0.03125
2 0.190625 0.0515625 0.059375 0.0296875
2 0.2484375 0.05625 0.059375 0.03125
2 0.30703125 0.0609375 0.0609375 0.03125
2 0.36875 0.06328125 0.0625 0.0328125
3 0.4296875 0.06640625 0.0625 0.02734375
3 0.49140625 0.0734375 0.0609375 0.0328125
3 0.553125 0.07890625 0.0625 0.0296875
3 0.61328125 0.08203125 0.0609375 0.03125
3 0.496875 0.0140625 0.059375 0.02734375
3 0.55546875 0.0171875 0.0609375 0.03125