0 0.784375 0.0203125 0.059375 0.0328125
4 0.38671875 0.1953125 0.0609375 0.03515625
0 0.44765625 0.2 0.0609375 0.0328125
2 0.5078125 0.20390625 0.0625 0.0296875
2 0.56796875 0.209375 0.0609375 0.03125
2 0.0296875 0.209375 0.059375 0.03515625
2 0.08671875 0.21171875 0.0609375 0.0328125
2 0.62890625 0.2125 0.0640625 0.03125
2 0.14609375 0.2140625 0.0640625 0.0296875
2 0.203125 0.2125 0.0625 0.02734375
2 0.26328125 0.21796875 0.0609375 0.025
2 0.6890625 0.21875 0.059375 0.02734375
2 0.32265625 0.221875 0.0609375 0.025
2 0.74921875 0.2234375 0.0609375 0.0296875
1 0.81015625 0.225 0.0609375 0.03125
2 0.38359375 0.22734375 0.0609375 0.0296875
2 0.44375 0.23125 0.065625 0.0296875
2 0.87109375 0.2328125 0.0609375 0.03125
3 0.93203125 0.234375 0.0609375 0.03125
2 0.5046875 0.234375 0.0625 0.02734375
2 0.56640625 0.2390625 0.0609375 0.0296875
2 0.628125 0.2421875 0.0625 0.02734375
2 0.08203125 0.2453125 0.0609375 0.0328125
2 0.13984375 0.24609375 0.0640625 0.03515625
2 0.6890625 0.24609375 0.059375 0.02734375
2 0.19921875 0.2484375 0.0671875 0.03515625
2 0.26015625 0.25078125 0.0640625 0.040625
2 0.74921875 0.25390625 0.0609375 0.03515625
2 0.32109375 0.25390625 0.0640625 0.03515625
2 0.81015625 0.25703125 0.0609375 0.0296875
2 0.37890625 0.2578125 0.0578125 0.0390625
2 0.4421875 0.26171875 0.065625 0.03515625
2 0.8703125 0.26484375 0.059375 0.0328125
2 0.503125 0.26640625 0.065625 0.0328125
3 0.93203125 0.2671875 0.0609375 0.03125
2 0.5640625 0.271875 0.0625 0.03125
2 0.84609375 0.02734375 0.0609375 0.03515625
2 0.4203125 0.028125 0.059375 0.0328125
2 0.62890625 0.27265625 0.0640625 0.0328125
2 0.68828125 0.2765625 0.0609375 0.0328125
2 0.74921875 0.28515625 0.0609375 0.02734375
2 0.809375 0.28984375 0.059375 0.0328125
2 0.48046875 0.03125 0.0640625 0.03125
3 0.90625 0.03125 0.0625 0.03125
3 0.93125 0.296875 0.059375 0.02734375
3 0.87109375 0.296875 0.0609375 0.03125
2 0.5421875 0.0359375 0.0625 0.0328125
3 0.96640625 0.0359375 0.0578125 0.0296875
2 0.06171875 0.0390625 0.0546875 0.04296875
2 0.05546875 0.3796875 0.0578125 0.0328125
2 0.1140625 0.38359375 0.059375 0.0328125
2 0.1703125 0.38984375 0.05625 0.0375
2 0.60234375 0.03984375 0.0609375 0.0328125
2 0.121875 0.03984375 0.0625 0.040625
2 0.23046875 0.39375 0.0609375 0.0328125
2 0.29140625 0.396875 0.0609375 0.03515625
2 0.35078125 0.3984375 0.0578125 0.03515625
1 0.40859375 0.403125 0.0609375 0.0328125
0 0.47109375 0.4078125 0.0640625 0.03515625
2 0.05078125 0.4109375 0.0578125 0.0328125
2 0.18046875 0.0421875 0.05625 0.040625
2 0.6640625 0.0421875 0.059375 0.0296875
2 0.53203125 0.4109375 0.0609375 0.0375
2 0.10859375 0.4140625 0.0609375 0.03125
2 0.5921875 0.415625 0.059375 0.03515625
2 0.16796875 0.41796875 0.0578125 0.02734375
2 0.653125 0.41875 0.0625 0.0375
2 0.2265625 0.4234375 0.059375 0.02734375
2 0.71328125 0.425 0.0609375 0.0328125
2 0.2875 0.4265625 0.0625 0.0296875
1 0.7734375 0.4265625 0.0625 0.0375
1 0.8359375 0.4328125 0.0625 0.0328125
2 0.3484375 0.43359375 0.059375 0.03125
2 0.4078125 0.434375 0.0625 0.0328125
3 0.89609375 0.4359375 0.0609375 0.03125
3 0.95625 0.440625 0.059375 0.0328125
0 0.46875 0.440625 0.059375 0.0328125
2 0.0453125 0.44140625 0.059375 0.03515625
2 0.52890625 0.4453125 0.0609375 0.03515625
2 0.10390625 0.4484375 0.0609375 0.0375
2 0.59140625 0.446875 0.0609375 0.03125
2 0.23984375 0.04609375 0.0609375 0.040625
2 0.7234375 0.0453125 0.0625 0.02734375
2 0.1640625 0.45 0.059375 0.0375
2 0.65234375 0.45390625 0.0609375 0.0328125
2 0.2234375 0.4546875 0.0625 0.03515625
2 0.71328125 0.45625 0.0609375 0.0328125
2 0.2828125 0.45703125 0.059375 0.03515625
2 0.7734375 0.46171875 0.0625 0.0328125
0 0.83515625 0.4640625 0.0609375 0.0375
2 0.34453125 0.4671875 0.0578125 0.03515625
2 0.4046875 0.46953125 0.065625 0.0375
3 0.896875 0.4703125 0.059375 0.03515625
2 0.4671875 0.47265625 0.059375 0.0390625
3 0.95625 0.47578125 0.059375 0.0375
2 0.528125 0.47734375 0.0625 0.0375
2 0.58984375 0.484375 0.0609375 0.0390625
2 0.65078125 0.48828125 0.0640625 0.03515625
2 0.29921875 0.0484375 0.0578125 0.0390625
2 0.784375 0.05078125 0.0625 0.0234375
2 0.7125 0.49140625 0.0625 0.0375
2 0.7734375 0.49609375 0.0625 0.03515625
2 0.83515625 0.503125 0.0609375 0.0375
2 0.896875 0.50625 0.059375 0.03125
2 0.35859375 0.05078125 0.0609375 0.0390625
2 0.95703125 0.509375 0.0609375 0.03125
0 0.07265625 0.57734375 0.0609375 0.040625
2 0.13203125 0.5859375 0.0640625 0.03125
2 0.84609375 0.05859375 0.0609375 0.03125
2 0.41875 0.05859375 0.0625 0.03515625
1 0.1890625 0.58984375 0.059375 0.03515625
0 0.24921875 0.59453125 0.0609375 0.0375
2 0.309375 0.6 0.0625 0.03515625
2 0.36953125 0.60546875 0.0609375 0.03515625
2 0.428125 0.6125 0.059375 0.0375
2 0.071875 0.6125 0.059375 0.0328125
2 0.48984375 0.6140625 0.0640625 0.0328125
2 0.128125 0.615625 0.0625 0.03515625
2 0.5515625 0.61796875 0.0625 0.0375
2 0.6125 0.621875 0.0625 0.0328125
2 0.18671875 0.62421875 0.0640625 0.0328125
2 0.48046875 0.06328125 0.0609375 0.0328125
3 0.90625 0.06328125 0.0625 0.0296875
0 0.67265625 0.6265625 0.0609375 0.03515625
2 0.24609375 0.6296875 0.0609375 0.0328125
2 0.7328125 0.63203125 0.0625 0.0328125
2 0.3078125 0.6328125 0.0625 0.03125
2 0.7953125 0.6359375 0.0625 0.0328125
2 0.36796875 0.6375 0.0640625 0.0296875
1 0.85625 0.63984375 0.059375 0.0328125
2 0.4265625 0.64140625 0.0625 0.025
2 0.915625 0.6421875 0.059375 0.03515625
2 0.0625 0.64765625 0.0625 0.0375
2 0.48828125 0.64765625 0.0609375 0.0296875
2 0.12265625 0.64921875 0.0640625 0.0375
2 0.55 0.6515625 0.0625 0.0296875
2 0.6109375 0.6546875 0.0625 0.03515625
2 0.18359375 0.65546875 0.0640625 0.0375
2 0.67265625 0.659375 0.0609375 0.0296875
2 0.24296875 0.6640625 0.0640625 0.0390625
2 0.96484375 0.06640625 0.0578125 0.03125
2 0.54140625 0.0671875 0.0609375 0.0328125
2 0.73203125 0.6640625 0.0609375 0.03125
2 0.303125 0.6671875 0.0625 0.040625
2 0.79453125 0.6671875 0.0609375 0.0296875
2 0.85625 0.67265625 0.059375 0.0296875
2 0.36484375 0.67265625 0.0640625 0.040625
2 0.425 0.678125 0.0625 0.04296875
2 0.915625 0.6796875 0.059375 0.03515625
2 0.4875 0.68046875 0.0625 0.040625
2 0.5484375 0.68671875 0.0625 0.0375
2 0.61015625 0.69140625 0.0640625 0.03515625
2 0.67109375 0.69609375 0.0609375 0.040625
2 0.73203125 0.6984375 0.0609375 0.0375
2 0.79453125 0.703125 0.0609375 0.0390625
2 0.603125 0.071875 0.0625 0.03125
2 0.85703125 0.70625 0.0609375 0.0375
2 0.91640625 0.7125 0.0609375 0.03515625
2 0.66328125 0.0765625 0.0609375 0.03125
2 0.7234375 0.07734375 0.0625 0.0328125
1 0.03828125 0.7796875 0.0640625 0.0390625
2 0.1 0.78203125 0.059375 0.0328125
2 0.15390625 0.78828125 0.0609375 0.0328125
1 0.215625 0.7953125 0.0625 0.03515625
1 0.275 0.7984375 0.0625 0.03515625
2 0.7859375 0.08203125 0.0625 0.0390625
2 0.3328125 0.80390625 0.0625 0.0375
2 0.39453125 0.8078125 0.0640625 0.0328125
2 0.45546875 0.81328125 0.0609375 0.0328125
2 0.03671875 0.81640625 0.0640625 0.03515625
2 0.09296875 0.815625 0.0640625 0.0375
2 0.51484375 0.8171875 0.0640625 0.0328125
2 0.15234375 0.82109375 0.0609375 0.0328125
2 0.57578125 0.8234375 0.0609375 0.0375
2 0.6359375 0.828125 0.059375 0.0390625
2 0.21171875 0.828125 0.0640625 0.03125
2 0.2703125 0.83125 0.0625 0.0328125
2 0.696875 0.83203125 0.059375 0.0390625
2 0.3296875 0.8375 0.0625 0.02734375
2 0.75625 0.8375 0.059375 0.03515625
2 0.390625 0.8390625 0.0625 0.0296875
2 0.81796875 0.83984375 0.0609375 0.0390625
1 0.87890625 0.84296875 0.0609375 0.040625
2 0.4515625 0.8453125 0.059375 0.02734375
2 0.03046875 0.84765625 0.0609375 0.03515625
2 0.93828125 0.8484375 0.0578125 0.040625
2 0.51171875 0.85 0.0609375 0.02734375
0 0.08984375 0.8515625 0.0640625 0.0390625
2 0.15078125 0.85625 0.0609375 0.0375
2 0.57421875 0.85625 0.0640625 0.0296875
2 0.2078125 0.8625 0.059375 0.0375
2 0.6359375 0.865625 0.059375 0.03515625
2 0.696875 0.86796875 0.059375 0.0328125
2 0.26796875 0.86875 0.0609375 0.04296875
2 0.75546875 0.87109375 0.0609375 0.03125
2 0.32890625 0.871875 0.0609375 0.040625
2 0.38984375 0.875 0.0609375 0.04296875
2 0.81796875 0.87578125 0.0609375 0.0328125
2 0.84609375 0.0890625 0.0609375 0.0296875
1 0.87890625 0.8796875 0.0609375 0.0328125
2 0.45 0.88203125 0.059375 0.0453125
2 0.5109375 0.88359375 0.0625 0.040625
2 0.93984375 0.8875 0.0578125 0.0375
2 0.57265625 0.89375 0.0609375 0.040625
2 0.634375 0.8984375 0.059375 0.0390625
2 0.69609375 0.9046875 0.0609375 0.0390625
2 0.75546875 0.90703125 0.0609375 0.040625
2 0.8171875 0.91328125 0.0625 0.040625
2 0.87890625 0.9171875 0.0609375 0.040625
2 0.9390625 0.92265625 0.059375 0.0328125
3 0.90703125 0.0953125 0.0609375 0.03515625
2 0.9671875 0.09765625 0.05625 0.02734375
2 0.05546875 0.98046875 0.0578125 0.0390625
0 0.1140625 0.984375 0.059375 0.03125
2 0.2421875 0.0125 0.059375 0.025
0 0.66484375 0.01484375 0.0609375 0.0296875
2 0.30078125 0.015625 0.0609375 0.03125
2 0.3609375 0.015625 0.059375 0.03125
2 0.725 0.0171875 0.059375 0.03125
2 0.0328125 0.1765625 0.059375 0.0328125
2 0.09375 0.18125 0.05625 0.03515625
2 0.15 0.1859375 0.059375 0.03125
2 0.20859375 0.18671875 0.0609375 0.0296875
2 0.26640625 0.1890625 0.0640625 0.03125
2 0.32578125 0.19375 0.0640625 0.03125