2 0.0640625 0.2625 0.0625 0.0375
2 0.12265625 0.26640625 0.0609375 0.0375
2 0.1828125 0.26953125 0.059375 0.0390625
2 0.24375 0.27265625 0.059375 0.0328125
2 0.30390625 0.2734375 0.0609375 0.03515625
2 0.3640625 0.27734375 0.0625 0.0390625
2 0.42421875 0.2796875 0.0609375 0.0390625
2 0.48671875 0.28203125 0.0609375 0.0375
2 0.54765625 0.28828125 0.0609375 0.0375
2 0.6078125 0.28984375 0.0625 0.0375
2 0.6671875 0.2921875 0.059375 0.0375
2 0.06484375 0.296875 0.0609375 0.03515625
2 0.728125 0.2984375 0.0625 0.04296875
2 0.125 0.30078125 0.059375 0.0390625
2 0.18359375 0.30078125 0.0609375 0.03515625
2 0.7875 0.30078125 0.059375 0.0390625
2 0.8484375 0.30546875 0.059375 0.0375
2 0.24375 0.30625 0.0625 0.03515625
2 0.30390625 0.309375 0.0609375 0.0375
2 0.90625 0.309375 0.059375 0.0375
2 0.36328125 0.3125 0.0609375 0.03515625
2 0.965625 0.31328125 0.059375 0.0375
2 0.4234375 0.315625 0.0625 0.0375
2 0.48671875 0.31875 0.0609375 0.03515625
2 0.5453125 0.3203125 0.059375 0.03515625
2 0.6046875 0.3265625 0.059375 0.03515625
2 0.665625 0.3296875 0.059375 0.0390625
2 0.1265625 0.33203125 0.059375 0.03515625
2 0.0671875 0.33125 0.0625 0.0328125
2 0.72578125 0.3328125 0.0609375 0.040625
2 0.18515625 0.3375 0.0609375 0.03515625
2 0.78671875 0.3375 0.0609375 0.0390625
2 0.84375 0.33984375 0.059375 0.0390625
0 0.24296875 0.33984375 0.0609375 0.03515625
2 0.90390625 0.3421875 0.0609375 0.03515625
1 0.30390625 0.3421875 0.0609375 0.03515625
2 0.36484375 0.346875 0.0609375 0.0375
2 0.9609375 0.35 0.059375 0.0390625
2 0.42265625 0.35078125 0.0609375 0.0375
0 0.48359375 0.35234375 0.0609375 0.0375
1 0.54375 0.35546875 0.059375 0.03515625
2 0.603125 0.36015625 0.059375 0.0375
2 0.6640625 0.3625 0.059375 0.040625
2 0.7234375 0.3671875 0.059375 0.0390625
2 0.784375 0.37109375 0.059375 0.0390625
2 0.8421875 0.37578125 0.059375 0.0375
2 0.9015625 0.378125 0.0625 0.0375
2 0.95859375 0.3796875 0.0578125 0.0375
2 0.0296875 0.4625 0.059375 0.03515625
2 0.08984375 0.4671875 0.0609375 0.0390625
2 0.209375 0.46796875 0.059375 0.0375
2 0.15 0.46875 0.059375 0.0390625
2 0.26875 0.4703125 0.059375 0.03515625
2 0.3296875 0.47578125 0.059375 0.0328125
2 0.38984375 0.48046875 0.0609375 0.03515625
2 0.45078125 0.48359375 0.0609375 0.0328125
2 0.51171875 0.484375 0.0609375 0.03515625
2 0.5734375 0.4875 0.0625 0.0328125
2 0.634375 0.49140625 0.0625 0.0328125
2 0.6953125 0.49609375 0.0625 0.0390625
2 0.03203125 0.4984375 0.0609375 0.03515625
2 0.75546875 0.496875 0.0640625 0.0328125
2 0.09140625 0.50078125 0.0609375 0.0328125
2 0.15 0.5015625 0.059375 0.03125
2 0.815625 0.50078125 0.059375 0.0328125
2 0.209375 0.50390625 0.0625 0.03515625
2 0.875 0.5046875 0.059375 0.0375
2 0.27109375 0.50625 0.0609375 0.03515625
2 0.93515625 0.509375 0.0609375 0.03515625
2 0.3296875 0.5109375 0.059375 0.0375
2 0.39140625 0.51484375 0.0609375 0.0296875
2 0.4515625 0.5171875 0.059375 0.03515625
2 0.5109375 0.5171875 0.0625 0.03515625
2 0.57265625 0.5203125 0.0609375 0.0375
2 0.6328125 0.52734375 0.0625 0.03515625
0 0.69296875 0.53125 0.0609375 0.03515625
1 0.03203125 0.53046875 0.0609375 0.0328125
2 0.753125 0.53125 0.059375 0.03515625
0 0.09140625 0.5328125 0.0609375 0.03515625
2 0.8125 0.5359375 0.0625 0.0328125
4 0.1515625 0.5359375 0.059375 0.0375
2 0.21171875 0.53828125 0.0609375 0.0375
0 0.871875 0.53984375 0.059375 0.0328125
2 0.2703125 0.540625 0.059375 0.03515625
2 0.93125 0.5421875 0.0625 0.0328125
2 0.33046875 0.54375 0.0609375 0.0375
2 0.390625 0.5484375 0.059375 0.0390625
2 0.45 0.553125 0.059375 0.03515625
2 0.51015625 0.55390625 0.0609375 0.0375
2 0.57109375 0.5578125 0.0578125 0.0375
2 0.63125 0.5609375 0.0625 0.03515625
2 0.69140625 0.565625 0.0609375 0.0375
2 0.04140625 0.0578125 0.0609375 0.0375
0 0.74921875 0.5671875 0.0609375 0.0375
2 0.80859375 0.5703125 0.0609375 0.03515625
2 0.86875 0.57421875 0.059375 0.03515625
2 0.92578125 0.5765625 0.0578125 0.03515625
2 0.10078125 0.0609375 0.0609375 0.0390625
2 0.15859375 0.06328125 0.0578125 0.0375
2 0.21796875 0.065625 0.0609375 0.0375
2 0.28046875 0.06875 0.0609375 0.0390625
2 0.04453125 0.6703125 0.0578125 0.03515625
2 0.1046875 0.6703125 0.059375 0.03515625
2 0.16484375 0.6734375 0.0609375 0.03515625
2 0.225 0.6796875 0.059375 0.03515625
2 0.340625 0.06953125 0.0625 0.0375
2 0.28515625 0.684375 0.0609375 0.0328125
2 0.3453125 0.68828125 0.059375 0.0328125
2 0.40546875 0.69140625 0.0609375 0.03125
2 0.46640625 0.69375 0.0609375 0.03125
2 0.5296875 0.6984375 0.0625 0.0328125
2 0.58984375 0.7015625 0.0609375 0.03515625
2 0.40234375 0.07109375 0.0609375 0.0375
2 0.04609375 0.703125 0.0578125 0.03125
2 0.10625 0.7046875 0.059375 0.03125
2 0.65078125 0.70390625 0.0609375 0.0328125
2 0.16640625 0.70703125 0.0609375 0.03125
2 0.71171875 0.70703125 0.0640625 0.03515625
2 0.77109375 0.7109375 0.0640625 0.03515625
0 0.83125 0.71171875 0.0625 0.0328125
2 0.2265625 0.7125 0.059375 0.02734375
2 0.28671875 0.71484375 0.0609375 0.03125
2 0.89140625 0.71484375 0.0640625 0.03515625
2 0.95 0.715625 0.059375 0.0375
2 0.34609375 0.71953125 0.0609375 0.0328125
2 0.4078125 0.72265625 0.0625 0.03125
2 0.46640625 0.72734375 0.0609375 0.0328125
2 0.528125 0.73046875 0.0625 0.03125
2 0.5875 0.7328125 0.059375 0.02734375
2 0.0484375 0.73359375 0.059375 0.0296875
2 0.109375 0.73515625 0.059375 0.0296875
2 0.64921875 0.7390625 0.0640625 0.0296875
0 0.16796875 0.73828125 0.0578125 0.03125
2 0.70859375 0.74140625 0.0609375 0.0296875
2 0.76875 0.7421875 0.0625 0.03125
2 0.459375 0.0765625 0.0625 0.03515625
4 0.2265625 0.7453125 0.059375 0.0328125
0 0.82734375 0.74609375 0.0609375 0.03125
1 0.28671875 0.74609375 0.0609375 0.03125
2 0.8875 0.746875 0.0625 0.0296875
2 0.346875 0.75 0.059375 0.03125
2 0.9453125 0.75 0.0625 0.03125
0 0.40625 0.7515625 0.0625 0.03125
2 0.46640625 0.75703125 0.0578125 0.0296875
2 0.52578125 0.76171875 0.0609375 0.03125
2 0.5203125 0.078125 0.059375 0.03515625
4 0.58515625 0.76484375 0.0609375 0.0328125
2 0.64609375 0.76640625 0.0609375 0.0328125
0 0.7046875 0.7703125 0.059375 0.0296875
0 0.76484375 0.771875 0.0609375 0.03125
2 0.82421875 0.775 0.0609375 0.03125
2 0.88515625 0.77734375 0.0609375 0.03125
2 0.9421875 0.78046875 0.0625 0.0328125
2 0.58125 0.08125 0.0625 0.0375
2 0.6421875 0.08671875 0.059375 0.0375
2 0.0234375 0.86796875 0.046875 0.0328125
2 0.075 0.86875 0.05625 0.03125
2 0.13515625 0.87421875 0.0609375 0.0375
2 0.19453125 0.875 0.0578125 0.03515625
2 0.25546875 0.878125 0.0609375 0.0375
2 0.7015625 0.08984375 0.059375 0.0390625
2 0.31328125 0.88125 0.0578125 0.03515625
0 0.3734375 0.88671875 0.0625 0.03515625
2 0.43359375 0.88984375 0.0609375 0.0375
2 0.4953125 0.89375 0.0625 0.0328125
2 0.55625 0.89921875 0.059375 0.0328125
2 0.615625 0.9 0.059375 0.03515625
2 0.02421875 0.89921875 0.0484375 0.0296875
2 0.07578125 0.90234375 0.0578125 0.03125
0 0.675 0.90234375 0.0625 0.03515625
0 0.73515625 0.90234375 0.0609375 0.03515625
2 0.79453125 0.903125 0.0609375 0.0296875
2 0.1359375 0.9078125 0.0625 0.03125
2 0.196875 0.909375 0.059375 0.0328125
1 0.8546875 0.909375 0.0625 0.0328125
2 0.9140625 0.9109375 0.0625 0.0328125
2 0.9703125 0.9125 0.05625 0.03515625
2 0.25546875 0.91328125 0.0609375 0.0328125
2 0.31328125 0.915625 0.0609375 0.03125
2 0.7625 0.09375 0.059375 0.0390625
2 0.3734375 0.91875 0.059375 0.0328125
2 0.43359375 0.92265625 0.0609375 0.0375
2 0.49453125 0.9234375 0.0609375 0.03125
2 0.5546875 0.93125 0.059375 0.03125
2 0.02578125 0.93046875 0.0515625 0.0296875
2 0.61328125 0.93359375 0.0609375 0.03125
2 0.67421875 0.93359375 0.0609375 0.03125
2 0.08046875 0.9328125 0.0578125 0.0328125
2 0.73359375 0.9359375 0.0578125 0.03125
4 0.7921875 0.9375 0.059375 0.03515625
2 0.0421875 0.09453125 0.059375 0.0375
2 0.13828125 0.93828125 0.0578125 0.0296875
2 0.196875 0.940625 0.059375 0.0296875
2 0.85 0.94140625 0.059375 0.03125
2 0.91015625 0.9421875 0.0609375 0.0328125
1 0.25546875 0.94375 0.0578125 0.03125
2 0.96796875 0.94609375 0.0609375 0.0328125
1 0.315625 0.946875 0.0625 0.03515625
2 0.3734375 0.95 0.059375 0.0328125
2 0.43359375 0.9546875 0.0609375 0.03125
2 0.8234375 0.096875 0.059375 0.0375
2 0.10234375 0.096875 0.0609375 0.0375
2 0.4953125 0.9578125 0.059375 0.0328125
0 0.55234375 0.96015625 0.0578125 0.0328125
2 0.6125 0.9609375 0.059375 0.03515625
2 0.671875 0.9640625 0.0625 0.0328125
0 0.73046875 0.96875 0.0578125 0.03125
2 0.78984375 0.96953125 0.0609375 0.0328125
2 0.84609375 0.97265625 0.0640625 0.03125
2 0.90546875 0.975 0.0609375 0.03125
2 0.965625 0.975 0.0625 0.02734375
2 0.1609375 0.09765625 0.059375 0.03515625
2 0.21875 0.1015625 0.059375 0.03515625
2 0.88203125 0.1015625 0.0609375 0.03515625
2 0.2796875 0.103125 0.059375 0.0390625
2 0.3390625 0.10625 0.0625 0.0375
2 0.94140625 0.10625 0.0578125 0.0375
2 0.39921875 0.1078125 0.0609375 0.03515625
2 0.459375 0.1125 0.059375 0.0328125
2 0.51953125 0.11640625 0.0609375 0.040625
2 0.58046875 0.1171875 0.0609375 0.0390625
2 0.640625 0.121875 0.059375 0.0375
0 0.69921875 0.12578125 0.0609375 0.0375
2 0.04296875 0.128125 0.0578125 0.0328125
2 0.759375 0.12890625 0.059375 0.03515625
2 0.10234375 0.13203125 0.0609375 0.0375
2 0.16171875 0.13359375 0.0609375 0.0375
2 0.81796875 0.13359375 0.0609375 0.0375
0 0.21953125 0.134375 0.0609375 0.0390625
0 0.27890625 0.13671875 0.0609375 0.03515625
2 0.878125 0.1375 0.059375 0.0375
2 0.33828125 0.14140625 0.0609375 0.0375
2 0.9375 0.1421875 0.059375 0.0390625
2 0.39921875 0.14453125 0.0609375 0.0390625
1 0.459375 0.146875 0.059375 0.03515625
2 0.51953125 0.1484375 0.0609375 0.0390625
2 0.58046875 0.15234375 0.0609375 0.0390625
2 0.6375 0.1578125 0.059375 0.0390625
1 0.69765625 0.16015625 0.0609375 0.03515625
2 0.7578125 0.1640625 0.059375 0.0390625
2 0.81640625 0.16875 0.0578125 0.0375
2 0.8734375 0.1734375 0.059375 0.03515625
2 0.93359375 0.17578125 0.0609375 0.03515625