2 0.83359375 0.21796875 0.0578125 0.0296875
2 0.89296875 0.22265625 0.0609375 0.03125
2 0.95390625 0.225 0.0609375 0.03125
2 0.79765625 0.35234375 0.0578125 0.0328125
2 0.85546875 0.35546875 0.0578125 0.03125
2 0.91484375 0.36015625 0.0578125 0.0328125
2 0.96875 0.3625 0.05 0.0328125
2 0.796875 0.384375 0.059375 0.03125
2 0.85625 0.3875 0.059375 0.0328125
2 0.91484375 0.3890625 0.0578125 0.03125
2 0.96953125 0.3953125 0.0515625 0.0328125
2 0.796875 0.41796875 0.059375 0.03515625
2 0.85703125 0.4203125 0.0609375 0.03125
2 0.9171875 0.42265625 0.059375 0.0328125
2 0.97109375 0.42578125 0.0515625 0.03125
0 0.8078125 0.0140625 0.059375 0.02734375
2 0.8671875 0.015625 0.059375 0.03125
2 0.83046875 0.15546875 0.0578125 0.0328125
2 0.890625 0.1609375 0.059375 0.0328125
2 0.95 0.1640625 0.059375 0.03125
2 0.925 0.0171875 0.05625 0.034375
2 0.97734375 0.0171875 0.0453125 0.034375
2 0.8328125 0.1875 0.05625 0.03125
2 0.89140625 0.1921875 0.0609375 0.0296875
2 0.95078125 0.1953125 0.0609375 0.03125