2 0.17734375 0.1953125 0.0578125 0.03515625
2 0.23828125 0.196875 0.0609375 0.03515625
2 0.78046875 0.1984375 0.0640625 0.0328125
2 0.8390625 0.20234375 0.059375 0.0375
2 0.2984375 0.20234375 0.059375 0.0328125
0 0.35859375 0.20625 0.0609375 0.0328125
0 0.89921875 0.209375 0.0640625 0.03515625
2 0.9578125 0.209375 0.0625 0.03515625
2 0.41875 0.21015625 0.059375 0.0328125
0 0.478125 0.2125 0.059375 0.03125
2 0.68984375 0.0203125 0.0578125 0.0375
2 0.5390625 0.215625 0.059375 0.0328125
2 0.59921875 0.2203125 0.059375 0.03515625
1 0.65859375 0.22265625 0.0609375 0.03515625
2 0.71875 0.2265625 0.0625 0.03125
1 0.7765625 0.2328125 0.059375 0.03125
2 0.83671875 0.23515625 0.0609375 0.0296875
2 0.8953125 0.2421875 0.059375 0.03125
0 0.95546875 0.24375 0.0578125 0.03515625
2 0.75 0.0265625 0.059375 0.0375
2 0.8078125 0.03203125 0.059375 0.0375
2 0.071875 0.321875 0.059375 0.03515625
2 0.13125 0.3234375 0.059375 0.0328125
2 0.1921875 0.328125 0.059375 0.03515625
2 0.25234375 0.3296875 0.0609375 0.0390625
2 0.3125 0.334375 0.059375 0.0390625
2 0.37421875 0.3390625 0.0609375 0.0375
2 0.434375 0.34375 0.059375 0.0390625
2 0.4953125 0.346875 0.0625 0.040625
2 0.55703125 0.3515625 0.0609375 0.0390625
2 0.61796875 0.3546875 0.0609375 0.0375
2 0.0734375 0.35625 0.059375 0.0328125
2 0.13359375 0.3578125 0.0609375 0.03515625
2 0.678125 0.35859375 0.059375 0.0375
2 0.7390625 0.3625 0.0625 0.0375
2 0.1921875 0.36328125 0.059375 0.03515625
2 0.2515625 0.3671875 0.059375 0.03515625
2 0.79765625 0.3671875 0.0578125 0.0390625
2 0.85859375 0.3703125 0.0609375 0.0375
1 0.86796875 0.0390625 0.0578125 0.0390625
2 0.31171875 0.371875 0.0609375 0.0328125
2 0.91953125 0.37578125 0.0578125 0.040625
2 0.37265625 0.37421875 0.0609375 0.0328125
2 0.43359375 0.378125 0.0609375 0.0328125
2 0.97265625 0.37890625 0.0515625 0.0390625
2 0.49453125 0.384375 0.0609375 0.03125
2 0.55625 0.3875 0.0625 0.0328125
2 0.07578125 0.390625 0.0578125 0.03515625
2 0.92578125 0.03984375 0.0609375 0.0375
2 0.61640625 0.38984375 0.0609375 0.0328125
2 0.134375 0.39375 0.059375 0.0375
2 0.6765625 0.39453125 0.059375 0.03515625
1 0.19375 0.39765625 0.059375 0.0328125
2 0.7359375 0.39765625 0.059375 0.0328125
1 0.25234375 0.4 0.0609375 0.03515625
1 0.79609375 0.40234375 0.0609375 0.03515625
2 0.31171875 0.40546875 0.0609375 0.0328125
2 0.85703125 0.40546875 0.0609375 0.0328125
2 0.37265625 0.409375 0.0609375 0.0375
2 0.9140625 0.4109375 0.059375 0.0328125
1 0.4328125 0.4140625 0.059375 0.03515625
2 0.97109375 0.4140625 0.0578125 0.03515625
2 0.49375 0.41875 0.0625 0.0328125
2 0.553125 0.42109375 0.059375 0.0328125
2 0.61484375 0.4234375 0.0609375 0.03125
2 0.6734375 0.428125 0.059375 0.03515625
2 0.73359375 0.43046875 0.0609375 0.0328125
2 0.79375 0.43671875 0.059375 0.0328125
2 0.85234375 0.4390625 0.0609375 0.03515625
2 0.9109375 0.44453125 0.059375 0.0375
2 0.96796875 0.4484375 0.0609375 0.0375
2 0.03671875 0.52265625 0.0609375 0.0328125
2 0.0953125 0.525 0.059375 0.03125
2 0.15625 0.53046875 0.0625 0.0328125
2 0.21640625 0.5375 0.0609375 0.03515625
2 0.275 0.5390625 0.059375 0.03515625
2 0.33671875 0.54375 0.0609375 0.0375
2 0.39765625 0.546875 0.0609375 0.0390625
2 0.03828125 0.55390625 0.0609375 0.0296875
2 0.46015625 0.5546875 0.0609375 0.03515625
2 0.52109375 0.55625 0.0609375 0.03515625
2 0.09609375 0.5578125 0.0609375 0.0328125
2 0.58203125 0.559375 0.0609375 0.0375
2 0.64296875 0.5625 0.0609375 0.03515625
2 0.15703125 0.5640625 0.0609375 0.03515625
0 0.70390625 0.56640625 0.0609375 0.03515625
1 0.7640625 0.5703125 0.059375 0.03515625
2 0.2171875 0.57421875 0.059375 0.03515625
2 0.82421875 0.5734375 0.0640625 0.0375
2 0.27734375 0.575 0.0609375 0.0328125
2 0.88515625 0.5765625 0.0578125 0.03515625
2 0.33671875 0.57734375 0.0609375 0.0296875
2 0.94296875 0.58203125 0.0578125 0.03515625
2 0.39765625 0.58125 0.0609375 0.0296875
2 0.45859375 0.5859375 0.0609375 0.02734375
2 0.03984375 0.5875 0.0609375 0.0390625
0 0.51953125 0.58984375 0.0609375 0.03515625
2 0.0984375 0.59296875 0.059375 0.0375
2 0.58046875 0.59375 0.0609375 0.03515625
2 0.640625 0.59765625 0.0625 0.03515625
2 0.70234375 0.6 0.0609375 0.03515625
2 0.15859375 0.5984375 0.0609375 0.0328125
2 0.7609375 0.603125 0.059375 0.03515625
1 0.27578125 0.60546875 0.0609375 0.03125
0 0.21796875 0.60546875 0.0578125 0.03125
2 0.8203125 0.609375 0.059375 0.03515625
2 0.33671875 0.609375 0.0609375 0.03515625
2 0.8796875 0.6109375 0.059375 0.03515625
0 0.396875 0.615625 0.059375 0.03515625
2 0.93828125 0.615625 0.0609375 0.03515625
0 0.45859375 0.6203125 0.0609375 0.0375
2 0.5171875 0.6234375 0.059375 0.03515625
2 0.57734375 0.625 0.0609375 0.03515625
2 0.63828125 0.62890625 0.0609375 0.03125
0 0.69765625 0.6328125 0.0609375 0.03515625
2 0.75859375 0.6375 0.0578125 0.0328125
2 0.815625 0.640625 0.059375 0.03125
1 0.875 0.64453125 0.059375 0.03515625
0 0.93359375 0.6484375 0.0609375 0.03125
2 0.06015625 0.7296875 0.0609375 0.0328125
2 0.11953125 0.73359375 0.0578125 0.0328125
2 0.17890625 0.73828125 0.0609375 0.03125
2 0.23984375 0.74375 0.0609375 0.03125
2 0.3 0.74609375 0.059375 0.03515625
2 0.36015625 0.7484375 0.0609375 0.03515625
2 0.42109375 0.7515625 0.0609375 0.03515625
2 0.48125 0.75703125 0.059375 0.0375
2 0.54140625 0.7609375 0.0609375 0.0328125
2 0.06171875 0.76171875 0.0609375 0.03125
2 0.60234375 0.7640625 0.0609375 0.03515625
2 0.11953125 0.76484375 0.0609375 0.0296875
2 0.18046875 0.76953125 0.0609375 0.03125
2 0.66328125 0.76953125 0.0609375 0.03125
2 0.725 0.771875 0.059375 0.03125
2 0.240625 0.77421875 0.059375 0.0296875
2 0.78359375 0.77734375 0.0609375 0.03515625
2 0.3 0.7765625 0.059375 0.0296875
2 0.846875 0.778125 0.065625 0.0328125
2 0.9046875 0.78046875 0.059375 0.0328125
2 0.36015625 0.78125 0.0609375 0.03125
2 0.42109375 0.7859375 0.0609375 0.0328125
2 0.9640625 0.7875 0.0625 0.03515625
0 0.06484375 0.78984375 0.0609375 0.0328125
0 0.4796875 0.790625 0.059375 0.03125
2 0.540625 0.79296875 0.0625 0.03125
2 0.12265625 0.7953125 0.0609375 0.03125
2 0.6015625 0.796875 0.0625 0.03125
2 0.1828125 0.8 0.059375 0.0328125
2 0.66328125 0.8 0.0609375 0.0296875
2 0.72109375 0.803125 0.0609375 0.03125
2 0.24140625 0.8046875 0.0578125 0.03125
2 0.78203125 0.80625 0.0609375 0.02734375
2 0.3 0.80625 0.059375 0.03125
2 0.840625 0.80859375 0.0625 0.03125
2 0.89921875 0.8125 0.0578125 0.03125
2 0.36015625 0.8140625 0.0609375 0.03125
2 0.95703125 0.81640625 0.0609375 0.03125
2 0.42109375 0.81875 0.0609375 0.03125
0 0.4796875 0.82109375 0.059375 0.0296875
2 0.5390625 0.82421875 0.059375 0.03125
2 0.5984375 0.8265625 0.0625 0.02734375
2 0.65859375 0.83125 0.0609375 0.0296875
0 0.71796875 0.83515625 0.0609375 0.0296875
0 0.77734375 0.8359375 0.0609375 0.03125
2 0.83515625 0.83671875 0.0640625 0.0328125
2 0.8953125 0.8421875 0.059375 0.03125
1 0.95390625 0.846875 0.0640625 0.0328125
2 0.02890625 0.9359375 0.0578125 0.03125
2 0.08515625 0.93828125 0.0609375 0.0328125
2 0.14453125 0.94375 0.0609375 0.03515625
2 0.20546875 0.946875 0.0609375 0.03515625
2 0.26640625 0.95 0.0609375 0.0328125
2 0.325 0.95625 0.059375 0.0375
2 0.384375 0.9625 0.059375 0.03515625
2 0.44609375 0.9671875 0.0609375 0.0390625
2 0.0296875 0.96953125 0.059375 0.0375
2 0.50546875 0.96875 0.0609375 0.0390625
2 0.56640625 0.96953125 0.0609375 0.0328125
2 0.0859375 0.97265625 0.059375 0.03515625
2 0.62734375 0.9734375 0.0640625 0.0328125
2 0.68671875 0.97578125 0.0640625 0.0328125
2 0.146875 0.97734375 0.059375 0.0328125
2 0.20546875 0.98125 0.0609375 0.0328125
2 0.74765625 0.98203125 0.0640625 0.0359375
2 0.80625 0.98203125 0.0625 0.0359375
2 0.26484375 0.984375 0.0609375 0.03125
2 0.86640625 0.98515625 0.0671875 0.0296875
2 0.92578125 0.98515625 0.0640625 0.0296875
2 0.0578125 0.11640625 0.059375 0.040625
2 0.11796875 0.12109375 0.0609375 0.0390625
2 0.1765625 0.12109375 0.059375 0.0390625
2 0.23828125 0.125 0.0609375 0.03515625
2 0.29765625 0.13203125 0.0609375 0.0375
2 0.35859375 0.134375 0.0609375 0.0390625
0 0.41953125 0.1375 0.0609375 0.040625
2 0.4796875 0.14140625 0.059375 0.0375
2 0.5421875 0.1421875 0.0625 0.0390625
2 0.60234375 0.14765625 0.0609375 0.040625
2 0.66328125 0.1546875 0.0578125 0.0390625
2 0.05859375 0.15546875 0.0609375 0.0375
2 0.57109375 0.01640625 0.0578125 0.0328125
2 0.11875 0.15703125 0.059375 0.0328125
2 0.7234375 0.1578125 0.0625 0.0390625
2 0.1765625 0.16015625 0.059375 0.03515625
2 0.23828125 0.1609375 0.0609375 0.0375
2 0.78359375 0.16484375 0.0578125 0.0375
2 0.84296875 0.16796875 0.0609375 0.03515625
2 0.296875 0.1671875 0.059375 0.0375
0 0.35703125 0.171875 0.0609375 0.03515625
2 0.903125 0.17265625 0.0625 0.0375
2 0.9625 0.1734375 0.0625 0.03515625
0 0.41796875 0.175 0.0609375 0.0328125
2 0.63203125 0.0203125 0.0578125 0.0375
2 0.4796875 0.178125 0.059375 0.0390625
2 0.5390625 0.18046875 0.0625 0.0375
2 0.60078125 0.1859375 0.0609375 0.03515625
2 0.6609375 0.1875 0.059375 0.03515625
2 0.06015625 0.18828125 0.0609375 0.0375
2 0.1203125 0.19140625 0.059375 0.03515625
0 0.72109375 0.19453125 0.0609375 0.0328125