3 0.8171875 0.196875 0.0625 0.03515625
3 0.87578125 0.2015625 0.0640625 0.03515625
3 0.93671875 0.20703125 0.0609375 0.03515625
3 0.5734375 0.315625 0.0625 0.0375
3 0.63671875 0.321875 0.0640625 0.0390625
3 0.696875 0.32421875 0.0625 0.03515625
3 0.76015625 0.328125 0.0609375 0.0390625
3 0.8234375 0.3328125 0.0625 0.040625
3 0.8828125 0.3375 0.0625 0.0390625
3 0.94375 0.3421875 0.0625 0.0390625
3 0.5703125 0.353125 0.05625 0.0390625
3 0.63203125 0.359375 0.0640625 0.0390625
3 0.69453125 0.3640625 0.0609375 0.040625
3 0.7546875 0.365625 0.059375 0.03515625
3 0.81875 0.36796875 0.065625 0.0375
3 0.878125 0.37578125 0.059375 0.0375
3 0.9390625 0.38125 0.0625 0.0390625
3 0.5703125 0.3921875 0.0625 0.03515625
3 0.63046875 0.396875 0.0640625 0.03515625
2 0.6921875 0.39921875 0.059375 0.0328125
3 0.7515625 0.40234375 0.059375 0.03515625
3 0.8140625 0.4046875 0.065625 0.03515625
3 0.87421875 0.409375 0.0578125 0.0375
3 0.93203125 0.4171875 0.0640625 0.040625
3 0.6875 0.53828125 0.065625 0.040625
3 0.7515625 0.53984375 0.065625 0.0328125
3 0.809375 0.54375 0.065625 0.0375
3 0.87421875 0.5484375 0.0609375 0.03515625
3 0.9328125 0.55 0.059375 0.0296875
3 0.74765625 0.5734375 0.0609375 0.0328125
3 0.6875 0.575 0.0625 0.0328125
3 0.809375 0.578125 0.0625 0.03125
3 0.93046875 0.5796875 0.0609375 0.03125
3 0.86875 0.5796875 0.0625 0.03515625
3 0.6828125 0.60625 0.0625 0.0328125
3 0.7453125 0.60546875 0.0625 0.03515625
3 0.80546875 0.6109375 0.0578125 0.0390625
3 0.925 0.6125 0.0625 0.0296875
3 0.8640625 0.615625 0.0625 0.03125
3 0.4515625 0.0984375 0.0625 0.0328125
3 0.51328125 0.1046875 0.0609375 0.0375
2 0.57421875 0.1078125 0.0609375 0.04296875
3 0.6359375 0.11015625 0.0625 0.0453125
3 0.6984375 0.11640625 0.0625 0.040625
3 0.75859375 0.12109375 0.0609375 0.0390625
3 0.8171875 0.1234375 0.0625 0.0390625
2 0.88046875 0.12890625 0.0578125 0.0390625
2 0.93984375 0.13359375 0.0609375 0.0375
2 0.93046875 0.01484375 0.0609375 0.0296875
3 0.44921875 0.1375 0.0640625 0.040625
2 0.5109375 0.14375 0.0625 0.040625
3 0.57265625 0.1453125 0.0609375 0.040625
3 0.634375 0.15 0.0625 0.0390625
3 0.6953125 0.1546875 0.0625 0.0390625
3 0.759375 0.15703125 0.0625 0.0375
3 0.8203125 0.16328125 0.059375 0.0375
3 0.8796875 0.165625 0.059375 0.0390625
2 0.9375 0.171875 0.059375 0.0390625
3 0.4484375 0.1765625 0.0625 0.0375
2 0.509375 0.17890625 0.059375 0.040625
3 0.571875 0.18359375 0.0625 0.0390625
3 0.63515625 0.18828125 0.0640625 0.0375
3 0.69765625 0.1921875 0.0609375 0.0375
3 0.7578125 0.1953125 0.059375 0.0390625