3 0.05859375 0.28046875 0.0578125 0.0328125
3 0.0609375 0.3140625 0.05625 0.0390625
3 0.06171875 0.35234375 0.0578125 0.0328125
2 0.07265625 0.07890625 0.0609375 0.0375
2 0.13125 0.08125 0.059375 0.0375
2 0.19140625 0.08671875 0.0578125 0.040625
2 0.253125 0.08984375 0.0625 0.0390625
2 0.3140625 0.0921875 0.059375 0.0390625
2 0.37109375 0.09453125 0.0609375 0.0453125
2 0.07265625 0.1171875 0.0578125 0.03515625
2 0.13203125 0.1203125 0.0578125 0.040625
2 0.1921875 0.12421875 0.0625 0.0328125
2 0.3125 0.13125 0.05625 0.04296875
2 0.2515625 0.12890625 0.059375 0.0390625
2 0.371875 0.134375 0.059375 0.03515625
2 0.07265625 0.153125 0.0578125 0.0328125
2 0.13359375 0.15625 0.0578125 0.03125
2 0.1921875 0.15703125 0.059375 0.0328125
1 0.31171875 0.1625 0.0578125 0.03515625
2 0.25078125 0.1640625 0.0578125 0.03125
2 0.3703125 0.16484375 0.05625 0.0375