2 0.2484375 0.19609375 0.059375 0.0375
2 0.3078125 0.19921875 0.059375 0.03515625
0 0.07265625 0.22578125 0.0578125 0.0328125
2 0.13125 0.22578125 0.059375 0.0328125
2 0.18984375 0.23046875 0.0578125 0.03515625
2 0.2484375 0.23125 0.059375 0.0328125
2 0.309375 0.23359375 0.059375 0.0328125
2 0.0453125 0.0234375 0.059375 0.03515625
2 0.1046875 0.025 0.059375 0.03515625
2 0.07421875 0.2578125 0.0578125 0.03125
0 0.13203125 0.2609375 0.0578125 0.0328125
2 0.190625 0.2640625 0.059375 0.03515625
2 0.25 0.265625 0.059375 0.03515625
2 0.309375 0.2671875 0.059375 0.03515625
0 0.1625 0.02734375 0.059375 0.03515625
2 0.28125 0.0296875 0.059375 0.03515625
2 0.221875 0.0296875 0.059375 0.03515625
2 0.34140625 0.03046875 0.0578125 0.0375
2 0.39921875 0.03515625 0.0578125 0.0390625
2 0.4265625 0.346875 0.003125 0.009375
1 0.459375 0.0359375 0.059375 0.040625
2 0.5203125 0.0375 0.059375 0.0390625
2 0.02890625 0.390625 0.0578125 0.03515625
2 0.0875 0.39140625 0.059375 0.0328125
2 0.14609375 0.39453125 0.0578125 0.03515625
2 0.20546875 0.39765625 0.0609375 0.0328125
2 0.265625 0.39921875 0.059375 0.0328125
2 0.325 0.4015625 0.059375 0.0328125
2 0.3859375 0.40546875 0.059375 0.0375
2 0.0296875 0.4234375 0.05625 0.03125
2 0.0890625 0.4265625 0.059375 0.0328125
2 0.1484375 0.428125 0.059375 0.03125
2 0.20546875 0.43046875 0.0578125 0.0328125
2 0.265625 0.4328125 0.059375 0.0328125
2 0.32578125 0.4359375 0.0609375 0.03515625
2 0.38671875 0.440625 0.0609375 0.0296875
2 0.03359375 0.45703125 0.0578125 0.03515625
2 0.08984375 0.46015625 0.0578125 0.0328125
2 0.1484375 0.46171875 0.059375 0.0375
2 0.20703125 0.46484375 0.0578125 0.03515625
2 0.2671875 0.4671875 0.059375 0.03515625
2 0.3265625 0.46875 0.059375 0.03515625
2 0.384375 0.471875 0.059375 0.0375
1 0.04765625 0.059375 0.0578125 0.0375
2 0.05234375 0.5953125 0.0578125 0.03125
2 0.17109375 0.6 0.0578125 0.0390625
2 0.1109375 0.60078125 0.059375 0.0375
2 0.23203125 0.6046875 0.0609375 0.040625
2 0.1046875 0.06171875 0.059375 0.0375
2 0.2921875 0.60859375 0.059375 0.0453125
0 0.35234375 0.61015625 0.0609375 0.040625
2 0.41171875 0.615625 0.0609375 0.0390625
2 0.471875 0.61640625 0.059375 0.0375
0 0.534375 0.61796875 0.059375 0.0328125
2 0.5953125 0.61875 0.059375 0.03515625
2 0.6546875 0.621875 0.059375 0.0375
2 0.16328125 0.06328125 0.0578125 0.0328125
2 0.221875 0.0640625 0.059375 0.03515625
2 0.715625 0.625 0.0625 0.03515625
2 0.05625 0.6265625 0.059375 0.03125
2 0.77578125 0.62890625 0.0609375 0.03515625
2 0.1140625 0.6296875 0.059375 0.0328125
2 0.8359375 0.63125 0.0625 0.03515625
2 0.89453125 0.6328125 0.0609375 0.03515625
2 0.1734375 0.63359375 0.059375 0.0296875
2 0.23203125 0.640625 0.0578125 0.03125
2 0.2921875 0.64375 0.059375 0.0296875
2 0.28125 0.065625 0.059375 0.0375
2 0.4125 0.6453125 0.059375 0.0296875
2 0.3515625 0.6453125 0.059375 0.0296875
2 0.47265625 0.6484375 0.0609375 0.03125
2 0.53203125 0.64921875 0.0609375 0.0328125
2 0.59296875 0.65234375 0.0609375 0.03125
0 0.653125 0.65625 0.0625 0.03515625
1 0.05703125 0.65703125 0.0609375 0.0375
2 0.7125 0.65703125 0.0625 0.0296875
0 0.115625 0.66015625 0.059375 0.03515625
2 0.7734375 0.66328125 0.0625 0.0328125
2 0.1734375 0.66328125 0.059375 0.0328125
2 0.83125 0.66328125 0.0625 0.0328125
2 0.8921875 0.6640625 0.0625 0.03125
2 0.2328125 0.66796875 0.059375 0.03515625
2 0.29140625 0.671875 0.0578125 0.03125
0 0.35234375 0.675 0.0578125 0.0328125
2 0.4125 0.6765625 0.059375 0.0328125
2 0.47109375 0.6796875 0.0609375 0.03515625
2 0.53203125 0.6796875 0.0609375 0.03515625
0 0.33984375 0.06875 0.0578125 0.0390625
0 0.590625 0.684375 0.059375 0.0328125
1 0.6515625 0.6875 0.0625 0.03125
2 0.71015625 0.68828125 0.0609375 0.0328125
2 0.77109375 0.6921875 0.0609375 0.0296875
2 0.82890625 0.6953125 0.0609375 0.03125
2 0.88671875 0.69609375 0.0578125 0.0328125
2 0.39921875 0.0734375 0.0578125 0.0375
2 0.45859375 0.0765625 0.0578125 0.03515625
2 0.51875 0.0765625 0.059375 0.03515625
2 0.078125 0.79765625 0.059375 0.0328125
2 0.1375 0.8 0.059375 0.0375
2 0.1953125 0.8015625 0.059375 0.0328125
2 0.25625 0.80546875 0.059375 0.0328125
2 0.315625 0.80859375 0.059375 0.03125
2 0.3765625 0.81328125 0.059375 0.0375
2 0.43671875 0.815625 0.0609375 0.0328125
2 0.49765625 0.81640625 0.0609375 0.03125
2 0.55859375 0.81953125 0.0609375 0.0328125
2 0.61796875 0.8234375 0.0609375 0.0328125
2 0.67890625 0.82421875 0.0609375 0.03125
2 0.08046875 0.82734375 0.0578125 0.0296875
2 0.73828125 0.828125 0.0609375 0.03125
2 0.1375 0.82890625 0.059375 0.0296875
2 0.79921875 0.83125 0.0609375 0.0328125
2 0.85703125 0.8328125 0.0609375 0.0328125
2 0.19765625 0.8328125 0.0609375 0.0296875
2 0.2578125 0.8375 0.059375 0.03125
2 0.3171875 0.8390625 0.059375 0.0296875
2 0.3765625 0.84296875 0.059375 0.0296875
2 0.43671875 0.8453125 0.0609375 0.03125
2 0.496875 0.84765625 0.059375 0.03125
2 0.55703125 0.85078125 0.0609375 0.0296875
2 0.61796875 0.8546875 0.0609375 0.0296875
2 0.6765625 0.8546875 0.0625 0.0296875
2 0.08125 0.8546875 0.05625 0.0296875
2 0.7359375 0.85859375 0.059375 0.0296875
2 0.140625 0.85859375 0.059375 0.0328125
2 0.79609375 0.8609375 0.0609375 0.02734375
2 0.853125 0.8609375 0.059375 0.02734375
2 0.19921875 0.86328125 0.0578125 0.03125
2 0.259375 0.8640625 0.059375 0.0296875
2 0.3171875 0.86875 0.059375 0.03125
2 0.3765625 0.8734375 0.059375 0.03125
2 0.43671875 0.8765625 0.0609375 0.03125
2 0.496875 0.8765625 0.059375 0.03125
2 0.55546875 0.88125 0.0609375 0.03125
2 0.61640625 0.88359375 0.0609375 0.0328125
2 0.675 0.8859375 0.059375 0.0328125
2 0.734375 0.88671875 0.059375 0.03125
2 0.79140625 0.8890625 0.0609375 0.03125
2 0.85 0.890625 0.05625 0.02734375
2 0.07109375 0.1890625 0.0578125 0.03515625
2 0.1296875 0.19140625 0.059375 0.03515625
2 0.1890625 0.19375 0.059375 0.03515625