2 0.06171875 0.25859375 0.0578125 0.0328125
2 0.1203125 0.2625 0.059375 0.0375
2 0.18046875 0.2640625 0.0609375 0.03515625
2 0.240625 0.26875 0.059375 0.0328125
2 0.29921875 0.271875 0.0578125 0.03125
2 0.36015625 0.2734375 0.0609375 0.03515625
0 0.42109375 0.275 0.0609375 0.0390625
2 0.48203125 0.28046875 0.0578125 0.0328125
2 0.54296875 0.28515625 0.0609375 0.03515625
0 0.603125 0.28828125 0.059375 0.0375
2 0.0625 0.29375 0.05625 0.0375
2 0.66484375 0.2953125 0.0609375 0.0390625
2 0.72265625 0.29609375 0.0609375 0.0375
2 0.12109375 0.296875 0.0578125 0.03515625
2 0.18125 0.3 0.059375 0.0375
2 0.7828125 0.2984375 0.0625 0.0390625
0 0.23984375 0.303125 0.0609375 0.03515625
2 0.8421875 0.30390625 0.059375 0.0375
2 0.3 0.3046875 0.059375 0.03515625
2 0.36015625 0.30859375 0.0609375 0.03515625
2 0.90390625 0.30859375 0.0640625 0.0390625
2 0.9609375 0.31171875 0.059375 0.0375
2 0.4203125 0.3125 0.0625 0.03515625
2 0.48203125 0.31640625 0.0609375 0.0390625
2 0.54140625 0.32109375 0.0609375 0.040625
1 0.6015625 0.32734375 0.0625 0.0375
2 0.06484375 0.328125 0.0578125 0.03125
2 0.66171875 0.32890625 0.0609375 0.0328125
2 0.1234375 0.33125 0.059375 0.0328125
2 0.71953125 0.334375 0.0609375 0.0390625
2 0.18046875 0.334375 0.0578125 0.03125
2 0.23984375 0.3359375 0.0609375 0.03125
2 0.78125 0.3375 0.0625 0.0390625
2 0.3 0.3390625 0.059375 0.0328125
2 0.359375 0.340625 0.059375 0.0328125
2 0.8390625 0.34375 0.0625 0.0390625
1 0.89921875 0.34453125 0.0609375 0.0328125
2 0.41953125 0.346875 0.0609375 0.0328125
2 0.95546875 0.346875 0.0609375 0.0375
1 0.47890625 0.35 0.0609375 0.03125
2 0.53984375 0.35625 0.0609375 0.025
2 0.59921875 0.36015625 0.0609375 0.0296875
2 0.65859375 0.3609375 0.0609375 0.03125
2 0.7171875 0.36796875 0.059375 0.025
0 0.77890625 0.37109375 0.0609375 0.02734375
2 0.83671875 0.37578125 0.0609375 0.0296875
2 0.89453125 0.378125 0.0609375 0.0296875
2 0.953125 0.37890625 0.059375 0.02734375
0 0.0296875 0.4640625 0.059375 0.0328125
2 0.0875 0.465625 0.0625 0.0375
2 0.1484375 0.4671875 0.0625 0.03515625
2 0.20703125 0.46953125 0.0609375 0.0328125
2 0.26796875 0.4734375 0.0609375 0.0375
2 0.32890625 0.47734375 0.0609375 0.040625
2 0.38828125 0.48125 0.0609375 0.0375
2 0.44921875 0.484375 0.0609375 0.03515625
2 0.5109375 0.4859375 0.059375 0.03515625
2 0.57109375 0.49140625 0.0609375 0.0375
2 0.63203125 0.49375 0.0609375 0.03515625
2 0.69296875 0.4953125 0.0609375 0.0375
0 0.03046875 0.496875 0.0609375 0.0328125
2 0.09140625 0.50078125 0.0609375 0.0328125
2 0.7515625 0.5 0.05625 0.0390625
2 0.15078125 0.50078125 0.0609375 0.0328125
2 0.2078125 0.50390625 0.059375 0.03515625
2 0.26953125 0.509375 0.0609375 0.03515625
0 0.328125 0.51171875 0.059375 0.03515625
2 0.38984375 0.51484375 0.0609375 0.0328125
2 0.44921875 0.51953125 0.0609375 0.03515625
0 0.509375 0.5203125 0.059375 0.0328125
2 0.56953125 0.5234375 0.0609375 0.03515625
2 0.63125 0.528125 0.059375 0.0328125
2 0.03203125 0.5296875 0.0609375 0.03125
0 0.09140625 0.53046875 0.0578125 0.0296875
2 0.69140625 0.53125 0.0609375 0.0390625
2 0.1515625 0.53515625 0.0625 0.03125
2 0.7484375 0.5328125 0.05625 0.03515625
2 0.209375 0.53828125 0.059375 0.0296875
1 0.26875 0.5421875 0.059375 0.0296875
2 0.32890625 0.5453125 0.0609375 0.03125
1 0.38984375 0.55 0.0609375 0.0328125
0 0.44921875 0.5515625 0.0609375 0.0328125
2 0.509375 0.55390625 0.059375 0.0296875
0 0.5671875 0.5578125 0.059375 0.0328125
2 0.62734375 0.559375 0.0609375 0.0328125
2 0.6875 0.56328125 0.059375 0.0328125
2 0.0640625 0.0578125 0.059375 0.0375
2 0.7453125 0.5671875 0.05625 0.0328125
2 0.12421875 0.059375 0.0609375 0.0375
2 0.18359375 0.0625 0.0609375 0.0390625
2 0.240625 0.06328125 0.05625 0.0375
2 0.046875 0.6671875 0.059375 0.0296875
2 0.10546875 0.6703125 0.0578125 0.03125
2 0.16484375 0.67578125 0.0578125 0.03125
2 0.22421875 0.67578125 0.0609375 0.03515625
2 0.28359375 0.6796875 0.0609375 0.03515625
2 0.34453125 0.68359375 0.0609375 0.03125
2 0.30390625 0.06953125 0.0609375 0.0375
2 0.40625 0.68671875 0.059375 0.0328125
2 0.46796875 0.69140625 0.0609375 0.03515625
2 0.5265625 0.6921875 0.059375 0.0328125
2 0.5875 0.69609375 0.059375 0.0375
2 0.04765625 0.696875 0.0609375 0.03125
2 0.6484375 0.696875 0.059375 0.03515625
2 0.1078125 0.7 0.059375 0.0296875
2 0.7078125 0.70234375 0.059375 0.0328125
2 0.36328125 0.07109375 0.0609375 0.0375
2 0.76875 0.70390625 0.059375 0.0328125
2 0.16484375 0.70625 0.0578125 0.0296875
2 0.82734375 0.709375 0.0578125 0.0390625
2 0.22421875 0.709375 0.0578125 0.03125
2 0.284375 0.71171875 0.059375 0.0296875
2 0.34609375 0.7171875 0.0609375 0.03125
1 0.40625 0.71875 0.059375 0.03515625
2 0.465625 0.72265625 0.059375 0.03125
2 0.42421875 0.0734375 0.0578125 0.0375
2 0.52578125 0.72578125 0.0609375 0.0328125
2 0.58671875 0.72734375 0.0609375 0.0296875
1 0.0484375 0.73046875 0.059375 0.03515625
2 0.64609375 0.73125 0.0609375 0.0328125
2 0.10859375 0.7328125 0.0609375 0.03515625
2 0.70625 0.734375 0.059375 0.03125
2 0.16640625 0.7359375 0.0578125 0.03125
2 0.765625 0.7375 0.059375 0.0328125
2 0.225 0.7390625 0.059375 0.0296875
2 0.8234375 0.7421875 0.05625 0.03125
2 0.284375 0.7453125 0.059375 0.0328125
2 0.34453125 0.746875 0.0609375 0.0296875
2 0.4046875 0.753125 0.059375 0.0328125
2 0.465625 0.75703125 0.059375 0.0375
2 0.52421875 0.7609375 0.0578125 0.0375
2 0.584375 0.76171875 0.059375 0.03515625
2 0.484375 0.07734375 0.059375 0.040625
2 0.64375 0.765625 0.059375 0.03515625
2 0.703125 0.765625 0.059375 0.03515625
2 0.76171875 0.76953125 0.0609375 0.03125
2 0.82109375 0.7734375 0.0578125 0.03125
2 0.54453125 0.07890625 0.0609375 0.0375
2 0.603125 0.0828125 0.059375 0.0375
2 0.0703125 0.8703125 0.0625 0.0328125
2 0.1328125 0.87578125 0.059375 0.0328125
2 0.190625 0.8796875 0.059375 0.0328125
2 0.2515625 0.88359375 0.0625 0.0328125
2 0.3125 0.8875 0.059375 0.0328125
2 0.37109375 0.89140625 0.0609375 0.0328125
2 0.43125 0.89375 0.059375 0.0328125
2 0.49140625 0.89765625 0.0609375 0.0328125
2 0.07265625 0.9015625 0.0609375 0.0296875
2 0.55234375 0.9015625 0.0609375 0.0328125
2 0.61484375 0.903125 0.0609375 0.0328125
0 0.13125 0.90703125 0.059375 0.0296875
2 0.675 0.9078125 0.059375 0.03515625
2 0.73359375 0.9078125 0.0609375 0.03125
2 0.19140625 0.9109375 0.0578125 0.0296875
0 0.79296875 0.9109375 0.0578125 0.0328125
2 0.85390625 0.91328125 0.0609375 0.0328125
2 0.9140625 0.91484375 0.059375 0.0328125
2 0.25078125 0.91484375 0.0609375 0.0296875
2 0.971875 0.915625 0.05625 0.03125
2 0.3109375 0.91875 0.059375 0.0296875
2 0.37109375 0.921875 0.0609375 0.03125
2 0.43125 0.92265625 0.059375 0.0296875
2 0.49140625 0.9265625 0.0609375 0.0296875
2 0.55078125 0.93046875 0.0609375 0.0296875
0 0.07265625 0.93359375 0.0578125 0.03125
2 0.61015625 0.934375 0.0609375 0.0296875
2 0.13359375 0.93671875 0.0609375 0.0296875
2 0.06640625 0.09453125 0.0578125 0.0328125
2 0.12578125 0.09453125 0.0609375 0.0328125
2 0.19140625 0.9375 0.0578125 0.02734375
2 0.6703125 0.93828125 0.059375 0.0296875
2 0.73125 0.940625 0.0625 0.0296875
2 0.79140625 0.940625 0.0578125 0.0296875
2 0.85 0.94140625 0.059375 0.03125
2 0.25078125 0.9421875 0.0609375 0.025
2 0.90859375 0.94453125 0.0609375 0.0296875
2 0.9671875 0.9484375 0.059375 0.0328125
0 0.3109375 0.9484375 0.059375 0.0296875
2 0.3703125 0.95234375 0.059375 0.0296875
2 0.43125 0.95390625 0.059375 0.0296875
1 0.48984375 0.95703125 0.0609375 0.03125
0 0.54921875 0.96015625 0.0609375 0.0296875
2 0.60703125 0.9640625 0.0609375 0.0296875
2 0.66875 0.96796875 0.059375 0.0296875
2 0.728125 0.96875 0.059375 0.03125
2 0.84609375 0.96953125 0.0609375 0.0296875
0 0.78828125 0.9703125 0.0578125 0.03125
2 0.9046875 0.9734375 0.059375 0.0296875
2 0.96328125 0.97578125 0.0578125 0.0296875
2 0.18359375 0.09765625 0.0609375 0.04296875
2 0.24296875 0.1015625 0.0609375 0.0390625
2 0.36328125 0.10625 0.0609375 0.0375
2 0.30390625 0.10546875 0.0609375 0.03515625
0 0.4234375 0.109375 0.059375 0.03515625
2 0.4828125 0.115625 0.059375 0.03515625
2 0.5421875 0.11796875 0.0625 0.0375
2 0.60234375 0.12109375 0.0578125 0.0390625
2 0.0671875 0.1265625 0.059375 0.03515625
2 0.1265625 0.1296875 0.059375 0.0328125
0 0.1859375 0.134375 0.0625 0.03515625
2 0.24296875 0.1359375 0.0609375 0.0328125
0 0.303125 0.140625 0.059375 0.03125
0 0.3625 0.140625 0.059375 0.03515625
0 0.42265625 0.14453125 0.0609375 0.0390625
2 0.48203125 0.14453125 0.0609375 0.03515625
2 0.540625 0.153125 0.059375 0.0296875
0 0.60078125 0.15625 0.0578125 0.03125