3 0.7515625 0.3015625 0.0625 0.040625
3 0.81171875 0.309375 0.0578125 0.040625
2 0.8703125 0.3109375 0.059375 0.03515625
2 0.93125 0.315625 0.059375 0.0375
3 0.74453125 0.340625 0.0640625 0.0375
3 0.80703125 0.346875 0.0578125 0.0375
2 0.86640625 0.3484375 0.0609375 0.0375
2 0.9265625 0.35078125 0.059375 0.0375
3 0.740625 0.371875 0.0625 0.0375
2 0.80234375 0.37890625 0.0609375 0.03125
2 0.86484375 0.38359375 0.0578125 0.0328125
2 0.92265625 0.384375 0.0578125 0.03515625
3 0.7484375 0.5078125 0.059375 0.0390625
3 0.8078125 0.5125 0.059375 0.0375
2 0.86875 0.51640625 0.0625 0.0375
2 0.92890625 0.51953125 0.0640625 0.03515625
1 0.7453125 0.5453125 0.059375 0.0390625
0 0.80390625 0.546875 0.0640625 0.03515625
2 0.865625 0.55078125 0.0625 0.03515625
2 0.92578125 0.55390625 0.0609375 0.0328125
1 0.74140625 0.57890625 0.0609375 0.0328125
2 0.8 0.5828125 0.0625 0.0375
2 0.86171875 0.584375 0.0640625 0.03515625
2 0.92109375 0.5859375 0.0609375 0.03515625
2 0.97421875 0.5875 0.0515625 0.03515625
3 0.52734375 0.71015625 0.0640625 0.0328125
3 0.590625 0.7109375 0.0625 0.03515625
3 0.6515625 0.715625 0.065625 0.0328125
2 0.7125 0.71875 0.065625 0.03125
2 0.77578125 0.721875 0.0640625 0.0296875
2 0.83671875 0.72265625 0.0671875 0.03125
3 0.89765625 0.728125 0.0640625 0.03125
2 0.95625 0.73046875 0.0625 0.03515625
3 0.52734375 0.74296875 0.0609375 0.0328125
2 0.5890625 0.74609375 0.0625 0.03515625
2 0.65 0.75 0.0625 0.03125
2 0.71015625 0.75078125 0.0640625 0.0296875
3 0.834375 0.75625 0.065625 0.03515625
3 0.771875 0.75625 0.065625 0.03515625
3 0.95234375 0.759375 0.0640625 0.03125
3 0.8921875 0.7625 0.0625 0.0328125
3 0.52578125 0.77421875 0.0609375 0.0296875
2 0.5875 0.7765625 0.0625 0.0296875
3 0.70703125 0.78125 0.0640625 0.03125
2 0.646875 0.78125 0.0625 0.03125
3 0.7703125 0.7875 0.065625 0.03125
3 0.8296875 0.7890625 0.059375 0.03125
2 0.94765625 0.7953125 0.0640625 0.03515625
3 0.88828125 0.7953125 0.0609375 0.03125
3 0.7078125 0.08984375 0.059375 0.0390625
3 0.54296875 0.91796875 0.0609375 0.02734375
3 0.76640625 0.09296875 0.0609375 0.0375
3 0.6046875 0.92109375 0.0625 0.0328125
3 0.6671875 0.92109375 0.059375 0.0328125
3 0.72734375 0.9234375 0.0640625 0.03515625
3 0.79140625 0.9265625 0.0609375 0.0328125
2 0.85078125 0.92890625 0.0609375 0.0296875
2 0.9109375 0.93046875 0.059375 0.0296875
2 0.9703125 0.934375 0.059375 0.0296875
3 0.54375 0.946875 0.059375 0.03125
3 0.60390625 0.953125 0.0640625 0.03125
3 0.66484375 0.9546875 0.0578125 0.03125
3 0.72734375 0.95703125 0.0640625 0.02734375
2 0.828125 0.096875 0.0625 0.0375
3 0.7875 0.95703125 0.059375 0.02734375
2 0.84609375 0.9578125 0.0609375 0.0296875
4 0.90546875 0.9625 0.0609375 0.03125
2 0.96484375 0.965625 0.0640625 0.0328125
3 0.54296875 0.978125 0.0609375 0.02734375
3 0.60625 0.9828125 0.065625 0.02734375
3 0.665625 0.98359375 0.05625 0.025
3 0.7265625 0.98515625 0.0625 0.0296875
2 0.84375 0.9859375 0.059375 0.02734375
3 0.7859375 0.9859375 0.059375 0.02734375
3 0.8890625 0.10546875 0.0625 0.0390625
2 0.95078125 0.109375 0.0609375 0.0390625
3 0.70390625 0.12890625 0.0609375 0.04296875
3 0.76484375 0.13203125 0.0609375 0.040625
3 0.82734375 0.13671875 0.0640625 0.04296875
3 0.88515625 0.14375 0.0578125 0.0375
2 0.9453125 0.1453125 0.0625 0.0375
3 0.7 0.16484375 0.059375 0.0375
3 0.7625 0.16875 0.065625 0.0375
3 0.82421875 0.17265625 0.0640625 0.0375
3 0.88203125 0.17890625 0.0578125 0.0375
2 0.94140625 0.18125 0.0640625 0.03515625