2 0.03046875 0.70390625 0.0265625 0.0765625
2 0.028125 0.77734375 0.028125 0.07421875
2 0.05703125 0.7796875 0.0265625 0.078125
1 0.084375 0.78125 0.028125 0.07421875
2 0.1125 0.78125 0.03125 0.07421875
2 0.028125 0.8484375 0.028125 0.071875
2 0.05546875 0.85234375 0.0296875 0.071875
2 0.08359375 0.85234375 0.0296875 0.0765625
2 0.11015625 0.8546875 0.0296875 0.071875
2 0.1671875 0.86015625 0.028125 0.071875
1 0.13828125 0.859375 0.0296875 0.07421875
2 0.196875 0.86015625 0.028125 0.06875
1 0.02578125 0.921875 0.0296875 0.07421875
2 0.05390625 0.9234375 0.0265625 0.07421875
2 0.0828125 0.92578125 0.028125 0.07421875
2 0.109375 0.9265625 0.028125 0.0765625
2 0.16484375 0.93046875 0.0296875 0.0765625
2 0.1375 0.9296875 0.03125 0.078125
1 0.19375 0.93125 0.03125 0.07421875