4 0.14296875 0.246875 0.0390625 0.1109375
2 0.06484375 0.3 0.0390625 0.115625
2 0.45390625 0.3640625 0.0421875 0.11875
2 0.13515625 0.365625 0.0328125 0.12109375
2 0.5328125 0.396875 0.04375 0.12109375
0 0.61171875 0.4015625 0.0484375 0.11875
2 0.69140625 0.4046875 0.0453125 0.12109375
2 0.77265625 0.41328125 0.0484375 0.11875
2 0.0578125 0.4171875 0.040625 0.11875
2 0.45 0.48515625 0.04375 0.1234375
2 0.1296875 0.4859375 0.034375 0.12109375
2 0.52890625 0.515625 0.0421875 0.12109375
0 0.60859375 0.52265625 0.0453125 0.11875
2 0.6875 0.5265625 0.046875 0.11875
2 0.76640625 0.53203125 0.0453125 0.1234375
2 0.05234375 0.53515625 0.0390625 0.11328125
4 0.28671875 0.58125 0.0390625 0.11875
4 0.36640625 0.584375 0.0421875 0.1171875
2 0.12421875 0.6015625 0.0359375 0.1171875
4 0.44609375 0.6078125 0.0421875 0.12109375
2 0.20546875 0.63359375 0.0390625 0.11875
2 0.5234375 0.6375 0.04375 0.1234375
4 0.60390625 0.640625 0.0421875 0.12109375
2 0.68203125 0.6484375 0.0421875 0.12109375
2 0.76328125 0.64921875 0.0453125 0.11875
2 0.07734375 0.0671875 0.0421875 0.115625
0 0.28359375 0.7 0.0390625 0.1234375
4 0.3609375 0.70390625 0.040625 0.11875
2 0.43984375 0.725 0.0390625 0.12109375
2 0.20078125 0.75078125 0.0390625 0.115625
2 0.51875 0.7578125 0.04375 0.12109375
4 0.59921875 0.7640625 0.0421875 0.12109375
2 0.678125 0.76484375 0.04375 0.11875
2 0.75703125 0.77265625 0.0453125 0.11875
2 0.278125 0.8171875 0.0375 0.1109375
2 0.35546875 0.82109375 0.0390625 0.11875
4 0.3546875 0.084375 0.040625 0.11328125
2 0.4359375 0.84296875 0.040625 0.11875
4 0.59375 0.878125 0.04375 0.11875
4 0.51484375 0.878125 0.0421875 0.11875
2 0.67421875 0.88359375 0.0421875 0.11875
2 0.75234375 0.8890625 0.0421875 0.12109375
4 0.1484375 0.12890625 0.040625 0.1171875
2 0.0703125 0.18671875 0.040625 0.115625