4 0.5921875 0.19609375 0.040625 0.11875
2 0.76640625 0.215625 0.0390625 0.1234375
2 0.67578125 0.27265625 0.0421875 0.1265625
4 0.22265625 0.28125 0.0484375 0.12109375
2 0.29765625 0.2828125 0.0453125 0.12109375
2 0.14140625 0.2859375 0.0421875 0.1234375
4 0.86171875 0.3078125 0.0359375 0.1234375
2 0.76796875 0.33671875 0.0390625 0.1234375
2 0.67734375 0.390625 0.0390625 0.125
2 0.29921875 0.403125 0.0390625 0.1234375
2 0.38203125 0.403125 0.0421875 0.1234375
4 0.21953125 0.4046875 0.0453125 0.12109375
2 0.13984375 0.409375 0.0453125 0.1234375
2 0.05859375 0.409375 0.0484375 0.1265625
2 0.93515625 0.4140625 0.0359375 0.125
2 0.8625 0.428125 0.034375 0.1171875
2 0.76953125 0.46015625 0.0390625 0.1234375
2 0.3015625 0.5265625 0.04375 0.1234375
2 0.38359375 0.5265625 0.0421875 0.1234375
2 0.515625 0.053125 0.0375 0.10546875
2 0.22109375 0.5296875 0.0453125 0.125
2 0.140625 0.53046875 0.04375 0.1265625
2 0.06015625 0.53125 0.0453125 0.125
2 0.93671875 0.5375 0.0359375 0.1171875
2 0.86328125 0.54765625 0.0359375 0.11875
2 0.46640625 0.64765625 0.0453125 0.1234375
2 0.30390625 0.64921875 0.0453125 0.1234375
4 0.38515625 0.65 0.0421875 0.12109375
2 0.22265625 0.6515625 0.0421875 0.1265625
2 0.06328125 0.65234375 0.0453125 0.125
2 0.14140625 0.653125 0.0421875 0.1234375
2 0.9375 0.65546875 0.0375 0.11875
2 0.8640625 0.66875 0.034375 0.115625
4 0.58984375 0.078125 0.0421875 0.12109375
2 0.54921875 0.76875 0.0421875 0.1234375
2 0.46796875 0.7703125 0.0421875 0.1265625
4 0.38671875 0.7703125 0.0421875 0.1265625
2 0.22421875 0.77265625 0.0421875 0.1234375
2 0.30546875 0.77265625 0.0421875 0.1234375
2 0.14296875 0.77265625 0.0421875 0.1265625
2 0.06328125 0.7765625 0.0453125 0.1234375
4 0.6328125 0.8859375 0.040625 0.1234375
2 0.71328125 0.88671875 0.0390625 0.12890625
2 0.46953125 0.89140625 0.0421875 0.13125
2 0.55078125 0.89375 0.0421875 0.1265625
2 0.22890625 0.89453125 0.0421875 0.12890625
2 0.30859375 0.89375 0.0421875 0.1265625
2 0.1484375 0.89375 0.04375 0.1234375
4 0.3875 0.89453125 0.040625 0.125
2 0.0671875 0.8953125 0.04375 0.1234375
2 0.76484375 0.096875 0.0390625 0.1234375
2 0.67421875 0.15 0.0421875 0.125
0 0.22109375 0.1625 0.0484375 0.12109375
4 0.51796875 0.1671875 0.0390625 0.1234375
2 0.8578125 0.18671875 0.034375 0.11875