2 0.35234375 0.23046875 0.0421875 0.1171875
4 0.275 0.234375 0.04375 0.1171875
2 0.559375 0.253125 0.034375 0.11875
2 0.88203125 0.27734375 0.0328125 0.125
2 0.95703125 0.2875 0.0328125 0.12109375
2 0.63359375 0.3109375 0.0390625 0.1328125
2 0.353125 0.34765625 0.04375 0.12890625
4 0.27265625 0.34765625 0.0421875 0.12109375
2 0.559375 0.37421875 0.0375 0.115625
2 0.88203125 0.39453125 0.0359375 0.125
2 0.959375 0.39765625 0.03125 0.1109375
2 0.19375 0.40625 0.04375 0.12109375
2 0.6328125 0.43125 0.0375 0.125
2 0.3515625 0.4671875 0.040625 0.125
4 0.2734375 0.4703125 0.040625 0.1171875
2 0.1953125 0.5265625 0.04375 0.11875
2 0.8796875 0.05546875 0.034375 0.1109375
2 0.95234375 0.05546875 0.0328125 0.1109375
2 0.34765625 0.5875 0.0390625 0.12109375
2 0.271875 0.5875 0.04375 0.1171875
4 0.4171875 0.62421875 0.04375 0.115625
2 0.1140625 0.64140625 0.04375 0.11875
2 0.19453125 0.6453125 0.0421875 0.11875
2 0.4984375 0.67109375 0.04375 0.115625
0 0.2734375 0.7078125 0.04375 0.115625
2 0.34765625 0.71015625 0.0390625 0.11875
4 0.41640625 0.7421875 0.0453125 0.12109375
2 0.115625 0.759375 0.046875 0.1171875
2 0.63046875 0.0765625 0.0421875 0.1171875
2 0.19609375 0.76171875 0.0453125 0.1171875
2 0.49765625 0.7875 0.0421875 0.125
2 0.275 0.82734375 0.040625 0.11875
2 0.34765625 0.82734375 0.0359375 0.11875
4 0.4171875 0.8609375 0.04375 0.1171875
2 0.1171875 0.8734375 0.046875 0.1171875
2 0.1984375 0.87890625 0.040625 0.1171875
2 0.4984375 0.90703125 0.04375 0.11875
2 0.34921875 0.9421875 0.0390625 0.115625
2 0.559375 0.1359375 0.034375 0.1234375
2 0.88046875 0.159375 0.0359375 0.1234375
2 0.95390625 0.16484375 0.0359375 0.1234375
2 0.63359375 0.19375 0.0359375 0.12109375