2 0.50078125 0.2296875 0.0390625 0.1265625
0 0.5828125 0.2296875 0.040625 0.13125
2 0.66171875 0.23046875 0.0390625 0.125
2 0.74453125 0.2296875 0.0359375 0.1234375
2 0.821875 0.2296875 0.0375 0.1265625
2 0.9 0.2296875 0.0375 0.1265625
4 0.978125 0.23046875 0.034375 0.1171875
4 0.33984375 0.23359375 0.0421875 0.1234375
2 0.41953125 0.2328125 0.0421875 0.12109375
2 0.26171875 0.234375 0.0421875 0.125
2 0.18125 0.2359375 0.04375 0.12109375
2 0.1015625 0.2390625 0.04375 0.11875
4 0.02578125 0.2421875 0.0453125 0.1171875
2 0.903125 0.3484375 0.034375 0.11875
2 0.9796875 0.3484375 0.03125 0.11875
2 0.7453125 0.35078125 0.040625 0.1265625
2 0.8234375 0.35078125 0.0375 0.11875
2 0.6625 0.35234375 0.040625 0.1234375
2 0.5015625 0.35234375 0.040625 0.1265625
2 0.58359375 0.35234375 0.0390625 0.115625
2 0.41875 0.35546875 0.04375 0.12890625
2 0.1796875 0.35625 0.046875 0.1234375
4 0.340625 0.35625 0.04375 0.1234375
2 0.2609375 0.35625 0.04375 0.1234375
2 0.10234375 0.35859375 0.0453125 0.1234375
2 0.025 0.36015625 0.04375 0.1234375
2 0.8234375 0.46796875 0.040625 0.11875
4 0.74609375 0.46875 0.0390625 0.125
2 0.978125 0.46875 0.034375 0.1171875
2 0.9046875 0.46953125 0.034375 0.1109375
4 0.50390625 0.4703125 0.0390625 0.1171875
2 0.58203125 0.46953125 0.0421875 0.1234375
2 0.340625 0.47265625 0.040625 0.12109375
2 0.66328125 0.47265625 0.0421875 0.1171875
2 0.26171875 0.47265625 0.0421875 0.1171875
2 0.42109375 0.4734375 0.0421875 0.11875
2 0.18046875 0.475 0.0453125 0.12109375
2 0.1015625 0.4765625 0.04375 0.12109375
2 0.02578125 0.478125 0.0421875 0.12109375
2 0.74140625 0.10859375 0.0390625 0.1265625
2 0.58046875 0.10859375 0.0390625 0.11875
4 0.66171875 0.109375 0.0390625 0.12109375
2 0.5015625 0.11015625 0.040625 0.1234375
2 0.81875 0.11015625 0.0375 0.1265625
2 0.89765625 0.11015625 0.0359375 0.1234375
2 0.34140625 0.11328125 0.0390625 0.125
2 0.9765625 0.1140625 0.034375 0.115625
2 0.18203125 0.115625 0.0453125 0.125
2 0.26171875 0.1140625 0.0421875 0.1234375
2 0.4203125 0.115625 0.040625 0.12109375
2 0.103125 0.1203125 0.04375 0.11875
4 0.02734375 0.121875 0.0421875 0.11875