1 0.31875 0.24296875 0.040625 0.1265625
2 0.23828125 0.246875 0.0390625 0.1265625
2 0.40078125 0.2484375 0.0421875 0.12890625
2 0.48359375 0.246875 0.0421875 0.134375
2 0.565625 0.2515625 0.046875 0.12890625
1 0.646875 0.25078125 0.04375 0.1234375
2 0.72890625 0.25078125 0.0421875 0.1265625
2 0.8109375 0.2546875 0.046875 0.1234375
4 0.8890625 0.2546875 0.04375 0.1265625
2 0.96640625 0.25859375 0.0453125 0.1234375
2 0.56640625 0.37421875 0.0453125 0.13125
2 0.72890625 0.375 0.0453125 0.125
2 0.8109375 0.37421875 0.046875 0.1234375
1 0.6484375 0.37578125 0.04375 0.1265625
2 0.96875 0.37578125 0.046875 0.1265625
2 0.8890625 0.378125 0.04375 0.1234375
2 0.0796875 0.4890625 0.0375 0.11875
4 0.64765625 0.496875 0.0453125 0.1234375
2 0.565625 0.4984375 0.040625 0.125
2 0.8125 0.4984375 0.046875 0.12109375
4 0.890625 0.496875 0.04375 0.1265625
2 0.72890625 0.49921875 0.0453125 0.1265625
2 0.96875 0.49921875 0.046875 0.1234375
2 0.16953125 0.53828125 0.0390625 0.11875
2 0.08046875 0.6125 0.0390625 0.1234375
2 0.96875 0.61875 0.04375 0.12890625
2 0.72890625 0.621875 0.0453125 0.11875
2 0.8109375 0.621875 0.046875 0.1234375
4 0.89140625 0.621875 0.0453125 0.1234375
2 0.1703125 0.66015625 0.0375 0.125
4 0.4078125 0.7140625 0.040625 0.1234375
2 0.2515625 0.721875 0.040625 0.1234375
4 0.33203125 0.72265625 0.0421875 0.125
2 0.08203125 0.73125 0.0390625 0.1234375
2 0.96875 0.7421875 0.046875 0.125
2 0.809375 0.74296875 0.046875 0.1234375
1 0.890625 0.7453125 0.046875 0.1234375
2 0.1703125 0.7828125 0.040625 0.125
4 0.409375 0.8375 0.040625 0.12109375
2 0.25234375 0.84296875 0.0390625 0.1265625
2 0.33203125 0.84296875 0.0421875 0.1234375
2 0.96796875 0.8640625 0.0453125 0.1234375
2 0.8890625 0.86640625 0.046875 0.1234375
2 0.17265625 0.9 0.0390625 0.125
2 0.50390625 0.92578125 0.0421875 0.125
4 0.41015625 0.9484375 0.0390625 0.1
4 0.24296875 0.12578125 0.0390625 0.1234375
4 0.31796875 0.1265625 0.0390625 0.1328125
4 0.4015625 0.12578125 0.04375 0.13125
2 0.48359375 0.1265625 0.0453125 0.1328125
2 0.565625 0.1265625 0.04375 0.125
4 0.646875 0.13203125 0.04375 0.1265625
2 0.80859375 0.13203125 0.0484375 0.1234375
2 0.72890625 0.1328125 0.0421875 0.125
2 0.8875 0.1375 0.04375 0.11875
4 0.965625 0.13984375 0.04375 0.1234375