4 0.525 0.19609375 0.04375 0.13125
2 0.08359375 0.21015625 0.0359375 0.13125
2 0.59921875 0.2296875 0.0390625 0.1234375
2 0.44140625 0.24609375 0.0421875 0.12890625
4 0.1625 0.27421875 0.0375 0.1265625
2 0.6859375 0.278125 0.04375 0.1265625
2 0.52421875 0.32109375 0.0421875 0.1265625
2 0.08203125 0.32890625 0.0390625 0.1265625
2 0.59921875 0.35546875 0.0359375 0.12890625
2 0.440625 0.3671875 0.04375 0.125
2 0.16171875 0.3984375 0.0390625 0.125
2 0.68359375 0.39921875 0.0453125 0.1265625
2 0.24453125 0.4015625 0.0390625 0.1234375
2 0.52421875 0.44375 0.0421875 0.125
2 0.08046875 0.4546875 0.0359375 0.12890625
2 0.59921875 0.48046875 0.0359375 0.12109375
2 0.16171875 0.521875 0.0390625 0.12890625
2 0.24453125 0.5265625 0.0390625 0.1265625
2 0.52421875 0.5671875 0.0421875 0.1234375
2 0.0796875 0.5765625 0.0375 0.125
2 0.59921875 0.60234375 0.0359375 0.11875
2 0.24453125 0.64453125 0.0390625 0.1171875
2 0.159375 0.646875 0.0375 0.12109375
2 0.0828125 0.7015625 0.034375 0.12890625
2 0.52578125 0.07734375 0.0453125 0.1265625
2 0.16171875 0.765625 0.0359375 0.125
4 0.08125 0.82109375 0.034375 0.1234375
2 0.16171875 0.8875 0.0359375 0.1234375
2 0.08671875 0.09375 0.0390625 0.12890625
0 0.390625 0.9296875 0.04375 0.12109375
4 0.08203125 0.940625 0.0328125 0.11875
2 0.6 0.10859375 0.0375 0.1234375
2 0.440625 0.125 0.04375 0.125
2 0.16484375 0.1546875 0.0421875 0.125
2 0.68671875 0.15546875 0.0453125 0.1234375