2 0.68984375 0.2234375 0.0390625 0.1234375
2 0.7734375 0.225 0.0375 0.1171875
2 0.51875 0.28203125 0.04375 0.1234375
4 0.88515625 0.30546875 0.0359375 0.1234375
2 0.9609375 0.3078125 0.0375 0.1234375
2 0.03046875 0.32734375 0.0453125 0.115625
2 0.10703125 0.328125 0.0484375 0.1171875
2 0.6890625 0.34296875 0.040625 0.1265625
2 0.7734375 0.34296875 0.040625 0.11875
2 0.1828125 0.38359375 0.046875 0.11875
2 0.02890625 0.44453125 0.0453125 0.11875
2 0.1046875 0.44609375 0.04375 0.11875
2 0.18359375 0.50390625 0.0453125 0.1171875
2 0.51953125 0.0546875 0.0453125 0.109375
2 0.27109375 0.55078125 0.0453125 0.1171875
4 0.35625 0.5515625 0.046875 0.115625
4 0.03125 0.56171875 0.046875 0.115625
2 0.10546875 0.5640625 0.0453125 0.1171875
0 0.7625 0.609375 0.0375 0.1171875
2 0.91953125 0.6125 0.0359375 0.115625
2 0.840625 0.61328125 0.0375 0.1171875
2 0.4359375 0.61640625 0.04375 0.11875
2 0.59609375 0.6171875 0.0421875 0.1171875
4 0.51640625 0.6171875 0.0421875 0.1171875
2 0.67734375 0.61875 0.0390625 0.1171875
2 0.18359375 0.621875 0.0453125 0.11875
2 0.271875 0.66875 0.046875 0.11875
4 0.35703125 0.67109375 0.0453125 0.11875
4 0.7625 0.7296875 0.0375 0.11875
2 0.91875 0.7296875 0.0375 0.115625
2 0.840625 0.73046875 0.034375 0.1171875
2 0.51640625 0.73515625 0.0421875 0.11875
4 0.4359375 0.7375 0.04375 0.1234375
2 0.596875 0.7375 0.040625 0.1234375
2 0.67734375 0.73828125 0.0390625 0.12109375
2 0.184375 0.740625 0.046875 0.1171875
4 0.88359375 0.075 0.0328125 0.11875
2 0.95625 0.078125 0.034375 0.12109375
2 0.2734375 0.78984375 0.05 0.115625
2 0.359375 0.7921875 0.046875 0.11875
2 0.915625 0.84375 0.040625 0.1171875
2 0.76171875 0.84765625 0.0390625 0.1171875
2 0.840625 0.8484375 0.034375 0.115625
2 0.91328125 0.95078125 0.0390625 0.0984375
2 0.76171875 0.95234375 0.0390625 0.0953125
2 0.8390625 0.953125 0.0375 0.09375
2 0.69375 0.10546875 0.040625 0.125
2 0.775 0.109375 0.040625 0.125
4 0.43984375 0.11796875 0.0453125 0.11875
2 0.51875 0.165625 0.04375 0.125
4 0.884375 0.1890625 0.034375 0.12109375
2 0.9578125 0.19375 0.034375 0.1171875