2 0.18046875 0.2140625 0.0359375 0.11875
2 0.10234375 0.2140625 0.0390625 0.1234375
4 0.0203125 0.21796875 0.040625 0.11875
4 0.33984375 0.21796875 0.0421875 0.11875
2 0.59609375 0.21796875 0.0453125 0.11875
2 0.26015625 0.21953125 0.0421875 0.1234375
4 0.41953125 0.28046875 0.0421875 0.1234375
2 0.5046875 0.2875 0.04375 0.12109375
4 0.09921875 0.32890625 0.0390625 0.11875
2 0.1796875 0.3328125 0.034375 0.1234375
2 0.01796875 0.33515625 0.0359375 0.1234375
4 0.25859375 0.334375 0.0390625 0.12109375
2 0.33828125 0.334375 0.0390625 0.12109375
2 0.5953125 0.33984375 0.04375 0.125
2 0.8328125 0.39453125 0.0375 0.11328125
2 0.67578125 0.39765625 0.0453125 0.11875
4 0.41796875 0.403125 0.0421875 0.11875
4 0.75390625 0.40546875 0.0421875 0.11875
2 0.503125 0.40703125 0.04375 0.1265625
2 0.59296875 0.459375 0.0453125 0.125
4 0.828125 0.5125 0.04375 0.11875
2 0.67421875 0.51875 0.0453125 0.1265625
2 0.75078125 0.52265625 0.0453125 0.1265625
2 0.58984375 0.57890625 0.0453125 0.1234375
2 0.91640625 0.603125 0.0484375 0.12109375
2 0.08203125 0.60625 0.0390625 0.11875
4 0.8265625 0.63359375 0.04375 0.11875
2 0.67265625 0.640625 0.0453125 0.12109375
2 0.75234375 0.6421875 0.0453125 0.1171875
2 0.25 0.66875 0.040625 0.11875
2 0.9125 0.7234375 0.05 0.11875
4 0.07890625 0.72578125 0.0390625 0.11875
0 0.82265625 0.753125 0.0453125 0.1234375
2 0.975 0.078125 0.04375 0.12109375
2 0.24765625 0.7890625 0.0421875 0.125
4 0.325 0.840625 0.040625 0.11875
2 0.909375 0.84296875 0.05 0.11875
4 0.07421875 0.84453125 0.0390625 0.115625
2 0.81875 0.871875 0.04375 0.115625
2 0.246875 0.909375 0.040625 0.1234375
2 0.075 0.94921875 0.0375 0.1015625
4 0.32421875 0.95 0.0390625 0.1
2 0.02578125 0.10234375 0.0390625 0.1234375
2 0.4203125 0.165625 0.040625 0.12109375
2 0.50703125 0.16875 0.0453125 0.11875
2 0.97578125 0.190625 0.0453125 0.11875