2 0.32734375 0.2 0.0421875 0.1234375
2 0.9828125 0.2328125 0.034375 0.125
2 0.23515625 0.25703125 0.0453125 0.11875
2 0.08125 0.2765625 0.0375 0.11875
2 0.42109375 0.2890625 0.0421875 0.125
4 0.90859375 0.3 0.0359375 0.1234375
4 0.15703125 0.30390625 0.0453125 0.115625
2 0.3265625 0.31953125 0.04375 0.1234375
2 0.234375 0.37578125 0.04375 0.11875
0 0.4203125 0.409375 0.04375 0.11875
2 0.32734375 0.43828125 0.0453125 0.1234375
2 0.08671875 0.0484375 0.0390625 0.096875
2 0.23671875 0.4921875 0.0421875 0.11328125
2 0.49375 0.51640625 0.040625 0.11875
2 0.57421875 0.5171875 0.0421875 0.12109375
4 0.421875 0.525 0.0375 0.1171875
2 0.66484375 0.0546875 0.0390625 0.109375
2 0.5875 0.05546875 0.04375 0.1109375
2 0.3265625 0.559375 0.04375 0.11875
2 0.65546875 0.5734375 0.0421875 0.1234375
2 0.5765625 0.6359375 0.04375 0.1265625
2 0.49609375 0.6375 0.0390625 0.1234375
4 0.42109375 0.6515625 0.0390625 0.11875
4 0.9046875 0.0671875 0.040625 0.11875
2 0.65703125 0.6953125 0.0421875 0.1171875
4 0.1578125 0.0734375 0.04375 0.115625
4 0.83125 0.73515625 0.0375 0.1234375
2 0.034375 0.7390625 0.046875 0.11875
2 0.74609375 0.7390625 0.0390625 0.11875
4 0.49765625 0.75703125 0.0421875 0.11875
2 0.5765625 0.75703125 0.040625 0.11875
4 0.4203125 0.76875 0.0375 0.115625
4 0.909375 0.8015625 0.0375 0.1234375
2 0.65625 0.815625 0.04375 0.1234375
2 0.328125 0.084375 0.040625 0.12109375
2 0.1140625 0.85546875 0.046875 0.109375
2 0.03828125 0.85859375 0.0421875 0.1265625
4 0.83203125 0.86015625 0.0359375 0.1265625
2 0.7484375 0.8640625 0.0375 0.1234375
4 0.909375 0.9140625 0.04375 0.11328125
4 0.659375 0.9328125 0.04375 0.11875
2 0.98125 0.1140625 0.0375 0.1109375
2 0.234375 0.1375 0.046875 0.115625
2 0.08359375 0.159375 0.0359375 0.115625
4 0.15625 0.1859375 0.04375 0.1171875
4 0.90703125 0.184375 0.0359375 0.11875