2 0.89140625 0.2328125 0.0453125 0.1171875
2 0.9703125 0.2375 0.046875 0.11875
2 0.890625 0.35078125 0.046875 0.1234375
2 0.9671875 0.35546875 0.046875 0.1171875
2 0.884375 0.465625 0.046875 0.1234375
0 0.9640625 0.471875 0.046875 0.1234375
2 0.88203125 0.58984375 0.0453125 0.12109375
2 0.96171875 0.59375 0.0484375 0.125
2 0.878125 0.7078125 0.05 0.1265625
2 0.9578125 0.71015625 0.05 0.1234375
2 0.8734375 0.825 0.05 0.115625
2 0.9515625 0.828125 0.046875 0.11328125
2 0.89296875 0.11640625 0.0484375 0.11875
1 0.97109375 0.125 0.0484375 0.1171875