2 0.8671875 0.278125 0.040625 0.1234375
2 0.94453125 0.278125 0.0421875 0.1234375
2 0.709375 0.2796875 0.0375 0.125
4 0.78984375 0.278125 0.0359375 0.1265625
2 0.4640625 0.2796875 0.04375 0.12890625
2 0.54375 0.2796875 0.04375 0.12890625
2 0.62734375 0.28046875 0.0421875 0.1265625
2 0.38203125 0.28125 0.0453125 0.125
2 0.3015625 0.284375 0.046875 0.1234375
4 0.21875 0.2859375 0.04375 0.1234375
2 0.0625 0.28828125 0.046875 0.11875
0 0.140625 0.2890625 0.046875 0.125
2 0.86875 0.39765625 0.0375 0.1234375
4 0.94765625 0.39765625 0.0390625 0.1234375
2 0.78984375 0.39921875 0.0390625 0.1234375
2 0.4625 0.4015625 0.04375 0.1234375
2 0.5453125 0.4 0.04375 0.12109375
2 0.628125 0.4015625 0.040625 0.1234375
2 0.70859375 0.4015625 0.0390625 0.1234375
2 0.38203125 0.40546875 0.0453125 0.1234375
2 0.22109375 0.40546875 0.0453125 0.1265625
2 0.30078125 0.40625 0.0484375 0.12109375
4 0.14140625 0.40703125 0.0453125 0.11875
2 0.06171875 0.4109375 0.0484375 0.11875
2 0.54296875 0.04765625 0.0421875 0.0953125
2 0.62578125 0.04765625 0.0421875 0.0953125
4 0.4625 0.0484375 0.04375 0.096875
2 0.78828125 0.0484375 0.0359375 0.096875
2 0.38125 0.05 0.04375 0.1
2 0.7078125 0.05 0.040625 0.1
2 0.30078125 0.05078125 0.0453125 0.1015625
2 0.8625 0.05078125 0.0375 0.1015625
2 0.94140625 0.05078125 0.0359375 0.1015625
4 0.22109375 0.0515625 0.0453125 0.103125
2 0.06484375 0.05390625 0.0453125 0.1078125
2 0.140625 0.0546875 0.046875 0.109375
4 0.46484375 0.15625 0.0453125 0.12109375
2 0.54453125 0.15703125 0.0453125 0.1265625
2 0.86484375 0.15703125 0.0390625 0.1234375
2 0.38203125 0.1578125 0.0421875 0.12109375
2 0.62734375 0.159375 0.0421875 0.1234375
4 0.78828125 0.159375 0.0359375 0.1265625
2 0.7078125 0.159375 0.040625 0.1234375
2 0.30078125 0.1609375 0.0453125 0.1234375
2 0.94296875 0.1609375 0.0390625 0.1234375
4 0.21875 0.1640625 0.046875 0.12109375
4 0.1421875 0.16796875 0.046875 0.12109375
2 0.0640625 0.16875 0.04375 0.11875