4 0.08515625 0.64921875 0.0359375 0.115625
2 0.16484375 0.653125 0.0390625 0.1234375
2 0.2453125 0.65546875 0.0375 0.1234375
2 0.32265625 0.6609375 0.0421875 0.11875
2 0.40546875 0.66015625 0.0421875 0.12109375
4 0.48515625 0.665625 0.0421875 0.12109375
2 0.565625 0.665625 0.04375 0.12109375
2 0.6484375 0.665625 0.046875 0.12109375
4 0.728125 0.67109375 0.04375 0.115625
2 0.8078125 0.6703125 0.046875 0.1171875
2 0.88515625 0.67265625 0.0453125 0.115625
2 0.9609375 0.675 0.046875 0.11875
2 0.1625 0.7703125 0.0375 0.13125
4 0.08359375 0.7703125 0.0359375 0.1234375
4 0.24140625 0.77734375 0.0390625 0.1171875
2 0.3203125 0.78046875 0.040625 0.11875
2 0.4015625 0.78203125 0.040625 0.1234375
2 0.4828125 0.784375 0.040625 0.1265625
2 0.56328125 0.7859375 0.0453125 0.1234375
2 0.64375 0.7875 0.04375 0.12109375
2 0.7234375 0.7890625 0.04375 0.12109375
2 0.80390625 0.790625 0.0453125 0.12109375
4 0.88125 0.790625 0.046875 0.1171875
2 0.95859375 0.79375 0.0453125 0.115625
2 0.0828125 0.884375 0.034375 0.1171875
2 0.16015625 0.8890625 0.0328125 0.12109375
4 0.2390625 0.89375 0.0375 0.11875
2 0.31875 0.89765625 0.040625 0.11875
2 0.40078125 0.90234375 0.0390625 0.125
2 0.48125 0.90546875 0.040625 0.1234375
2 0.56171875 0.90546875 0.0421875 0.1234375
0 0.64375 0.90546875 0.04375 0.1234375
2 0.7234375 0.909375 0.04375 0.11875
2 0.80078125 0.91015625 0.0453125 0.12109375
2 0.953125 0.91328125 0.04375 0.115625
4 0.8765625 0.9125 0.04375 0.1171875