2 0.20859375 0.2484375 0.0296875 0.07421875
2 0.5671875 0.24921875 0.028125 0.0765625
2 0.26875 0.24921875 0.03125 0.0765625
2 0.2390625 0.24921875 0.03125 0.071875
2 0.29765625 0.25 0.0296875 0.07421875
2 0.38828125 0.25 0.0296875 0.07421875
2 0.4171875 0.25078125 0.03125 0.071875
2 0.32734375 0.25078125 0.0296875 0.0765625
2 0.5375 0.25 0.03125 0.07421875
2 0.3578125 0.25078125 0.03125 0.0765625
2 0.446875 0.2515625 0.03125 0.07421875
2 0.596875 0.25078125 0.03125 0.0765625
2 0.62421875 0.253125 0.0234375 0.0765625
2 0.50703125 0.253125 0.0328125 0.071875
2 0.47578125 0.253125 0.0296875 0.071875
2 0.24296875 0.03125 0.0296875 0.0625
2 0.2140625 0.03125 0.028125 0.0625
2 0.33046875 0.03125 0.0296875 0.0625
2 0.271875 0.03125 0.028125 0.0625
2 0.30078125 0.03203125 0.0296875 0.0640625
2 0.38984375 0.03203125 0.0328125 0.0640625
2 0.44921875 0.03203125 0.0296875 0.0640625
2 0.4203125 0.03203125 0.03125 0.0640625
2 0.359375 0.03203125 0.028125 0.0640625
2 0.59921875 0.03203125 0.0296875 0.0640625
2 0.62578125 0.03203125 0.0265625 0.0640625
2 0.53984375 0.0328125 0.0296875 0.065625
2 0.56875 0.0328125 0.028125 0.065625
2 0.20859375 0.321875 0.0296875 0.07421875
2 0.23671875 0.321875 0.0296875 0.07421875
2 0.265625 0.32421875 0.03125 0.07421875
2 0.41640625 0.32421875 0.0296875 0.078125
2 0.29765625 0.32421875 0.0296875 0.07421875
2 0.32578125 0.325 0.0296875 0.0765625
2 0.38671875 0.325 0.0296875 0.0765625
2 0.44453125 0.325 0.0296875 0.0796875
2 0.35625 0.325 0.03125 0.0765625
1 0.50546875 0.32734375 0.0328125 0.0765625
2 0.47421875 0.32734375 0.0296875 0.0765625
2 0.6203125 0.32734375 0.028125 0.0765625
2 0.53671875 0.328125 0.0328125 0.078125
2 0.56484375 0.328125 0.0296875 0.078125
2 0.59375 0.32890625 0.028125 0.0796875
2 0.4796875 0.0328125 0.03125 0.065625
2 0.509375 0.0328125 0.028125 0.065625
1 0.20703125 0.396875 0.0296875 0.07421875
2 0.23671875 0.3984375 0.0296875 0.07421875
2 0.32578125 0.3984375 0.0296875 0.07421875
2 0.2953125 0.3984375 0.03125 0.07421875
2 0.265625 0.39921875 0.03125 0.0765625
2 0.56640625 0.4 0.0296875 0.06640625
2 0.35546875 0.39921875 0.0296875 0.0765625
2 0.44375 0.4015625 0.028125 0.0765625
2 0.53828125 0.4 0.0296875 0.0703125
2 0.415625 0.4015625 0.03125 0.0765625
2 0.3875 0.40234375 0.03125 0.078125
2 0.59453125 0.4015625 0.0296875 0.06875
2 0.621875 0.40234375 0.025 0.0703125
1 0.47421875 0.40234375 0.0328125 0.07421875
2 0.50703125 0.4015625 0.0328125 0.071875
2 0.26484375 0.4734375 0.0296875 0.0765625
2 0.2953125 0.475 0.03125 0.078125
2 0.20703125 0.475 0.0265625 0.078125
2 0.23515625 0.475 0.0296875 0.078125
2 0.325 0.475 0.028125 0.078125
1 0.3546875 0.475 0.03125 0.078125
1 0.56640625 0.475 0.0296875 0.078125
2 0.44375 0.475 0.028125 0.07421875
2 0.41484375 0.47578125 0.0296875 0.071875
2 0.47421875 0.47578125 0.0328125 0.0765625
2 0.59375 0.47578125 0.028125 0.0765625
2 0.384375 0.47578125 0.03125 0.0765625
2 0.53515625 0.4765625 0.0296875 0.078125
2 0.6203125 0.4765625 0.028125 0.078125
2 0.50703125 0.47734375 0.0328125 0.0796875
2 0.2046875 0.54765625 0.028125 0.0765625
2 0.61875 0.5484375 0.028125 0.06640625
2 0.26484375 0.5484375 0.0296875 0.07421875
2 0.5625 0.5484375 0.03125 0.06640625
2 0.29375 0.55 0.03125 0.0765625
2 0.23515625 0.55078125 0.0296875 0.07421875
2 0.5921875 0.55078125 0.028125 0.06640625
2 0.44296875 0.5515625 0.0296875 0.0765625
2 0.384375 0.5515625 0.03125 0.0765625
2 0.41328125 0.5515625 0.0296875 0.0765625
2 0.325 0.55078125 0.028125 0.07421875
1 0.47421875 0.55078125 0.0328125 0.07421875
2 0.53359375 0.553125 0.0265625 0.0703125
2 0.3546875 0.5515625 0.03125 0.0765625
2 0.50390625 0.5515625 0.0296875 0.071875
2 0.20546875 0.621875 0.0265625 0.0765625
2 0.6171875 0.62421875 0.028125 0.0765625
2 0.23359375 0.625 0.0296875 0.07421875
2 0.58984375 0.625 0.0265625 0.078125
2 0.2625 0.625 0.03125 0.078125
2 0.3234375 0.625 0.03125 0.07421875
2 0.353125 0.62578125 0.028125 0.071875
2 0.29296875 0.62578125 0.0296875 0.0765625
2 0.53125 0.6265625 0.03125 0.07421875
2 0.5609375 0.62578125 0.03125 0.0796875
2 0.38359375 0.62578125 0.0328125 0.0765625
2 0.4734375 0.628125 0.03125 0.0796875
1 0.41328125 0.6265625 0.0296875 0.078125
1 0.44375 0.628125 0.03125 0.0765625
2 0.50390625 0.628125 0.0296875 0.0796875
1 0.2046875 0.6984375 0.028125 0.0765625
2 0.2328125 0.69921875 0.03125 0.07421875
2 0.2625 0.69921875 0.03125 0.07421875
2 0.35234375 0.7015625 0.0296875 0.07421875
2 0.471875 0.7 0.028125 0.071875
2 0.44296875 0.7015625 0.0296875 0.07421875
1 0.38203125 0.7015625 0.0296875 0.07421875
2 0.32265625 0.7 0.0296875 0.0796875
1 0.41328125 0.7 0.0296875 0.0765625
2 0.2921875 0.70234375 0.03125 0.0765625
2 0.61640625 0.703125 0.0265625 0.07421875
2 0.53046875 0.703125 0.0296875 0.07421875
2 0.56171875 0.703125 0.0328125 0.07421875
2 0.5890625 0.703125 0.028125 0.07421875
2 0.50234375 0.70625 0.0296875 0.071875
2 0.23203125 0.771875 0.0296875 0.07421875
2 0.20390625 0.771875 0.0265625 0.07421875
1 0.26171875 0.77265625 0.0296875 0.0765625
2 0.3515625 0.77421875 0.03125 0.0765625
2 0.29140625 0.775 0.0296875 0.07421875
2 0.3828125 0.7765625 0.03125 0.0765625
2 0.321875 0.775 0.03125 0.07421875
2 0.4421875 0.775 0.03125 0.078125
2 0.41171875 0.775 0.0296875 0.078125
2 0.471875 0.77734375 0.028125 0.078125
2 0.50234375 0.77734375 0.0296875 0.078125
2 0.615625 0.77734375 0.028125 0.07421875
2 0.56015625 0.78046875 0.0328125 0.0765625
2 0.5890625 0.78046875 0.028125 0.0765625
2 0.53046875 0.78046875 0.0265625 0.0765625
2 0.2921875 0.84765625 0.03125 0.078125
1 0.3234375 0.85078125 0.03125 0.0765625
2 0.35078125 0.85078125 0.0265625 0.0765625
2 0.38203125 0.8515625 0.0328125 0.07421875
2 0.4421875 0.85234375 0.03125 0.0765625
2 0.41171875 0.85234375 0.0296875 0.0765625
2 0.61328125 0.85234375 0.0296875 0.06875
2 0.47109375 0.85234375 0.0296875 0.0765625
2 0.5875 0.85234375 0.034375 0.071875
2 0.5296875 0.8546875 0.03125 0.071875
2 0.5015625 0.8546875 0.03125 0.0765625
2 0.5578125 0.853125 0.034375 0.0703125
2 0.4109375 0.9234375 0.028125 0.0703125
2 0.4421875 0.925 0.03125 0.071875
2 0.47109375 0.92578125 0.0296875 0.0703125
2 0.3828125 0.92578125 0.03125 0.0703125
2 0.61484375 0.92578125 0.0296875 0.0703125
2 0.5296875 0.9265625 0.028125 0.071875
2 0.55859375 0.9265625 0.0265625 0.0765625
2 0.58671875 0.92578125 0.0328125 0.07421875
2 0.50078125 0.928125 0.0296875 0.0703125
2 0.26953125 0.09765625 0.0296875 0.07421875
2 0.24140625 0.0984375 0.0328125 0.0765625
2 0.21171875 0.1 0.0296875 0.07421875
2 0.3 0.1 0.03125 0.078125
2 0.33046875 0.10234375 0.0328125 0.0796875
2 0.45 0.10234375 0.03125 0.0765625
1 0.38984375 0.10234375 0.0328125 0.0796875
2 0.4203125 0.10234375 0.03125 0.0765625
2 0.59921875 0.10234375 0.0296875 0.0765625
2 0.359375 0.103125 0.03125 0.07421875
2 0.5390625 0.1046875 0.03125 0.0765625
2 0.509375 0.1046875 0.03125 0.0765625
2 0.56875 0.103125 0.03125 0.07421875
2 0.625 0.103125 0.025 0.07421875
2 0.47890625 0.10546875 0.0296875 0.07421875
2 0.2703125 0.17265625 0.03125 0.0796875
2 0.2109375 0.17265625 0.028125 0.0765625
2 0.2390625 0.175 0.03125 0.0765625
2 0.328125 0.17578125 0.03125 0.07421875
2 0.3578125 0.17578125 0.03125 0.078125
2 0.29765625 0.1765625 0.0296875 0.0765625
2 0.38828125 0.17578125 0.0296875 0.078125
2 0.41796875 0.178125 0.0328125 0.07421875
2 0.56796875 0.1765625 0.0296875 0.071875
2 0.625 0.1765625 0.021875 0.06875
2 0.4484375 0.178125 0.03125 0.078125
2 0.59921875 0.178125 0.0296875 0.07421875
2 0.47734375 0.178125 0.0296875 0.078125
2 0.5390625 0.178125 0.03125 0.07421875
2 0.50859375 0.17890625 0.0328125 0.0765625