4 0.1921875 0.19921875 0.03125 0.07421875
2 0.16328125 0.20390625 0.0296875 0.0765625
2 0.1375 0.20390625 0.03125 0.0796875
2 0.1078125 0.20625 0.028125 0.0765625
2 0.0796875 0.2078125 0.028125 0.06875
2 0.05234375 0.2109375 0.0265625 0.0703125
2 0.02578125 0.21484375 0.0296875 0.07421875
2 0.165625 0.27734375 0.03125 0.0703125
4 0.1953125 0.27734375 0.028125 0.0703125
2 0.13671875 0.278125 0.0265625 0.0765625
2 0.08046875 0.28125 0.0296875 0.08203125
2 0.1109375 0.28203125 0.03125 0.0765625
2 0.05390625 0.2859375 0.0296875 0.0765625
2 0.02421875 0.2890625 0.0328125 0.078125
2 0.16953125 0.3484375 0.0328125 0.071875
2 0.140625 0.35 0.028125 0.0703125
1 0.19453125 0.35 0.0296875 0.07421875
2 0.08125 0.3546875 0.028125 0.071875
2 0.1109375 0.35625 0.028125 0.0765625
2 0.0265625 0.35859375 0.03125 0.071875
2 0.05390625 0.359375 0.0296875 0.07421875
2 0.17109375 0.41875 0.0265625 0.071875
1 0.19609375 0.41875 0.0296875 0.06875
2 0.14453125 0.421875 0.0296875 0.07421875
2 0.11328125 0.42578125 0.0296875 0.078125
1 0.08515625 0.42890625 0.0265625 0.071875
2 0.0578125 0.42890625 0.028125 0.0765625
2 0.0265625 0.43125 0.03125 0.078125
2 0.17265625 0.4953125 0.0296875 0.0765625
4 0.19921875 0.49609375 0.0296875 0.078125
2 0.11484375 0.4984375 0.0296875 0.07421875
2 0.14375 0.4984375 0.028125 0.078125
2 0.0875 0.50078125 0.028125 0.071875
2 0.03125 0.50390625 0.03125 0.0703125
1 0.05859375 0.5046875 0.0296875 0.071875
4 0.2015625 0.56953125 0.028125 0.071875
2 0.17578125 0.56953125 0.0296875 0.0765625
1 0.14765625 0.57109375 0.0296875 0.071875
2 0.08984375 0.575 0.0296875 0.06875
2 0.1171875 0.57421875 0.028125 0.07421875
2 0.06171875 0.57734375 0.0296875 0.071875
2 0.03125 0.5796875 0.03125 0.0703125
2 0.165625 0.05859375 0.034375 0.07421875
1 0.19140625 0.059375 0.0296875 0.0765625
2 0.1390625 0.059375 0.03125 0.0765625
1 0.20390625 0.64140625 0.0265625 0.06875
2 0.17578125 0.64453125 0.0296875 0.0703125
2 0.1078125 0.065625 0.03125 0.0765625
2 0.14765625 0.6453125 0.0265625 0.06875
2 0.121875 0.646875 0.03125 0.07421875
2 0.090625 0.64921875 0.028125 0.071875
1 0.0625 0.64921875 0.03125 0.0765625
2 0.03359375 0.6515625 0.0296875 0.071875
2 0.07890625 0.0671875 0.0328125 0.071875
2 0.0515625 0.06953125 0.03125 0.0765625
2 0.1796875 0.7171875 0.03125 0.07421875
2 0.2046875 0.7171875 0.025 0.0703125
2 0.15078125 0.7171875 0.0328125 0.07421875
2 0.12265625 0.71953125 0.0265625 0.071875
2 0.09296875 0.71953125 0.0265625 0.071875
2 0.06484375 0.721875 0.0265625 0.071875
2 0.0234375 0.0734375 0.03125 0.0765625
1 0.03671875 0.725 0.0296875 0.078125
2 0.18125 0.78828125 0.028125 0.06875
2 0.1546875 0.7890625 0.03125 0.07421875
4 0.21015625 0.78984375 0.0296875 0.0765625
2 0.096875 0.790625 0.028125 0.0703125
2 0.125 0.790625 0.03125 0.0703125
2 0.065625 0.79375 0.028125 0.071875
2 0.0390625 0.7953125 0.028125 0.0703125
2 0.2125 0.86328125 0.025 0.0703125
2 0.0703125 0.8640625 0.028125 0.071875
2 0.1859375 0.86640625 0.03125 0.0765625
2 0.0984375 0.865625 0.028125 0.07421875
2 0.15625 0.865625 0.03125 0.078125
2 0.0421875 0.8671875 0.028125 0.078125
2 0.12890625 0.8671875 0.0296875 0.078125
2 0.159375 0.934375 0.03125 0.06875
1 0.21328125 0.934375 0.0296875 0.071875
2 0.10234375 0.93671875 0.0296875 0.0640625
2 0.13203125 0.93671875 0.0296875 0.0640625
2 0.075 0.93671875 0.03125 0.071875
2 0.1875 0.93828125 0.03125 0.06875
2 0.04609375 0.9375 0.0328125 0.0703125
2 0.01796875 0.93828125 0.0328125 0.06875
1 0.19140625 0.1296875 0.0296875 0.071875
2 0.1640625 0.1328125 0.028125 0.07421875
2 0.1359375 0.1328125 0.03125 0.0703125
2 0.10703125 0.13671875 0.0296875 0.078125
2 0.05 0.140625 0.028125 0.07421875
2 0.08125 0.14140625 0.034375 0.0765625
2 0.02109375 0.1421875 0.0296875 0.07421875