2 0.20859375 0.58671875 0.0390625 0.1234375
2 0.05625 0.58671875 0.0375 0.11875
4 0.128125 0.58671875 0.0375 0.1234375
2 0.2875 0.5890625 0.040625 0.1234375
2 0.36796875 0.590625 0.0421875 0.1234375
4 0.52578125 0.5921875 0.0421875 0.12109375
4 0.44765625 0.59296875 0.0421875 0.11875
2 0.60625 0.59765625 0.04375 0.1171875
2 0.68671875 0.60078125 0.0453125 0.1234375
2 0.765625 0.6015625 0.04375 0.12109375
4 0.921875 0.60078125 0.046875 0.11875
2 0.84375 0.603125 0.04375 0.12109375
2 0.0546875 0.70390625 0.0375 0.11875
4 0.128125 0.70390625 0.0375 0.1234375
2 0.20546875 0.7046875 0.0390625 0.12109375
2 0.2828125 0.709375 0.040625 0.12109375
2 0.3640625 0.7078125 0.04375 0.1234375
0 0.4421875 0.71015625 0.040625 0.1234375
1 0.52265625 0.7140625 0.0421875 0.1234375
2 0.60390625 0.715625 0.0421875 0.1265625
1 0.6828125 0.71796875 0.04375 0.1265625
2 0.91953125 0.71953125 0.0453125 0.11875
2 0.76484375 0.7203125 0.0453125 0.12109375
2 0.84375 0.721875 0.046875 0.11875
2 0.05234375 0.81953125 0.0359375 0.11875
4 0.125 0.82109375 0.034375 0.11875
2 0.20390625 0.8234375 0.0390625 0.115625
2 0.28203125 0.828125 0.0390625 0.1171875
2 0.440625 0.82890625 0.0375 0.1265625
2 0.36171875 0.82890625 0.0421875 0.11875
2 0.51953125 0.8328125 0.0421875 0.11875
2 0.6015625 0.8359375 0.040625 0.125
2 0.840625 0.83671875 0.046875 0.11875
2 0.76171875 0.8390625 0.0421875 0.11875
2 0.9171875 0.8390625 0.046875 0.1234375
4 0.67890625 0.840625 0.0453125 0.11875
2 0.8359375 0.94921875 0.04375 0.1015625
2 0.91484375 0.94921875 0.0453125 0.1015625
2 0.759375 0.95 0.04375 0.1