2 0.36328125 0.2203125 0.0390625 0.12890625
2 0.04453125 0.2203125 0.0390625 0.12109375
2 0.125 0.221875 0.0375 0.1265625
4 0.20234375 0.221875 0.0390625 0.1234375
2 0.28125 0.22265625 0.040625 0.12109375
2 0.440625 0.22578125 0.04375 0.1234375
4 0.52421875 0.22734375 0.0421875 0.1234375
2 0.60390625 0.22734375 0.0453125 0.1265625
2 0.68515625 0.23046875 0.0421875 0.125
2 0.76953125 0.23359375 0.0421875 0.1265625
2 0.846875 0.2375 0.046875 0.1234375
2 0.928125 0.24296875 0.046875 0.1234375
2 0.04140625 0.33671875 0.0359375 0.1234375
2 0.12109375 0.3421875 0.0390625 0.125
4 0.19921875 0.3421875 0.0390625 0.12109375
2 0.2796875 0.34296875 0.040625 0.1234375
2 0.359375 0.34453125 0.04375 0.1234375
2 0.5203125 0.34765625 0.046875 0.125
0 0.44140625 0.3484375 0.0453125 0.1234375
2 0.6015625 0.35 0.04375 0.125
2 0.684375 0.35234375 0.040625 0.1265625
2 0.76796875 0.35625 0.0453125 0.1265625
2 0.846875 0.35625 0.046875 0.1234375
2 0.92890625 0.3640625 0.0453125 0.1265625
2 0.11640625 0.4625 0.0390625 0.12109375
4 0.19765625 0.46484375 0.0390625 0.125
2 0.36015625 0.465625 0.0453125 0.1234375
2 0.27578125 0.46796875 0.0453125 0.1234375
2 0.4390625 0.46953125 0.04375 0.1234375
2 0.5203125 0.471875 0.04375 0.1265625
2 0.6015625 0.475 0.04375 0.125
2 0.68203125 0.4765625 0.0453125 0.125
2 0.76640625 0.4796875 0.0484375 0.1234375
2 0.846875 0.48046875 0.04375 0.125
2 0.928125 0.48359375 0.046875 0.11875
2 0.11640625 0.5828125 0.0390625 0.1234375
4 0.19375 0.58515625 0.0375 0.11875
2 0.2734375 0.58515625 0.040625 0.1265625
2 0.35703125 0.590625 0.0453125 0.1265625
2 0.51953125 0.5921875 0.0421875 0.12109375
4 0.4375 0.59296875 0.04375 0.1265625
2 0.68203125 0.596875 0.0453125 0.1265625
2 0.60078125 0.59765625 0.0453125 0.125
2 0.76484375 0.6015625 0.0484375 0.125
2 0.8453125 0.60078125 0.046875 0.1234375
2 0.92734375 0.60234375 0.0453125 0.1234375
2 0.27421875 0.71171875 0.0421875 0.1234375
2 0.35546875 0.7140625 0.0421875 0.1234375
4 0.4359375 0.7171875 0.040625 0.12109375
2 0.51640625 0.7171875 0.0421875 0.125
2 0.59921875 0.71953125 0.0453125 0.1234375
2 0.68203125 0.7203125 0.0453125 0.125
2 0.76328125 0.71953125 0.0453125 0.1265625
2 0.8421875 0.725 0.05 0.12109375
2 0.35546875 0.834375 0.0390625 0.12109375
1 0.434375 0.8375 0.04375 0.12109375
2 0.515625 0.8375 0.040625 0.125
2 0.59765625 0.840625 0.0421875 0.1234375
2 0.840625 0.84296875 0.046875 0.11875
2 0.67890625 0.84296875 0.0453125 0.1234375
2 0.7609375 0.84453125 0.046875 0.11875
2 0.12734375 0.1 0.0421875 0.125
4 0.28515625 0.10234375 0.0390625 0.1234375
2 0.04921875 0.103125 0.0390625 0.125
4 0.20546875 0.1046875 0.0390625 0.1234375
2 0.365625 0.1046875 0.04375 0.1265625
4 0.52578125 0.10625 0.0453125 0.11875
4 0.44453125 0.10859375 0.0421875 0.1234375
2 0.60546875 0.10859375 0.0484375 0.1234375
2 0.6875 0.115625 0.04375 0.125
2 0.76953125 0.1203125 0.0453125 0.1265625
2 0.8484375 0.1203125 0.046875 0.1265625
2 0.928125 0.121875 0.04375 0.11875