2 0.21796875 0.4875 0.0265625 0.0765625
2 0.24453125 0.48828125 0.0328125 0.07421875
2 0.2734375 0.4890625 0.034375 0.06875
2 0.0234375 0.509375 0.028125 0.0703125
2 0.04921875 0.5109375 0.0265625 0.06875
4 0.215625 0.56328125 0.028125 0.071875
2 0.2734375 0.56328125 0.03125 0.0796875
2 0.24296875 0.56640625 0.0296875 0.08203125
2 0.3 0.56953125 0.028125 0.0796875
2 0.33046875 0.5703125 0.0328125 0.078125
2 0.3625 0.57109375 0.03125 0.071875
2 0.021875 0.578125 0.025 0.06640625
2 0.0484375 0.57890625 0.028125 0.06875
2 0.07421875 0.5796875 0.0265625 0.06640625
2 0.12734375 0.58125 0.0265625 0.0640625
2 0.10078125 0.58203125 0.0265625 0.06640625
2 0.21328125 0.6359375 0.0296875 0.071875
2 0.24140625 0.63984375 0.0296875 0.071875
2 0.27109375 0.64140625 0.0296875 0.0765625
2 0.2984375 0.64375 0.03125 0.0765625
2 0.32890625 0.64453125 0.0328125 0.078125
2 0.0203125 0.6453125 0.025 0.06875
2 0.046875 0.646875 0.025 0.06640625
2 0.07265625 0.6453125 0.0234375 0.06875
2 0.38828125 0.64765625 0.0328125 0.0796875
2 0.09921875 0.646875 0.0265625 0.06640625
2 0.12578125 0.646875 0.0265625 0.0703125
2 0.35859375 0.6484375 0.0328125 0.078125
2 0.41796875 0.65 0.0328125 0.078125
2 0.4484375 0.65 0.03125 0.07421875
4 0.21171875 0.71171875 0.0296875 0.0765625
2 0.0203125 0.7140625 0.025 0.071875
2 0.04375 0.71484375 0.028125 0.07421875
2 0.06953125 0.7140625 0.0296875 0.071875
2 0.2375 0.715625 0.034375 0.0796875
2 0.096875 0.715625 0.028125 0.0765625
2 0.121875 0.71796875 0.025 0.071875
2 0.26796875 0.71875 0.0328125 0.07421875
2 0.2984375 0.71875 0.028125 0.07421875
2 0.32734375 0.7203125 0.0328125 0.07421875
2 0.359375 0.721875 0.03125 0.06875
2 0.3859375 0.72265625 0.03125 0.0703125
2 0.41640625 0.725 0.0328125 0.0703125
2 0.446875 0.72578125 0.034375 0.071875
2 0.47421875 0.72578125 0.0296875 0.071875
1 0.50390625 0.72734375 0.0328125 0.071875
2 0.534375 0.7296875 0.034375 0.06875
4 0.20625 0.78515625 0.028125 0.0703125
2 0.234375 0.78828125 0.034375 0.06875
2 0.26484375 0.7921875 0.0296875 0.0765625
2 0.29375 0.79296875 0.03125 0.078125
2 0.32421875 0.79296875 0.0328125 0.07421875
2 0.35234375 0.7953125 0.0328125 0.07421875
2 0.38203125 0.79765625 0.0328125 0.0765625
2 0.4125 0.79765625 0.03125 0.0765625
2 0.4421875 0.80078125 0.03125 0.078125
2 0.47109375 0.803125 0.0296875 0.08203125
2 0.53125 0.803125 0.03125 0.078125
2 0.5015625 0.80390625 0.034375 0.0765625
1 0.56171875 0.80625 0.0328125 0.0703125
2 0.5921875 0.8078125 0.03125 0.06875
2 0.62109375 0.809375 0.0296875 0.06875
4 0.2046875 0.85859375 0.025 0.0765625
2 0.23125 0.8625 0.03125 0.0796875
2 0.26171875 0.865625 0.0328125 0.0703125
2 0.2921875 0.8671875 0.03125 0.0703125
2 0.321875 0.86875 0.03125 0.07421875
2 0.35 0.8703125 0.03125 0.071875
2 0.378125 0.8734375 0.03125 0.07421875
1 0.4078125 0.8734375 0.034375 0.07421875
1 0.440625 0.875 0.03125 0.0703125
2 0.46953125 0.87578125 0.0296875 0.06875
2 0.49921875 0.8765625 0.0328125 0.0703125
2 0.53046875 0.878125 0.0296875 0.071875
2 0.56015625 0.88125 0.0296875 0.07421875
2 0.58984375 0.88125 0.0296875 0.078125
1 0.61796875 0.88125 0.0296875 0.07421875
2 0.08828125 0.915625 0.0234375 0.05859375
1 0.115625 0.91796875 0.028125 0.05859375
4 0.2046875 0.93359375 0.025 0.0703125
2 0.23203125 0.93359375 0.0296875 0.0703125
2 0.2609375 0.93671875 0.028125 0.071875
2 0.28984375 0.9390625 0.0296875 0.07421875
2 0.32109375 0.9421875 0.0296875 0.0765625
2 0.3484375 0.9421875 0.028125 0.071875
1 0.3765625 0.94375 0.028125 0.07421875
1 0.4078125 0.946875 0.034375 0.07421875
2 0.43828125 0.94921875 0.0328125 0.07421875
2 0.4671875 0.94921875 0.03125 0.07421875
2 0.496875 0.95 0.03125 0.0765625
2 0.5265625 0.95390625 0.03125 0.071875
2 0.55625 0.95390625 0.03125 0.0765625
2 0.58671875 0.95625 0.0328125 0.0765625
2 0.615625 0.9546875 0.03125 0.07421875
2 0.0609375 0.97265625 0.025 0.0546875
2 0.11171875 0.97265625 0.0265625 0.0546875