4 0.5140625 0.2109375 0.0375 0.1171875
2 0.58671875 0.2109375 0.0390625 0.125
2 0.66796875 0.2109375 0.0390625 0.125
2 0.74609375 0.2140625 0.0390625 0.11875
2 0.825 0.21953125 0.0375 0.11875
2 0.90234375 0.21953125 0.0359375 0.11875
2 0.97734375 0.225 0.0328125 0.1171875
4 0.5109375 0.32890625 0.0375 0.11875
2 0.58671875 0.33125 0.0390625 0.1234375
2 0.66640625 0.33203125 0.0390625 0.12109375
2 0.746875 0.3328125 0.0375 0.11875
2 0.82421875 0.33515625 0.0359375 0.11875
2 0.90390625 0.3359375 0.0328125 0.1171875
2 0.978125 0.3390625 0.034375 0.11875
4 0.509375 0.44609375 0.0375 0.11875
2 0.66640625 0.44921875 0.0390625 0.12109375
2 0.746875 0.44921875 0.0375 0.1171875
2 0.58515625 0.4515625 0.0390625 0.12109375
2 0.82578125 0.4515625 0.0359375 0.12109375
4 0.90234375 0.4515625 0.0359375 0.12109375
2 0.97734375 0.45625 0.0328125 0.11875
4 0.5078125 0.5671875 0.0375 0.1234375
2 0.58359375 0.56875 0.0390625 0.12109375
4 0.6671875 0.56953125 0.0375 0.11875
2 0.7453125 0.5703125 0.0375 0.12109375
2 0.8234375 0.5703125 0.034375 0.1171875
4 0.903125 0.57109375 0.034375 0.11875
2 0.97734375 0.571875 0.0328125 0.11328125
4 0.50625 0.6859375 0.0375 0.1171875
2 0.58203125 0.6859375 0.0390625 0.1171875
4 0.665625 0.68671875 0.0375 0.1109375
2 0.74375 0.68671875 0.034375 0.115625
2 0.90078125 0.68671875 0.0328125 0.1109375
2 0.9765625 0.6875 0.03125 0.1171875
2 0.8234375 0.6875 0.034375 0.11328125
2 0.5875 0.09375 0.040625 0.12109375
2 0.66796875 0.0953125 0.0390625 0.125
2 0.746875 0.0984375 0.0375 0.11875
2 0.82421875 0.10078125 0.0359375 0.11875
2 0.9015625 0.103125 0.034375 0.1171875
2 0.9765625 0.10859375 0.034375 0.11875