2 0.17578125 0.20703125 0.0296875 0.078125
2 0.234375 0.2078125 0.03125 0.0765625
4 0.121875 0.209375 0.028125 0.07421875
2 0.146875 0.209375 0.028125 0.07421875
2 0.20546875 0.209375 0.0328125 0.07421875
2 0.265625 0.21015625 0.028125 0.071875
2 0.29375 0.21171875 0.03125 0.071875
2 0.3234375 0.21484375 0.03125 0.07421875
2 0.3546875 0.21484375 0.03125 0.07421875
2 0.38359375 0.2171875 0.0296875 0.07421875
2 0.4140625 0.21953125 0.03125 0.071875
2 0.44296875 0.22265625 0.0296875 0.07421875
2 0.47265625 0.22265625 0.0328125 0.07421875
2 0.53046875 0.225 0.0296875 0.0703125
2 0.5015625 0.22578125 0.03125 0.071875
1 0.1171875 0.28125 0.028125 0.07421875
2 0.1453125 0.28125 0.03125 0.0703125
2 0.17421875 0.28203125 0.0296875 0.071875
2 0.20390625 0.28203125 0.0296875 0.0765625
2 0.23359375 0.28515625 0.0296875 0.07421875
2 0.26171875 0.284375 0.0296875 0.0765625
2 0.2921875 0.2875 0.03125 0.07421875
2 0.32109375 0.2890625 0.0296875 0.07421875
2 0.35078125 0.28984375 0.0296875 0.0765625
2 0.3796875 0.29296875 0.03125 0.078125
2 0.4109375 0.29375 0.03125 0.0765625
2 0.43984375 0.2953125 0.0296875 0.07421875
2 0.46796875 0.296875 0.0296875 0.07421875
2 0.4984375 0.29765625 0.03125 0.0765625
2 0.528125 0.2984375 0.03125 0.07421875
2 0.17109375 0.3546875 0.0296875 0.0765625
4 0.1140625 0.353125 0.025 0.07421875
2 0.140625 0.3546875 0.03125 0.0765625
2 0.19765625 0.3578125 0.0296875 0.07421875
2 0.2265625 0.35859375 0.03125 0.071875
2 0.25703125 0.359375 0.0296875 0.07421875
2 0.2859375 0.3609375 0.03125 0.07421875
2 0.315625 0.3625 0.03125 0.071875
2 0.34765625 0.36640625 0.0328125 0.0765625
2 0.3765625 0.36796875 0.028125 0.071875
2 0.40546875 0.3703125 0.0296875 0.0765625
2 0.43515625 0.3703125 0.0296875 0.0765625
2 0.465625 0.3703125 0.03125 0.071875
2 0.49453125 0.37109375 0.0296875 0.07421875
2 0.525 0.3734375 0.028125 0.07421875
1 0.11015625 0.42890625 0.0265625 0.071875
2 0.1375 0.428125 0.03125 0.07421875
2 0.16640625 0.43125 0.0296875 0.07421875
2 0.19609375 0.43125 0.0296875 0.07421875
2 0.225 0.43125 0.03125 0.07421875
2 0.2546875 0.434375 0.028125 0.071875
2 0.28203125 0.43671875 0.0328125 0.0765625
2 0.31328125 0.4375 0.0296875 0.07421875
2 0.34375 0.440625 0.03125 0.071875
2 0.37421875 0.4421875 0.0296875 0.0765625
2 0.403125 0.44375 0.03125 0.07421875
2 0.434375 0.4453125 0.028125 0.07421875
2 0.4625 0.44609375 0.03125 0.0765625
2 0.49296875 0.446875 0.0328125 0.078125
2 0.5203125 0.4484375 0.03125 0.0765625
1 0.10703125 0.5015625 0.0265625 0.07421875
1 0.13359375 0.5015625 0.0296875 0.07421875
2 0.1625 0.5046875 0.03125 0.0765625
2 0.19140625 0.50625 0.0328125 0.07421875
2 0.221875 0.5078125 0.03125 0.078125
2 0.25 0.509375 0.028125 0.078125
2 0.2796875 0.5109375 0.03125 0.0765625
2 0.3109375 0.5140625 0.03125 0.078125
2 0.3390625 0.51484375 0.03125 0.0765625
2 0.36953125 0.5171875 0.0296875 0.07421875
2 0.39921875 0.5171875 0.0328125 0.078125
2 0.428125 0.51953125 0.03125 0.078125
2 0.45859375 0.5234375 0.0328125 0.078125
2 0.4890625 0.525 0.03125 0.078125
2 0.5171875 0.52421875 0.028125 0.0765625
4 0.103125 0.57734375 0.028125 0.0765625
2 0.18828125 0.578125 0.0296875 0.07421875
2 0.13046875 0.57734375 0.0296875 0.0765625
2 0.15859375 0.578125 0.0296875 0.07421875
2 0.2171875 0.58125 0.03125 0.0765625
2 0.24765625 0.584375 0.0296875 0.07421875
2 0.15625 0.0609375 0.028125 0.07421875
2 0.275 0.58671875 0.03125 0.0765625
2 0.30546875 0.5890625 0.0328125 0.0765625
2 0.3359375 0.58984375 0.03125 0.07421875
2 0.36484375 0.59296875 0.0328125 0.0765625
2 0.39453125 0.59296875 0.0328125 0.071875
2 0.42578125 0.59453125 0.0328125 0.071875
2 0.45703125 0.596875 0.0328125 0.071875
2 0.48515625 0.5984375 0.0328125 0.071875
2 0.5140625 0.60078125 0.03125 0.0765625
2 0.18515625 0.0625 0.0296875 0.07421875
2 0.21484375 0.06171875 0.0296875 0.071875
4 0.12890625 0.0625 0.0265625 0.07421875
2 0.24296875 0.06328125 0.0296875 0.071875
1 0.27265625 0.06640625 0.0296875 0.07421875
2 0.15625 0.65 0.03125 0.07421875
2 0.10078125 0.64921875 0.0265625 0.071875
2 0.12734375 0.64921875 0.0296875 0.071875
2 0.1875 0.653125 0.03125 0.0765625
2 0.21484375 0.65625 0.0296875 0.07421875
2 0.24453125 0.659375 0.0296875 0.0765625
2 0.2734375 0.6625 0.03125 0.07421875
2 0.30390625 0.6625 0.0296875 0.07421875
2 0.3015625 0.0671875 0.028125 0.071875
2 0.33046875 0.0671875 0.0328125 0.0765625
2 0.359375 0.06640625 0.028125 0.078125
2 0.3328125 0.6640625 0.03125 0.07421875
2 0.3640625 0.6671875 0.03125 0.0765625
2 0.39375 0.66796875 0.03125 0.078125
2 0.4234375 0.6703125 0.03125 0.078125
2 0.45234375 0.67265625 0.0296875 0.0765625
2 0.4828125 0.6734375 0.03125 0.07421875
2 0.51171875 0.675 0.0296875 0.071875
2 0.3890625 0.0703125 0.03125 0.078125
2 0.41875 0.0734375 0.03125 0.071875
4 0.09765625 0.7265625 0.0265625 0.08203125
1 0.12578125 0.72734375 0.0296875 0.0796875
2 0.15390625 0.7265625 0.0328125 0.078125
2 0.18359375 0.728125 0.0296875 0.07421875
2 0.2125 0.73046875 0.03125 0.07421875
2 0.2421875 0.7328125 0.03125 0.07421875
2 0.271875 0.73515625 0.03125 0.0765625
2 0.3015625 0.7359375 0.034375 0.07421875
2 0.3296875 0.740625 0.03125 0.07421875
2 0.44921875 0.075 0.0296875 0.071875
2 0.359375 0.7421875 0.034375 0.07421875
2 0.3890625 0.74375 0.03125 0.07421875
2 0.4203125 0.7453125 0.03125 0.071875
2 0.44921875 0.7453125 0.0328125 0.071875
2 0.4796875 0.74921875 0.03125 0.0765625
2 0.509375 0.75 0.028125 0.078125
2 0.47890625 0.0765625 0.0328125 0.07421875
2 0.5078125 0.07890625 0.03125 0.071875
4 0.096875 0.79765625 0.028125 0.0640625
2 0.121875 0.80078125 0.028125 0.06640625
2 0.1515625 0.8015625 0.03125 0.06875
2 0.18125 0.80390625 0.03125 0.071875
2 0.2109375 0.8046875 0.03125 0.07421875
2 0.23984375 0.80625 0.0328125 0.07421875
2 0.2703125 0.80859375 0.03125 0.0703125
2 0.30078125 0.8109375 0.0359375 0.07421875
2 0.32734375 0.8125 0.0328125 0.07421875
2 0.35703125 0.815625 0.0328125 0.06875
2 0.3875 0.81875 0.03125 0.07421875
2 0.4171875 0.81875 0.03125 0.07421875
1 0.53515625 0.0828125 0.0296875 0.0765625
2 0.44765625 0.821875 0.0328125 0.07421875
2 0.47578125 0.82421875 0.0328125 0.0703125
2 0.50390625 0.825 0.0296875 0.071875
4 0.09453125 0.8671875 0.0265625 0.0703125
2 0.121875 0.86640625 0.028125 0.06875
2 0.14921875 0.86796875 0.0296875 0.06875
2 0.178125 0.871875 0.03125 0.06875
2 0.20859375 0.87578125 0.0296875 0.071875
2 0.23671875 0.87890625 0.0296875 0.0703125
2 0.26640625 0.88203125 0.0296875 0.071875
2 0.29609375 0.88359375 0.0296875 0.071875
2 0.325 0.88671875 0.03125 0.07421875
2 0.35390625 0.88984375 0.0328125 0.071875
2 0.384375 0.89140625 0.034375 0.071875
2 0.4140625 0.8921875 0.034375 0.07421875
2 0.44453125 0.896875 0.0328125 0.07421875
2 0.4734375 0.8984375 0.034375 0.07421875
2 0.50234375 0.9 0.0328125 0.07421875
2 0.17734375 0.9421875 0.0296875 0.071875
1 0.20546875 0.94609375 0.0296875 0.06875
1 0.23359375 0.94921875 0.0328125 0.0703125
1 0.265625 0.9515625 0.028125 0.06640625
2 0.29453125 0.95390625 0.0296875 0.0640625
2 0.32421875 0.9546875 0.0296875 0.05859375
2 0.35390625 0.95625 0.0296875 0.0609375
2 0.38359375 0.9578125 0.0296875 0.0609375
2 0.41328125 0.96015625 0.0296875 0.0609375
2 0.4421875 0.9625 0.03125 0.05859375
2 0.47109375 0.96484375 0.0296875 0.05859375
0 0.5015625 0.96796875 0.028125 0.0609375
2 0.209375 0.13359375 0.03125 0.06875
2 0.18046875 0.1359375 0.0296875 0.06875
4 0.12578125 0.1359375 0.0296875 0.071875
2 0.1515625 0.1359375 0.03125 0.071875
1 0.2390625 0.1375 0.034375 0.06875
2 0.26796875 0.1390625 0.0296875 0.07421875
2 0.2953125 0.13984375 0.03125 0.071875
2 0.32578125 0.14140625 0.0328125 0.071875
2 0.35703125 0.14375 0.0296875 0.071875
2 0.38515625 0.1453125 0.0328125 0.071875
2 0.415625 0.14453125 0.03125 0.07421875
2 0.4453125 0.146875 0.03125 0.07421875
2 0.47421875 0.15 0.0328125 0.0703125
2 0.5046875 0.15234375 0.03125 0.0703125
2 0.53203125 0.1546875 0.0296875 0.0703125