2 0.72109375 0.21875 0.0484375 0.125
4 0.8015625 0.26875 0.04375 0.1234375
2 0.86875 0.30546875 0.0375 0.115625
2 0.94453125 0.3078125 0.0453125 0.11875
2 0.865625 0.425 0.046875 0.1234375
4 0.94140625 0.425 0.0453125 0.1234375
2 0.58203125 0.453125 0.0453125 0.125
2 0.08828125 0.48125 0.0359375 0.11875
4 0.16484375 0.48515625 0.0390625 0.1234375
2 0.24609375 0.48515625 0.0421875 0.11875
2 0.3265625 0.4875 0.040625 0.1234375
2 0.65546875 0.5125 0.0390625 0.1234375
2 0.86484375 0.54375 0.0453125 0.1234375
4 0.9421875 0.54375 0.046875 0.115625
2 0.58046875 0.571875 0.0453125 0.12890625
2 0.0890625 0.60234375 0.0375 0.11875
2 0.2453125 0.60234375 0.040625 0.1265625
4 0.16484375 0.603125 0.0390625 0.12109375
2 0.32421875 0.6078125 0.0421875 0.1171875
4 0.65546875 0.6359375 0.0421875 0.1234375
4 0.9390625 0.66328125 0.046875 0.115625
2 0.86171875 0.66484375 0.0453125 0.115625
2 0.578125 0.696875 0.04375 0.125
2 0.86953125 0.07109375 0.0359375 0.1234375
2 0.08671875 0.7203125 0.0359375 0.12109375
4 0.1640625 0.721875 0.0375 0.11875
2 0.24296875 0.7234375 0.0421875 0.1234375
2 0.3234375 0.7296875 0.040625 0.1265625
2 0.940625 0.075 0.04375 0.115625
4 0.653125 0.75703125 0.04375 0.1234375
2 0.57890625 0.8171875 0.0421875 0.1234375
2 0.08828125 0.83671875 0.0359375 0.11875
4 0.16328125 0.84296875 0.0328125 0.1234375
2 0.24453125 0.84453125 0.0390625 0.1234375
2 0.3203125 0.84765625 0.0375 0.1171875
2 0.65234375 0.8765625 0.0390625 0.11328125
2 0.57890625 0.934375 0.0421875 0.11875
4 0.08828125 0.9484375 0.0359375 0.103125
4 0.1625 0.94921875 0.03125 0.1015625
2 0.24296875 0.95078125 0.0359375 0.0984375
2 0.32265625 0.953125 0.0359375 0.09375
2 0.72265625 0.0984375 0.0453125 0.1234375
4 0.80078125 0.1484375 0.0421875 0.125
2 0.8703125 0.18828125 0.0375 0.11875
0 0.94140625 0.1890625 0.0453125 0.1171875