2 0.02265625 0.471875 0.0390625 0.11875
4 0.09765625 0.478125 0.0390625 0.1171875
2 0.17734375 0.48359375 0.0390625 0.11875
4 0.25 0.49140625 0.0375 0.11875
2 0.33125 0.4953125 0.040625 0.115625
2 0.409375 0.50390625 0.040625 0.1171875
2 0.49921875 0.5078125 0.0453125 0.12109375
2 0.57734375 0.51171875 0.0453125 0.1171875
2 0.65390625 0.51640625 0.0453125 0.11875
2 0.73515625 0.5234375 0.0453125 0.1171875
2 0.8140625 0.528125 0.040625 0.11875
4 0.89296875 0.5328125 0.0421875 0.1171875
4 0.96640625 0.5390625 0.0421875 0.1171875
2 0.0171875 0.5921875 0.034375 0.1171875
2 0.09296875 0.59453125 0.0390625 0.11875
2 0.17109375 0.603125 0.0390625 0.12109375
4 0.24609375 0.609375 0.0390625 0.12109375
2 0.32421875 0.6125 0.0390625 0.11875
2 0.40390625 0.6234375 0.0390625 0.12109375
2 0.4921875 0.62578125 0.046875 0.115625
2 0.56953125 0.63125 0.0453125 0.12109375
2 0.6484375 0.6375 0.046875 0.1234375
2 0.72890625 0.64375 0.0421875 0.1234375
2 0.80859375 0.64765625 0.0421875 0.11875
0 0.884375 0.65234375 0.04375 0.1171875
4 0.9609375 0.65625 0.04375 0.1171875
2 0.015625 0.709375 0.03125 0.12109375
2 0.08984375 0.715625 0.0390625 0.11875
2 0.16796875 0.7234375 0.0390625 0.11875
4 0.23984375 0.73125 0.0359375 0.1234375
2 0.31796875 0.7359375 0.0359375 0.12109375
2 0.4 0.74296875 0.0375 0.1234375
2 0.484375 0.746875 0.04375 0.1234375
2 0.56171875 0.75078125 0.0390625 0.11875
2 0.6421875 0.75625 0.04375 0.1171875
2 0.72265625 0.759375 0.0421875 0.11328125
2 0.80234375 0.76484375 0.0421875 0.11875
2 0.8796875 0.76953125 0.04375 0.1171875
2 0.953125 0.775 0.046875 0.1171875
4 0.0859375 0.834375 0.0375 0.12109375
2 0.1625 0.83984375 0.0375 0.1171875
4 0.23515625 0.84765625 0.0359375 0.1171875
2 0.3140625 0.8578125 0.034375 0.125
4 0.3921875 0.86015625 0.0375 0.11875