2 0.24296875 0.2328125 0.0421875 0.13671875
4 0.08828125 0.27421875 0.0390625 0.1265625
2 0.15703125 0.31171875 0.0390625 0.13125
2 0.24296875 0.35625 0.0421875 0.134375
4 0.08515625 0.396875 0.0390625 0.12890625
2 0.15546875 0.4296875 0.0390625 0.12890625
2 0.2390625 0.47578125 0.040625 0.1265625
4 0.09453125 0.0515625 0.0359375 0.103125
2 0.08203125 0.51875 0.0359375 0.1234375
2 0.1515625 0.55 0.040625 0.13125
2 0.0796875 0.6375 0.034375 0.1234375
2 0.15234375 0.67265625 0.0328125 0.11875
2 0.165625 0.07109375 0.0375 0.1265625
2 0.01953125 0.08671875 0.0390625 0.11875
4 0.2453125 0.11640625 0.04375 0.13125
2 0.09140625 0.1578125 0.0359375 0.12890625
2 0.16015625 0.18671875 0.0390625 0.1265625