4 0.14609375 0.2 0.0421875 0.1234375
2 0.22421875 0.20234375 0.0421875 0.1234375
2 0.3 0.2078125 0.04375 0.11875
2 0.37890625 0.21015625 0.0421875 0.1234375
2 0.45703125 0.21796875 0.0453125 0.1234375
4 0.53515625 0.221875 0.0453125 0.1234375
2 0.61796875 0.225 0.0453125 0.125
2 0.69453125 0.23125 0.0453125 0.1234375
4 0.77421875 0.2375 0.0453125 0.11875
1 0.8515625 0.2421875 0.046875 0.12109375
2 0.93359375 0.3109375 0.0484375 0.12109375
2 0.06171875 0.31171875 0.0421875 0.115625
2 0.13984375 0.31953125 0.0421875 0.1234375
2 0.21640625 0.3203125 0.0421875 0.125
2 0.29453125 0.325 0.0421875 0.11875
4 0.3734375 0.32890625 0.04375 0.13125
2 0.45390625 0.3359375 0.0453125 0.125
2 0.53125 0.340625 0.04375 0.1265625
2 0.6109375 0.34453125 0.046875 0.1234375
2 0.690625 0.35078125 0.04375 0.1234375
4 0.77109375 0.35859375 0.0484375 0.11875
4 0.84921875 0.36015625 0.0453125 0.11875
2 0.93046875 0.4265625 0.0484375 0.11875
2 0.05625 0.42890625 0.040625 0.11875
2 0.13359375 0.43359375 0.0390625 0.1171875
2 0.21328125 0.440625 0.0421875 0.1234375
2 0.28828125 0.4421875 0.0421875 0.11875
4 0.3671875 0.446875 0.04375 0.12109375
2 0.44609375 0.45234375 0.0484375 0.1234375
1 0.52578125 0.459375 0.0453125 0.12109375
2 0.60546875 0.4640625 0.0484375 0.1234375
2 0.6859375 0.46953125 0.046875 0.1234375
2 0.765625 0.4765625 0.04375 0.1171875
4 0.84375 0.4796875 0.05 0.1234375
2 0.9265625 0.5453125 0.046875 0.1171875
2 0.05078125 0.55 0.0390625 0.11875
2 0.12890625 0.5515625 0.0390625 0.1265625
2 0.20703125 0.5578125 0.0390625 0.1234375
2 0.28359375 0.5671875 0.0390625 0.1234375
4 0.36328125 0.56875 0.0421875 0.12109375
2 0.44140625 0.575 0.0453125 0.1234375
4 0.51953125 0.5796875 0.0453125 0.12109375
2 0.60234375 0.5859375 0.0453125 0.125
2 0.68046875 0.590625 0.0453125 0.11875
2 0.75859375 0.5953125 0.0421875 0.12109375
4 0.8390625 0.59765625 0.04375 0.12109375
2 0.04765625 0.6703125 0.0359375 0.1171875
2 0.125 0.67265625 0.0375 0.11875
2 0.20234375 0.678125 0.0421875 0.12109375
2 0.278125 0.684375 0.0375 0.11875
4 0.36015625 0.68828125 0.0453125 0.1265625
2 0.43828125 0.696875 0.0421875 0.12109375
4 0.5125 0.7015625 0.04375 0.12109375
2 0.59609375 0.703125 0.0453125 0.125
0 0.675 0.709375 0.04375 0.12109375
4 0.83203125 0.7140625 0.0453125 0.115625
2 0.75546875 0.71484375 0.0453125 0.125
2 0.9359375 0.075 0.046875 0.1109375
2 0.07421875 0.07890625 0.0421875 0.11875
2 0.04453125 0.78203125 0.0359375 0.11875
2 0.121875 0.7921875 0.0375 0.11875
2 0.20078125 0.796875 0.0390625 0.12109375
2 0.27734375 0.80546875 0.0421875 0.1234375
2 0.35390625 0.80546875 0.0421875 0.1234375
2 0.43359375 0.815625 0.0421875 0.1234375
4 0.5078125 0.8171875 0.04375 0.11875
2 0.15 0.084375 0.04375 0.12109375
2 0.59140625 0.8234375 0.0453125 0.11875
4 0.67109375 0.82734375 0.0453125 0.11875
2 0.75078125 0.8328125 0.0421875 0.11875
2 0.228125 0.0859375 0.040625 0.12109375
2 0.30390625 0.090625 0.0421875 0.11875
4 0.04140625 0.9015625 0.0359375 0.115625
2 0.11953125 0.90625 0.0359375 0.1171875
2 0.19765625 0.91484375 0.0390625 0.1234375
2 0.27265625 0.92109375 0.0421875 0.1234375
4 0.3515625 0.92578125 0.04375 0.1171875
2 0.4296875 0.9328125 0.040625 0.1234375
4 0.503125 0.93671875 0.04375 0.115625
2 0.58671875 0.940625 0.0453125 0.11875
4 0.665625 0.94296875 0.04375 0.1140625
2 0.74609375 0.94453125 0.0421875 0.1109375
2 0.3828125 0.0984375 0.040625 0.11875
2 0.46171875 0.1 0.0453125 0.12109375
4 0.53984375 0.103125 0.0421875 0.12109375
2 0.6203125 0.10859375 0.046875 0.1234375
2 0.70078125 0.1125 0.0453125 0.11875
4 0.778125 0.1203125 0.046875 0.11875
4 0.85625 0.12578125 0.046875 0.1234375
2 0.06640625 0.19375 0.0421875 0.125
2 0.9359375 0.1921875 0.04375 0.11875