2 0.16875 0.303125 0.040625 0.125
2 0.08984375 0.30390625 0.0390625 0.13125
2 0.24609375 0.3046875 0.0453125 0.125
2 0.32890625 0.30625 0.0421875 0.12890625
2 0.41171875 0.30859375 0.0421875 0.12890625
2 0.49375 0.31171875 0.04375 0.1234375
2 0.5796875 0.3125 0.046875 0.125
0 0.65546875 0.31640625 0.0421875 0.12109375
2 0.08671875 0.42265625 0.0390625 0.1265625
2 0.1671875 0.42578125 0.040625 0.125
2 0.2453125 0.428125 0.04375 0.125
2 0.32734375 0.428125 0.0421875 0.125
2 0.4109375 0.43125 0.04375 0.12890625
2 0.49375 0.43125 0.04375 0.12109375
2 0.5765625 0.4359375 0.046875 0.125
2 0.653125 0.4375 0.04375 0.125
4 0.084375 0.54609375 0.0375 0.1265625
2 0.16328125 0.54609375 0.0421875 0.1234375
2 0.24296875 0.54765625 0.0421875 0.1265625
2 0.32578125 0.553125 0.0453125 0.12109375
2 0.40859375 0.5546875 0.0421875 0.12109375
2 0.49140625 0.55625 0.0453125 0.125
2 0.5734375 0.5578125 0.04375 0.1234375
2 0.1765625 0.0640625 0.040625 0.12109375
0 0.02109375 0.0671875 0.0421875 0.11875
0 0.0984375 0.0671875 0.040625 0.1234375
4 0.2546875 0.06875 0.040625 0.12109375
2 0.08203125 0.665625 0.0359375 0.125
2 0.1625 0.66875 0.040625 0.1234375
2 0.24140625 0.66875 0.0390625 0.1234375
2 0.3234375 0.675 0.04375 0.1234375
2 0.40625 0.678125 0.04375 0.125
2 0.490625 0.6796875 0.04375 0.125
2 0.571875 0.6796875 0.04375 0.1171875
4 0.3359375 0.06875 0.04375 0.12109375
2 0.41796875 0.06953125 0.0453125 0.1265625
4 0.4984375 0.07109375 0.04375 0.1234375
2 0.58359375 0.071875 0.0421875 0.125
4 0.6609375 0.0765625 0.04375 0.12109375
2 0.08203125 0.7859375 0.0359375 0.1234375
2 0.1609375 0.7890625 0.0375 0.12109375
2 0.23984375 0.7953125 0.0390625 0.125
2 0.3234375 0.7984375 0.040625 0.12890625
2 0.4046875 0.7984375 0.04375 0.12109375
2 0.48828125 0.7984375 0.0453125 0.12109375
2 0.0828125 0.909375 0.034375 0.11875
2 0.1609375 0.909375 0.0375 0.1234375
2 0.2390625 0.91484375 0.0375 0.1234375
2 0.321875 0.91796875 0.0375 0.12109375
2 0.40390625 0.9203125 0.0390625 0.12109375
2 0.4875 0.92109375 0.04375 0.11875
4 0.09296875 0.18125 0.0390625 0.12109375
2 0.171875 0.18359375 0.040625 0.125
4 0.25 0.1859375 0.040625 0.125
2 0.01875 0.18671875 0.0375 0.1234375
4 0.33125 0.18828125 0.04375 0.1234375
2 0.415625 0.1875 0.04375 0.12890625
2 0.4953125 0.1890625 0.04375 0.125
2 0.58203125 0.19375 0.0453125 0.125
4 0.6578125 0.19375 0.04375 0.12109375