0 0.14783653846153846 0.8677884615384616 0.007211538461538462 0.04567307692307692
0 0.15264423076923078 0.7487980769230769 0.004807692307692308 0.04567307692307692
0 0.15264423076923078 0.796875 0.014423076923076924 0.036057692307692304
0 0.15985576923076922 0.75 0.014423076923076924 0.04326923076923077
0 0.17548076923076922 0.7475961538461539 0.016826923076923076 0.040865384615384616
0 0.2403846153846154 0.4206730769230769 0.01201923076923077 0.026442307692307692
0 0.24879807692307693 0.41947115384615385 0.014423076923076924 0.028846153846153848
0 0.3317307692307692 0.359375 0.01201923076923077 0.02403846153846154
0 0.16706730769230768 0.796875 0.014423076923076924 0.040865384615384616
0 0.18509615384615385 0.7920673076923077 0.014423076923076924 0.038461538461538464
0 0.20192307692307693 0.7908653846153846 0.014423076923076924 0.040865384615384616
0 0.21754807692307693 0.7908653846153846 0.016826923076923076 0.04326923076923077
0 0.22596153846153846 0.7427884615384616 0.014423076923076924 0.04326923076923077
0 0.19230769230769232 0.7439903846153846 0.014423076923076924 0.038461538461538464
0 0.20793269230769232 0.7439903846153846 0.014423076923076924 0.040865384615384616
0 0.24158653846153846 0.7403846153846154 0.014423076923076924 0.04326923076923077
0 0.23798076923076922 0.7848557692307693 0.014423076923076924 0.04326923076923077
0 0.2548076923076923 0.7848557692307693 0.014423076923076924 0.040865384615384616
0 0.2692307692307692 0.7836538461538461 0.014423076923076924 0.038461538461538464
0 0.2860576923076923 0.7824519230769231 0.014423076923076924 0.04326923076923077
0 0.3004807692307692 0.7788461538461539 0.01201923076923077 0.036057692307692304
0 0.3161057692307692 0.7764423076923077 0.014423076923076924 0.038461538461538464
0 0.3317307692307692 0.7776442307692307 0.01201923076923077 0.04326923076923077
0 0.35096153846153844 0.7776442307692307 0.014423076923076924 0.038461538461538464
0 0.36538461538461536 0.7740384615384616 0.014423076923076924 0.038461538461538464
0 0.3798076923076923 0.7728365384615384 0.014423076923076924 0.03365384615384615
0 0.3942307692307692 0.7728365384615384 0.014423076923076924 0.038461538461538464
0 0.40865384615384615 0.7692307692307693 0.016826923076923076 0.038461538461538464
0 0.4230769230769231 0.7680288461538461 0.01201923076923077 0.036057692307692304
0 0.4387019230769231 0.765625 0.014423076923076924 0.036057692307692304
0 0.4519230769230769 0.765625 0.014423076923076924 0.04326923076923077
0 0.4699519230769231 0.7644230769230769 0.01201923076923077 0.038461538461538464
0 0.4855769230769231 0.7608173076923077 0.01201923076923077 0.036057692307692304
0 0.5 0.7608173076923077 0.014423076923076924 0.038461538461538464
0 0.5144230769230769 0.7596153846153846 0.01201923076923077 0.03365384615384615
0 0.5288461538461539 0.7608173076923077 0.014423076923076924 0.038461538461538464
0 0.2403846153846154 0.8545673076923077 0.016826923076923076 0.052884615384615384
0 0.25841346153846156 0.8521634615384616 0.014423076923076924 0.052884615384615384
0 0.27524038461538464 0.8509615384615384 0.014423076923076924 0.038461538461538464
0 0.2932692307692308 0.8497596153846154 0.01201923076923077 0.04326923076923077
0 0.31009615384615385 0.8473557692307693 0.01201923076923077 0.038461538461538464
0 0.32572115384615385 0.8473557692307693 0.009615384615384616 0.038461538461538464
0 0.34615384615384615 0.8449519230769231 0.014423076923076924 0.04807692307692308
0 0.3605769230769231 0.8401442307692307 0.01201923076923077 0.038461538461538464
0 0.3762019230769231 0.8401442307692307 0.009615384615384616 0.038461538461538464
0 0.39302884615384615 0.8377403846153846 0.014423076923076924 0.038461538461538464
0 0.40865384615384615 0.8365384615384616 0.014423076923076924 0.04807692307692308
0 0.42427884615384615 0.8365384615384616 0.01201923076923077 0.038461538461538464
0 0.43990384615384615 0.8341346153846154 0.014423076923076924 0.036057692307692304
0 0.453125 0.8329326923076923 0.01201923076923077 0.038461538461538464
0 0.4735576923076923 0.8305288461538461 0.014423076923076924 0.04326923076923077
0 0.4891826923076923 0.8269230769230769 0.014423076923076924 0.04326923076923077
0 0.5036057692307693 0.8269230769230769 0.01201923076923077 0.036057692307692304
0 0.5168269230769231 0.8269230769230769 0.01201923076923077 0.040865384615384616
0 0.3425480769230769 0.3557692307692308 0.009615384615384616 0.028846153846153848
0 0.3545673076923077 0.3557692307692308 0.007211538461538462 0.019230769230769232
0 0.36538461538461536 0.35336538461538464 0.004807692307692308 0.019230769230769232
0 0.3762019230769231 0.35216346153846156 0.009615384615384616 0.026442307692307692
0 0.3870192307692308 0.35096153846153844 0.009615384615384616 0.026442307692307692
0 0.3942307692307692 0.3545673076923077 0.01201923076923077 0.03365384615384615
0 0.4110576923076923 0.34975961538461536 0.007211538461538462 0.021634615384615384
0 0.421875 0.34975961538461536 0.009615384615384616 0.019230769230769232
0 0.4338942307692308 0.3473557692307692 0.007211538461538462 0.019230769230769232
0 0.44350961538461536 0.34975961538461536 0.009615384615384616 0.026442307692307692
0 0.45552884615384615 0.34615384615384615 0.009615384615384616 0.021634615384615384
0 0.4651442307692308 0.34375 0.009615384615384616 0.019230769230769232
0 0.47596153846153844 0.34615384615384615 0.009615384615384616 0.021634615384615384
0 0.4855769230769231 0.3449519230769231 0.004807692307692308 0.028846153846153848
0 0.4987980769230769 0.3449519230769231 0.01201923076923077 0.021634615384615384
0 0.5096153846153846 0.3425480769230769 0.009615384615384616 0.019230769230769232
0 0.5192307692307693 0.3401442307692308 0.004807692307692308 0.02403846153846154
0 0.15504807692307693 0.5649038461538461 0.009615384615384616 0.03365384615384615
0 0.16706730769230768 0.5612980769230769 0.014423076923076924 0.038461538461538464
0 0.18028846153846154 0.5600961538461539 0.009615384615384616 0.03365384615384615
0 0.1935096153846154 0.5600961538461539 0.009615384615384616 0.028846153846153848
0 0.20793269230769232 0.5576923076923077 0.01201923076923077 0.03365384615384615
0 0.22355769230769232 0.5600961538461539 0.009615384615384616 0.036057692307692304
0 0.23557692307692307 0.5600961538461539 0.009615384615384616 0.03365384615384615
0 0.25240384615384615 0.5564903846153846 0.014423076923076924 0.03365384615384615
0 0.2644230769230769 0.5564903846153846 0.009615384615384616 0.028846153846153848
0 0.27884615384615385 0.5540865384615384 0.01201923076923077 0.028846153846153848
0 0.2920673076923077 0.5552884615384616 0.007211538461538462 0.028846153846153848
0 0.30288461538461536 0.5540865384615384 0.009615384615384616 0.028846153846153848
0 0.3173076923076923 0.5516826923076923 0.009615384615384616 0.028846153846153848
0 0.3317307692307692 0.5504807692307693 0.009615384615384616 0.026442307692307692
0 0.34375 0.5504807692307693 0.009615384615384616 0.03365384615384615
0 0.359375 0.5504807692307693 0.01201923076923077 0.026442307692307692
0 0.3713942307692308 0.5504807692307693 0.014423076923076924 0.028846153846153848
0 0.3870192307692308 0.546875 0.01201923076923077 0.028846153846153848
0 0.39663461538461536 0.5480769230769231 0.01201923076923077 0.03365384615384615
0 0.4110576923076923 0.5480769230769231 0.014423076923076924 0.03365384615384615
0 0.42427884615384615 0.5480769230769231 0.009615384615384616 0.028846153846153848
0 0.4362980769230769 0.546875 0.01201923076923077 0.028846153846153848
0 0.44471153846153844 0.5444711538461539 0.014423076923076924 0.03365384615384615
0 0.4639423076923077 0.5408653846153846 0.01201923076923077 0.028846153846153848
0 0.47475961538461536 0.5456730769230769 0.009615384615384616 0.026442307692307692
0 0.48677884615384615 0.5420673076923077 0.009615384615384616 0.036057692307692304
0 0.49759615384615385 0.5420673076923077 0.007211538461538462 0.02403846153846154
0 0.5108173076923077 0.5420673076923077 0.009615384615384616 0.02403846153846154
0 0.5252403846153846 0.5360576923076923 0.009615384615384616 0.028846153846153848
0 0.5372596153846154 0.5360576923076923 0.009615384615384616 0.028846153846153848
0 0.5492788461538461 0.5336538461538461 0.009615384615384616 0.026442307692307692
0 0.5649038461538461 0.5360576923076923 0.014423076923076924 0.03365384615384615
0 0.5757211538461539 0.53125 0.01201923076923077 0.03365384615384615
0 0.5913461538461539 0.5324519230769231 0.014423076923076924 0.03365384615384615
0 0.5240384615384616 0.5697115384615384 0.009615384615384616 0.03365384615384615
0 0.5408653846153846 0.5697115384615384 0.01201923076923077 0.03365384615384615
0 0.5528846153846154 0.5685096153846154 0.009615384615384616 0.026442307692307692
0 0.5673076923076923 0.5685096153846154 0.009615384615384616 0.028846153846153848
0 0.5817307692307693 0.5697115384615384 0.014423076923076924 0.026442307692307692
0 0.5925480769230769 0.5673076923076923 0.009615384615384616 0.02403846153846154
0 0.6045673076923077 0.5612980769230769 0.01201923076923077 0.02403846153846154
0 0.6033653846153846 0.53125 0.01201923076923077 0.026442307692307692
0 0.6141826923076923 0.5276442307692307 0.01201923076923077 0.02403846153846154
0 0.6177884615384616 0.5600961538461539 0.009615384615384616 0.028846153846153848
0 0.6262019230769231 0.5276442307692307 0.014423076923076924 0.026442307692307692
0 0.6298076923076923 0.5576923076923077 0.01201923076923077 0.03365384615384615
0 0.6394230769230769 0.5276442307692307 0.01201923076923077 0.03365384615384615
0 0.6430288461538461 0.5588942307692307 0.014423076923076924 0.028846153846153848
0 0.6526442307692307 0.5252403846153846 0.014423076923076924 0.03365384615384615
0 0.6574519230769231 0.5564903846153846 0.019230769230769232 0.028846153846153848
0 0.6682692307692307 0.5216346153846154 0.01201923076923077 0.028846153846153848
0 0.6814903846153846 0.5204326923076923 0.009615384615384616 0.026442307692307692
0 0.6730769230769231 0.5564903846153846 0.014423076923076924 0.026442307692307692
0 0.6850961538461539 0.5552884615384616 0.009615384615384616 0.02403846153846154
0 0.6923076923076923 0.5204326923076923 0.009615384615384616 0.03365384615384615
0 0.7055288461538461 0.5216346153846154 0.009615384615384616 0.03365384615384615
0 0.6971153846153846 0.5552884615384616 0.009615384615384616 0.03365384615384615
0 0.7091346153846154 0.5588942307692307 0.009615384615384616 0.02403846153846154
0 0.7223557692307693 0.5564903846153846 0.009615384615384616 0.028846153846153848
0 0.71875 0.5216346153846154 0.014423076923076924 0.028846153846153848
0 0.7307692307692307 0.5192307692307693 0.009615384615384616 0.02403846153846154
0 0.7427884615384616 0.515625 0.014423076923076924 0.028846153846153848
0 0.7560096153846154 0.5192307692307693 0.009615384615384616 0.028846153846153848
0 0.7367788461538461 0.5528846153846154 0.014423076923076924 0.028846153846153848
0 0.7512019230769231 0.5564903846153846 0.009615384615384616 0.03365384615384615
0 0.7632211538461539 0.5564903846153846 0.014423076923076924 0.028846153846153848
0 0.7716346153846154 0.5168269230769231 0.014423076923076924 0.04326923076923077
0 0.7872596153846154 0.5180288461538461 0.009615384615384616 0.028846153846153848
0 0.8004807692307693 0.5144230769230769 0.014423076923076924 0.028846153846153848
0 0.8125 0.5144230769230769 0.014423076923076924 0.028846153846153848
0 0.8245192307692307 0.5132211538461539 0.014423076923076924 0.028846153846153848
0 0.8365384615384616 0.5120192307692307 0.014423076923076924 0.026442307692307692
0 0.8497596153846154 0.5096153846153846 0.007211538461538462 0.03365384615384615
0 0.7788461538461539 0.5552884615384616 0.014423076923076924 0.026442307692307692
0 0.7908653846153846 0.5504807692307693 0.014423076923076924 0.028846153846153848
0 0.8076923076923077 0.5504807692307693 0.014423076923076924 0.03365384615384615
0 0.8197115384615384 0.5504807692307693 0.009615384615384616 0.028846153846153848
0 0.8317307692307693 0.546875 0.014423076923076924 0.028846153846153848
0 0.8449519230769231 0.5480769230769231 0.009615384615384616 0.03365384615384615
0 0.6454326923076923 0.3858173076923077 0.01201923076923077 0.028846153846153848
0 0.6574519230769231 0.3858173076923077 0.009615384615384616 0.026442307692307692
0 0.6694711538461539 0.38341346153846156 0.01201923076923077 0.028846153846153848
0 0.6826923076923077 0.38461538461538464 0.009615384615384616 0.026442307692307692
0 0.6935096153846154 0.38100961538461536 0.009615384615384616 0.02403846153846154
0 0.703125 0.3786057692307692 0.01201923076923077 0.02403846153846154
0 0.7163461538461539 0.37740384615384615 0.009615384615384616 0.028846153846153848
0 0.7271634615384616 0.3786057692307692 0.007211538461538462 0.03365384615384615
0 0.7379807692307693 0.3762019230769231 0.009615384615384616 0.028846153846153848
0 0.7487980769230769 0.37740384615384615 0.009615384615384616 0.028846153846153848
0 0.7632211538461539 0.3762019230769231 0.01201923076923077 0.02403846153846154
0 0.7752403846153846 0.3737980769230769 0.01201923076923077 0.02403846153846154
0 0.7896634615384616 0.37259615384615385 0.01201923076923077 0.02403846153846154
0 0.8004807692307693 0.3713942307692308 0.014423076923076924 0.026442307692307692
0 0.8137019230769231 0.37259615384615385 0.01201923076923077 0.028846153846153848
0 0.8245192307692307 0.36899038461538464 0.014423076923076924 0.02403846153846154
0 0.84375 0.36778846153846156 0.01201923076923077 0.028846153846153848
0 0.8377403846153846 0.36778846153846156 0.009615384615384616 0.021634615384615384
1 0.22716346153846154 0.4110576923076923 0.004807692307692308 0.009615384615384616