0 0.2512019230769231 0.8473557692307693 0.04567307692307692 0.002403846153846154
0 0.203125 0.8497596153846154 0.036057692307692304 0.004807692307692308
0 0.24879807692307693 0.8377403846153846 0.04326923076923077 0.014423076923076924
0 0.25240384615384615 0.8245192307692307 0.040865384615384616 0.016826923076923076
0 0.5733173076923077 0.7848557692307693 0.026442307692307692 0.009615384615384616
0 0.5733173076923077 0.7716346153846154 0.028846153846153848 0.014423076923076924
0 0.6382211538461539 0.6778846153846154 0.02403846153846154 0.01201923076923077
0 0.20192307692307693 0.8377403846153846 0.040865384615384616 0.016826923076923076
0 0.20673076923076922 0.8221153846153846 0.038461538461538464 0.016826923076923076
0 0.20432692307692307 0.8100961538461539 0.040865384615384616 0.01201923076923077
0 0.20793269230769232 0.7920673076923077 0.04326923076923077 0.016826923076923076
0 0.2548076923076923 0.7836538461538461 0.04326923076923077 0.014423076923076924
0 0.25 0.8088942307692307 0.04326923076923077 0.014423076923076924
0 0.2536057692307692 0.7956730769230769 0.04326923076923077 0.004807692307692308
0 0.20793269230769232 0.7752403846153846 0.04326923076923077 0.016826923076923076
0 0.21033653846153846 0.7572115384615384 0.040865384615384616 0.014423076923076924
0 0.2091346153846154 0.7427884615384616 0.038461538461538464 0.014423076923076924
0 0.2091346153846154 0.7271634615384616 0.04326923076923077 0.014423076923076924
0 0.2127403846153846 0.7103365384615384 0.036057692307692304 0.01201923076923077
0 0.21394230769230768 0.6959134615384616 0.038461538461538464 0.014423076923076924
0 0.21754807692307693 0.6730769230769231 0.04326923076923077 0.01201923076923077
0 0.21995192307692307 0.6574519230769231 0.038461538461538464 0.014423076923076924
0 0.22115384615384615 0.6430288461538461 0.038461538461538464 0.014423076923076924
0 0.22235576923076922 0.6286057692307693 0.03365384615384615 0.014423076923076924
0 0.22596153846153846 0.6129807692307693 0.038461538461538464 0.014423076923076924
0 0.2283653846153846 0.5949519230769231 0.038461538461538464 0.014423076923076924
0 0.2283653846153846 0.5805288461538461 0.040865384615384616 0.014423076923076924
0 0.23076923076923078 0.5649038461538461 0.036057692307692304 0.014423076923076924
0 0.234375 0.5336538461538461 0.038461538461538464 0.01201923076923077
0 0.23798076923076922 0.5204326923076923 0.036057692307692304 0.01201923076923077
0 0.23918269230769232 0.5048076923076923 0.038461538461538464 0.014423076923076924
0 0.23918269230769232 0.49158653846153844 0.040865384615384616 0.01201923076923077
0 0.13701923076923078 0.7800480769230769 0.052884615384615384 0.016826923076923076
0 0.140625 0.7584134615384616 0.052884615384615384 0.014423076923076924
0 0.140625 0.7451923076923077 0.04807692307692308 0.014423076923076924
0 0.140625 0.7271634615384616 0.04326923076923077 0.01201923076923077
0 0.14423076923076922 0.7115384615384616 0.038461538461538464 0.01201923076923077
0 0.14903846153846154 0.6959134615384616 0.04326923076923077 0.01201923076923077
0 0.14903846153846154 0.6790865384615384 0.04807692307692308 0.014423076923076924
0 0.14903846153846154 0.6622596153846154 0.04326923076923077 0.01201923076923077
0 0.15144230769230768 0.6490384615384616 0.04807692307692308 0.014423076923076924
0 0.15504807692307693 0.6310096153846154 0.04326923076923077 0.014423076923076924
0 0.15865384615384615 0.6153846153846154 0.04807692307692308 0.014423076923076924
0 0.15745192307692307 0.5985576923076923 0.04326923076923077 0.014423076923076924
0 0.15985576923076922 0.5865384615384616 0.04567307692307692 0.01201923076923077
0 0.16346153846153846 0.5661057692307693 0.038461538461538464 0.014423076923076924
0 0.16706730769230768 0.5456730769230769 0.04326923076923077 0.014423076923076924
0 0.16706730769230768 0.53125 0.04326923076923077 0.014423076923076924
0 0.17067307692307693 0.5144230769230769 0.04326923076923077 0.014423076923076924
0 0.17307692307692307 0.5012019230769231 0.040865384615384616 0.014423076923076924
0 0.6394230769230769 0.6610576923076923 0.02403846153846154 0.007211538461538462
0 0.6430288461538461 0.6514423076923077 0.021634615384615384 0.009615384615384616
0 0.6418269230769231 0.6346153846153846 0.026442307692307692 0.007211538461538462
0 0.6478365384615384 0.6237980769230769 0.026442307692307692 0.009615384615384616
0 0.6490384615384616 0.6141826923076923 0.026442307692307692 0.007211538461538462
0 0.6478365384615384 0.609375 0.02403846153846154 0.009615384615384616
0 0.6502403846153846 0.5889423076923077 0.021634615384615384 0.007211538461538462
0 0.6502403846153846 0.578125 0.019230769230769232 0.009615384615384616
0 0.6526442307692307 0.5661057692307693 0.019230769230769232 0.007211538461538462
0 0.6502403846153846 0.5564903846153846 0.026442307692307692 0.009615384615384616
0 0.6538461538461539 0.5444711538461539 0.021634615384615384 0.009615384615384616
0 0.6574519230769231 0.5360576923076923 0.021634615384615384 0.004807692307692308
0 0.6550480769230769 0.5252403846153846 0.02403846153846154 0.004807692307692308
0 0.6526442307692307 0.5168269230769231 0.021634615384615384 0.01201923076923077
0 0.6550480769230769 0.5048076923076923 0.019230769230769232 0.009615384615384616
0 0.6394230769230769 0.671875 0.021634615384615384 0.009615384615384616
0 0.43509615384615385 0.8449519230769231 0.03365384615384615 0.009615384615384616
0 0.4387019230769231 0.8329326923076923 0.038461538461538464 0.014423076923076924
0 0.43990384615384615 0.8197115384615384 0.03365384615384615 0.009615384615384616
0 0.43990384615384615 0.8064903846153846 0.028846153846153848 0.009615384615384616
0 0.4423076923076923 0.7920673076923077 0.03365384615384615 0.01201923076923077
0 0.43990384615384615 0.7764423076923077 0.03365384615384615 0.009615384615384616
0 0.43990384615384615 0.7644230769230769 0.03365384615384615 0.009615384615384616
0 0.44350961538461536 0.7475961538461539 0.03365384615384615 0.014423076923076924
0 0.44350961538461536 0.7355769230769231 0.028846153846153848 0.009615384615384616
0 0.44591346153846156 0.7211538461538461 0.028846153846153848 0.01201923076923077
0 0.44471153846153844 0.7079326923076923 0.028846153846153848 0.007211538461538462
0 0.44591346153846156 0.6971153846153846 0.028846153846153848 0.009615384615384616
0 0.4483173076923077 0.6826923076923077 0.028846153846153848 0.009615384615384616
0 0.4483173076923077 0.6694711538461539 0.026442307692307692 0.009615384615384616
0 0.4495192307692308 0.65625 0.03365384615384615 0.009615384615384616
0 0.4495192307692308 0.640625 0.026442307692307692 0.01201923076923077
0 0.4495192307692308 0.6286057692307693 0.028846153846153848 0.014423076923076924
0 0.453125 0.6129807692307693 0.028846153846153848 0.01201923076923077
0 0.4519230769230769 0.6033653846153846 0.03365384615384615 0.01201923076923077
0 0.4519230769230769 0.5889423076923077 0.03365384615384615 0.014423076923076924
0 0.4519230769230769 0.5757211538461539 0.028846153846153848 0.009615384615384616
0 0.453125 0.5637019230769231 0.028846153846153848 0.01201923076923077
0 0.45552884615384615 0.5552884615384616 0.03365384615384615 0.014423076923076924
0 0.453125 0.5396634615384616 0.028846153846153848 0.01201923076923077
0 0.4543269230769231 0.5252403846153846 0.026442307692307692 0.009615384615384616
0 0.4579326923076923 0.5132211538461539 0.036057692307692304 0.009615384615384616
0 0.4579326923076923 0.5024038461538461 0.02403846153846154 0.007211538461538462
0 0.4579326923076923 0.4891826923076923 0.02403846153846154 0.009615384615384616
0 0.4639423076923077 0.47475961538461536 0.028846153846153848 0.009615384615384616
0 0.4639423076923077 0.46274038461538464 0.028846153846153848 0.009615384615384616
0 0.46634615384615385 0.45072115384615385 0.026442307692307692 0.009615384615384616
0 0.4639423076923077 0.43509615384615385 0.03365384615384615 0.014423076923076924
0 0.46875 0.42427884615384615 0.03365384615384615 0.01201923076923077
0 0.4675480769230769 0.40865384615384615 0.03365384615384615 0.014423076923076924
0 0.42788461538461536 0.47716346153846156 0.03365384615384615 0.009615384615384616
0 0.4266826923076923 0.46875 0.03365384615384615 0.016826923076923076
0 0.43028846153846156 0.44711538461538464 0.03365384615384615 0.014423076923076924
0 0.43149038461538464 0.4326923076923077 0.028846153846153848 0.009615384615384616
0 0.43028846153846156 0.4182692307692308 0.026442307692307692 0.014423076923076924
0 0.4326923076923077 0.4074519230769231 0.02403846153846154 0.009615384615384616
0 0.4387019230769231 0.3954326923076923 0.02403846153846154 0.01201923076923077
0 0.46875 0.39663461538461536 0.026442307692307692 0.01201923076923077
0 0.4723557692307692 0.3858173076923077 0.02403846153846154 0.01201923076923077
0 0.43990384615384615 0.38221153846153844 0.028846153846153848 0.009615384615384616
0 0.4723557692307692 0.3737980769230769 0.026442307692307692 0.014423076923076924
0 0.44350961538461536 0.36899038461538464 0.03365384615384615 0.014423076923076924
0 0.4723557692307692 0.3605769230769231 0.03365384615384615 0.01201923076923077
0 0.47475961538461536 0.3473557692307692 0.03365384615384615 0.014423076923076924
0 0.4387019230769231 0.35096153846153844 0.03365384615384615 0.01201923076923077
0 0.47836538461538464 0.3317307692307692 0.028846153846153848 0.01201923076923077
0 0.4795673076923077 0.31850961538461536 0.026442307692307692 0.009615384615384616
0 0.44350961538461536 0.3269230769230769 0.026442307692307692 0.014423076923076924
0 0.44471153846153844 0.31490384615384615 0.02403846153846154 0.009615384615384616
0 0.4795673076923077 0.3076923076923077 0.03365384615384615 0.009615384615384616
0 0.47836538461538464 0.29447115384615385 0.03365384615384615 0.009615384615384616
0 0.44471153846153844 0.30288461538461536 0.03365384615384615 0.009615384615384616
0 0.4411057692307692 0.29086538461538464 0.02403846153846154 0.009615384615384616
0 0.44350961538461536 0.2776442307692308 0.028846153846153848 0.009615384615384616
0 0.47836538461538464 0.28125 0.028846153846153848 0.014423076923076924
0 0.4807692307692308 0.2692307692307692 0.02403846153846154 0.009615384615384616
0 0.484375 0.25721153846153844 0.028846153846153848 0.014423076923076924
0 0.4807692307692308 0.2439903846153846 0.028846153846153848 0.009615384615384616
0 0.4519230769230769 0.265625 0.028846153846153848 0.014423076923076924
0 0.4543269230769231 0.1814903846153846 0.028846153846153848 0.014423076923076924
0 0.4831730769230769 0.23076923076923078 0.038461538461538464 0.014423076923076924
0 0.48197115384615385 0.2127403846153846 0.028846153846153848 0.009615384615384616
0 0.4855769230769231 0.19951923076923078 0.028846153846153848 0.014423076923076924
0 0.4855769230769231 0.1875 0.028846153846153848 0.014423076923076924
0 0.48677884615384615 0.17548076923076922 0.028846153846153848 0.014423076923076924
0 0.4879807692307692 0.16346153846153846 0.026442307692307692 0.014423076923076924
0 0.234375 0.5492788461538461 0.04326923076923077 0.014423076923076924
0 0.4483173076923077 0.24519230769230768 0.028846153846153848 0.014423076923076924
0 0.453125 0.234375 0.03365384615384615 0.014423076923076924
0 0.4519230769230769 0.22115384615384615 0.03365384615384615 0.01201923076923077
0 0.4567307692307692 0.1971153846153846 0.028846153846153848 0.014423076923076924
0 0.42427884615384615 0.49399038461538464 0.03365384615384615 0.014423076923076924
0 0.6141826923076923 0.3762019230769231 0.028846153846153848 0.009615384615384616
0 0.6141826923076923 0.36778846153846156 0.02403846153846154 0.009615384615384616
0 0.6189903846153846 0.3557692307692308 0.02403846153846154 0.009615384615384616
0 0.6177884615384616 0.3269230769230769 0.026442307692307692 0.009615384615384616
0 0.6201923076923077 0.3173076923076923 0.02403846153846154 0.009615384615384616
0 0.6225961538461539 0.30528846153846156 0.02403846153846154 0.01201923076923077
0 0.6213942307692307 0.28966346153846156 0.028846153846153848 0.009615384615384616
0 0.6237980769230769 0.2764423076923077 0.028846153846153848 0.009615384615384616
0 0.6237980769230769 0.2644230769230769 0.02403846153846154 0.009615384615384616
0 0.6262019230769231 0.2512019230769231 0.02403846153846154 0.009615384615384616
0 0.6298076923076923 0.23677884615384615 0.02403846153846154 0.01201923076923077
0 0.6310096153846154 0.2247596153846154 0.02403846153846154 0.01201923076923077
0 0.6358173076923077 0.21033653846153846 0.02403846153846154 0.01201923076923077
0 0.6358173076923077 0.19951923076923078 0.026442307692307692 0.014423076923076924
0 0.6490384615384616 0.5973557692307693 0.02403846153846154 0.01201923076923077
1 0.5817307692307693 0.7932692307692307 0.007211538461538462 0.009615384615384616
0 0.6189903846153846 0.3389423076923077 0.02403846153846154 0.009615384615384616
0 0.6394230769230769 0.6935096153846154 0.028846153846153848 0.009615384615384616
0 0.6442307692307693 0.6418269230769231 0.021634615384615384 0.007211538461538462
0 0.44591346153846156 0.33653846153846156 0.028846153846153848 0.014423076923076924
0 0.45552884615384615 0.20673076923076922 0.028846153846153848 0.014423076923076924