0 0.84375 0.24158653846153846 0.014423076923076924 0.036057692307692304
0 0.8341346153846154 0.2403846153846154 0.016826923076923076 0.040865384615384616
0 0.8028846153846154 0.5685096153846154 0.009615384615384616 0.026442307692307692
0 0.7896634615384616 0.5685096153846154 0.014423076923076924 0.028846153846153848
0 0.6814903846153846 0.6370192307692307 0.01201923076923077 0.02403846153846154
0 0.8473557692307693 0.19471153846153846 0.009615384615384616 0.038461538461538464
0 0.8353365384615384 0.1935096153846154 0.014423076923076924 0.038461538461538464
0 0.8185096153846154 0.19591346153846154 0.016826923076923076 0.04326923076923077
0 0.7980769230769231 0.19951923076923078 0.016826923076923076 0.04326923076923077
0 0.7992788461538461 0.24639423076923078 0.014423076923076924 0.04326923076923077
0 0.8137019230769231 0.24278846153846154 0.014423076923076924 0.04326923076923077
0 0.7824519230769231 0.20192307692307693 0.014423076923076924 0.04326923076923077
0 0.7644230769230769 0.203125 0.014423076923076924 0.040865384615384616
0 0.7475961538461539 0.20432692307692307 0.014423076923076924 0.038461538461538464
0 0.7307692307692307 0.20793269230769232 0.014423076923076924 0.04326923076923077
0 0.7211538461538461 0.20673076923076922 0.01201923076923077 0.036057692307692304
0 0.7043269230769231 0.21153846153846154 0.014423076923076924 0.038461538461538464
0 0.6875 0.2127403846153846 0.01201923076923077 0.04326923076923077
0 0.6682692307692307 0.21514423076923078 0.014423076923076924 0.038461538461538464
0 0.6514423076923077 0.21634615384615385 0.014423076923076924 0.038461538461538464
0 0.6394230769230769 0.22115384615384615 0.014423076923076924 0.03365384615384615
0 0.625 0.22716346153846154 0.014423076923076924 0.038461538461538464
0 0.6081730769230769 0.2283653846153846 0.014423076923076924 0.038461538461538464
0 0.59375 0.23076923076923078 0.014423076923076924 0.040865384615384616
0 0.5817307692307693 0.23076923076923078 0.016826923076923076 0.04326923076923077
0 0.5492788461538461 0.23557692307692307 0.01201923076923077 0.038461538461538464
0 0.5360576923076923 0.23557692307692307 0.014423076923076924 0.040865384615384616
0 0.5168269230769231 0.23798076923076922 0.014423076923076924 0.038461538461538464
0 0.5048076923076923 0.23918269230769232 0.01201923076923077 0.040865384615384616
0 0.7956730769230769 0.12980769230769232 0.016826923076923076 0.052884615384615384
0 0.7788461538461539 0.1310096153846154 0.014423076923076924 0.052884615384615384
0 0.7620192307692307 0.1346153846153846 0.014423076923076924 0.04807692307692308
0 0.7403846153846154 0.13942307692307693 0.019230769230769232 0.04807692307692308
0 0.7211538461538461 0.140625 0.016826923076923076 0.040865384615384616
0 0.7067307692307693 0.14423076923076922 0.014423076923076924 0.04326923076923077
0 0.6923076923076923 0.14543269230769232 0.014423076923076924 0.04807692307692308
0 0.6754807692307693 0.1466346153846154 0.01201923076923077 0.04326923076923077
0 0.6586538461538461 0.1502403846153846 0.014423076923076924 0.04807692307692308
0 0.6442307692307693 0.15264423076923078 0.014423076923076924 0.04326923076923077
0 0.6262019230769231 0.15504807692307693 0.014423076923076924 0.04807692307692308
0 0.609375 0.15985576923076922 0.014423076923076924 0.04326923076923077
0 0.5949519230769231 0.15985576923076922 0.01201923076923077 0.04326923076923077
0 0.5793269230769231 0.1658653846153846 0.014423076923076924 0.038461538461538464
0 0.5625 0.16346153846153846 0.014423076923076924 0.04326923076923077
0 0.5456730769230769 0.1658653846153846 0.014423076923076924 0.04326923076923077
0 0.5300480769230769 0.17067307692307693 0.014423076923076924 0.04326923076923077
0 0.5144230769230769 0.16826923076923078 0.014423076923076924 0.040865384615384616
0 0.6670673076923077 0.6382211538461539 0.009615384615384616 0.028846153846153848
0 0.6586538461538461 0.640625 0.009615384615384616 0.021634615384615384
0 0.6394230769230769 0.6442307692307693 0.014423076923076924 0.028846153846153848
0 0.6153846153846154 0.6490384615384616 0.009615384615384616 0.028846153846153848
0 0.6262019230769231 0.6442307692307693 0.009615384615384616 0.02403846153846154
0 0.5913461538461539 0.6490384615384616 0.009615384615384616 0.02403846153846154
0 0.5805288461538461 0.6526442307692307 0.009615384615384616 0.02403846153846154
0 0.5685096153846154 0.6502403846153846 0.009615384615384616 0.02403846153846154
0 0.5564903846153846 0.6502403846153846 0.009615384615384616 0.026442307692307692
0 0.5456730769230769 0.6526442307692307 0.009615384615384616 0.021634615384615384
0 0.5360576923076923 0.6538461538461539 0.009615384615384616 0.02403846153846154
0 0.5240384615384616 0.6538461538461539 0.01201923076923077 0.021634615384615384
0 0.6971153846153846 0.6358173076923077 0.009615384615384616 0.021634615384615384
0 0.8449519230769231 0.4230769230769231 0.01201923076923077 0.036057692307692304
0 0.8305288461538461 0.4254807692307692 0.014423076923076924 0.038461538461538464
0 0.8197115384615384 0.42908653846153844 0.01201923076923077 0.036057692307692304
0 0.8040865384615384 0.43149038461538464 0.01201923076923077 0.03365384615384615
0 0.7872596153846154 0.4326923076923077 0.009615384615384616 0.03365384615384615
0 0.7740384615384616 0.43028846153846156 0.009615384615384616 0.03365384615384615
0 0.7584134615384616 0.43149038461538464 0.014423076923076924 0.03365384615384615
0 0.7451923076923077 0.43149038461538464 0.009615384615384616 0.03365384615384615
0 0.7331730769230769 0.4338942307692308 0.014423076923076924 0.038461538461538464
0 0.71875 0.4362980769230769 0.009615384615384616 0.03365384615384615
0 0.7067307692307693 0.43509615384615385 0.009615384615384616 0.03365384615384615
0 0.6935096153846154 0.4411057692307692 0.009615384615384616 0.038461538461538464
0 0.6778846153846154 0.4411057692307692 0.009615384615384616 0.03365384615384615
0 0.6646634615384616 0.44591346153846156 0.01201923076923077 0.03365384615384615
0 0.6538461538461539 0.44591346153846156 0.01201923076923077 0.028846153846153848
0 0.6394230769230769 0.44471153846153844 0.009615384615384616 0.028846153846153848
0 0.6286057692307693 0.44711538461538464 0.01201923076923077 0.028846153846153848
0 0.6153846153846154 0.44711538461538464 0.01201923076923077 0.03365384615384615
0 0.6021634615384616 0.4495192307692308 0.014423076923076924 0.03365384615384615
0 0.5757211538461539 0.4519230769230769 0.009615384615384616 0.028846153846153848
0 0.5637019230769231 0.453125 0.01201923076923077 0.028846153846153848
0 0.5552884615384616 0.45552884615384615 0.014423076923076924 0.03365384615384615
0 0.5372596153846154 0.4543269230769231 0.01201923076923077 0.028846153846153848
0 0.5252403846153846 0.45913461538461536 0.01201923076923077 0.03365384615384615
0 0.5132211538461539 0.4579326923076923 0.009615384615384616 0.036057692307692304
0 0.5024038461538461 0.46153846153846156 0.007211538461538462 0.028846153846153848
0 0.49038461538461536 0.46274038461538464 0.01201923076923077 0.03365384615384615
0 0.47475961538461536 0.4639423076923077 0.009615384615384616 0.028846153846153848
0 0.46274038461538464 0.4639423076923077 0.009615384615384616 0.028846153846153848
0 0.45072115384615385 0.46634615384615385 0.009615384615384616 0.026442307692307692
0 0.43509615384615385 0.4639423076923077 0.014423076923076924 0.03365384615384615
0 0.41947115384615385 0.46875 0.01201923076923077 0.03365384615384615
0 0.40625 0.47475961538461536 0.014423076923076924 0.03365384615384615
0 0.4987980769230769 0.4254807692307692 0.009615384615384616 0.03365384615384615
0 0.4675480769230769 0.4375 0.01201923076923077 0.036057692307692304
0 0.4855769230769231 0.43028846153846156 0.014423076923076924 0.03365384615384615
0 0.453125 0.42908653846153844 0.009615384615384616 0.028846153846153848
0 0.42908653846153844 0.43509615384615385 0.014423076923076924 0.03365384615384615
0 0.43990384615384615 0.43028846153846156 0.014423076923076924 0.028846153846153848
0 0.4110576923076923 0.43509615384615385 0.014423076923076924 0.028846153846153848
0 0.3954326923076923 0.47596153846153844 0.01201923076923077 0.026442307692307692
0 0.38221153846153844 0.47475961538461536 0.014423076923076924 0.03365384615384615
0 0.39663461538461536 0.4387019230769231 0.019230769230769232 0.03365384615384615
0 0.5913461538461539 0.44711538461538464 0.01201923076923077 0.028846153846153848
0 0.36899038461538464 0.47596153846153844 0.01201923076923077 0.03365384615384615
0 0.35697115384615385 0.47836538461538464 0.014423076923076924 0.03365384615384615
0 0.3786057692307692 0.44350961538461536 0.009615384615384616 0.03365384615384615
0 0.3425480769230769 0.48197115384615385 0.01201923076923077 0.028846153846153848
0 0.3293269230769231 0.4807692307692308 0.014423076923076924 0.028846153846153848
0 0.35336538461538464 0.44591346153846156 0.014423076923076924 0.028846153846153848
0 0.3389423076923077 0.44711538461538464 0.014423076923076924 0.03365384615384615
0 0.31850961538461536 0.484375 0.009615384615384616 0.03365384615384615
0 0.30649038461538464 0.4831730769230769 0.009615384615384616 0.03365384615384615
0 0.32572115384615385 0.44711538461538464 0.01201923076923077 0.03365384615384615
0 0.3016826923076923 0.44711538461538464 0.01201923076923077 0.028846153846153848
0 0.27884615384615385 0.453125 0.014423076923076924 0.03365384615384615
0 0.2920673076923077 0.484375 0.014423076923076924 0.028846153846153848
0 0.27884615384615385 0.4879807692307692 0.01201923076923077 0.03365384615384615
0 0.265625 0.49038461538461536 0.014423076923076924 0.028846153846153848
0 0.2512019230769231 0.49038461538461536 0.01201923076923077 0.028846153846153848
0 0.2920673076923077 0.4483173076923077 0.014423076923076924 0.028846153846153848
0 0.19230769230769232 0.4567307692307692 0.014423076923076924 0.028846153846153848
0 0.2403846153846154 0.4879807692307692 0.014423076923076924 0.038461538461538464
0 0.2283653846153846 0.49158653846153844 0.014423076923076924 0.036057692307692304
0 0.21394230769230768 0.49278846153846156 0.014423076923076924 0.028846153846153848
0 0.19951923076923078 0.4963942307692308 0.014423076923076924 0.028846153846153848
0 0.18389423076923078 0.49399038461538464 0.014423076923076924 0.028846153846153848
0 0.5649038461538461 0.23076923076923078 0.014423076923076924 0.04326923076923077
0 0.2644230769230769 0.4567307692307692 0.014423076923076924 0.028846153846153848
0 0.24278846153846154 0.453125 0.014423076923076924 0.036057692307692304
0 0.23557692307692307 0.453125 0.016826923076923076 0.03365384615384615
0 0.20673076923076922 0.45552884615384615 0.014423076923076924 0.028846153846153848
0 0.5096153846153846 0.421875 0.014423076923076924 0.03365384615384615
0 0.39302884615384615 0.6141826923076923 0.009615384615384616 0.026442307692307692
0 0.3798076923076923 0.6153846153846154 0.009615384615384616 0.02403846153846154
0 0.37259615384615385 0.6165865384615384 0.009615384615384616 0.021634615384615384
0 0.34615384615384615 0.6225961538461539 0.009615384615384616 0.026442307692307692
0 0.33052884615384615 0.6237980769230769 0.009615384615384616 0.02403846153846154
0 0.31850961538461536 0.6225961538461539 0.01201923076923077 0.02403846153846154
0 0.3088942307692308 0.6237980769230769 0.009615384615384616 0.028846153846153848
0 0.2980769230769231 0.6262019230769231 0.009615384615384616 0.028846153846153848
0 0.2860576923076923 0.6237980769230769 0.009615384615384616 0.028846153846153848
0 0.2776442307692308 0.6262019230769231 0.01201923076923077 0.026442307692307692
0 0.26322115384615385 0.6310096153846154 0.01201923076923077 0.02403846153846154
0 0.25240384615384615 0.6298076923076923 0.009615384615384616 0.028846153846153848
0 0.24278846153846154 0.6298076923076923 0.009615384615384616 0.03365384615384615
0 0.6045673076923077 0.6478365384615384 0.01201923076923077 0.02403846153846154
1 0.8112980769230769 0.578125 0.009615384615384616 0.007211538461538462
0 0.359375 0.6189903846153846 0.009615384615384616 0.02403846153846154
0 0.7091346153846154 0.6346153846153846 0.009615384615384616 0.02403846153846154
0 0.6502403846153846 0.6442307692307693 0.014423076923076924 0.026442307692307692
0 0.3641826923076923 0.4411057692307692 0.01201923076923077 0.028846153846153848
0 0.21875 0.453125 0.014423076923076924 0.028846153846153848
0 0.23317307692307693 0.6310096153846154 0.009615384615384616 0.026442307692307692
0 0.21995192307692307 0.6334134615384616 0.014423076923076924 0.028846153846153848
0 0.3161057692307692 0.4483173076923077 0.009615384615384616 0.038461538461538464