0 0.7487980769230769 0.8473557692307693 0.04567307692307692 0.004807692307692308
0 0.796875 0.8497596153846154 0.036057692307692304 0.004807692307692308
0 0.7512019230769231 0.8377403846153846 0.04326923076923077 0.014423076923076924
0 0.7475961538461539 0.8245192307692307 0.040865384615384616 0.016826923076923076
0 0.4266826923076923 0.7836538461538461 0.026442307692307692 0.009615384615384616
0 0.4266826923076923 0.7704326923076923 0.028846153846153848 0.014423076923076924
0 0.36177884615384615 0.6778846153846154 0.02403846153846154 0.01201923076923077
0 0.7980769230769231 0.8377403846153846 0.040865384615384616 0.016826923076923076
0 0.7932692307692307 0.8221153846153846 0.038461538461538464 0.016826923076923076
0 0.7956730769230769 0.8100961538461539 0.040865384615384616 0.01201923076923077
0 0.7920673076923077 0.7920673076923077 0.04326923076923077 0.016826923076923076
0 0.7451923076923077 0.7836538461538461 0.04326923076923077 0.014423076923076924
0 0.75 0.8088942307692307 0.04326923076923077 0.014423076923076924
0 0.7463942307692307 0.7956730769230769 0.04326923076923077 0.004807692307692308
0 0.7920673076923077 0.7752403846153846 0.04326923076923077 0.016826923076923076
0 0.7896634615384616 0.7572115384615384 0.040865384615384616 0.014423076923076924
0 0.7908653846153846 0.7427884615384616 0.038461538461538464 0.014423076923076924
0 0.7908653846153846 0.7271634615384616 0.04326923076923077 0.014423076923076924
0 0.7872596153846154 0.7103365384615384 0.036057692307692304 0.01201923076923077
0 0.7860576923076923 0.6959134615384616 0.038461538461538464 0.014423076923076924
0 0.7824519230769231 0.6730769230769231 0.04326923076923077 0.01201923076923077
0 0.7800480769230769 0.6574519230769231 0.038461538461538464 0.014423076923076924
0 0.7788461538461539 0.6430288461538461 0.038461538461538464 0.014423076923076924
0 0.7776442307692307 0.6286057692307693 0.03365384615384615 0.014423076923076924
0 0.7740384615384616 0.6129807692307693 0.038461538461538464 0.014423076923076924
0 0.7716346153846154 0.5949519230769231 0.038461538461538464 0.014423076923076924
0 0.7716346153846154 0.5805288461538461 0.040865384615384616 0.014423076923076924
0 0.7692307692307693 0.5649038461538461 0.036057692307692304 0.014423076923076924
0 0.765625 0.5336538461538461 0.038461538461538464 0.01201923076923077
0 0.7620192307692307 0.5204326923076923 0.036057692307692304 0.01201923076923077
0 0.7608173076923077 0.5048076923076923 0.038461538461538464 0.014423076923076924
0 0.7608173076923077 0.49158653846153844 0.040865384615384616 0.01201923076923077
0 0.8605769230769231 0.7776442307692307 0.052884615384615384 0.016826923076923076
0 0.859375 0.7584134615384616 0.052884615384615384 0.014423076923076924
0 0.859375 0.7451923076923077 0.04807692307692308 0.014423076923076924
0 0.859375 0.7271634615384616 0.04326923076923077 0.01201923076923077
0 0.8569711538461539 0.7103365384615384 0.038461538461538464 0.01201923076923077
0 0.8509615384615384 0.6935096153846154 0.04326923076923077 0.014423076923076924
0 0.8497596153846154 0.6742788461538461 0.04807692307692308 0.014423076923076924
0 0.8497596153846154 0.65625 0.04326923076923077 0.01201923076923077
0 0.8473557692307693 0.6418269230769231 0.04807692307692308 0.014423076923076924
0 0.8449519230769231 0.6286057692307693 0.04326923076923077 0.014423076923076924
0 0.8413461538461539 0.6129807692307693 0.04807692307692308 0.014423076923076924
0 0.8377403846153846 0.5949519230769231 0.04326923076923077 0.014423076923076924
0 0.8401442307692307 0.5829326923076923 0.04567307692307692 0.01201923076923077
0 0.8365384615384616 0.5661057692307693 0.038461538461538464 0.014423076923076924
0 0.8329326923076923 0.5456730769230769 0.04326923076923077 0.014423076923076924
0 0.8329326923076923 0.53125 0.04326923076923077 0.014423076923076924
0 0.8293269230769231 0.5144230769230769 0.04326923076923077 0.014423076923076924
0 0.8317307692307693 0.5012019230769231 0.040865384615384616 0.014423076923076924
0 0.3605769230769231 0.6610576923076923 0.02403846153846154 0.007211538461538462
0 0.35697115384615385 0.6514423076923077 0.021634615384615384 0.009615384615384616
0 0.3581730769230769 0.6346153846153846 0.026442307692307692 0.007211538461538462
0 0.35216346153846156 0.6237980769230769 0.026442307692307692 0.009615384615384616
0 0.35096153846153844 0.6141826923076923 0.026442307692307692 0.007211538461538462
0 0.35216346153846156 0.609375 0.02403846153846154 0.009615384615384616
0 0.34975961538461536 0.5889423076923077 0.021634615384615384 0.007211538461538462
0 0.34975961538461536 0.578125 0.019230769230769232 0.009615384615384616
0 0.3473557692307692 0.5661057692307693 0.019230769230769232 0.007211538461538462
0 0.34975961538461536 0.5564903846153846 0.026442307692307692 0.009615384615384616
0 0.34615384615384615 0.5444711538461539 0.021634615384615384 0.009615384615384616
0 0.34375 0.5348557692307693 0.019230769230769232 0.009615384615384616
0 0.3449519230769231 0.5252403846153846 0.02403846153846154 0.004807692307692308
0 0.3473557692307692 0.5168269230769231 0.021634615384615384 0.01201923076923077
0 0.3449519230769231 0.5048076923076923 0.019230769230769232 0.009615384615384616
0 0.3605769230769231 0.671875 0.021634615384615384 0.009615384615384616
0 0.5649038461538461 0.8449519230769231 0.03365384615384615 0.009615384615384616
0 0.5612980769230769 0.8329326923076923 0.038461538461538464 0.014423076923076924
0 0.5600961538461539 0.8197115384615384 0.03365384615384615 0.009615384615384616
0 0.5600961538461539 0.8064903846153846 0.028846153846153848 0.009615384615384616
0 0.5576923076923077 0.7920673076923077 0.03365384615384615 0.01201923076923077
0 0.5600961538461539 0.7764423076923077 0.03365384615384615 0.009615384615384616
0 0.5600961538461539 0.7644230769230769 0.03365384615384615 0.009615384615384616
0 0.5564903846153846 0.7475961538461539 0.03365384615384615 0.014423076923076924
0 0.5564903846153846 0.7355769230769231 0.028846153846153848 0.009615384615384616
0 0.5540865384615384 0.7211538461538461 0.028846153846153848 0.01201923076923077
0 0.5552884615384616 0.7079326923076923 0.028846153846153848 0.007211538461538462
0 0.5540865384615384 0.6971153846153846 0.028846153846153848 0.009615384615384616
0 0.5516826923076923 0.6826923076923077 0.028846153846153848 0.009615384615384616
0 0.5516826923076923 0.6694711538461539 0.026442307692307692 0.009615384615384616
0 0.5504807692307693 0.65625 0.03365384615384615 0.009615384615384616
0 0.5504807692307693 0.640625 0.026442307692307692 0.01201923076923077
0 0.5504807692307693 0.6286057692307693 0.028846153846153848 0.014423076923076924
0 0.546875 0.6129807692307693 0.028846153846153848 0.01201923076923077
0 0.5480769230769231 0.6033653846153846 0.03365384615384615 0.01201923076923077
0 0.5480769230769231 0.5889423076923077 0.03365384615384615 0.014423076923076924
0 0.5480769230769231 0.5757211538461539 0.028846153846153848 0.009615384615384616
0 0.546875 0.5637019230769231 0.028846153846153848 0.01201923076923077
0 0.5444711538461539 0.5552884615384616 0.03365384615384615 0.014423076923076924
0 0.546875 0.5396634615384616 0.028846153846153848 0.01201923076923077
0 0.5456730769230769 0.5252403846153846 0.026442307692307692 0.009615384615384616
0 0.5420673076923077 0.5132211538461539 0.036057692307692304 0.009615384615384616
0 0.5420673076923077 0.5024038461538461 0.02403846153846154 0.007211538461538462
0 0.5420673076923077 0.4891826923076923 0.02403846153846154 0.009615384615384616
0 0.5360576923076923 0.47475961538461536 0.028846153846153848 0.009615384615384616
0 0.5360576923076923 0.46274038461538464 0.028846153846153848 0.009615384615384616
0 0.5336538461538461 0.45072115384615385 0.026442307692307692 0.009615384615384616
0 0.5360576923076923 0.43509615384615385 0.03365384615384615 0.014423076923076924
0 0.53125 0.42427884615384615 0.03365384615384615 0.01201923076923077
0 0.5324519230769231 0.40865384615384615 0.03365384615384615 0.014423076923076924
0 0.5721153846153846 0.47716346153846156 0.03365384615384615 0.009615384615384616
0 0.5733173076923077 0.4639423076923077 0.03365384615384615 0.01201923076923077
0 0.5697115384615384 0.44711538461538464 0.03365384615384615 0.014423076923076924
0 0.5685096153846154 0.4326923076923077 0.028846153846153848 0.009615384615384616
0 0.5697115384615384 0.4182692307692308 0.026442307692307692 0.014423076923076924
0 0.5673076923076923 0.4074519230769231 0.02403846153846154 0.009615384615384616
0 0.5612980769230769 0.3954326923076923 0.02403846153846154 0.01201923076923077
0 0.53125 0.39663461538461536 0.026442307692307692 0.01201923076923077
0 0.5276442307692307 0.3858173076923077 0.02403846153846154 0.01201923076923077
0 0.5600961538461539 0.38221153846153844 0.028846153846153848 0.009615384615384616
0 0.5276442307692307 0.3737980769230769 0.026442307692307692 0.014423076923076924
0 0.5576923076923077 0.3701923076923077 0.03365384615384615 0.01201923076923077
0 0.5276442307692307 0.3605769230769231 0.03365384615384615 0.01201923076923077
0 0.5588942307692307 0.3605769230769231 0.026442307692307692 0.009615384615384616
0 0.5252403846153846 0.3473557692307692 0.03365384615384615 0.014423076923076924
0 0.5588942307692307 0.3485576923076923 0.03365384615384615 0.01201923076923077
0 0.5216346153846154 0.3317307692307692 0.028846153846153848 0.01201923076923077
0 0.5204326923076923 0.31850961538461536 0.026442307692307692 0.009615384615384616
0 0.5564903846153846 0.3269230769230769 0.026442307692307692 0.014423076923076924
0 0.5552884615384616 0.31490384615384615 0.02403846153846154 0.009615384615384616
0 0.5204326923076923 0.3076923076923077 0.03365384615384615 0.009615384615384616
0 0.5216346153846154 0.29447115384615385 0.03365384615384615 0.009615384615384616
0 0.5552884615384616 0.30288461538461536 0.03365384615384615 0.009615384615384616
0 0.5588942307692307 0.29086538461538464 0.02403846153846154 0.009615384615384616
0 0.5564903846153846 0.2776442307692308 0.028846153846153848 0.009615384615384616
0 0.5216346153846154 0.28125 0.028846153846153848 0.014423076923076924
0 0.5192307692307693 0.2692307692307692 0.02403846153846154 0.009615384615384616
0 0.515625 0.25721153846153844 0.028846153846153848 0.014423076923076924
0 0.5192307692307693 0.2439903846153846 0.028846153846153848 0.009615384615384616
0 0.5528846153846154 0.2668269230769231 0.028846153846153848 0.007211538461538462
0 0.5516826923076923 0.25600961538461536 0.03365384615384615 0.014423076923076924
0 0.5168269230769231 0.23076923076923078 0.038461538461538464 0.014423076923076924
0 0.5180288461538461 0.2127403846153846 0.028846153846153848 0.009615384615384616
0 0.5144230769230769 0.19951923076923078 0.028846153846153848 0.014423076923076924
0 0.5144230769230769 0.1875 0.028846153846153848 0.014423076923076924
0 0.5132211538461539 0.17548076923076922 0.028846153846153848 0.014423076923076924
0 0.5120192307692307 0.16346153846153846 0.026442307692307692 0.014423076923076924
0 0.765625 0.5492788461538461 0.04326923076923077 0.014423076923076924
0 0.5516826923076923 0.23918269230769232 0.028846153846153848 0.014423076923076924
0 0.5480769230769231 0.22956730769230768 0.028846153846153848 0.014423076923076924
0 0.546875 0.19110576923076922 0.028846153846153848 0.014423076923076924
0 0.5480769230769231 0.21394230769230768 0.028846153846153848 0.009615384615384616
0 0.5516826923076923 0.20072115384615385 0.028846153846153848 0.014423076923076924
0 0.5745192307692307 0.49278846153846156 0.03365384615384615 0.014423076923076924
0 0.3858173076923077 0.3762019230769231 0.028846153846153848 0.009615384615384616
0 0.3858173076923077 0.36778846153846156 0.02403846153846154 0.009615384615384616
0 0.38100961538461536 0.3557692307692308 0.02403846153846154 0.009615384615384616
0 0.38221153846153844 0.3269230769230769 0.026442307692307692 0.009615384615384616
0 0.3798076923076923 0.3173076923076923 0.02403846153846154 0.009615384615384616
0 0.37740384615384615 0.30528846153846156 0.02403846153846154 0.01201923076923077
0 0.3786057692307692 0.28966346153846156 0.028846153846153848 0.009615384615384616
0 0.3762019230769231 0.2764423076923077 0.028846153846153848 0.009615384615384616
0 0.3786057692307692 0.2644230769230769 0.028846153846153848 0.009615384615384616
0 0.3762019230769231 0.2512019230769231 0.028846153846153848 0.009615384615384616
0 0.3701923076923077 0.23677884615384615 0.02403846153846154 0.01201923076923077
0 0.36899038461538464 0.2247596153846154 0.02403846153846154 0.01201923076923077
0 0.3641826923076923 0.21033653846153846 0.02403846153846154 0.01201923076923077
0 0.3641826923076923 0.19951923076923078 0.026442307692307692 0.014423076923076924
0 0.35096153846153844 0.5973557692307693 0.02403846153846154 0.01201923076923077
1 0.4170673076923077 0.7896634615384616 0.007211538461538462 0.009615384615384616
0 0.38100961538461536 0.3389423076923077 0.02403846153846154 0.009615384615384616
0 0.359375 0.6911057692307693 0.028846153846153848 0.009615384615384616
0 0.3557692307692308 0.6418269230769231 0.021634615384615384 0.007211538461538462
0 0.5540865384615384 0.33653846153846156 0.028846153846153848 0.014423076923076924
0 0.5408653846153846 0.17908653846153846 0.038461538461538464 0.014423076923076924