0 0.8269230769230769 0.5444711538461539 0.04567307692307692 0.009615384615384616
0 0.828125 0.5276442307692307 0.04326923076923077 0.014423076923076924
0 0.8269230769230769 0.5120192307692307 0.04326923076923077 0.014423076923076924
0 0.8269230769230769 0.4951923076923077 0.04807692307692308 0.014423076923076924
0 0.8269230769230769 0.47836538461538464 0.04326923076923077 0.009615384615384616
0 0.8305288461538461 0.46153846153846156 0.04326923076923077 0.014423076923076924
0 0.8317307692307693 0.44471153846153844 0.040865384615384616 0.014423076923076924
0 0.8353365384615384 0.43028846153846156 0.04326923076923077 0.014423076923076924
0 0.8329326923076923 0.41586538461538464 0.04326923076923077 0.014423076923076924
0 0.8353365384615384 0.40024038461538464 0.038461538461538464 0.016826923076923076
0 0.8365384615384616 0.3870192307692308 0.04326923076923077 0.014423076923076924
0 0.8389423076923077 0.3701923076923077 0.04326923076923077 0.014423076923076924
0 0.8569711538461539 0.1778846153846154 0.04807692307692308 0.009615384615384616
0 0.8413461538461539 0.35096153846153844 0.04567307692307692 0.01201923076923077
0 0.84375 0.2704326923076923 0.040865384615384616 0.014423076923076924
0 0.8425480769230769 0.2860576923076923 0.04326923076923077 0.01201923076923077
0 0.8413461538461539 0.30288461538461536 0.04326923076923077 0.014423076923076924
0 0.8413461538461539 0.3173076923076923 0.040865384615384616 0.014423076923076924
0 0.8401442307692307 0.33413461538461536 0.04326923076923077 0.014423076923076924
0 0.7596153846153846 0.5528846153846154 0.04326923076923077 0.014423076923076924
0 0.7596153846153846 0.5396634615384616 0.040865384615384616 0.014423076923076924
0 0.7596153846153846 0.5264423076923077 0.038461538461538464 0.01201923076923077
0 0.7608173076923077 0.5132211538461539 0.038461538461538464 0.014423076923076924
0 0.7620192307692307 0.49759615384615385 0.038461538461538464 0.014423076923076924
0 0.7632211538461539 0.4831730769230769 0.038461538461538464 0.007211538461538462
0 0.7632211538461539 0.4723557692307692 0.038461538461538464 0.014423076923076924
0 0.7632211538461539 0.45913461538461536 0.040865384615384616 0.014423076923076924
0 0.7644230769230769 0.44350961538461536 0.038461538461538464 0.014423076923076924
0 0.7632211538461539 0.42908653846153844 0.038461538461538464 0.014423076923076924
0 0.7644230769230769 0.41586538461538464 0.04326923076923077 0.014423076923076924
0 0.7668269230769231 0.40625 0.04807692307692308 0.014423076923076924
0 0.7295673076923077 0.15504807692307693 0.04326923076923077 0.01201923076923077
0 0.7776442307692307 0.15264423076923078 0.04326923076923077 0.004807692307692308
0 0.7295673076923077 0.171875 0.04326923076923077 0.019230769230769232
0 0.7283653846153846 0.1875 0.038461538461538464 0.019230769230769232
0 0.7283653846153846 0.203125 0.038461538461538464 0.019230769230769232
0 0.7283653846153846 0.21875 0.036057692307692304 0.016826923076923076
0 0.7271634615384616 0.234375 0.038461538461538464 0.019230769230769232
0 0.7259615384615384 0.24879807692307693 0.036057692307692304 0.016826923076923076
0 0.7247596153846154 0.26322115384615385 0.038461538461538464 0.016826923076923076
0 0.34975961538461536 0.390625 0.028846153846153848 0.01201923076923077
0 0.3485576923076923 0.4014423076923077 0.028846153846153848 0.009615384615384616
0 0.3485576923076923 0.41225961538461536 0.026442307692307692 0.009615384615384616
0 0.5456730769230769 0.2932692307692308 0.028846153846153848 0.014423076923076924
0 0.5456730769230769 0.27884615384615385 0.03125 0.009615384615384616
0 0.5456730769230769 0.26802884615384615 0.03365384615384615 0.009615384615384616
0 0.7668269230769231 0.390625 0.04567307692307692 0.01201923076923077
0 0.7692307692307693 0.36177884615384615 0.04567307692307692 0.014423076923076924
0 0.7668269230769231 0.34975961538461536 0.04326923076923077 0.009615384615384616
0 0.7692307692307693 0.33413461538461536 0.04567307692307692 0.014423076923076924
0 0.7764423076923077 0.2824519230769231 0.04326923076923077 0.01201923076923077
0 0.7692307692307693 0.3076923076923077 0.04567307692307692 0.01201923076923077
0 0.7740384615384616 0.296875 0.04326923076923077 0.014423076923076924
0 0.7788461538461539 0.2644230769230769 0.04807692307692308 0.01201923076923077
0 0.7776442307692307 0.16346153846153846 0.038461538461538464 0.016826923076923076
0 0.7776442307692307 0.18028846153846154 0.03365384615384615 0.014423076923076924
0 0.7764423076923077 0.19831730769230768 0.036057692307692304 0.014423076923076924
0 0.7752403846153846 0.2127403846153846 0.04326923076923077 0.009615384615384616
0 0.7704326923076923 0.37740384615384615 0.04326923076923077 0.016826923076923076
0 0.7752403846153846 0.22716346153846154 0.040865384615384616 0.014423076923076924
0 0.7776442307692307 0.23798076923076922 0.04326923076923077 0.01201923076923077
0 0.7788461538461539 0.2512019230769231 0.04326923076923077 0.01201923076923077
0 0.34975961538461536 0.421875 0.021634615384615384 0.004807692307692308
0 0.35096153846153844 0.3798076923076923 0.021634615384615384 0.01201923076923077
0 0.3473557692307692 0.4326923076923077 0.02403846153846154 0.007211538461538462
0 0.34615384615384615 0.4423076923076923 0.02403846153846154 0.009615384615384616
0 0.3449519230769231 0.4543269230769231 0.026442307692307692 0.01201923076923077
0 0.34615384615384615 0.4651442307692308 0.028846153846153848 0.014423076923076924
0 0.34375 0.47836538461538464 0.026442307692307692 0.014423076923076924
0 0.3449519230769231 0.4879807692307692 0.02403846153846154 0.009615384615384616
0 0.35336538461538464 0.37259615384615385 0.028846153846153848 0.007211538461538462
0 0.3425480769230769 0.4987980769230769 0.02403846153846154 0.007211538461538462
0 0.34375 0.5228365384615384 0.02403846153846154 0.01201923076923077
0 0.375 0.8485576923076923 0.021634615384615384 0.002403846153846154
0 0.3425480769230769 0.5096153846153846 0.019230769230769232 0.009615384615384616
0 0.3449519230769231 0.53125 0.021634615384615384 0.007211538461538462
0 0.3425480769230769 0.5420673076923077 0.021634615384615384 0.01201923076923077
0 0.5456730769230769 0.15264423076923078 0.03365384615384615 0.009615384615384616
0 0.5480769230769231 0.1658653846153846 0.03365384615384615 0.014423076923076924
0 0.5444711538461539 0.19831730769230768 0.036057692307692304 0.014423076923076924
0 0.5480769230769231 0.1814903846153846 0.028846153846153848 0.014423076923076924
0 0.546875 0.21514423076923078 0.036057692307692304 0.009615384615384616
0 0.5432692307692307 0.22716346153846154 0.038461538461538464 0.014423076923076924
0 0.5432692307692307 0.2403846153846154 0.03365384615384615 0.009615384615384616
0 0.5420673076923077 0.2536057692307692 0.028846153846153848 0.009615384615384616
0 0.5420673076923077 0.3076923076923077 0.03365384615384615 0.014423076923076924
0 0.5432692307692307 0.32211538461538464 0.03365384615384615 0.01201923076923077
0 0.5444711538461539 0.34615384615384615 0.028846153846153848 0.007211538461538462
0 0.5420673076923077 0.3329326923076923 0.028846153846153848 0.01201923076923077
0 0.5432692307692307 0.3605769230769231 0.02403846153846154 0.009615384615384616
0 0.5408653846153846 0.4110576923076923 0.03365384615384615 0.016826923076923076
0 0.546875 0.38822115384615385 0.03365384615384615 0.009615384615384616
0 0.5408653846153846 0.42427884615384615 0.03365384615384615 0.014423076923076924
0 0.5420673076923077 0.39783653846153844 0.026442307692307692 0.01201923076923077
0 0.5396634615384616 0.4387019230769231 0.028846153846153848 0.01201923076923077
0 0.5384615384615384 0.4639423076923077 0.028846153846153848 0.014423076923076924
0 0.5408653846153846 0.4987980769230769 0.028846153846153848 0.009615384615384616
0 0.5420673076923077 0.45072115384615385 0.03365384615384615 0.009615384615384616
0 0.5420673076923077 0.5180288461538461 0.028846153846153848 0.009615384615384616
0 0.5408653846153846 0.5288461538461539 0.03365384615384615 0.01201923076923077
0 0.5456730769230769 0.37259615384615385 0.028846153846153848 0.009615384615384616
0 0.5384615384615384 0.5396634615384616 0.028846153846153848 0.009615384615384616
0 0.5408653846153846 0.5528846153846154 0.028846153846153848 0.014423076923076924
0 0.5408653846153846 0.5661057692307693 0.026442307692307692 0.014423076923076924
0 0.5384615384615384 0.5805288461538461 0.03365384615384615 0.009615384615384616
0 0.5372596153846154 0.6021634615384616 0.03365384615384615 0.009615384615384616
0 0.5372596153846154 0.5901442307692307 0.028846153846153848 0.014423076923076924
0 0.5360576923076923 0.6189903846153846 0.03365384615384615 0.009615384615384616
0 0.5348557692307693 0.6442307692307693 0.028846153846153848 0.009615384615384616
0 0.5372596153846154 0.6298076923076923 0.026442307692307692 0.01201923076923077
0 0.5372596153846154 0.6694711538461539 0.028846153846153848 0.014423076923076924
0 0.5336538461538461 0.6574519230769231 0.028846153846153848 0.014423076923076924
0 0.5300480769230769 0.6838942307692307 0.028846153846153848 0.014423076923076924
0 0.5288461538461539 0.6971153846153846 0.03365384615384615 0.01201923076923077
0 0.5276442307692307 0.7223557692307693 0.03365384615384615 0.014423076923076924
0 0.5288461538461539 0.7115384615384616 0.028846153846153848 0.009615384615384616
0 0.5276442307692307 0.7367788461538461 0.02403846153846154 0.014423076923076924
0 0.5288461538461539 0.7512019230769231 0.028846153846153848 0.01201923076923077
0 0.5288461538461539 0.8112980769230769 0.03365384615384615 0.014423076923076924
0 0.5288461538461539 0.8317307692307693 0.03365384615384615 0.014423076923076924
0 0.5288461538461539 0.84375 0.028846153846153848 0.009615384615384616
0 0.5733173076923077 0.5637019230769231 0.03365384615384615 0.014423076923076924
0 0.5733173076923077 0.5925480769230769 0.028846153846153848 0.014423076923076924
0 0.5697115384615384 0.609375 0.03365384615384615 0.014423076923076924
0 0.5745192307692307 0.5805288461538461 0.028846153846153848 0.014423076923076924
0 0.5721153846153846 0.6225961538461539 0.03365384615384615 0.01201923076923077
0 0.5697115384615384 0.6382211538461539 0.028846153846153848 0.01201923076923077
0 0.5697115384615384 0.6526442307692307 0.028846153846153848 0.009615384615384616
0 0.5685096153846154 0.6646634615384616 0.028846153846153848 0.009615384615384616
0 0.5661057692307693 0.6790865384615384 0.028846153846153848 0.01201923076923077
0 0.5661057692307693 0.6911057692307693 0.03365384615384615 0.01201923076923077
0 0.5649038461538461 0.7043269230769231 0.028846153846153848 0.014423076923076924
0 0.5612980769230769 0.7175480769230769 0.03365384615384615 0.01201923076923077
0 0.5649038461538461 0.7307692307692307 0.03365384615384615 0.014423076923076924
0 0.5637019230769231 0.7439903846153846 0.03365384615384615 0.01201923076923077
0 0.5612980769230769 0.7572115384615384 0.028846153846153848 0.014423076923076924
0 0.5637019230769231 0.7716346153846154 0.03365384615384615 0.014423076923076924
0 0.5637019230769231 0.7824519230769231 0.028846153846153848 0.014423076923076924
0 0.5637019230769231 0.7956730769230769 0.028846153846153848 0.014423076923076924
0 0.38822115384615385 0.6766826923076923 0.02403846153846154 0.01201923076923077
0 0.38461538461538464 0.6947115384615384 0.026442307692307692 0.01201923076923077
0 0.3870192307692308 0.6850961538461539 0.026442307692307692 0.009615384615384616
0 0.38461538461538464 0.7103365384615384 0.02403846153846154 0.009615384615384616
0 0.38461538461538464 0.7223557692307693 0.02403846153846154 0.009615384615384616
0 0.38221153846153844 0.7463942307692307 0.02403846153846154 0.01201923076923077
0 0.38461538461538464 0.734375 0.019230769230769232 0.009615384615384616
0 0.38100961538461536 0.7548076923076923 0.028846153846153848 0.01201923076923077
0 0.38100961538461536 0.7692307692307693 0.026442307692307692 0.009615384615384616
0 0.38221153846153844 0.7896634615384616 0.026442307692307692 0.009615384615384616
0 0.38341346153846156 0.7800480769230769 0.02403846153846154 0.009615384615384616
0 0.3762019230769231 0.8064903846153846 0.02403846153846154 0.01201923076923077
0 0.41466346153846156 0.27163461538461536 0.026442307692307692 0.009615384615384616
0 0.41225961538461536 0.2824519230769231 0.028846153846153848 0.01201923076923077
0 0.3786057692307692 0.8185096153846154 0.028846153846153848 0.009615384615384616
0 0.5745192307692307 0.5516826923076923 0.03365384615384615 0.009615384615384616
1 0.4074519230769231 0.2608173076923077 0.014423076923076924 0.007211538461538462
0 0.53125 0.7632211538461539 0.03365384615384615 0.007211538461538462
0 0.5252403846153846 0.7860576923076923 0.03365384615384615 0.016826923076923076
0 0.5288461538461539 0.7740384615384616 0.03365384615384615 0.014423076923076924
0 0.5276442307692307 0.8016826923076923 0.03365384615384615 0.01201923076923077
0 0.5420673076923077 0.4855769230769231 0.028846153846153848 0.007211538461538462
0 0.5637019230769231 0.8076923076923077 0.03365384615384615 0.009615384615384616
0 0.5420673076923077 0.47596153846153844 0.03365384615384615 0.009615384615384616
0 0.7692307692307693 0.31971153846153844 0.038461538461538464 0.009615384615384616
0 0.5396634615384616 0.5108173076923077 0.028846153846153848 0.009615384615384616
0 0.3762019230769231 0.828125 0.026442307692307692 0.01201923076923077
0 0.37740384615384615 0.8425480769230769 0.026442307692307692 0.007211538461538462
0 0.3545673076923077 0.3629807692307692 0.028846153846153848 0.009615384615384616
0 0.5576923076923077 0.8341346153846154 0.02403846153846154 0.014423076923076924
0 0.5612980769230769 0.8197115384615384 0.03365384615384615 0.014423076923076924
0 0.5588942307692307 0.8473557692307693 0.026442307692307692 0.01201923076923077