0 0.17307692307692307 0.5120192307692307 0.04326923076923077 0.014423076923076924
0 0.16826923076923078 0.4963942307692308 0.04326923076923077 0.014423076923076924
0 0.16706730769230768 0.47716346153846156 0.04807692307692308 0.014423076923076924
0 0.1658653846153846 0.46153846153846156 0.052884615384615384 0.014423076923076924
0 0.16947115384615385 0.453125 0.04326923076923077 0.014423076923076924
0 0.16826923076923078 0.4362980769230769 0.040865384615384616 0.014423076923076924
0 0.16105769230769232 0.41947115384615385 0.04326923076923077 0.014423076923076924
0 0.16105769230769232 0.4014423076923077 0.04326923076923077 0.014423076923076924
0 0.15985576923076922 0.3894230769230769 0.038461538461538464 0.016826923076923076
0 0.15625 0.3737980769230769 0.04326923076923077 0.014423076923076924
0 0.15384615384615385 0.3557692307692308 0.04326923076923077 0.014423076923076924
0 0.1310096153846154 0.15625 0.04807692307692308 0.009615384615384616
0 0.15384615384615385 0.3329326923076923 0.04326923076923077 0.009615384615384616
0 0.1502403846153846 0.25240384615384615 0.04807692307692308 0.019230769230769232
0 0.15144230769230768 0.2692307692307692 0.04326923076923077 0.01201923076923077
0 0.1502403846153846 0.28365384615384615 0.04326923076923077 0.014423076923076924
0 0.15144230769230768 0.30288461538461536 0.040865384615384616 0.014423076923076924
0 0.15384615384615385 0.31971153846153844 0.04326923076923077 0.014423076923076924
0 0.24158653846153846 0.5324519230769231 0.040865384615384616 0.014423076923076924
0 0.2403846153846154 0.5264423076923077 0.038461538461538464 0.01201923076923077
0 0.23918269230769232 0.5132211538461539 0.038461538461538464 0.014423076923076924
0 0.23798076923076922 0.49759615384615385 0.038461538461538464 0.014423076923076924
0 0.23918269230769232 0.4831730769230769 0.038461538461538464 0.009615384615384616
0 0.23677884615384615 0.4699519230769231 0.038461538461538464 0.009615384615384616
0 0.23677884615384615 0.45913461538461536 0.040865384615384616 0.014423076923076924
0 0.23557692307692307 0.44350961538461536 0.038461538461538464 0.014423076923076924
0 0.23677884615384615 0.42908653846153844 0.038461538461538464 0.014423076923076924
0 0.23557692307692307 0.41586538461538464 0.04326923076923077 0.014423076923076924
0 0.23197115384615385 0.40024038461538464 0.04807692307692308 0.014423076923076924
0 0.25600961538461536 0.15264423076923078 0.038461538461538464 0.01201923076923077
0 0.20793269230769232 0.1502403846153846 0.04326923076923077 0.004807692307692308
0 0.25600961538461536 0.16947115384615385 0.036057692307692304 0.014423076923076924
0 0.25841346153846156 0.1875 0.038461538461538464 0.019230769230769232
0 0.25841346153846156 0.20552884615384615 0.038461538461538464 0.019230769230769232
0 0.2608173076923077 0.22115384615384615 0.036057692307692304 0.016826923076923076
0 0.26322115384615385 0.2403846153846154 0.038461538461538464 0.019230769230769232
0 0.26322115384615385 0.2512019230769231 0.036057692307692304 0.009615384615384616
0 0.6502403846153846 0.390625 0.028846153846153848 0.01201923076923077
0 0.6514423076923077 0.4014423076923077 0.028846153846153848 0.009615384615384616
0 0.6514423076923077 0.41225961538461536 0.026442307692307692 0.009615384615384616
0 0.44471153846153844 0.28846153846153844 0.028846153846153848 0.014423076923076924
0 0.44471153846153844 0.27403846153846156 0.03125 0.009615384615384616
0 0.4483173076923077 0.2608173076923077 0.03365384615384615 0.009615384615384616
0 0.23317307692307693 0.3858173076923077 0.04567307692307692 0.01201923076923077
0 0.22235576923076922 0.3557692307692308 0.04326923076923077 0.009615384615384616
0 0.21995192307692307 0.3449519230769231 0.04326923076923077 0.009615384615384616
0 0.21995192307692307 0.33052884615384615 0.04567307692307692 0.014423076923076924
0 0.21754807692307693 0.2692307692307692 0.04326923076923077 0.01201923076923077
0 0.21634615384615385 0.3004807692307692 0.04326923076923077 0.01201923076923077
0 0.21754807692307693 0.28365384615384615 0.04326923076923077 0.014423076923076924
0 0.21754807692307693 0.2512019230769231 0.04326923076923077 0.01201923076923077
0 0.2127403846153846 0.1622596153846154 0.038461538461538464 0.016826923076923076
0 0.21514423076923078 0.17668269230769232 0.04326923076923077 0.02403846153846154
0 0.21394230769230768 0.1971153846153846 0.036057692307692304 0.014423076923076924
0 0.21634615384615385 0.21033653846153846 0.04326923076923077 0.009615384615384616
0 0.22596153846153846 0.3701923076923077 0.04326923076923077 0.01201923076923077
0 0.21754807692307693 0.22115384615384615 0.040865384615384616 0.009615384615384616
0 0.21754807692307693 0.23557692307692307 0.04326923076923077 0.01201923076923077
0 0.6502403846153846 0.421875 0.021634615384615384 0.004807692307692308
0 0.6490384615384616 0.3798076923076923 0.021634615384615384 0.01201923076923077
0 0.6526442307692307 0.4326923076923077 0.02403846153846154 0.007211538461538462
0 0.6538461538461539 0.4423076923076923 0.02403846153846154 0.009615384615384616
0 0.6550480769230769 0.4543269230769231 0.026442307692307692 0.01201923076923077
0 0.6538461538461539 0.4651442307692308 0.028846153846153848 0.014423076923076924
0 0.65625 0.47836538461538464 0.026442307692307692 0.014423076923076924
0 0.6550480769230769 0.4879807692307692 0.02403846153846154 0.009615384615384616
0 0.6454326923076923 0.36538461538461536 0.028846153846153848 0.007211538461538462
0 0.6574519230769231 0.4987980769230769 0.02403846153846154 0.007211538461538462
0 0.65625 0.5228365384615384 0.02403846153846154 0.01201923076923077
0 0.625 0.8485576923076923 0.021634615384615384 0.002403846153846154
0 0.6574519230769231 0.5096153846153846 0.019230769230769232 0.009615384615384616
0 0.6442307692307693 0.34975961538461536 0.02403846153846154 0.01201923076923077
0 0.4495192307692308 0.15264423076923078 0.03365384615384615 0.009615384615384616
0 0.44711538461538464 0.16346153846153846 0.03365384615384615 0.014423076923076924
0 0.44711538461538464 0.19471153846153846 0.036057692307692304 0.014423076923076924
0 0.44591346153846156 0.18028846153846154 0.028846153846153848 0.014423076923076924
0 0.44591346153846156 0.2091346153846154 0.036057692307692304 0.009615384615384616
0 0.44711538461538464 0.21995192307692307 0.03365384615384615 0.01201923076923077
0 0.44591346153846156 0.23317307692307693 0.03365384615384615 0.009615384615384616
0 0.44711538461538464 0.24639423076923078 0.028846153846153848 0.01201923076923077
0 0.44711538461538464 0.3004807692307692 0.028846153846153848 0.01201923076923077
0 0.4483173076923077 0.3161057692307692 0.03365384615384615 0.01201923076923077
0 0.4519230769230769 0.3389423076923077 0.028846153846153848 0.007211538461538462
0 0.44711538461538464 0.3293269230769231 0.028846153846153848 0.01201923076923077
0 0.4495192307692308 0.35216346153846156 0.028846153846153848 0.01201923076923077
0 0.45913461538461536 0.4110576923076923 0.03365384615384615 0.016826923076923076
0 0.45072115384615385 0.38100961538461536 0.03365384615384615 0.009615384615384616
0 0.45913461538461536 0.42427884615384615 0.03365384615384615 0.014423076923076924
0 0.4543269230769231 0.39663461538461536 0.026442307692307692 0.01201923076923077
0 0.46033653846153844 0.4387019230769231 0.028846153846153848 0.01201923076923077
0 0.4567307692307692 0.46634615384615385 0.028846153846153848 0.014423076923076924
0 0.4567307692307692 0.49759615384615385 0.028846153846153848 0.009615384615384616
0 0.4579326923076923 0.45072115384615385 0.03365384615384615 0.009615384615384616
0 0.4579326923076923 0.5180288461538461 0.028846153846153848 0.009615384615384616
0 0.45913461538461536 0.5288461538461539 0.03365384615384615 0.01201923076923077
0 0.453125 0.36658653846153844 0.028846153846153848 0.009615384615384616
0 0.46153846153846156 0.5396634615384616 0.028846153846153848 0.009615384615384616
0 0.45913461538461536 0.5528846153846154 0.028846153846153848 0.014423076923076924
0 0.4651442307692308 0.5673076923076923 0.026442307692307692 0.014423076923076924
0 0.4651442307692308 0.5817307692307693 0.028846153846153848 0.009615384615384616
0 0.4675480769230769 0.6081730769230769 0.03365384615384615 0.01201923076923077
0 0.46875 0.5961538461538461 0.028846153846153848 0.014423076923076924
0 0.47115384615384615 0.6201923076923077 0.03365384615384615 0.009615384615384616
0 0.4675480769230769 0.640625 0.028846153846153848 0.009615384615384616
0 0.47115384615384615 0.6310096153846154 0.02403846153846154 0.009615384615384616
0 0.47596153846153844 0.6646634615384616 0.028846153846153848 0.014423076923076924
0 0.47115384615384615 0.6502403846153846 0.028846153846153848 0.014423076923076924
0 0.47475961538461536 0.6766826923076923 0.028846153846153848 0.01201923076923077
0 0.4735576923076923 0.6911057692307693 0.03365384615384615 0.01201923076923077
0 0.47596153846153844 0.7175480769230769 0.03365384615384615 0.014423076923076924
0 0.47475961538461536 0.7055288461538461 0.028846153846153848 0.009615384615384616
0 0.47836538461538464 0.7319711538461539 0.028846153846153848 0.014423076923076924
0 0.47596153846153844 0.7451923076923077 0.028846153846153848 0.01201923076923077
0 0.4795673076923077 0.8064903846153846 0.03365384615384615 0.014423076923076924
0 0.47836538461538464 0.8233173076923077 0.03365384615384615 0.014423076923076924
0 0.48197115384615385 0.8365384615384616 0.028846153846153848 0.009615384615384616
0 0.4254807692307692 0.5480769230769231 0.03365384615384615 0.009615384615384616
0 0.43028846153846156 0.5745192307692307 0.028846153846153848 0.014423076923076924
0 0.4326923076923077 0.5985576923076923 0.03365384615384615 0.014423076923076924
0 0.42788461538461536 0.5576923076923077 0.028846153846153848 0.01201923076923077
0 0.43028846153846156 0.5865384615384616 0.03365384615384615 0.01201923076923077
0 0.43509615384615385 0.6105769230769231 0.028846153846153848 0.014423076923076924
0 0.4338942307692308 0.6237980769230769 0.028846153846153848 0.009615384615384616
0 0.43509615384615385 0.6358173076923077 0.028846153846153848 0.009615384615384616
0 0.4362980769230769 0.6490384615384616 0.028846153846153848 0.01201923076923077
0 0.4362980769230769 0.6634615384615384 0.038461538461538464 0.014423076923076924
0 0.43990384615384615 0.6814903846153846 0.03365384615384615 0.014423076923076924
0 0.4411057692307692 0.6971153846153846 0.03365384615384615 0.01201923076923077
0 0.43990384615384615 0.7127403846153846 0.03365384615384615 0.014423076923076924
0 0.43990384615384615 0.7247596153846154 0.028846153846153848 0.014423076923076924
0 0.4387019230769231 0.7367788461538461 0.036057692307692304 0.014423076923076924
0 0.4411057692307692 0.75 0.03365384615384615 0.009615384615384616
0 0.44350961538461536 0.765625 0.038461538461538464 0.014423076923076924
0 0.6129807692307693 0.6538461538461539 0.02403846153846154 0.01201923076923077
0 0.6117788461538461 0.6814903846153846 0.026442307692307692 0.01201923076923077
0 0.6105769230769231 0.6694711538461539 0.026442307692307692 0.009615384615384616
0 0.6165865384615384 0.6983173076923077 0.02403846153846154 0.009615384615384616
0 0.6189903846153846 0.7091346153846154 0.02403846153846154 0.009615384615384616
0 0.6189903846153846 0.7307692307692307 0.02403846153846154 0.01201923076923077
0 0.6177884615384616 0.7199519230769231 0.019230769230769232 0.009615384615384616
0 0.6213942307692307 0.7463942307692307 0.028846153846153848 0.01201923076923077
0 0.6213942307692307 0.7596153846153846 0.026442307692307692 0.009615384615384616
0 0.6213942307692307 0.7920673076923077 0.026442307692307692 0.009615384615384616
0 0.6213942307692307 0.7740384615384616 0.028846153846153848 0.014423076923076924
0 0.6225961538461539 0.8052884615384616 0.02403846153846154 0.01201923076923077
0 0.5829326923076923 0.24879807692307693 0.026442307692307692 0.009615384615384616
0 0.5793269230769231 0.25961538461538464 0.026442307692307692 0.007211538461538462
0 0.6237980769230769 0.8197115384615384 0.02403846153846154 0.009615384615384616
0 0.4254807692307692 0.5360576923076923 0.03365384615384615 0.014423076923076924
1 0.5877403846153846 0.23918269230769232 0.014423076923076924 0.007211538461538462
0 0.47475961538461536 0.7572115384615384 0.03365384615384615 0.007211538461538462
0 0.4795673076923077 0.7788461538461539 0.036057692307692304 0.014423076923076924
0 0.4795673076923077 0.765625 0.036057692307692304 0.009615384615384616
0 0.47836538461538464 0.7932692307692307 0.03365384615384615 0.01201923076923077
0 0.45913461538461536 0.48197115384615385 0.03365384615384615 0.01201923076923077
0 0.44350961538461536 0.7824519230769231 0.038461538461538464 0.014423076923076924
0 0.4831730769230769 0.8485576923076923 0.03365384615384615 0.009615384615384616
0 0.21754807692307693 0.31490384615384615 0.04567307692307692 0.01201923076923077
0 0.46033653846153844 0.5108173076923077 0.028846153846153848 0.009615384615384616
0 0.6237980769230769 0.828125 0.026442307692307692 0.01201923076923077
0 0.6225961538461539 0.8425480769230769 0.026442307692307692 0.007211538461538462
0 0.6430288461538461 0.3389423076923077 0.02403846153846154 0.009615384615384616
0 0.44711538461538464 0.8112980769230769 0.03365384615384615 0.014423076923076924
0 0.44350961538461536 0.796875 0.028846153846153848 0.014423076923076924
0 0.44711538461538464 0.8233173076923077 0.03365384615384615 0.014423076923076924
0 0.17427884615384615 0.5264423076923077 0.040865384615384616 0.014423076923076924
0 0.4495192307692308 0.8353365384615384 0.03365384615384615 0.014423076923076924