0 0.46033653846153844 0.8269230769230769 0.009615384615384616 0.04567307692307692
0 0.4735576923076923 0.828125 0.014423076923076924 0.04326923076923077
0 0.4879807692307692 0.8269230769230769 0.014423076923076924 0.04326923076923077
0 0.5048076923076923 0.8269230769230769 0.014423076923076924 0.04807692307692308
0 0.5228365384615384 0.8269230769230769 0.009615384615384616 0.04326923076923077
0 0.5384615384615384 0.8305288461538461 0.014423076923076924 0.04326923076923077
0 0.5552884615384616 0.8317307692307693 0.014423076923076924 0.040865384615384616
0 0.5709134615384616 0.8353365384615384 0.014423076923076924 0.04326923076923077
0 0.5889423076923077 0.8341346153846154 0.014423076923076924 0.04326923076923077
0 0.6021634615384616 0.8365384615384616 0.016826923076923076 0.038461538461538464
0 0.6165865384615384 0.8389423076923077 0.01201923076923077 0.04326923076923077
0 0.6358173076923077 0.8401442307692307 0.014423076923076924 0.04326923076923077
0 0.8293269230769231 0.8605769230769231 0.009615384615384616 0.04807692307692308
0 0.6514423076923077 0.8401442307692307 0.009615384615384616 0.04326923076923077
0 0.7355769230769231 0.8485576923076923 0.019230769230769232 0.04807692307692308
0 0.7163461538461539 0.8461538461538461 0.01201923076923077 0.04326923076923077
0 0.7019230769230769 0.8461538461538461 0.014423076923076924 0.04326923076923077
0 0.6826923076923077 0.8425480769230769 0.014423076923076924 0.040865384615384616
0 0.6658653846153846 0.8401442307692307 0.014423076923076924 0.04326923076923077
0 0.4483173076923077 0.7608173076923077 0.01201923076923077 0.040865384615384616
0 0.46033653846153844 0.7596153846153846 0.014423076923076924 0.040865384615384616
0 0.4735576923076923 0.7596153846153846 0.01201923076923077 0.038461538461538464
0 0.48677884615384615 0.7608173076923077 0.014423076923076924 0.038461538461538464
0 0.5024038461538461 0.7620192307692307 0.014423076923076924 0.038461538461538464
0 0.5120192307692307 0.7632211538461539 0.007211538461538462 0.038461538461538464
0 0.5276442307692307 0.7632211538461539 0.014423076923076924 0.038461538461538464
0 0.5408653846153846 0.7632211538461539 0.014423076923076924 0.040865384615384616
0 0.5564903846153846 0.7644230769230769 0.014423076923076924 0.038461538461538464
0 0.5709134615384616 0.7632211538461539 0.014423076923076924 0.038461538461538464
0 0.5841346153846154 0.7644230769230769 0.014423076923076924 0.04326923076923077
0 0.59375 0.7668269230769231 0.016826923076923076 0.04807692307692308
0 0.8461538461538461 0.7403846153846154 0.01201923076923077 0.038461538461538464
0 0.8497596153846154 0.7920673076923077 0.004807692307692308 0.04326923076923077
0 0.8317307692307693 0.7391826923076923 0.014423076923076924 0.04326923076923077
0 0.8149038461538461 0.7415865384615384 0.019230769230769232 0.038461538461538464
0 0.8004807692307693 0.7379807692307693 0.019230769230769232 0.038461538461538464
0 0.7836538461538461 0.734375 0.016826923076923076 0.036057692307692304
0 0.7680288461538461 0.7355769230769231 0.019230769230769232 0.038461538461538464
0 0.7536057692307693 0.734375 0.016826923076923076 0.036057692307692304
0 0.734375 0.7319711538461539 0.016826923076923076 0.038461538461538464
0 0.609375 0.34975961538461536 0.01201923076923077 0.028846153846153848
0 0.5985576923076923 0.3485576923076923 0.009615384615384616 0.028846153846153848
0 0.5877403846153846 0.3485576923076923 0.009615384615384616 0.026442307692307692
0 0.7115384615384616 0.5552884615384616 0.014423076923076924 0.028846153846153848
0 0.7259615384615384 0.5552884615384616 0.009615384615384616 0.03125
0 0.7391826923076923 0.5516826923076923 0.009615384615384616 0.03365384615384615
0 0.609375 0.7668269230769231 0.01201923076923077 0.04567307692307692
0 0.6358173076923077 0.7704326923076923 0.009615384615384616 0.04326923076923077
0 0.6490384615384616 0.7704326923076923 0.009615384615384616 0.04326923076923077
0 0.6622596153846154 0.7728365384615384 0.014423076923076924 0.04567307692307692
0 0.7271634615384616 0.7764423076923077 0.01201923076923077 0.04326923076923077
0 0.6971153846153846 0.7752403846153846 0.01201923076923077 0.04326923076923077
0 0.7115384615384616 0.7764423076923077 0.014423076923076924 0.04326923076923077
0 0.7439903846153846 0.78125 0.01201923076923077 0.04326923076923077
0 0.8377403846153846 0.7872596153846154 0.016826923076923076 0.038461538461538464
0 0.8233173076923077 0.7848557692307693 0.02403846153846154 0.04326923076923077
0 0.8028846153846154 0.7860576923076923 0.014423076923076924 0.036057692307692304
0 0.7896634615384616 0.7836538461538461 0.009615384615384616 0.04326923076923077
0 0.6225961538461539 0.7704326923076923 0.016826923076923076 0.04326923076923077
0 0.7776442307692307 0.7836538461538461 0.014423076923076924 0.040865384615384616
0 0.7584134615384616 0.7800480769230769 0.01201923076923077 0.04326923076923077
0 0.578125 0.34975961538461536 0.004807692307692308 0.021634615384615384
0 0.6201923076923077 0.35096153846153844 0.01201923076923077 0.021634615384615384
0 0.5673076923076923 0.3473557692307692 0.007211538461538462 0.02403846153846154
0 0.5576923076923077 0.34615384615384615 0.009615384615384616 0.02403846153846154
0 0.5456730769230769 0.3449519230769231 0.01201923076923077 0.026442307692307692
0 0.5348557692307693 0.34615384615384615 0.014423076923076924 0.028846153846153848
0 0.5216346153846154 0.34375 0.014423076923076924 0.026442307692307692
0 0.5120192307692307 0.3449519230769231 0.009615384615384616 0.02403846153846154
0 0.6346153846153846 0.3545673076923077 0.007211538461538462 0.028846153846153848
0 0.5012019230769231 0.3425480769230769 0.007211538461538462 0.02403846153846154
0 0.47716346153846156 0.34375 0.01201923076923077 0.02403846153846154
0 0.15144230769230768 0.375 0.002403846153846154 0.021634615384615384
0 0.49038461538461536 0.3425480769230769 0.009615384615384616 0.019230769230769232
0 0.46875 0.3449519230769231 0.007211538461538462 0.021634615384615384
0 0.46033653846153844 0.34134615384615385 0.009615384615384616 0.019230769230769232
0 0.8473557692307693 0.5504807692307693 0.009615384615384616 0.03365384615384615
0 0.8365384615384616 0.5528846153846154 0.014423076923076924 0.03365384615384615
0 0.8052884615384616 0.5528846153846154 0.014423076923076924 0.036057692307692304
0 0.8197115384615384 0.5540865384615384 0.014423076923076924 0.028846153846153848
0 0.7908653846153846 0.5540865384615384 0.009615384615384616 0.036057692307692304
0 0.7800480769230769 0.5528846153846154 0.01201923076923077 0.03365384615384615
0 0.7668269230769231 0.5540865384615384 0.009615384615384616 0.03365384615384615
0 0.7536057692307693 0.5528846153846154 0.01201923076923077 0.028846153846153848
0 0.6995192307692307 0.5528846153846154 0.01201923076923077 0.028846153846153848
0 0.6838942307692307 0.5516826923076923 0.01201923076923077 0.03365384615384615
0 0.6610576923076923 0.5480769230769231 0.007211538461538462 0.028846153846153848
0 0.6706730769230769 0.5528846153846154 0.01201923076923077 0.028846153846153848
0 0.6478365384615384 0.5504807692307693 0.01201923076923077 0.028846153846153848
0 0.5889423076923077 0.5408653846153846 0.016826923076923076 0.03365384615384615
0 0.6189903846153846 0.5492788461538461 0.009615384615384616 0.03365384615384615
0 0.5757211538461539 0.5408653846153846 0.014423076923076924 0.03365384615384615
0 0.6033653846153846 0.5456730769230769 0.01201923076923077 0.026442307692307692
0 0.5612980769230769 0.5396634615384616 0.01201923076923077 0.028846153846153848
0 0.5360576923076923 0.5384615384615384 0.014423076923076924 0.028846153846153848
0 0.5024038461538461 0.5432692307692307 0.009615384615384616 0.028846153846153848
0 0.5492788461538461 0.5420673076923077 0.009615384615384616 0.03365384615384615
0 0.48197115384615385 0.5420673076923077 0.009615384615384616 0.028846153846153848
0 0.47115384615384615 0.5408653846153846 0.01201923076923077 0.03365384615384615
0 0.6334134615384616 0.546875 0.009615384615384616 0.028846153846153848
0 0.46033653846153844 0.5384615384615384 0.009615384615384616 0.028846153846153848
0 0.44711538461538464 0.5408653846153846 0.014423076923076924 0.028846153846153848
0 0.4338942307692308 0.5408653846153846 0.014423076923076924 0.026442307692307692
0 0.4182692307692308 0.5348557692307693 0.007211538461538462 0.026442307692307692
0 0.39783653846153844 0.5372596153846154 0.009615384615384616 0.03365384615384615
0 0.4098557692307692 0.5372596153846154 0.014423076923076924 0.028846153846153848
0 0.38461538461538464 0.5360576923076923 0.009615384615384616 0.03365384615384615
0 0.359375 0.5324519230769231 0.009615384615384616 0.028846153846153848
0 0.3713942307692308 0.5324519230769231 0.009615384615384616 0.02403846153846154
0 0.33533653846153844 0.5240384615384616 0.014423076923076924 0.028846153846153848
0 0.34975961538461536 0.5288461538461539 0.014423076923076924 0.028846153846153848
0 0.3233173076923077 0.5252403846153846 0.01201923076923077 0.028846153846153848
0 0.3088942307692308 0.5264423076923077 0.01201923076923077 0.03365384615384615
0 0.2824519230769231 0.5240384615384616 0.014423076923076924 0.03365384615384615
0 0.29447115384615385 0.5252403846153846 0.009615384615384616 0.028846153846153848
0 0.26802884615384615 0.5216346153846154 0.014423076923076924 0.028846153846153848
0 0.2548076923076923 0.5240384615384616 0.01201923076923077 0.028846153846153848
0 0.1935096153846154 0.5204326923076923 0.014423076923076924 0.03365384615384615
0 0.17668269230769232 0.5216346153846154 0.014423076923076924 0.03365384615384615
0 0.16346153846153846 0.5180288461538461 0.009615384615384616 0.028846153846153848
0 0.4411057692307692 0.5745192307692307 0.014423076923076924 0.03365384615384615
0 0.41346153846153844 0.5709134615384616 0.014423076923076924 0.028846153846153848
0 0.39783653846153844 0.5697115384615384 0.014423076923076924 0.03365384615384615
0 0.42788461538461536 0.5733173076923077 0.014423076923076924 0.028846153846153848
0 0.3858173076923077 0.5721153846153846 0.01201923076923077 0.03365384615384615
0 0.3713942307692308 0.5685096153846154 0.01201923076923077 0.028846153846153848
0 0.3629807692307692 0.5661057692307693 0.009615384615384616 0.028846153846153848
0 0.35216346153846156 0.5661057692307693 0.009615384615384616 0.028846153846153848
0 0.3389423076923077 0.5637019230769231 0.01201923076923077 0.028846153846153848
0 0.32572115384615385 0.5612980769230769 0.01201923076923077 0.03365384615384615
0 0.30649038461538464 0.5649038461538461 0.014423076923076924 0.028846153846153848
0 0.2956730769230769 0.5600961538461539 0.01201923076923077 0.03365384615384615
0 0.2824519230769231 0.5612980769230769 0.014423076923076924 0.03365384615384615
0 0.2692307692307692 0.5637019230769231 0.01201923076923077 0.03365384615384615
0 0.2548076923076923 0.5612980769230769 0.014423076923076924 0.028846153846153848
0 0.24158653846153846 0.5612980769230769 0.009615384615384616 0.03365384615384615
0 0.21754807692307693 0.5637019230769231 0.014423076923076924 0.028846153846153848
0 0.22956730769230768 0.5612980769230769 0.014423076923076924 0.02403846153846154
0 0.3293269230769231 0.38822115384615385 0.01201923076923077 0.02403846153846154
0 0.30649038461538464 0.3870192307692308 0.01201923076923077 0.026442307692307692
0 0.3173076923076923 0.3870192307692308 0.009615384615384616 0.026442307692307692
0 0.2932692307692308 0.3858173076923077 0.009615384615384616 0.02403846153846154
0 0.28125 0.38461538461538464 0.009615384615384616 0.02403846153846154
0 0.2536057692307692 0.38221153846153844 0.01201923076923077 0.02403846153846154
0 0.2692307692307692 0.38221153846153844 0.009615384615384616 0.019230769230769232
0 0.24519230769230768 0.38100961538461536 0.01201923076923077 0.028846153846153848
0 0.23076923076923078 0.38100961538461536 0.009615384615384616 0.026442307692307692
0 0.21033653846153846 0.38221153846153844 0.009615384615384616 0.026442307692307692
0 0.21995192307692307 0.38341346153846156 0.009615384615384616 0.026442307692307692
0 0.1971153846153846 0.38221153846153844 0.01201923076923077 0.02403846153846154
0 0.734375 0.41466346153846156 0.009615384615384616 0.026442307692307692
0 0.7247596153846154 0.41586538461538464 0.007211538461538462 0.026442307692307692
0 0.1814903846153846 0.3786057692307692 0.009615384615384616 0.028846153846153848
0 0.4543269230769231 0.5769230769230769 0.009615384615384616 0.03365384615384615
1 0.7463942307692307 0.4098557692307692 0.007211538461538462 0.014423076923076924
0 0.24278846153846154 0.5252403846153846 0.007211538461538462 0.03365384615384615
0 0.21634615384615385 0.5240384615384616 0.014423076923076924 0.036057692307692304
0 0.23197115384615385 0.5216346153846154 0.014423076923076924 0.03365384615384615
0 0.20673076923076922 0.5216346153846154 0.01201923076923077 0.03365384615384615
0 0.515625 0.5408653846153846 0.01201923076923077 0.03365384615384615
0 0.20072115384615385 0.5600961538461539 0.01201923076923077 0.03365384615384615
0 0.15144230769230768 0.5168269230769231 0.009615384615384616 0.03365384615384615
0 0.6814903846153846 0.7776442307692307 0.01201923076923077 0.04567307692307692
0 0.4891826923076923 0.5396634615384616 0.009615384615384616 0.028846153846153848
0 0.171875 0.3762019230769231 0.01201923076923077 0.026442307692307692
0 0.15745192307692307 0.37740384615384615 0.007211538461538462 0.026442307692307692
0 0.6466346153846154 0.3545673076923077 0.009615384615384616 0.02403846153846154
0 0.17427884615384615 0.5564903846153846 0.01201923076923077 0.02403846153846154
0 0.1875 0.5588942307692307 0.014423076923076924 0.028846153846153848
0 0.15865384615384615 0.5576923076923077 0.01201923076923077 0.026442307692307692