0 0.7487980769230769 0.15264423076923078 0.04567307692307692 0.004807692307692308
0 0.796875 0.1502403846153846 0.036057692307692304 0.004807692307692308
0 0.7512019230769231 0.1622596153846154 0.04326923076923077 0.014423076923076924
0 0.7475961538461539 0.17548076923076922 0.040865384615384616 0.016826923076923076
0 0.4254807692307692 0.21995192307692307 0.026442307692307692 0.007211538461538462
0 0.4266826923076923 0.23317307692307693 0.028846153846153848 0.014423076923076924
0 0.36177884615384615 0.3173076923076923 0.02403846153846154 0.01201923076923077
0 0.7980769230769231 0.1622596153846154 0.040865384615384616 0.014423076923076924
0 0.7932692307692307 0.1778846153846154 0.038461538461538464 0.014423076923076924
0 0.7956730769230769 0.18990384615384615 0.040865384615384616 0.01201923076923077
0 0.7920673076923077 0.20793269230769232 0.04326923076923077 0.016826923076923076
0 0.7451923076923077 0.21634615384615385 0.04326923076923077 0.014423076923076924
0 0.75 0.19110576923076922 0.04326923076923077 0.014423076923076924
0 0.7463942307692307 0.20432692307692307 0.04326923076923077 0.004807692307692308
0 0.7451923076923077 0.23076923076923078 0.04326923076923077 0.014423076923076924
0 0.7920673076923077 0.2247596153846154 0.04326923076923077 0.014423076923076924
0 0.7896634615384616 0.24278846153846154 0.040865384615384616 0.014423076923076924
0 0.7908653846153846 0.25721153846153844 0.038461538461538464 0.014423076923076924
0 0.7908653846153846 0.27283653846153844 0.04326923076923077 0.014423076923076924
0 0.7872596153846154 0.28966346153846156 0.036057692307692304 0.01201923076923077
0 0.7860576923076923 0.30408653846153844 0.038461538461538464 0.014423076923076924
0 0.7848557692307693 0.31971153846153844 0.04326923076923077 0.01201923076923077
0 0.7800480769230769 0.3425480769230769 0.038461538461538464 0.014423076923076924
0 0.7788461538461539 0.35697115384615385 0.038461538461538464 0.014423076923076924
0 0.7776442307692307 0.3713942307692308 0.03365384615384615 0.014423076923076924
0 0.7800480769230769 0.3798076923076923 0.038461538461538464 0.014423076923076924
0 0.7752403846153846 0.3954326923076923 0.038461538461538464 0.016826923076923076
0 0.7752403846153846 0.4110576923076923 0.036057692307692304 0.01201923076923077
0 0.7704326923076923 0.42788461538461536 0.036057692307692304 0.014423076923076924
0 0.7692307692307693 0.4411057692307692 0.04326923076923077 0.014423076923076924
0 0.765625 0.45913461538461536 0.038461538461538464 0.01201923076923077
0 0.7644230769230769 0.4723557692307692 0.036057692307692304 0.01201923076923077
0 0.7620192307692307 0.4879807692307692 0.038461538461538464 0.014423076923076924
0 0.7620192307692307 0.5012019230769231 0.04326923076923077 0.01201923076923077
0 0.7632211538461539 0.5144230769230769 0.038461538461538464 0.014423076923076924
0 0.859375 0.22355769230769232 0.052884615384615384 0.016826923076923076
0 0.8581730769230769 0.24639423076923078 0.052884615384615384 0.014423076923076924
0 0.8569711538461539 0.2644230769230769 0.04807692307692308 0.014423076923076924
0 0.8545673076923077 0.2776442307692308 0.04326923076923077 0.01201923076923077
0 0.8557692307692307 0.29086538461538464 0.038461538461538464 0.01201923076923077
0 0.8497596153846154 0.3112980769230769 0.04326923076923077 0.014423076923076924
0 0.8473557692307693 0.33052884615384615 0.04807692307692308 0.014423076923076924
0 0.8497596153846154 0.3449519230769231 0.04326923076923077 0.01201923076923077
0 0.8461538461538461 0.36177884615384615 0.04807692307692308 0.014423076923076924
0 0.8425480769230769 0.37740384615384615 0.04326923076923077 0.014423076923076924
0 0.8401442307692307 0.3954326923076923 0.04807692307692308 0.014423076923076924
0 0.8389423076923077 0.41225961538461536 0.04326923076923077 0.014423076923076924
0 0.8353365384615384 0.4254807692307692 0.04567307692307692 0.01201923076923077
0 0.8329326923076923 0.4411057692307692 0.038461538461538464 0.014423076923076924
0 0.8317307692307693 0.45913461538461536 0.04326923076923077 0.014423076923076924
0 0.8329326923076923 0.47596153846153844 0.04326923076923077 0.014423076923076924
0 0.8293269230769231 0.49278846153846156 0.04326923076923077 0.014423076923076924
0 0.8269230769230769 0.5024038461538461 0.038461538461538464 0.009615384615384616
0 0.3605769230769231 0.3389423076923077 0.02403846153846154 0.007211538461538462
0 0.35697115384615385 0.3485576923076923 0.021634615384615384 0.009615384615384616
0 0.3581730769230769 0.36538461538461536 0.026442307692307692 0.007211538461538462
0 0.35216346153846156 0.3762019230769231 0.026442307692307692 0.009615384615384616
0 0.35096153846153844 0.3858173076923077 0.026442307692307692 0.007211538461538462
0 0.35216346153846156 0.390625 0.02403846153846154 0.009615384615384616
0 0.34975961538461536 0.4110576923076923 0.021634615384615384 0.007211538461538462
0 0.34975961538461536 0.421875 0.019230769230769232 0.009615384615384616
0 0.3473557692307692 0.4338942307692308 0.019230769230769232 0.007211538461538462
0 0.34975961538461536 0.44350961538461536 0.026442307692307692 0.009615384615384616
0 0.34615384615384615 0.45552884615384615 0.021634615384615384 0.009615384615384616
0 0.34375 0.4651442307692308 0.019230769230769232 0.009615384615384616
0 0.3449519230769231 0.47475961538461536 0.02403846153846154 0.004807692307692308
0 0.3473557692307692 0.4831730769230769 0.021634615384615384 0.01201923076923077
0 0.3449519230769231 0.4951923076923077 0.019230769230769232 0.009615384615384616
0 0.3605769230769231 0.328125 0.021634615384615384 0.009615384615384616
0 0.5649038461538461 0.15504807692307693 0.03365384615384615 0.009615384615384616
0 0.5612980769230769 0.16706730769230768 0.038461538461538464 0.014423076923076924
0 0.5600961538461539 0.18028846153846154 0.03365384615384615 0.009615384615384616
0 0.5600961538461539 0.1935096153846154 0.028846153846153848 0.009615384615384616
0 0.5576923076923077 0.20793269230769232 0.03365384615384615 0.01201923076923077
0 0.5600961538461539 0.22355769230769232 0.03365384615384615 0.009615384615384616
0 0.5600961538461539 0.23557692307692307 0.03365384615384615 0.009615384615384616
0 0.5564903846153846 0.25240384615384615 0.03365384615384615 0.014423076923076924
0 0.5564903846153846 0.2644230769230769 0.028846153846153848 0.009615384615384616
0 0.5540865384615384 0.27884615384615385 0.028846153846153848 0.01201923076923077
0 0.5552884615384616 0.2920673076923077 0.028846153846153848 0.007211538461538462
0 0.5540865384615384 0.30288461538461536 0.028846153846153848 0.009615384615384616
0 0.5516826923076923 0.3173076923076923 0.028846153846153848 0.009615384615384616
0 0.5516826923076923 0.33052884615384615 0.026442307692307692 0.009615384615384616
0 0.5504807692307693 0.34375 0.03365384615384615 0.009615384615384616
0 0.5504807692307693 0.359375 0.026442307692307692 0.01201923076923077
0 0.5504807692307693 0.3713942307692308 0.028846153846153848 0.014423076923076924
0 0.546875 0.3870192307692308 0.028846153846153848 0.01201923076923077
0 0.5480769230769231 0.39663461538461536 0.03365384615384615 0.01201923076923077
0 0.5480769230769231 0.4110576923076923 0.03365384615384615 0.014423076923076924
0 0.5480769230769231 0.42427884615384615 0.028846153846153848 0.009615384615384616
0 0.546875 0.4362980769230769 0.028846153846153848 0.01201923076923077
0 0.5444711538461539 0.44471153846153844 0.03365384615384615 0.014423076923076924
0 0.546875 0.46033653846153844 0.028846153846153848 0.01201923076923077
0 0.5456730769230769 0.47475961538461536 0.026442307692307692 0.009615384615384616
0 0.5420673076923077 0.48677884615384615 0.036057692307692304 0.009615384615384616
0 0.5420673076923077 0.49759615384615385 0.02403846153846154 0.007211538461538462
0 0.5420673076923077 0.5108173076923077 0.02403846153846154 0.009615384615384616
0 0.5360576923076923 0.5252403846153846 0.028846153846153848 0.009615384615384616
0 0.5360576923076923 0.5372596153846154 0.028846153846153848 0.009615384615384616
0 0.5336538461538461 0.5492788461538461 0.026442307692307692 0.009615384615384616
0 0.5360576923076923 0.5649038461538461 0.03365384615384615 0.014423076923076924
0 0.53125 0.5757211538461539 0.03365384615384615 0.01201923076923077
0 0.5324519230769231 0.5913461538461539 0.03365384615384615 0.014423076923076924
0 0.5721153846153846 0.5228365384615384 0.03365384615384615 0.009615384615384616
0 0.5733173076923077 0.5360576923076923 0.03365384615384615 0.01201923076923077
0 0.5697115384615384 0.5528846153846154 0.03365384615384615 0.014423076923076924
0 0.5685096153846154 0.5673076923076923 0.028846153846153848 0.009615384615384616
0 0.5697115384615384 0.5817307692307693 0.026442307692307692 0.014423076923076924
0 0.5673076923076923 0.5925480769230769 0.02403846153846154 0.009615384615384616
0 0.5612980769230769 0.6045673076923077 0.02403846153846154 0.01201923076923077
0 0.53125 0.6033653846153846 0.026442307692307692 0.01201923076923077
0 0.5276442307692307 0.6141826923076923 0.02403846153846154 0.01201923076923077
0 0.5600961538461539 0.6177884615384616 0.028846153846153848 0.009615384615384616
0 0.5276442307692307 0.6262019230769231 0.026442307692307692 0.014423076923076924
0 0.5576923076923077 0.6298076923076923 0.03365384615384615 0.01201923076923077
0 0.5276442307692307 0.6394230769230769 0.03365384615384615 0.01201923076923077
0 0.5588942307692307 0.6394230769230769 0.026442307692307692 0.009615384615384616
0 0.5252403846153846 0.6526442307692307 0.03365384615384615 0.014423076923076924
0 0.5576923076923077 0.65625 0.03365384615384615 0.014423076923076924
0 0.5216346153846154 0.6682692307692307 0.028846153846153848 0.01201923076923077
0 0.5204326923076923 0.6814903846153846 0.026442307692307692 0.009615384615384616
0 0.5564903846153846 0.6730769230769231 0.026442307692307692 0.014423076923076924
0 0.5552884615384616 0.6850961538461539 0.02403846153846154 0.009615384615384616
0 0.5204326923076923 0.6923076923076923 0.03365384615384615 0.009615384615384616
0 0.5216346153846154 0.7055288461538461 0.03365384615384615 0.009615384615384616
0 0.5552884615384616 0.6971153846153846 0.03365384615384615 0.009615384615384616
0 0.5588942307692307 0.7091346153846154 0.02403846153846154 0.009615384615384616
0 0.5564903846153846 0.7223557692307693 0.028846153846153848 0.009615384615384616
0 0.5216346153846154 0.71875 0.028846153846153848 0.014423076923076924
0 0.5192307692307693 0.7307692307692307 0.02403846153846154 0.009615384615384616
0 0.515625 0.7427884615384616 0.028846153846153848 0.014423076923076924
0 0.5192307692307693 0.7560096153846154 0.028846153846153848 0.009615384615384616
0 0.5528846153846154 0.7331730769230769 0.028846153846153848 0.007211538461538462
0 0.5516826923076923 0.7439903846153846 0.03365384615384615 0.014423076923076924
0 0.5168269230769231 0.7692307692307693 0.038461538461538464 0.014423076923076924
0 0.5180288461538461 0.7872596153846154 0.028846153846153848 0.009615384615384616
0 0.5144230769230769 0.8004807692307693 0.028846153846153848 0.014423076923076924
0 0.5144230769230769 0.8125 0.028846153846153848 0.014423076923076924
0 0.5132211538461539 0.8245192307692307 0.028846153846153848 0.014423076923076924
0 0.5120192307692307 0.8365384615384616 0.026442307692307692 0.014423076923076924
0 0.5096153846153846 0.8497596153846154 0.03365384615384615 0.007211538461538462
0 0.5516826923076923 0.7608173076923077 0.028846153846153848 0.014423076923076924
0 0.5480769230769231 0.7704326923076923 0.028846153846153848 0.014423076923076924
0 0.5516826923076923 0.8125 0.03365384615384615 0.014423076923076924
0 0.5480769230769231 0.7860576923076923 0.028846153846153848 0.009615384615384616
0 0.5516826923076923 0.7992788461538461 0.028846153846153848 0.014423076923076924
0 0.578125 0.5144230769230769 0.03365384615384615 0.009615384615384616
0 0.3870192307692308 0.6286057692307693 0.019230769230769232 0.009615384615384616
0 0.3858173076923077 0.6430288461538461 0.02403846153846154 0.009615384615384616
0 0.38221153846153844 0.6550480769230769 0.02403846153846154 0.009615384615384616
0 0.38100961538461536 0.6766826923076923 0.026442307692307692 0.009615384615384616
0 0.38100961538461536 0.6875 0.02403846153846154 0.009615384615384616
0 0.38100961538461536 0.6995192307692307 0.02403846153846154 0.01201923076923077
0 0.3786057692307692 0.7127403846153846 0.028846153846153848 0.009615384615384616
0 0.3786057692307692 0.7223557692307693 0.03365384615384615 0.007211538461538462
0 0.3786057692307692 0.7355769230769231 0.028846153846153848 0.009615384615384616
0 0.37740384615384615 0.7487980769230769 0.028846153846153848 0.009615384615384616
0 0.3762019230769231 0.7632211538461539 0.02403846153846154 0.01201923076923077
0 0.3737980769230769 0.7752403846153846 0.02403846153846154 0.01201923076923077
0 0.37259615384615385 0.7896634615384616 0.02403846153846154 0.01201923076923077
0 0.3713942307692308 0.8004807692307693 0.026442307692307692 0.014423076923076924
0 0.37259615384615385 0.8137019230769231 0.028846153846153848 0.01201923076923077
0 0.35096153846153844 0.4026442307692308 0.02403846153846154 0.01201923076923077
1 0.41466346153846156 0.2127403846153846 0.007211538461538462 0.009615384615384616
0 0.38100961538461536 0.6682692307692307 0.02403846153846154 0.009615384615384616
0 0.3389423076923077 0.5036057692307693 0.028846153846153848 0.009615384615384616
0 0.3557692307692308 0.3581730769230769 0.021634615384615384 0.007211538461538462