0 0.8509615384615384 0.7572115384615384 0.004807692307692308 0.04567307692307692
0 0.84375 0.7560096153846154 0.014423076923076924 0.036057692307692304
0 0.8257211538461539 0.7548076923076923 0.016826923076923076 0.040865384615384616
0 0.796875 0.43028846153846156 0.009615384615384616 0.026442307692307692
0 0.7848557692307693 0.42908653846153844 0.014423076923076924 0.028846153846153848
0 0.6778846153846154 0.36177884615384615 0.01201923076923077 0.02403846153846154
0 0.84375 0.8064903846153846 0.014423076923076924 0.040865384615384616
0 0.8305288461538461 0.8052884615384616 0.014423076923076924 0.038461538461538464
0 0.8100961538461539 0.8016826923076923 0.016826923076923076 0.04326923076923077
0 0.7908653846153846 0.796875 0.016826923076923076 0.04326923076923077
0 0.7908653846153846 0.7536057692307693 0.014423076923076924 0.04326923076923077
0 0.8064903846153846 0.7524038461538461 0.014423076923076924 0.04326923076923077
0 0.7752403846153846 0.7920673076923077 0.014423076923076924 0.04326923076923077
0 0.7572115384615384 0.7896634615384616 0.014423076923076924 0.040865384615384616
0 0.7427884615384616 0.7908653846153846 0.014423076923076924 0.038461538461538464
0 0.7271634615384616 0.7908653846153846 0.014423076923076924 0.04326923076923077
0 0.7103365384615384 0.7872596153846154 0.01201923076923077 0.036057692307692304
0 0.6959134615384616 0.7860576923076923 0.014423076923076924 0.038461538461538464
0 0.6802884615384616 0.7836538461538461 0.01201923076923077 0.04326923076923077
0 0.6646634615384616 0.7824519230769231 0.014423076923076924 0.038461538461538464
0 0.6502403846153846 0.7824519230769231 0.014423076923076924 0.038461538461538464
0 0.6394230769230769 0.7788461538461539 0.014423076923076924 0.03365384615384615
0 0.625 0.7728365384615384 0.014423076923076924 0.038461538461538464
0 0.6081730769230769 0.7716346153846154 0.014423076923076924 0.038461538461538464
0 0.59375 0.7692307692307693 0.014423076923076924 0.040865384615384616
0 0.5817307692307693 0.7692307692307693 0.016826923076923076 0.04326923076923077
0 0.5456730769230769 0.765625 0.01201923076923077 0.038461538461538464
0 0.53125 0.7644230769230769 0.014423076923076924 0.040865384615384616
0 0.5168269230769231 0.7620192307692307 0.014423076923076924 0.038461538461538464
0 0.5048076923076923 0.7608173076923077 0.01201923076923077 0.040865384615384616
0 0.7896634615384616 0.8641826923076923 0.016826923076923076 0.052884615384615384
0 0.7716346153846154 0.8629807692307693 0.014423076923076924 0.052884615384615384
0 0.7572115384615384 0.8629807692307693 0.014423076923076924 0.04807692307692308
0 0.7367788461538461 0.8569711538461539 0.019230769230769232 0.04807692307692308
0 0.7211538461538461 0.859375 0.016826923076923076 0.040865384615384616
0 0.7043269230769231 0.8545673076923077 0.014423076923076924 0.04326923076923077
0 0.6862980769230769 0.8497596153846154 0.014423076923076924 0.04807692307692308
0 0.6694711538461539 0.8521634615384616 0.01201923076923077 0.04326923076923077
0 0.6550480769230769 0.8485576923076923 0.014423076923076924 0.04807692307692308
0 0.6382211538461539 0.8461538461538461 0.014423076923076924 0.04326923076923077
0 0.6237980769230769 0.8461538461538461 0.014423076923076924 0.04807692307692308
0 0.6057692307692307 0.8401442307692307 0.014423076923076924 0.04326923076923077
0 0.5889423076923077 0.8377403846153846 0.01201923076923077 0.04326923076923077
0 0.5757211538461539 0.8341346153846154 0.014423076923076924 0.038461538461538464
0 0.5552884615384616 0.8341346153846154 0.014423076923076924 0.04326923076923077
0 0.5396634615384616 0.8317307692307693 0.014423076923076924 0.04326923076923077
0 0.5276442307692307 0.8293269230769231 0.014423076923076924 0.04326923076923077
0 0.5120192307692307 0.828125 0.014423076923076924 0.040865384615384616
0 0.6658653846153846 0.3605769230769231 0.007211538461538462 0.02403846153846154
0 0.6550480769230769 0.35697115384615385 0.009615384615384616 0.021634615384615384
0 0.6334134615384616 0.3545673076923077 0.009615384615384616 0.019230769230769232
0 0.6117788461538461 0.35096153846153844 0.009615384615384616 0.028846153846153848
0 0.6213942307692307 0.3545673076923077 0.009615384615384616 0.02403846153846154
0 0.5889423076923077 0.34975961538461536 0.007211538461538462 0.021634615384615384
0 0.578125 0.34975961538461536 0.009615384615384616 0.019230769230769232
0 0.5661057692307693 0.3473557692307692 0.007211538461538462 0.019230769230769232
0 0.5564903846153846 0.34975961538461536 0.009615384615384616 0.026442307692307692
0 0.5456730769230769 0.3473557692307692 0.009615384615384616 0.021634615384615384
0 0.5360576923076923 0.34615384615384615 0.009615384615384616 0.02403846153846154
0 0.5240384615384616 0.34615384615384615 0.01201923076923077 0.021634615384615384
0 0.6899038461538461 0.3641826923076923 0.009615384615384616 0.021634615384615384
0 0.8401442307692307 0.5721153846153846 0.01201923076923077 0.036057692307692304
0 0.8245192307692307 0.5685096153846154 0.014423076923076924 0.038461538461538464
0 0.8088942307692307 0.5745192307692307 0.014423076923076924 0.04807692307692308
0 0.7956730769230769 0.5673076923076923 0.01201923076923077 0.03365384615384615
0 0.7824519230769231 0.5661057692307693 0.009615384615384616 0.03365384615384615
0 0.7680288461538461 0.5649038461538461 0.009615384615384616 0.03365384615384615
0 0.7524038461538461 0.5637019230769231 0.014423076923076924 0.03365384615384615
0 0.7415865384615384 0.5625 0.009615384615384616 0.03365384615384615
0 0.7271634615384616 0.5612980769230769 0.014423076923076924 0.038461538461538464
0 0.7139423076923077 0.5600961538461539 0.009615384615384616 0.03365384615384615
0 0.7007211538461539 0.5600961538461539 0.009615384615384616 0.03365384615384615
0 0.6887019230769231 0.5564903846153846 0.009615384615384616 0.028846153846153848
0 0.6730769230769231 0.5588942307692307 0.009615384615384616 0.03365384615384615
0 0.6598557692307693 0.5564903846153846 0.01201923076923077 0.03365384615384615
0 0.6454326923076923 0.5540865384615384 0.01201923076923077 0.028846153846153848
0 0.6310096153846154 0.5504807692307693 0.009615384615384616 0.028846153846153848
0 0.6177884615384616 0.5540865384615384 0.01201923076923077 0.028846153846153848
0 0.6033653846153846 0.5480769230769231 0.01201923076923077 0.03365384615384615
0 0.5889423076923077 0.5480769230769231 0.014423076923076924 0.03365384615384615
0 0.5757211538461539 0.5480769230769231 0.009615384615384616 0.028846153846153848
0 0.5637019230769231 0.546875 0.01201923076923077 0.028846153846153848
0 0.5552884615384616 0.5444711538461539 0.014423076923076924 0.03365384615384615
0 0.5396634615384616 0.546875 0.01201923076923077 0.028846153846153848
0 0.5252403846153846 0.5456730769230769 0.009615384615384616 0.026442307692307692
0 0.5132211538461539 0.5420673076923077 0.009615384615384616 0.036057692307692304
0 0.5024038461538461 0.5384615384615384 0.007211538461538462 0.028846153846153848
0 0.49038461538461536 0.5372596153846154 0.01201923076923077 0.03365384615384615
0 0.47475961538461536 0.5360576923076923 0.009615384615384616 0.028846153846153848
0 0.46274038461538464 0.5360576923076923 0.009615384615384616 0.028846153846153848
0 0.45072115384615385 0.5336538461538461 0.009615384615384616 0.026442307692307692
0 0.43509615384615385 0.5360576923076923 0.014423076923076924 0.03365384615384615
0 0.41947115384615385 0.53125 0.01201923076923077 0.03365384615384615
0 0.40625 0.5252403846153846 0.014423076923076924 0.03365384615384615
0 0.4855769230769231 0.5769230769230769 0.009615384615384616 0.03365384615384615
0 0.47716346153846156 0.5721153846153846 0.01201923076923077 0.036057692307692304
0 0.4543269230769231 0.5697115384615384 0.014423076923076924 0.03365384615384615
0 0.44591346153846156 0.5709134615384616 0.009615384615384616 0.028846153846153848
0 0.4182692307692308 0.5673076923076923 0.014423076923076924 0.026442307692307692
0 0.43028846153846156 0.5685096153846154 0.014423076923076924 0.028846153846153848
0 0.4110576923076923 0.5649038461538461 0.014423076923076924 0.028846153846153848
0 0.3954326923076923 0.5240384615384616 0.01201923076923077 0.026442307692307692
0 0.38100961538461536 0.5264423076923077 0.014423076923076924 0.03365384615384615
0 0.39663461538461536 0.5612980769230769 0.019230769230769232 0.03365384615384615
0 0.3798076923076923 0.5240384615384616 0.009615384615384616 0.026442307692307692
0 0.38221153846153844 0.5600961538461539 0.009615384615384616 0.03365384615384615
0 0.3605769230769231 0.5240384615384616 0.01201923076923077 0.03365384615384615
0 0.3473557692307692 0.5204326923076923 0.014423076923076924 0.03365384615384615
0 0.3737980769230769 0.5625 0.01201923076923077 0.03365384615384615
0 0.33533653846153844 0.5180288461538461 0.01201923076923077 0.028846153846153848
0 0.32091346153846156 0.5180288461538461 0.014423076923076924 0.028846153846153848
0 0.3425480769230769 0.5564903846153846 0.014423076923076924 0.028846153846153848
0 0.3293269230769231 0.5540865384615384 0.016826923076923076 0.028846153846153848
0 0.3076923076923077 0.5192307692307693 0.009615384615384616 0.03365384615384615
0 0.2956730769230769 0.5144230769230769 0.009615384615384616 0.03365384615384615
0 0.3161057692307692 0.5540865384615384 0.01201923076923077 0.03365384615384615
0 0.2920673076923077 0.5528846153846154 0.01201923076923077 0.028846153846153848
0 0.27884615384615385 0.546875 0.014423076923076924 0.03365384615384615
0 0.2824519230769231 0.5096153846153846 0.014423076923076924 0.028846153846153848
0 0.27163461538461536 0.5108173076923077 0.01201923076923077 0.03365384615384615
0 0.25721153846153844 0.5096153846153846 0.014423076923076924 0.028846153846153848
0 0.2439903846153846 0.5096153846153846 0.01201923076923077 0.028846153846153848
0 0.27283653846153844 0.5492788461538461 0.014423076923076924 0.028846153846153848
0 0.19230769230769232 0.5432692307692307 0.014423076923076924 0.028846153846153848
0 0.23076923076923078 0.5132211538461539 0.014423076923076924 0.038461538461538464
0 0.21875 0.5096153846153846 0.014423076923076924 0.038461538461538464
0 0.20432692307692307 0.5060096153846154 0.014423076923076924 0.028846153846153848
0 0.18990384615384615 0.5060096153846154 0.014423076923076924 0.028846153846153848
0 0.1778846153846154 0.5036057692307693 0.014423076923076924 0.028846153846153848
0 0.5600961538461539 0.7692307692307693 0.014423076923076924 0.04326923076923077
0 0.25721153846153844 0.5456730769230769 0.01201923076923077 0.028846153846153848
0 0.24278846153846154 0.546875 0.014423076923076924 0.036057692307692304
0 0.23557692307692307 0.546875 0.016826923076923076 0.03365384615384615
0 0.20673076923076922 0.5444711538461539 0.014423076923076924 0.028846153846153848
0 0.4987980769230769 0.5769230769230769 0.014423076923076924 0.03365384615384615
0 0.38822115384615385 0.3870192307692308 0.009615384615384616 0.026442307692307692
0 0.375 0.38461538461538464 0.009615384615384616 0.02403846153846154
0 0.3629807692307692 0.38100961538461536 0.009615384615384616 0.021634615384615384
0 0.33774038461538464 0.3798076923076923 0.009615384615384616 0.026442307692307692
0 0.32572115384615385 0.37740384615384615 0.009615384615384616 0.02403846153846154
0 0.3125 0.37740384615384615 0.01201923076923077 0.02403846153846154
0 0.3004807692307692 0.37740384615384615 0.009615384615384616 0.028846153846153848
0 0.28725961538461536 0.375 0.009615384615384616 0.028846153846153848
0 0.27283653846153844 0.37259615384615385 0.009615384615384616 0.028846153846153848
0 0.25841346153846156 0.3713942307692308 0.01201923076923077 0.026442307692307692
0 0.24639423076923078 0.3701923076923077 0.01201923076923077 0.02403846153846154
0 0.23317307692307693 0.36538461538461536 0.009615384615384616 0.028846153846153848
0 0.22355769230769232 0.36899038461538464 0.009615384615384616 0.03365384615384615
0 0.5985576923076923 0.35096153846153844 0.01201923076923077 0.02403846153846154
1 0.8040865384615384 0.4182692307692308 0.009615384615384616 0.007211538461538462
0 0.34975961538461536 0.38221153846153844 0.009615384615384616 0.02403846153846154
0 0.703125 0.36899038461538464 0.009615384615384616 0.02403846153846154
0 0.6442307692307693 0.3557692307692308 0.009615384615384616 0.019230769230769232
0 0.3545673076923077 0.5564903846153846 0.014423076923076924 0.028846153846153848
0 0.21875 0.546875 0.014423076923076924 0.028846153846153848
0 0.2127403846153846 0.36538461538461536 0.009615384615384616 0.026442307692307692
0 0.20192307692307693 0.3629807692307692 0.014423076923076924 0.03365384615384615
0 0.30528846153846156 0.5528846153846154 0.009615384615384616 0.038461538461538464