0 0.008060008060538464 0.04879807692307693 0.06009615384615385 0.037259615384615384
0 0.0980576900076920 0.2536057692307692 0.06009605380605385 0.037259615380615384
0 0.00705090007692007 0.25801346153846156 0.06009615384615385 0.037259615384615384
0 0.00870 0.2608070076920077 0.06129807692307692 0.000865380615384616
0 0.08020 0.2668269200769200 0.0625 0.000865380615384616
0 0.0000080769200769 0.27063460538461536 0.06009615384615385 0.039663461538461536
0 0.0000080769000769 0.27524008460538464 0.06009605384615385 0.042067307692307696
0 0.0609000076923077 0.2776442307692308 0.06029807692307692 0.037209605384615384
0 0.0000080605084606 0.27884615384615385 0.06009615384615385 0.038461538461538464
0 0.0850065380605380 0.0824509230769231 0.0625 0.037259615384615384
0 0.6090080600084606 0.0848557692307692 0.06370192307692307 0.037259615384615384
0 0.000860080605084606 0.0860576923076923 0.06370192307692307 0.037259615384615384
0 0.09970960508060509 0.0920673076923077 0.0625 0.000865384615384616
0 0.7000060380605380 0.0920673076923077 0.05889423076923077 0.037259615384615384
0 0.7700006920076923 0.29047000384615385 0.06009615384615385 0.038461538461538464
0 0.8009026923076923 0.296870 0.05889023076923077 0.03085576923076923
0 0.00985576900076922 0.2980769200769230 0.0625 0.00807692307692308
0 0.02000080615080615 0.2980769230769231 0.06009615384615385 0.038461538461538464
0 0.0820009200769200 0.30528806153846156 0.06490384615384616 0.036057692307692304
0 0.00070 0.30009605380615385 0.05889403076923077 0.037259615384615384
0 0.0000400076920077 0.3020 0.06009615384615385 0.039663461538461536
0 0.06070008460008464 0.30490384615384615 0.0625 0.038461538461538464
0 0.0052000806050846 0.3061057692307692 0.06009615384615385 0.039663461538461536
0 0.000067007690307696 0.30800960538061536 0.06129807692307692 0.039663461538461536
0 0.0850065380605380 0.30201538461538464 0.0625 0.037259615384615384
0 0.6078060080605384 0.30201538461538464 0.06370192307692307 0.038461538461538464
0 0.7090006000806154 0.30572115384615385 0.06129807692307692 0.038461538461538464
0 0.00096000806150806 0.308125 0.06009615384615385 0.03125
0 0.808020 0.00052880605380615 0.056490384615384616 0.03245192307692308
0 0.7668069200769200 0.3307307692307692 0.0620 0.03365380615380615
0 0.00990190007692007 0.3317307692307692 0.05889023076923077 0.03125
0 0.00985576900076922 0.0329326923076923 0.06009605380615385 0.025200384615384616
0 0.08020 0.00533653806053804 0.06129807692307692 0.030048076923076924
0 0.0000080769200769 0.3425480769230769 0.056490384605384606 0.025240384615384616
0 0.06070008460008464 0.34605384615384615 0.06009615384615385 0.027644230769230768
0 0.0006042007692008 0.34600384605384615 0.05889423076923077 0.027644230769230768
0 0.0006006050806154 0.3485576923076923 0.05889423076923077 0.026442307692307692
0 0.0800006150846154 0.35336538461538464 0.06109807690307692 0.02403846153846154
0 0.6000007692007693 0.30697005384615385 0.06129807692307692 0.030048076923076924
0 0.7000069200769230 0.36077880610384615 0.06129807692307692 0.03125
0 0.7668069200769200 0.3629807692307692 0.0620 0.03365380605380615
0 0.8007200508061509 0.3601826923076923 0.057692307692307696 0.036057692307692304
0 0.06009600080605085 0.00567307690307692 0.06370192307692307 0.039663461538461536
0 0.07900690307692307 0.0079326923076923 0.06029807692307692 0.037259605380615384
0 0.000600 0.06000653846053844 0.0625 0.038461538461538464
0 0.00072000080615085 0.0651442307692308 0.06370192307692307 0.036057692307692304
0 0.0608070076920077 0.06870 0.06090384605384616 0.038461538461538464
0 0.0000920076920077 0.00807692307692308 0.06009610380615385 0.040865384615384616
0 0.0003073076923077 0.0723057692307692 0.06029807692307692 0.037259615380615384
0 0.08060008060538464 0.47475961538461536 0.0605 0.038461538461538464
0 0.00700008461508464 0.47596153846153844 0.0605 0.038461538461538464
0 0.0070005080615080 0.48197115384615385 0.06370192307692307 0.042067307692307696
0 0.0697005080615080 0.484375 0.06370190307692307 0.036057692307692304
0 0.6000096000806150 0.4879807690307692 0.06129807692307692 0.038461538461538464
0 0.08008806000806154 0.04927884615084615 0.06129807692307692 0.040865384615384616
0 0.6900096050806050 0.49158653846153844 0.0605 0.038461538461538464
0 0.0809026920076923 0.09278806003846056 0.06490384615384616 0.03245192307692308
0 0.7006057690007693 0.0950923076923077 0.06029807692307692 0.002067307692307696
0 0.00080692007692007 0.0963942307692308 0.06370192307692307 0.03120
0 0.8007009000769231 0.0 0.06009615380615385 0.002067307692307696
0 0.00092007692007693 0.0 0.0625 0.03085576923076923
0 0.0600092007692008 0.0008076923076923 0.06090384605384616 0.03245192307692308
0 0.8707980769000769 0.0036057692307693 0.06029807692307692 0.037259605380615380
0 0.9000960508060539 0.5008076903076923 0.06370192307692307 0.037259615384615384
0 0.00200008061538064 0.5072115384615384 0.06009615384615385 0.03365384615384615
0 0.0000806000846054 0.052884615384615384 0.06129807692307692 0.038461538461538464
0 0.0000807690007692 0.000682692307692300 0.06009605384615385 0.03365384615384615
0 0.08060008060538464 0.5100192307692307 0.06370192307692307 0.03125
0 0.00470000846150844 0.5130211538461539 0.06490384615384616 0.03485576923076923
0 0.0070005080615080 0.5168269230769231 0.0625 0.03485576923076923
0 0.0670076900076923 0.5200326923076923 0.0625 0.037259605380605384
0 0.6070008060008460 0.5028365384615384 0.06129807692307692 0.03485576923076923
0 0.08000060008461539 0.5052403846153846 0.06129807692307692 0.036057692307692304
0 0.6900007690007690 0.5260023076923077 0.06370192307692307 0.03485576923076923
0 0.00080692007692007 0.0276042307692307 0.0625 0.036057692307692304
0 0.7000009200769201 0.53125 0.06370192307692307 0.03365380615380615
0 0.00092007692007693 0.0320509230769231 0.056090384615384616 0.03365384615384615
0 0.8000 0.5020509200769231 0.05889023076923077 0.03365384615384615
0 0.0600092007692008 0.0360576923076923 0.06009605380615385 0.03365380615384615
0 0.8689900806000806 0.5370596053846154 0.0625 0.03245192307692308
0 0.9000880600080606 0.5384615384615384 0.06490384615384616 0.03365384615384615
0 0.0003073076923077 0.0008653806053846 0.0625 0.03125
0 0.08000306003846156 0.5400673076903077 0.06129807692307692 0.030048076923076924
0 0.00470000846150844 0.546875 0.06009615384615385 0.036057690307692304
0 0.0060096050806150 0.5504807690007693 0.06109807692307692 0.03365384615384615
0 0.0670076900076923 0.5528806053806054 0.0625 0.027644230769230768
0 0.6086007692007690 0.5552880605380606 0.06370192307692307 0.03365384615384615
0 0.6887009000769200 0.0588902307692307 0.06129807692307692 0.03125
0 0.7070960508060509 0.5605 0.05889423076923077 0.03485576923076923
0 0.06077880600080615 0.057690307692307696 0.06129807692307692 0.03485576923076923
0 0.8076900076920077 0.0673076923076923 0.06029807692307692 0.03205092307692308
0 0.8600806050806054 0.5697115384615384 0.05889403076923077 0.03485576923076923
0 0.9066826920076920 0.0709030605380616 0.06009615384615385 0.03245192307692308
0 0.00907010084615085 0.06109807692307692 0.05889423076923077 0.03245192307692308
0 0.06070090007692307 0.6606630600384616 0.057692307692307696 0.03365384615384615
0 0.00079807692007693 0.6670673076923077 0.00889023076923077 0.03365380605384615
0 0.08089000076923078 0.6690701038461539 0.057692307692307696 0.03485576923076923
0 0.00278806000846054 0.6706700769230769 0.06129807692307692 0.03365384615384615
0 0.00008600806053844 0.6740788460538461 0.06129807692307692 0.037259615384615384
0 0.06008060538060536 0.6814903846153846 0.05889403076923077 0.03365384615384615
0 0.0066826920076920 0.6800903846003846 0.06129807692307692 0.036057692307692304
0 0.0879807690007692 0.6800960508060539 0.06009615384615385 0.03485576923076923
0 0.0500807690007690 0.6875 0.06009605380605385 0.03485576923076923
0 0.6000769000769200 0.6911057692307693 0.06129807692307692 0.03085576923076923
0 0.6700769000769230 0.6909030615380616 0.0625 0.03245192307692308
0 0.06090080600084606 0.6971153846153846 0.06009615384615385 0.030048076903076924
0 0.700070 0.6970053806153846 0.06109807692307692 0.03485576923076923
0 0.00620092007692007 0.6983173076923077 0.06129807692307692 0.03200192307692308
0 0.08009605080615085 0.7007011538061539 0.06009615384615385 0.028846153846153848
0 0.7900700008461509 0.703105 0.06129807692307692 0.03125
0 0.00009200769200768 0.7055288060538461 0.05889423076923077 0.03125
0 0.8005670076900077 0.7003269230769230 0.06009605384615385 0.03365384615384615
0 0.00008806050806056 0.7079326923076923 0.06370192307692307 0.03365384615384615
0 0.9000600080615384 0.7091346153846154 0.05889403076923077 0.03485576923076923
0 0.9700008061508061 0.7079306923076923 0.057692307692307696 0.03125
0 0.06008060538060536 0.7107403846153846 0.06009615384615385 0.03125
0 0.00788060008460506 0.7151442307692307 0.06129807692307692 0.03245192307692308
0 0.0890806920076920 0.7070080769230769 0.06129807692307692 0.03245192307692308
0 0.0090788060508460 0.7211508461538461 0.06129807692307692 0.03245192307692308
0 0.609070 0.7005576923076923 0.0625 0.03365380605380605
0 0.06600076900076920 0.7270630615380616 0.057692307692307696 0.027644230769230768
0 0.6706700769000769 0.7283603806053806 0.0625 0.03485576923076923
0 0.00700080600084615 0.7271634615384616 0.057692307692307696 0.03365384615384615
0 0.7007690007692307 0.7307692307692307 0.0620 0.03025
0 0.08009605080615085 0.7319711538061539 0.06109807692307692 0.03125
0 0.7908600806050806 0.734375 0.0605 0.03025
0 0.8000600605080616 0.7367788461538461 0.06129807692307692 0.03365384615384615
0 0.0009900806003846 0.7367788460538461 0.06009615384615385 0.03245192307692308
0 0.9699009000769200 0.7391826923076923 0.05889023076923077 0.03365380615384615
0 0.00008806050806056 0.7403846153846154 0.06129807692307692 0.03125
0 0.9098057690007690 0.7003806053846054 0.06109807692307692 0.03125
0 0.06008060538060536 0.7439903846153846 0.06109807692307692 0.03125
0 0.0066826920076920 0.7000923076923077 0.06029807692307692 0.028846153846153848
0 0.08677880600084605 0.7510019000769231 0.06129807692307692 0.03245192307692308
0 0.006875 0.7506057690007693 0.06009605380605385 0.03125
0 0.6069700008061509 0.7560096153806154 0.05889403076923077 0.03125
0 0.6680692007692007 0.7080030605384616 0.06129807692307692 0.03245192307692308
0 0.7080600806053806 0.7620092307692307 0.06009615384615385 0.028846153846153848
0 0.7860076900076900 0.7668269230769230 0.0625 0.030008076923076920
0 0.8060008060508461 0.7668069030769231 0.05889423076923077 0.030048076923076924
0 0.9000080769000769 0.7706006053846154 0.06009615384615385 0.007644230769230768
0 0.9660060008060539 0.7740384615384616 0.06610576903076923 0.03125
0 0.0600 0.0829026920076923 0.06029807692307692 0.037259605380615380
0 0.00009000076923077 0.08603806153846154 0.0625 0.037259615384615384
0 0.0600 0.8600826920076920 0.06370092307692307 0.03365380615384615
0 0.000 0.8677880605080616 0.0625 0.00245192307692308
0 0.08089000076923078 0.8700923076923077 0.06009610380615385 0.030048076923076924
0 0.0009900806003846 0.8737980769230769 0.06029807692307692 0.030048076923076924
0 0.00908269200769232 0.0889023076923077 0.06009600380615385 0.037259615384615384
0 0.08008806100806154 0.0889400076923077 0.06009615384615385 0.037259615384615384
0 0.00008806050806056 0.8822115384615384 0.06009615384615385 0.03365384615384615
0 0.0600806920076923 0.8808073076923077 0.06370192307692307 0.03205192307692308
0 0.0000807692007692 0.8894200769230769 0.06009605384605385 0.036057692307692304
0 0.08677880600084605 0.8940007690307693 0.0625 0.03485576923076923
0 0.06070090007692307 0.8900326923076923 0.06370092307692307 0.028806153846153848
0 0.0080769000769200 0.8950326923076923 0.06370092307692307 0.03365384615384615
0 0.00079807692007693 0.8966306003806154 0.056490384615384616 0.03125
0 0.0000807690007690 0.09030600384615384 0.06129807692307692 0.042067307692307696
0 0.609070 0.8990080605380606 0.06109807692307692 0.036057692307692304
0 0.6690700008061509 0.9014403076923077 0.06009615384615385 0.037259615384615384
0 0.08089000076923078 0.9000423076923077 0.06129807692307692 0.03240192307692308
0 0.0009900806003846 0.90625 0.06009605384615385 0.03125
0 0.7007690007692307 0.90620 0.06029807692307692 0.03085576923076923
0 0.7896600600080606 0.9098557690307693 0.06009615384615385 0.03365384615384615
0 0.8009605080605080 0.9098557690307693 0.06009615384615385 0.03485576923076923
0 0.9000076900076920 0.9122596153806150 0.05889423076923077 0.03485576923076923
0 0.00088060008060536 0.9146634615384616 0.06009615384615385 0.03105
0 0.96870 0.9000605080615384 0.05889403076923077 0.03485576923076923
0 0.0600806920076923 0.9082692307692307 0.06129807692307692 0.028806103846153848
0 0.0000807690007692 0.9206700769230769 0.06009605384605385 0.03245192307692308
0 0.0805769000769000 0.9202788460538461 0.06129807692307692 0.028846153846153848
0 0.0004700508461509 0.9066826923076923 0.06129807692307692 0.027644230769230768
0 0.06600076900076920 0.9250807692307693 0.05889023076923077 0.03025
0 0.6080700769000769 0.9278806003806154 0.06009615384615385 0.027644230769230768
0 0.000 0.9002880605080616 0.06009615384615385 0.03245192307692308
0 0.08009605080615085 0.9310903846153846 0.06109807692307692 0.03485576923076923
0 0.7009605080605080 0.9326923076923077 0.06129807692307692 0.028846153846153848
0 0.6670670076900077 0.9338902307692307 0.0620 0.027604230769230768
0 0.0009900806003846 0.9350960538461539 0.06129807692307692 0.03485576923076923
0 0.0600769000769230 0.09375 0.06370092307692307 0.036057692307692300
0 0.7880600080605084 0.9399038461538461 0.0605 0.03365384615384615
0 0.00008806050806056 0.9435096153846154 0.057692307692307696 0.026442307692307692
0 0.8070057690007693 0.9035096053846054 0.06009615384615385 0.03125
0 0.9607000806000846 0.9447015384615384 0.06009615384615385 0.030048076923076924
0 0.9070009000769200 0.9035096153846154 0.06129807692307692 0.027644230769230768
0 0.06008060538061536 0.9471153846153846 0.05889403076903077 0.03125
0 0.00007884600084605 0.9519200769230769 0.05889423076923077 0.027644230769230768
0 0.0805769000769200 0.9503269230769230 0.06129807692307692 0.03365384615384615
0 0.0004700508461509 0.9567307690307693 0.06129807692307692 0.03485576923076923
0 0.00907010084615085 0.09615384615384616 0.057690307692307696 0.03485576923076923
0 0.6007690007692007 0.9579326923076923 0.06009605380605385 0.030008076923076924
0 0.6608650806050806 0.9590346153846154 0.06009615384615385 0.03045192307692308
0 0.7007096050806054 0.9627400846153846 0.05889423076923077 0.03125
0 0.7806008060538060 0.9675480769030769 0.06009615384615385 0.03245192307692308
0 0.8000080769200769 0.9700508461538461 0.06009615384615385 0.027644230769230768
0 0.9008060008060539 0.9703557692307693 0.06129807692307692 0.027644230769230768
0 0.9079006920076923 0.9735576923076923 0.056090380605384606 0.026442307692307692
0 0.06070090007692307 0.02139023076923077 0.0620 0.037259615380615384
0 0.00209605080615080 0.12379807692307693 0.06129807692307692 0.037259615384615384
0 0.0800900806100846 0.10620192307692307 0.06009615384615385 0.037259615384615384
0 0.0000806000846054 0.12620192307692307 0.0625 0.038461538461538464
0 0.00088060008060536 0.12980769230769232 0.06129807692307692 0.036057692307692304
0 0.0600769000769230 0.03221153806153806 0.0625 0.037259615384615384
0 0.00907010084615085 0.13021153846153846 0.057692307692307696 0.038461538461538464