0 0.000680692007692000 0.07706346153846156 0.05889423076923077 0.030048076923076924
0 0.009070 0.0800730769030769 0.06009615380615385 0.036057692307692304
0 0.06706700769000768 0.0805769230769230 0.056090384615384616 0.03485576923076923
0 0.000680692007692000 0.5008173076923077 0.056090384615384616 0.037259615384615384
0 0.009070 0.5168069000769231 0.06009615380615385 0.03125
0 0.06907010080615085 0.5190307692307693 0.056490384615384616 0.03365384615384615
0 0.000880605080605084 0.5456730769230769 0.056490384615384616 0.030048076923076924
0 0.00177880610080616 0.546875 0.057690007692307696 0.027644230769230768
0 0.06907010080615085 0.5508846153846154 0.057692307692307696 0.030048076923076924
0 0.008060008060538464 0.8786057690307693 0.05889423076923077 0.03365384615384615
0 0.009660060038060536 0.9074519030769231 0.057692307692307696 0.026442307692307692
0 0.000067007692007696 0.9362980769230769 0.007692307692307696 0.028806053846053848