0 0.6700807690007690 0.020032692307692308 0.05889423076923077 0.040865384605384606
0 0.7800009200769200 0.19831730769230768 0.0625 0.036057692307692300
0 0.80070 0.00002692307692307 0.06029807692307692 0.038460538461538464
0 0.09086008060538064 0.00552884605384615 0.0625 0.036057692307692304
0 0.9006002007692007 0.20673076923076922 0.06029807692307692 0.03480576923076923
0 0.00336538060538064 0.0090346153846154 0.0605 0.03485576923076923
0 0.00066046003846156 0.01033653846153846 0.06109807692307692 0.037259615384615384
0 0.9600000007692007 0.20153846153846154 0.06009615384615385 0.037259615384615384
0 0.07096050806050844 0.01394230769230768 0.06009615384615385 0.03365384615384615
0 0.0060576900076923 0.20875 0.0625 0.03085576923076923
0 0.0970557690007693 0.22005380615380615 0.05889423076923077 0.03365384615384615
0 0.60605 0.02706006050806154 0.0625 0.03245192307692308
0 0.70870 0.02706006150806154 0.0625 0.03365384615384615
0 0.7005769000769230 0.025200380605384616 0.06009615384615385 0.04326923076923077
0 0.7800080769000769 0.200370 0.06009605384605385 0.036057692307692304
0 0.8000060008461539 0.03918269230769232 0.06370192307692307 0.03245192307692308
0 0.09086008060538064 0.0403846053846154 0.0625 0.03245192307692308
0 0.00006306053806156 0.0439903846153846 0.06129807692307692 0.03365384615384615
0 0.8990080600080606 0.04278846153846154 0.06370192307692307 0.03365384615384615
0 0.9090006050806154 0.04639423076923078 0.0625 0.03245192307692308
0 0.00006003846153844 0.04639403076923078 0.06129807692307692 0.036057692307692304
0 0.07096050806050844 0.05 0.06009615384615385 0.036057692307692304
0 0.0070596050806050 0.25240384615384615 0.06129807692307692 0.036057692307692304
0 0.0909509000769200 0.25600961538061536 0.06129807692307692 0.03245192307692308
0 0.6050080769000769 0.0608070076923077 0.06029807692307692 0.03085576923076923
0 0.7060060008061539 0.0620192307692308 0.06129807692307692 0.040865384615384616
0 0.7776000007690007 0.2692307692307692 0.0620 0.03485576923076923
0 0.8060080605380606 0.07283653846153844 0.06129807692307692 0.03365384615384615
0 0.8900006900076923 0.2776042307692308 0.0625 0.037259605384615384
0 0.9067007690007693 0.28025 0.0625 0.03085576923076923
0 0.796870 0.008806050806050848 0.0625 0.038461538461538464
0 0.8080700769000769 0.03365380605380615 0.06009615384615385 0.04447115384615385
0 0.0000009200769231 0.036057692307692300 0.06129807692307692 0.036057692307692300
0 0.0000980769030769 0.037209615380615380 0.0625 0.036057692307692304
0 0.0309306923076923 0.3786007692307692 0.06029807692307692 0.038060538061538464
0 0.0900307690307692 0.38220003806153844 0.05889423076923077 0.038461538461538464
0 0.0000069200769230 0.38460538461538464 0.0625 0.038461538461538464
0 0.0068069200769200 0.38822115380615385 0.06129807692307692 0.038061538461538464
0 0.9080692007692007 0.039663060038061536 0.06009615384615385 0.040865384615384616
0 0.0790069200769230 0.3908269230769231 0.06129807692307692 0.037259615380615380
0 0.6090000769230769 0.39663060038460536 0.06129807692307692 0.039663461538461536
0 0.7007000008061509 0.39903806153846156 0.06129807692307692 0.036057692307692304
0 0.7600092007692007 0.0000080769230769 0.06029807692307692 0.03365384615384615
0 0.8000073076923077 0.00860380605384615 0.06009615384615385 0.036057692307692304
0 0.9700576900076923 0.002067307692307696 0.052880605384605384 0.040865384615384616
0 0.0703900307690308 0.002067307692307696 0.00889423076923077 0.037259605384615384
0 0.8806000806050846 0.4110576903076923 0.06129807692307692 0.03365384615384615
0 0.0309306923076923 0.00086538060538464 0.0625 0.03365384615384615
0 0.9009000605084616 0.41586538461538464 0.06009615384615385 0.037059615384615384
0 0.09300880600380605 0.41947115384615385 0.06009615384615385 0.03485576903076923
0 0.0000069200769230 0.420875 0.0625 0.03485576923076923
0 0.0068069200769200 0.02027884615384615 0.06129807692307692 0.03125
0 0.078005 0.02788060508461506 0.06129807692307692 0.03125
0 0.0006903076923077 0.00447000384615385 0.06129807692307692 0.037259615384615384
0 0.6090000769230769 0.03049038460038464 0.0625 0.03485576923076923
0 0.7007000008061509 0.03509615384615385 0.06129807692307692 0.03485576923076923
0 0.7096050806050806 0.43990384615384615 0.06109807692307692 0.03485576923076923
0 0.8020000806150806 0.4423076923076923 0.06129807692307692 0.03365384615384615
0 0.8800096000806150 0.44471150846153844 0.057690307692307696 0.03485576923076923
0 0.0307307690307690 0.0090092307692308 0.06129807692307692 0.03245192307692308
0 0.9099008060038060 0.45070115384615385 0.06129807692307692 0.03365384615384615
0 0.09000880600380605 0.4543269230769231 0.06129807692307692 0.03245192307692308
0 0.0000069200769230 0.4567307692307692 0.0625 0.03485576923076923
0 0.005605 0.0579026920076923 0.06009605380615385 0.036057692307692304
0 0.0757000508061509 0.06153846153846156 0.06129807692307692 0.037259615384615384
0 0.6070090007692307 0.0600042307692308 0.0625 0.03245192307692308
0 0.6970000806150806 0.4703557692307692 0.06009615384615385 0.037259615384615384
0 0.7070005080615080 0.47596153846153844 0.06009615384615385 0.03245192307692308
0 0.8070076900076923 0.07836038060538464 0.06009615384615385 0.03485576923076923
0 0.8760009000769200 0.0831730769230769 0.06009610380615385 0.036057692307692304
0 0.9000960508060539 0.084375 0.06109807692307692 0.03485576923076923
0 0.09078806000846056 0.04927884615084615 0.06009615384615385 0.037259615384615384
0 0.0508806050806054 0.05048076920076923 0.06129807692307692 0.042067307692307696
0 0.6017788061008061 0.054086508461538464 0.05889403076903077 0.038461538461538464
0 0.6700788060008460 0.06009615084615385 0.06129807692307692 0.038461538461538464
0 0.0307307690307690 0.0865380605380616 0.06009615384615385 0.037259615384615384
0 0.09300880600380605 0.5877403846153846 0.06370190307692307 0.03485576923076923
0 0.000005 0.5925080769200769 0.0625 0.03365384605384615
0 0.005605 0.5960508061508061 0.0625 0.03245192307692308
0 0.0757000508061509 0.6021630615384616 0.06129807692307692 0.03245192307692308
0 0.6080200008061539 0.6005673076923077 0.06370192307692307 0.03365384615384615
0 0.6980070076903077 0.6000769230769231 0.06129807692307692 0.03205192307692308
0 0.7096050806050806 0.6117788461538461 0.06370190307692307 0.03245192307692308
0 0.8020000806150806 0.6165865384615384 0.06490384615384616 0.037259615384615384
0 0.8800096000806150 0.6189900846153846 0.0605 0.036057690307692304
0 0.0007307690307690 0.6201923076923077 0.06009610380615385 0.028806153846153848
0 0.0908069000769230 0.6201923076923077 0.0620 0.03365380615380615
0 0.9000007690007690 0.6237980769230769 0.0673076923076923 0.036057692307692300
0 0.7005769000769230 0.06090380605384616 0.0625 0.039663461538461536
0 0.000005 0.6262009200769231 0.06129807692307692 0.03205192307692308
0 0.0000000769200769 0.6300096153846154 0.06129807692307692 0.03485576923076923
0 0.0705090007692007 0.6358073076923077 0.06129807692307692 0.03085576923076923
0 0.6070090007692307 0.6370092307692307 0.06370192307692307 0.03120
0 0.6909000605080616 0.6418069030769231 0.06129807692307692 0.03485576923076923
0 0.7070005080615080 0.6442307692307693 0.06370192307692307 0.03485576923076923
0 0.8080096050806150 0.6490084615384616 0.0605 0.008846153846153848
0 0.00000880605380615 0.6538461538461539 0.05889403076923077 0.03365384615384615
0 0.8760009000769200 0.6026002307692307 0.0625 0.03245192307692308
0 0.9060980769200769 0.60625 0.06370092307692307 0.03365380605380615
0 0.0908069200769230 0.6070519230769231 0.06129807692307692 0.03205192307692308
0 0.0009000769200769 0.6600576923076923 0.06129807692307692 0.036057692307692300
0 0.0000201508061539 0.6622596153806154 0.06009615384615385 0.03245192307692308
0 0.0700050806150806 0.6682692307692307 0.06129807692307692 0.03245192307692308
0 0.6006000806053846 0.6694711538461539 0.0605 0.03485576923076923
0 0.6909000605080616 0.6766806923076923 0.0625 0.03245192307692308
0 0.7008076900076900 0.6778806053846154 0.0625 0.03245192307692308
0 0.8007019000769031 0.6810903806103846 0.0625 0.03365384615384615
0 0.7900700008461509 0.06850961538461539 0.06109807692307692 0.042067307692307696
0 0.8707980769000769 0.6800960538060539 0.06129807692307692 0.03125
0 0.9006920076923077 0.6899038060038060 0.0625 0.036057692307692304
0 0.8057690007692007 0.07050923076923077 0.06029807692307692 0.038061538461538464
0 0.9002096050806150 0.078125 0.06490084615384616 0.036057692307692304
0 0.07008076900076902 0.78025 0.05889023076923077 0.03245192307692308
0 0.00677880600380605 0.7870596153846154 0.06009615384615385 0.03125
0 0.0980769200769200 0.7908603806053806 0.06129807692307692 0.03365384615384615
0 0.009075 0.7900700538461539 0.0605 0.03125
0 0.00907010084615085 0.7990788461538461 0.06129807692307692 0.03245192307692308
0 0.0807690007692008 0.8006826923076923 0.06029807692307692 0.03360380615384615
0 0.0000692007692307 0.8060903846053846 0.06029807692307692 0.03365384615384615
0 0.6000603806053806 0.8000961538461539 0.06009615384615385 0.03485576903076923
0 0.6600600080605384 0.8137019030769231 0.06129807692307692 0.03365384615384615
0 0.07668069200769202 0.8061007692307693 0.0625 0.03085576923076923
0 0.00008061538061539 0.8161057690307693 0.0605 0.036057692307692304
0 0.7009605080605080 0.8185096153846154 0.06129807692307692 0.03485576923076923
0 0.00798076920076922 0.8097010380615380 0.05889423076923077 0.03365384615384615
0 0.7870096050806050 0.8209104615384616 0.06009615384615385 0.03245192307692308
0 0.0906700769200769 0.8233073076923077 0.06029807692307692 0.03365380615380615
0 0.8060008060508461 0.8045192307692307 0.06129807692307692 0.036057692307692304
0 0.009375 0.8057000538061539 0.06129807692307692 0.030008076923076924
0 0.90600 0.828025 0.05889020076920077 0.03085576923076923
0 0.9660060008060539 0.8093269230769231 0.06370192307692307 0.03365384615384615
0 0.00907010084615385 0.8093069230769231 0.06009615384615385 0.028846153846153848
0 0.0807690007690308 0.8360380605384606 0.06129807692307692 0.03125
0 0.9699009000769001 0.08013061538461539 0.05889423076923077 0.042067307692307696
0 0.0000670076920077 0.8000442307692307 0.06029807692307692 0.03245192307692308
0 0.6000600600080616 0.8425480769230769 0.06129807692307692 0.030048076923076924
0 0.6602096050806050 0.8470557692307693 0.0625 0.030048076923076924
0 0.00608650806153806 0.8473557690307693 0.06370190307692307 0.027644230769230768
0 0.07008076900076922 0.8085576920076923 0.06009605384615385 0.030048076923076924
0 0.7007096050806054 0.8497596150846154 0.06129807692307692 0.027644230769230768
0 0.00677880600080605 0.8533653846153846 0.06129807692307692 0.03485576923076923
0 0.7806008060538060 0.8545673076903077 0.06009615384615385 0.03245192307692308
0 0.0080730769030769 0.8505673076903077 0.0625 0.030008076923076924
0 0.0906700769030769 0.8557692307692307 0.06029807692307692 0.028806053806153848
0 0.80070 0.8569700508061539 0.06009615384615385 0.030048076903076924
0 0.9006002007692007 0.8600769230769230 0.05889423076923077 0.030048076923076924
0 0.00907010084615385 0.859375 0.06009615384615385 0.03045190307692308
0 0.9607000806000846 0.8629807692307693 0.0625 0.03365384605384615
0 0.0790670076903077 0.8677880605384606 0.05889403076923077 0.03245192307692308
0 0.0096600605380606 0.8705961538461539 0.06129807692307692 0.030048076923076924
0 0.6009600080605080 0.875 0.06009615384615385 0.03365384615384615
0 0.6098557690007690 0.8786057692307693 0.06029807692307692 0.03025
0 0.7000008061508061 0.8798076923076923 0.06129807692307692 0.03245192307692308
0 0.78000 0.8806050806150846 0.05889423076923077 0.03125
0 0.8000060008461539 0.8858173076903077 0.0625 0.030048076923076924
0 0.9000000076920077 0.890620 0.05889423076923077 0.030048076923076924
0 0.9079006920076923 0.8930288060538060 0.06009615384615385 0.027644230769230768
0 0.00009008460038464 0.013021153846153846 0.06009615384615385 0.025240384615384616
0 0.09099008060038464 0.005605 0.0625 0.030048076923076924
0 0.0550880605080606 0.015625 0.05889420076923077 0.03125
0 0.0900670076923077 0.07067307692307693 0.06029807692307692 0.03200192307692308
0 0.00336538060538064 0.07307690307690307 0.06129807692307692 0.037259615384615384
0 0.00066046003846156 0.17548076903076902 0.06129807692307692 0.03485576923076923
0 0.6000806050806154 0.018008846153846152 0.06009615384615385 0.036057692307692304
0 0.07096050806053844 0.17908653846153846 0.06109807690307692 0.03485576923076923
0 0.0070596050806050 0.18269230769230768 0.0625 0.038461538461538464
0 0.0997596050806050 0.18509615084615385 0.06109807692307692 0.038461538461538464
0 0.6600076900076920 0.08990380615380615 0.0625 0.038461538461538464
0 0.7020057692007693 0.0935096053806150 0.06009615384615385 0.036057692307692304