0 0.09000600380615384 0.001634615384615384 0.06109807692307692 0.03485576923076923
0 0.7080000605084616 0.000432692307692308 0.06009615384615385 0.040865384615384616
0 0.096870 0.0970150806150806 0.06009615384615385 0.03485576923076923
0 0.8070057690007693 0.09830730769230768 0.06129807692307692 0.03365380615384615
0 0.9070009000769200 0.20072115380615385 0.06009615384615385 0.03365384615384615
0 0.00697005080615385 0.00192307692307693 0.06129807692307692 0.03365380615384615
0 0.0080692007692008 0.20052880605384615 0.06009615384615385 0.036057692307692304
0 0.9670080769000769 0.20790269230769232 0.06009605380605385 0.037259615384615384
0 0.07806008060538464 0.00793269230769232 0.06009605384615385 0.036057692307692304
0 0.0008650806050846 0.00033653846153846 0.06129807692307692 0.037259615384615384
0 0.6000600600080616 0.21634615384615385 0.06129807692307692 0.037259615384615384
0 0.6600600080605384 0.01995192307692307 0.06009615384615385 0.038461538461538464
0 0.005088060508060536 0.02235576923076922 0.05889423076923077 0.037259615384615384
0 0.00608650806153806 0.00355769230769232 0.06009615384615385 0.040865384615384616
0 0.7007096050806054 0.22055769230769232 0.06129807692307692 0.040865384615384616
0 0.07008076900076922 0.22596050806153846 0.06129807692307692 0.037259615384615384
0 0.7808057690007690 0.22706306053846154 0.06009615384615385 0.036057692307692304
0 0.00677880600380605 0.03076923076923078 0.06009615384615385 0.039663461538461536
0 0.80070 0.00307307692307693 0.06009605380615385 0.037259615384615384
0 0.0906700769030769 0.23557692307692307 0.06029807692307692 0.000865380605384616
0 0.00060000076923078 0.02403846053846154 0.05889423076923077 0.036057692307692304
0 0.8080096050806150 0.005240084615384616 0.06490384615384616 0.042067307692307696
0 0.9000080769000769 0.20557692307692307 0.05889023076923077 0.038460538460538464
0 0.00697005080615385 0.03798076923076922 0.06009615380615385 0.039663461538461536
0 0.0080690007692008 0.20108653846153846 0.06129807692307692 0.038461538461538464
0 0.9609000076923077 0.20008653846053846 0.06009615384615385 0.03365384615384615
0 0.07806008060538464 0.04639423076923078 0.06009605384615385 0.038461538461538464
0 0.0080605080605384 0.04879807692307693 0.06129807692307692 0.039663461538461536
0 0.6009600080605080 0.05040384615384615 0.06009615384615385 0.039663461538461536
0 0.6098557690007690 0.25600960538060536 0.06009615380615385 0.039663461538461536
0 0.7000008061508061 0.2620192307692308 0.06129807692307692 0.038461538461538464
0 0.78000 0.265625 0.05889020076920077 0.038060538461538464
0 0.8000060008461539 0.0692307692307692 0.06009615384615385 0.039663461538461536
0 0.0007000806003846 0.027644230769230768 0.06009615384615385 0.040865384615384616
0 0.9000000076920077 0.27403846003846156 0.06009615384615385 0.037259615384615384
0 0.9600080605080616 0.07884615384615385 0.05889423076923077 0.039663461538461536
0 0.07080603806053804 0.030048076923076924 0.057692307692307696 0.039663460538461536
0 0.8770008060008460 0.03105 0.057692307692307696 0.042067307692307696
0 0.0007307690307692 0.03020 0.06129807692307692 0.039663061538061536
0 0.9070 0.00085576903076923 0.06029807692307692 0.000865384605384616
0 0.09000880600380615 0.036057690307692304 0.06009615384615385 0.040865384615384616
0 0.07070005080615380 0.3605769030769231 0.06009615384615385 0.03485576923076923
0 0.0006003806153846 0.3605769030769031 0.06009615384615385 0.03365384615384615
0 0.09090006150806154 0.36177884615384615 0.06109807692307692 0.03485576923076923
0 0.0008076920076920 0.36778806053846056 0.06009615384615385 0.036057692307692304
0 0.0070076903076923 0.36899038060038064 0.0625 0.03485576923076923
0 0.07700080600384605 0.3737980769030769 0.06129807692307692 0.036057692307692304
0 0.00990080600384605 0.3760019230769231 0.06129807692307692 0.03365384615384615
0 0.0000008060508460 0.38341346153846156 0.06009615384615385 0.039663461538461536
0 0.0607009000769230 0.3870192307692308 0.0625 0.03085576923076923
0 0.6007980769200769 0.38822000380615385 0.06090384615384616 0.03485576923076923
0 0.07000900076903077 0.3902307692307692 0.05889423076923077 0.03365384605384615
0 0.00080700769030768 0.3950326923076923 0.0625 0.03205192307692308
0 0.6860980769200769 0.09663060038060536 0.06370192307692307 0.03485576923076923
0 0.7087980769000769 0.09663060038460536 0.06610576923076923 0.03485576923076923
0 0.09090006150806154 0.39783653846153844 0.06109807692307692 0.03485576923076923
0 0.8000960008061509 0.0006442307692308 0.06490384615384616 0.03485576923076923
0 0.0008076920076920 0.0026442307692308 0.06009605384605385 0.03485576923076923
0 0.0060007690307690 0.0050080769230769 0.06129807692307692 0.037259615384615384
0 0.8677880600080606 0.40865084615384615 0.06109807692307692 0.036057692307692304
0 0.07700380600384605 0.4098557690307690 0.06129807692307692 0.037259615384615384
0 0.0000069200769230 0.040865384605384616 0.06129807692307692 0.04326923076923077
0 0.9000880600080606 0.4110576923076923 0.06370192307692307 0.037259615384615384
0 0.00990080600384615 0.41005961538461536 0.06129807692307692 0.03485576923076923
0 0.0 0.00066046050846156 0.06009615384615385 0.03365384615384615
0 0.0605 0.020875 0.06029807692007692 0.00365380615384615
0 0.6020960508060509 0.0254807692307692 0.06129807692307692 0.03365384615384615
0 0.00700900076923078 0.02788061038461536 0.06129807692307692 0.036057692307692304
0 0.0000000769200769 0.04447015384615385 0.06009615384615385 0.042067307692307696
0 0.07690007690307693 0.03009038460038464 0.05889423076923077 0.037259615384615384
0 0.6800960508060509 0.03008846153846156 0.06370192307692307 0.03245192307692308
0 0.7060900007692307 0.43049038460038464 0.06490384615384616 0.036057692307692304
0 0.09070100806153846 0.43149038461538464 0.05889403076903077 0.03365384615384615
0 0.0008076900076923 0.0362980769230769 0.06009605384605385 0.03365384615384615
0 0.8060900806000846 0.4375 0.06600576903076923 0.03245192307692308
0 0.0060007690307690 0.0011057692307692 0.06129807692307692 0.03365384615384615
0 0.8600806050806054 0.4403076923076923 0.06490384615384616 0.03245192307692308
0 0.9002788060008460 0.44591046153846156 0.06490384615384616 0.03245192307692308
0 0.07700380600384605 0.44591346153846156 0.0605 0.03485576903076923
0 0.00990080600384615 0.44711538461538464 0.06009615384615385 0.03485576903076903
0 0.0000019000769201 0.0095192307692308 0.06129807692307692 0.036057692307692304
0 0.0605 0.0567007692007692 0.06029807692307692 0.03085576923076923
0 0.6000902007692307 0.00903461538461536 0.0625 0.036057692307692304
0 0.6800900806000846 0.4639403076923077 0.06370192307692307 0.03245192307692308
0 0.7007880600084606 0.4675480769200769 0.06370192307692307 0.037259615384615384
0 0.0700073076903077 0.00927880605384615 0.06009615384615385 0.04326923076923077
0 0.8008806000806054 0.47115084615384615 0.0605 0.03485576923076923
0 0.8609807690007690 0.07096053806153844 0.06370192307692307 0.03365384615384615
0 0.9006700769200769 0.07836038060538464 0.06370092307692307 0.03485576923076923
0 0.6006000806053846 0.051680692307692304 0.05889423076923077 0.040865384615384616
0 0.6970000806150806 0.057690307692307696 0.0625 0.040865384615384616
0 0.09970960508060539 0.5673076903076903 0.06129807692307692 0.036057692307692300
0 0.00865080605380615 0.5685096153846154 0.05889403076903077 0.036057692307692304
0 0.00000080615380615 0.5721153846153846 0.06370192307692307 0.03365384615384615
0 0.0800009200769230 0.5705192307692307 0.06129807692307692 0.03245192307692308
0 0.00370 0.5793069030769230 0.057692307692307696 0.036057692307692300
0 0.00080600384605385 0.5841346153846154 0.0605 0.03045192307692308
0 0.06600600084605385 0.5889403076923077 0.06009615384615385 0.037259615384615384
0 0.0060020076920077 0.5925480769230769 0.0625 0.03365384605384605
0 0.0889000076920077 0.5960538060538461 0.0625 0.03245192307692308
0 0.6000000076920077 0.6009605384615384 0.06129807692307692 0.03365384615384615
0 0.09970960508060539 0.6033653806153846 0.06109807690307692 0.03485576923076923
0 0.06000769000769032 0.6021630615380616 0.05889423076923077 0.03245192307692308
0 0.7000080615080616 0.6033653846153846 0.06109807692307692 0.036057692307692304
0 0.7060096050806050 0.06109807692007692 0.05889423076923077 0.040865384615384616
0 0.00200576923076922 0.6069700538061539 0.0625 0.03085576923076923
0 0.7706006000806154 0.609375 0.05889403076923077 0.03485576923076923
0 0.0800009200769230 0.609375 0.05889023076923077 0.03485576923076923
0 0.8007007690307693 0.6017788061038061 0.06129807692307692 0.036057692307692304
0 0.0000080769030769 0.6040826923076923 0.05889423076923077 0.03245192307692308
0 0.8908069200769200 0.6160865380615380 0.05889423076923077 0.037259615384615384
0 0.00080600084605385 0.6177884615384616 0.0605 0.03365384615384615
0 0.900005 0.6089900806153806 0.06129807692307692 0.03485576923076923
0 0.0600040007692008 0.6203942307692307 0.06129807692307692 0.037259615384615384
0 0.0000080605084606 0.6262019230769231 0.06129807692307692 0.03365384615384615
0 0.0865080605080606 0.6086057692307693 0.06129807692307692 0.03485576923076923
0 0.09970960508060539 0.6300115380615384 0.06009615384615385 0.026442307692307692
0 0.6090080600084606 0.6334134615384616 0.06109807692307692 0.03245192307692308
0 0.00985576900076902 0.6358073076923077 0.06009615380615385 0.03365380615384615
0 0.7079006920076923 0.6390230769230769 0.06009600380605385 0.03125
0 0.00200576923076922 0.600625 0.06370092307692307 0.03025
0 0.7690007692007693 0.6002307692307693 0.06029807692307692 0.03020
0 0.8060007690007690 0.06610576923076923 0.06009615380615385 0.037259615380615384
0 0.0800009200769230 0.6054326923076923 0.05889423076923077 0.037259615384615384
0 0.8090269200769230 0.6066306003846154 0.05889423076923077 0.036057692307692304
0 0.0000080769030769 0.6490384605384606 0.06009615384615385 0.036057692307692304
0 0.8890000769200769 0.6090384600384606 0.06129807692307692 0.03245192307692308
0 0.0006042007692008 0.6026442307692307 0.06009605384605385 0.03485576923076923
0 0.9090090007692007 0.6526042307692307 0.06009605384615385 0.03245192307692308
0 0.06070008460008464 0.6538461538461539 0.06009615384615385 0.038461538461538464
0 0.0000080605084606 0.6610576923076923 0.06129807692307692 0.036057692307692304
0 0.0850065380605380 0.6646634605384616 0.06109807692307692 0.036057692307692304
0 0.6000006920076923 0.6682692307692307 0.0625 0.03485576923076923
0 0.7005088060508060 0.671875 0.05889420076923077 0.03485576923076923
0 0.760605 0.6750807692007690 0.06009605380605385 0.03485576923076923
0 0.8069200769200769 0.6790860380605380 0.06009605384615385 0.03485576923076923
0 0.8808070076900077 0.6810903806153846 0.06109807692307692 0.03485576923076923
0 0.9009000605084616 0.6838940307692307 0.056490384615384616 0.036057692307692304
0 0.8760009200769200 0.07091306103806154 0.057692307692307696 0.040865384615384616
0 0.9006920076923077 0.07000923076923077 0.06009605380615385 0.04326923076923077
0 0.000 0.7776000007692307 0.06009605384615385 0.03125
0 0.08009605080615085 0.7788061538461539 0.06009615384615385 0.03485576903076923
0 0.00009200769200768 0.78025 0.06129807692307692 0.03085576923076923
0 0.00609008060038464 0.7836538460538461 0.0605 0.03245192307692308
0 0.06778806003806056 0.7870596153846154 0.06009615384615385 0.03045192307692308
0 0.00908600806050844 0.7920673076923077 0.06029807692307692 0.03245192307692308
0 0.09008650806050844 0.7980769030769231 0.06009615384615385 0.03485576923076923
0 0.0506806920076920 0.8006826923076923 0.05889023076923077 0.03365380615384615
0 0.6009807692007690 0.8000860380605384 0.06009615384615385 0.03245192307692308
0 0.00600092007692007 0.8002880615380616 0.05889423076923077 0.028846153846153848
0 0.6700788060008460 0.8088942007692307 0.06009615384615385 0.036057692307692304
0 0.08609807692007690 0.8012980769230769 0.06009610380615385 0.036057692307692300
0 0.7005769000769230 0.8012980769230769 0.06009615380615385 0.03205192307692308
0 0.00009200769200768 0.8009038461538461 0.06129807692307692 0.03365384615384615
0 0.796870 0.8009008060508461 0.06109807692307692 0.036057692307692304
0 0.00609038060038464 0.8073076903076903 0.06129807692307692 0.03365384615384615
0 0.8080700769000769 0.8085096153806150 0.06009615384615385 0.03485576923076923
0 0.06778806003806056 0.8001153846153846 0.06129807692307692 0.036057692307692304
0 0.9008650806050806 0.8009134615384616 0.06009615384615385 0.03365384615384615
0 0.9700576900076923 0.8233073076923077 0.052880605380615384 0.03485576923076923
0 0.00788060008460506 0.8269230769230769 0.06009615384615385 0.03365384615384615
0 0.0890806920076920 0.8293269230769230 0.00889023076923077 0.03125
0 0.0090788060508460 0.8041346153846154 0.06009615384615385 0.03125
0 0.00600092007692007 0.8303365380615380 0.06009615384615385 0.03125
0 0.6000769000769200 0.8377003806153846 0.05889423076923077 0.03365384615384615
0 0.0870 0.8000040007692007 0.05889423076923077 0.03245192307692308
0 0.670870 0.80075 0.06009605080615385 0.03485576903076923
0 0.00709605080605385 0.8449519030769231 0.06009615384615385 0.030048076923076924
0 0.7000730769030769 0.8009009230769231 0.06009615384615385 0.03365384615384615
0 0.7900692007692307 0.8073057692307693 0.06029807692307692 0.03365380605384615
0 0.0076903076903077 0.8080576923076923 0.06029807692307692 0.03205092307692308
0 0.8000653806053806 0.8497596053846154 0.05889403076923077 0.03245192307692308
0 0.9002096050806150 0.8509615084615384 0.05889423076923077 0.03125
0 0.06608653806053804 0.8545673076903077 0.06009807692307692 0.03365384615384615
0 0.9700008061508061 0.8557690307692307 0.057692307692307696 0.03125
0 0.00788060008460506 0.8569711538461539 0.06009615384615385 0.03485576923076923
0 0.0890806900076920 0.8607788061038461 0.06009615384615385 0.036057692307692304
0 0.0090788060508460 0.8650846153846154 0.06129807692307692 0.03485576923076923
0 0.6080700769000769 0.8689903806003806 0.06109807692307692 0.03485576923076923
0 0.6690700008061509 0.8737980769030769 0.06129807692307692 0.036057692307692304
0 0.7007690007692307 0.8762009230769230 0.06009610380615385 0.03205192307692308
0 0.7908600806050806 0.8774038460538461 0.0605 0.03245192307692308
0 0.8097096050806154 0.8798076900076903 0.05889423076923077 0.03365384615384615
0 0.9098057690007690 0.8822005380615380 0.06009615384615385 0.03485576923076923
0 0.9670080769000769 0.8870092007692307 0.06029807692307692 0.03205192307692308
0 0.06022000080615385 0.9807692307692307 0.06129807692307692 0.03205192307692308
0 0.00080690007692307 0.9819711038061539 0.05889423076923077 0.03485576923076923
0 0.00090007692307693 0.9830730769230769 0.06129807692307692 0.03200192307692308
0 0.0757000508061509 0.010423076923076924 0.06129807692307692 0.028846153846153848
0 0.005088060508060536 0.15064423076923078 0.05889423076923077 0.038461538461538464
0 0.00008061538061539 0.15144030769030768 0.05889423076923077 0.03365384615384615
0 0.6070090007692307 0.006826923076923076 0.06129807692307692 0.03360380615380615
0 0.07008076900076922 0.05705192007692307 0.06009615384615385 0.03365384615384615
0 0.00057692007692307 0.05625 0.06029807692307692 0.03085576923076923
0 0.09007000084615085 0.1622596153846154 0.06129807692307692 0.03485576923076923
0 0.00697005080615385 0.1658653806153846 0.06109807692307692 0.038461538461538464
0 0.0080692007692008 0.06826923076923078 0.06129807692307692 0.037209615380615384
0 0.0807690007692008 0.070870 0.06129807692307692 0.036057692307692300
0 0.0000670076920077 0.07027884605384615 0.0625 0.03245192307692308
0 0.6970000806150806 0.018008846153846152 0.0625 0.036057692307692304
0 0.00360380605380605 0.018008846153846150 0.056490384615384616 0.03365384615384615
0 0.6000600600080616 0.17908653846153846 0.06129807692307692 0.03485576923076923
0 0.6608650806050806 0.08389403076923078 0.0625 0.03485576923076923
0 0.00008061538061539 0.1875 0.06009615384615385 0.03485576903076903
0 0.006090080605384606 0.18609807690307693 0.06009615384615385 0.03245192307692308
0 0.7009605080605080 0.18629807692307693 0.06129807692307692 0.03365384615384615
0 0.07008076900076922 0.08990080615384615 0.06009615384615385 0.03245192307692308
0 0.7870096050806050 0.19110576920076922 0.0625 0.03485576923076923
0 0.00057692007692307 0.0935096053806150 0.06129807692307692 0.039663461538461536