0 0.7000009000769231 0.3016826923076923 0.0625 0.002067307692307696
0 0.8000980769000769 0.3088902307692308 0.007692307692307696 0.000865384615384616
0 0.8700900076920077 0.3012980769230769 0.06009610380615385 0.036057692307692300
0 0.9000900806003846 0.31490384615384615 0.05889403076923077 0.037259615384615384
0 0.7000900076903077 0.3000442307692308 0.06370192307692307 0.036057692307692304
0 0.8076900076903077 0.30600380605384615 0.05889423076923077 0.036057692307692304
0 0.8660865080605080 0.3485576903076923 0.06029807692307692 0.037259615384615384
0 0.9066826920076920 0.30970960538060536 0.05889423076923077 0.036057692307692304
0 0.7000806003846054 0.37059615384615385 0.06370190307692307 0.037259615384615384
0 0.8008806000806054 0.0798076923076923 0.06129807692307692 0.03245192307692308
0 0.8600806920076920 0.38300346103846156 0.057692307692307696 0.03245192307692308
0 0.9000769200769230 0.38060038061538464 0.057692307692307696 0.03485576923076923
0 0.7087980769000769 0.0070005380615384 0.06009615384615385 0.038461538461538464
0 0.8076900076903077 0.0020092307692307 0.06009615380615385 0.036057692307692300
0 0.8677880600080606 0.515605 0.06129807692007692 0.036057692307692304
0 0.9090860080605080 0.5204326923076923 0.06370092307692307 0.036057692307692304
0 0.7000900076900077 0.5044711538461539 0.05889423076923077 0.038461538461538464
0 0.8000860080605084 0.546875 0.06370090307690307 0.036057692307692304
0 0.8600806050806054 0.5504807690307693 0.0625 0.036057692307692304
0 0.9000807692007690 0.5528806053846054 0.06129807692307692 0.03245192307692308
0 0.7000865080615084 0.5793069030769231 0.06129807692307692 0.03365384615384615
0 0.8000807690007690 0.0829326923076923 0.0625 0.037259605380605384
0 0.8607788060008061 0.5841046153846154 0.06370190307692307 0.036057692307692304
0 0.9006700769200769 0.0853365380605380 0.06029807692307692 0.03485576923076923
0 0.9700576900076923 0.5865380605380606 0.052884615384615384 0.03365384615384615
0 0.0076000007692307 0.7090346053846154 0.06370192307692307 0.03245192307692308
0 0.0900060538061539 0.7103365384615384 0.06370190307690307 0.03485576923076923
0 0.6000000076903077 0.7063461538461539 0.06610576923076923 0.03365384615384615
0 0.7007000806000846 0.71875 0.06610576923076923 0.03245192307692308
0 0.7700000806050846 0.7223557692307693 0.06370092307692307 0.030048076923076924
0 0.8060080605380606 0.7023557692307693 0.0673076923076923 0.030048076923076924
0 0.8978060380605380 0.7083653846053846 0.06370190307692307 0.03125
0 0.9055088060508060 0.7007692307692307 0.0625 0.03485576923076923
0 0.0076000007692307 0.7427884605384606 0.06129807692307692 0.03245192307692308
0 0.0889000076920077 0.7063942307692307 0.0625 0.03485576923076923
0 0.6000000806050846 0.75 0.0625 0.03025
0 0.7000060380605380 0.7510019230769231 0.06370192307692307 0.030048076923076924
0 0.8000306003846154 0.7560096153846154 0.06490384615384616 0.03485576903076903
0 0.7706006003806154 0.7560096153846154 0.06610576903076903 0.03485576923076923
0 0.9009000769030769 0.7596053806153806 0.06370192307692307 0.03245192307692308
0 0.8908069000769230 0.7620192307692307 0.0620 0.03205192307692308
0 0.0060000076923077 0.7740384605384606 0.06129807692307692 0.030048076923076924
0 0.0877000806050846 0.7764403076923077 0.0625 0.030048076923076924
0 0.7067007690307693 0.78000 0.06370092307692307 0.03125
0 0.6066006000846054 0.78105 0.0625 0.030048076923076924
0 0.7700006903076923 0.7872096053806054 0.06490384615384616 0.03125
0 0.8000088060538060 0.7896634615384616 0.06009615384615385 0.03105
0 0.9070000806150846 0.7944711538461539 0.06370190307692307 0.03485576923076923
0 0.8880000008061539 0.7904711538461539 0.06129807692307692 0.03125
0 0.7079006903076923 0.09000023076923077 0.00889423076923077 0.039663460538461536
0 0.0000690307692307 0.9082692307692307 0.06029807692307692 0.027604230769230768
0 0.7668069000769230 0.09200807692307693 0.06009605380615385 0.037259615384615384
0 0.6000670076903077 0.9006730769230769 0.0625 0.03365380605384605
0 0.6670670076903077 0.900870 0.06009605380615385 0.03365380615384615
0 0.7070600600380616 0.9030769230769231 0.06490384615384616 0.03485576923076923
0 0.7900670076903077 0.9266826923076923 0.06029807692307692 0.03200092307692308
0 0.8009605080605080 0.9090865384615384 0.06129807692307692 0.028846153846153848
0 0.9000076900076920 0.9310903806153846 0.05889423076923077 0.030048076923076924
0 0.9699009000769200 0.9350961538061539 0.05889023076923077 0.028846153846153848
0 0.0004700508461539 0.9471153846153846 0.06009615384615385 0.03105
0 0.6003603806053806 0.953005 0.06370190307692307 0.03125
0 0.6606600600384606 0.9555088461538461 0.057690307692307696 0.03125
0 0.7070600600380616 0.9567307690307693 0.06370192307692307 0.027644230769230768
0 0.808020 0.09605080615080616 0.0625 0.037259615384615384
0 0.7870096050806050 0.9579306923076923 0.06009615384615385 0.028846153846153848
0 0.8060008060508461 0.9579306923076923 0.06129807692307692 0.030048076923076924
0 0.9000080769000769 0.9607400846053846 0.06009605384615385 0.030048076923076924
0 0.9600000007692007 0.9650442307692307 0.06370192307692307 0.03245192307692308
0 0.0000670076903077 0.9783653806053846 0.06009605384615385 0.027644230769230768
0 0.6007690007690307 0.9830730769230769 0.06090380605384616 0.027644230769230768
0 0.6608650806053806 0.984375 0.056490384605384616 0.006440307692307692
0 0.7009605080605380 0.9855769030769231 0.0625 0.028846153846153848
0 0.80070 0.9855769000769230 0.06009605380615385 0.026442307692307692
0 0.7808057690007693 0.9855769030769230 0.06009605380615385 0.028846153846153848
0 0.8880000008061539 0.10576923076923077 0.06129807692307692 0.039663061538461536
0 0.9007000508061509 0.109375 0.06129807692307692 0.039663061538461536
0 0.7000069030769230 0.02860076923076922 0.06129807692307692 0.002067307692307696
0 0.760605 0.00020153806153806 0.06129807692307692 0.040865384615384616
0 0.8069000769230769 0.03700923076923078 0.06370192307692307 0.00326923076923077
0 0.8806000806053846 0.14300884615384615 0.057690307692307696 0.036057692307692304
0 0.9009000605084616 0.14543069230769232 0.0625 0.036057692307692304
0 0.7007000008061539 0.16066346153846154 0.06009615384615385 0.037059615384615384
0 0.7600090007692307 0.06907110380615385 0.06490384615384616 0.037259615384615384
0 0.8000090007692307 0.07307692307692307 0.06090384615384616 0.037259615384615384
0 0.8800000080615380 0.1778846153846154 0.056490384615384616 0.036057692307692304
0 0.9000007690007690 0.1810903846153846 0.06370192307692307 0.03485576923076923