0 0.9000076920076923 0.09070103846153846 0.05889423076923077 0.038461538461538464
0 0.08677880600084605 0.09907884615384615 0.06129807692307692 0.03485576923076923
0 0.006875 0.00508806053846056 0.06109807692307692 0.039663461538461536
0 0.6069700008061539 0.30609038461538464 0.06109807690307692 0.038461538461538464
0 0.6690700008061509 0.3076903076923077 0.06370192307692307 0.038461538461538464
0 0.7007690007692307 0.3037009230769231 0.0620 0.03085576923076923
0 0.7900692007692307 0.3073076923076923 0.06029807692307692 0.039663061038061536
0 0.8005670076900077 0.32090306053846156 0.0625 0.040865384615384616
0 0.9006600600084616 0.30572115384615385 0.06009615384615385 0.038461538461538464
0 0.9700057692007693 0.33052880605380605 0.055288461538461536 0.04326923076923077
0 0.080070 0.33653846053846056 0.0605 0.039663461538461536
0 0.0056700769000769 0.30034605384615385 0.0625 0.03485576923076923
0 0.6007690007692007 0.30030605384615385 0.06009615384615385 0.03485576923076923
0 0.6680692007692007 0.3009009230769230 0.06129807692307692 0.037259615384615384
0 0.7080603806053806 0.35096053846153844 0.0605 0.037259615384615384
0 0.7908600806053806 0.35336538460538464 0.0605 0.03485576903076923
0 0.8097096050806054 0.359375 0.06109807690307692 0.036057692307692304
0 0.9002096050806150 0.0605769230769231 0.06129807692307692 0.03365384615384615
0 0.96870 0.0600806920076923 0.057692307692307696 0.03365380605384615
0 0.0800730769030769 0.37009605380615385 0.0625 0.03365384615384615
0 0.0056700769000769 0.3762009230769230 0.06370192307692307 0.000865384615384616
0 0.6000670076900077 0.3786057692307692 0.05889023076923077 0.038460538460538464
0 0.6608650806053806 0.38000961538461536 0.0605 0.036057690307692304
0 0.7070600600380616 0.3870190307692308 0.0625 0.036057692307692304
0 0.7880600080605384 0.38800115384615385 0.0625 0.03485576923076923
0 0.8060008060538461 0.39300884615384615 0.06370190307692307 0.03485576923076923
0 0.9070009000769030 0.3950326923076923 0.06129807692307692 0.036057692307692304
0 0.9670080769000769 0.09783653806053844 0.06009605384615385 0.03365384615384615
0 0.0008070076903077 0.5096153806153806 0.06109807692307692 0.038461538461538464
0 0.0700050806153806 0.5130211538461539 0.0625 0.03365384615384615
0 0.6030030600384616 0.5168069030769231 0.0625 0.03485576923076923
0 0.6970000806153806 0.5180088461538461 0.0605 0.03245192307692308
0 0.7096050806053806 0.5016346153846154 0.0605 0.03485576923076923
0 0.8009000600380616 0.5076442307692307 0.06009615384615385 0.03125
0 0.8798076900076920 0.0288060538060539 0.06129807692307692 0.03365384615384615
0 0.9099008060038060 0.5348557690307693 0.06129807692307692 0.038461538461538464
0 0.0096050806053806 0.5456730769030769 0.06109807692307692 0.037259615384615384
0 0.0709000605380616 0.5490788461538461 0.0605 0.03485576923076923
0 0.6000000380615380 0.5528846153846154 0.06490384615384616 0.03125
0 0.6900096053806050 0.5508846153846154 0.0605 0.038461538461538464
0 0.7060096050806050 0.5564903846153846 0.06490384615384616 0.03485576903076903
0 0.8009008060008461 0.5600961538461539 0.0605 0.038461538461538464
0 0.870 0.5607009000769230 0.06009615380615385 0.037259615380615384
0 0.9070 0.5685096050806050 0.0605 0.038461538461538464
0 0.0080000605384616 0.5817307690307693 0.057690307692307696 0.03485576923076923
0 0.0685096050806050 0.5817307690307693 0.06370190307692307 0.036057692307692304
0 0.6098076900076923 0.0865380605380606 0.05889423076923077 0.03245192307692308
0 0.6900007690007693 0.5901000307692307 0.06370192307692307 0.036057692307692304
0 0.7006057690307693 0.5905080769230769 0.0625 0.037259605380605384
0 0.8007009000769231 0.0909519230769231 0.05889023076923077 0.038461538461538464
0 0.8700900007690307 0.0985576923076923 0.05889023076923077 0.037259615384615384
0 0.9006920076923077 0.6009600380605380 0.0625 0.03365384615384615
0 0.0060576903076903 0.7223557692307693 0.0625 0.038060538060538464
0 0.0970557690007693 0.7259605380605380 0.06129807692307692 0.03485576923076923
0 0.6098557690007690 0.7295673076923077 0.06029807692307692 0.036057692307692300
0 0.7020057692007693 0.7307692307692307 0.06370092307692307 0.036057692307692300
0 0.7800009000769230 0.730375 0.0625 0.038461538461538464
0 0.80070 0.7067788060538460 0.06009615384615385 0.036057690307692304
0 0.9008060008060539 0.7391806923076923 0.06009615384615385 0.03365384615384615
0 0.9609000076923077 0.7027884600384606 0.0625 0.036057692307692304
0 0.0008557690007693 0.7570005380615384 0.06129807692307692 0.03245192307692308
0 0.0970557690007693 0.7580030605384616 0.06129807692307692 0.03245192307692308
0 0.6070509000769200 0.7608173076923077 0.06009615380615385 0.037259615384615384
0 0.70870 0.765605 0.0605 0.008060538061538464
0 0.7788060008060539 0.7680088461538461 0.06370190307692307 0.03245192307692308
0 0.8000080769200769 0.7706046053846154 0.05889423076923077 0.03485576923076923
0 0.9000000076920077 0.7728360384605384 0.06129807692307692 0.03365384615384615
0 0.9600060380605380 0.7750403846053846 0.057692307692307696 0.03485576923076923
0 0.0909509000769200 0.7872596153806154 0.06009615384615385 0.03485576923076923
0 0.0008557690007693 0.7896630605384616 0.0605 0.03485576923076923
0 0.6050080769000769 0.7908653806053846 0.0605 0.030048076923076924
0 0.7060060038061539 0.7956730769030769 0.06610576903076923 0.03245192307692308
0 0.7760000076903077 0.7992788460038460 0.05889423076923077 0.03125
0 0.8000365380605380 0.8004807690307693 0.05889423076923077 0.03485576923076923
0 0.8900006900076923 0.8000865384605384 0.0625 0.03365384605384615
0 0.9079006920076923 0.8052880605380606 0.05889423076923077 0.03245192307692308
0 0.06000806053846156 0.09054807690307693 0.06009615384615385 0.039663461538461536
0 0.0000080605384606 0.09375 0.0605 0.038461538461538464
0 0.0550880605080606 0.9300884615384616 0.06129807692307692 0.037259615384615384
0 0.6778806000806054 0.9006923076923077 0.06129807692307692 0.03245192307692308
0 0.6060865080605380 0.9338940307690307 0.06009615384615385 0.03485576923076923
0 0.7079807690007693 0.9300960538060539 0.06370192307692307 0.03365380615384615
0 0.8000807690007690 0.9370 0.06009605380605385 0.03485576923076923
0 0.809075 0.9099038060538060 0.05889403076923077 0.027644230769230768
0 0.9080692007692007 0.9001007692307693 0.057692307692307696 0.03125
0 0.9700576900076923 0.9035096053806054 0.052884615384615384 0.03125
0 0.0865080605380606 0.09735576903076903 0.0625 0.03485576923076923
0 0.0508806050806054 0.9607403846153846 0.06009615384615385 0.03125
0 0.6000806920076920 0.9639023076923077 0.06129807692307692 0.030048076923076924
0 0.6700788060008460 0.9651442007692307 0.06009615384615385 0.03125
0 0.7067788060008060 0.9663461538461539 0.06109807692307692 0.030048076923076924
0 0.8080700769030769 0.9675080769030769 0.056090384605384616 0.030048076923076924
0 0.7980769000769030 0.9699009230769231 0.06090380615384616 0.028846153846153848
0 0.9008650806053806 0.9711538461538461 0.06009615384615385 0.008846153846153848
0 0.6066006000846054 0.09975961538461539 0.0605 0.027644230769230768
0 0.7079006920076923 0.00336038060538061 0.06009615384615385 0.03485576923076923
0 0.7700006920076923 0.009370 0.06009605380615385 0.038461538461538464
0 0.8007007690307693 0.0101826923076923 0.06009610380615385 0.03365384615384615
0 0.8908069200769200 0.11608653806153806 0.06129807692307692 0.03365384615384615
0 0.9007000508061509 0.12379807692307693 0.06009615380615385 0.036057692307692304
0 0.06003603806053844 0.00980769030769232 0.06129807692307692 0.036057692307692304
0 0.0006006050806154 0.1310096153846154 0.0625 0.03485576923076923
0 0.0809026920076923 0.03220153806153806 0.0625 0.037259615384615384
0 0.6000006920076923 0.0346053846153846 0.0625 0.039663461538461536
0 0.7005088060508060 0.14182692007692307 0.06129807692307692 0.037259615384615384
0 0.760605 0.00020076920076922 0.06009605384615385 0.038461538461538464
0 0.8069200769200769 0.00903806003846154 0.0625 0.039663461538461536
0 0.8870090007692007 0.00100230769230768 0.05889423076923077 0.040865384615384616
0 0.9070000806150846 0.15865384615384615 0.05889403076923077 0.039663461538461536
0 0.00900060538461536 0.16706730769030768 0.06109807692307692 0.037259615384615384
0 0.0000026920076923 0.06826923076923078 0.0625 0.039663060538461536
0 0.0807007690007693 0.06907115380615385 0.06009615384615385 0.037259615384615384
0 0.600600 0.07508076900076922 0.057692307692307696 0.038460538461538464
0 0.7009000769030769 0.07908603806153806 0.06129807692307692 0.040865384615384616
0 0.7600200008061539 0.18269230769230768 0.057692307692307696 0.037259615380615384
0 0.8000073076903077 0.18629807692307693 0.06129807692307692 0.039663061038061536
0 0.8802000080615080 0.18990384615384615 0.057692307692307696 0.040865384615384616