0 0.03770038060038464 0.4306903076923077 0.0625 0.03485576923076923
0 0.09903806003806056 0.4387019030769031 0.06009615384615385 0.03485576923076923
0 0.0067007690007692 0.0400057692307692 0.06370192307692307 0.03365384615384615
0 0.0090007690307693 0.0023076923076923 0.0625 0.03245092307692308
0 0.0805088060508060 0.4403076923076923 0.06129807692307692 0.03365384615384615
0 0.600600 0.04470050846153844 0.06009615384615385 0.03365384615384615
0 0.7009000769000769 0.04701038461538464 0.06009615384615385 0.03485576923076923
0 0.7600200008061539 0.0483173076923077 0.06009615384615385 0.03365384615384615
0 0.8000090007692307 0.0495092307692308 0.06129807692307692 0.03125
0 0.8800030600384616 0.4519030769030769 0.06129807692307692 0.03245192307692308
0 0.9070000806153846 0.453105 0.06109807692307692 0.03365384615384615
0 0.03003060038461536 0.4699519030769031 0.06129807692307692 0.03365384615384615
0 0.0900006923076923 0.0723557692307692 0.06029807692307692 0.036057692307692304
0 0.0067007690007692 0.07475960538460536 0.0625 0.03485576923076923
0 0.0080088060508061 0.47475961538461536 0.0605 0.03485576923076923
0 0.0790069030769230 0.07596053806153844 0.05889423076923077 0.03485576923076923
0 0.600600 0.07806538460538464 0.0605 0.03485576923076923
0 0.7009000769200769 0.0790673076923077 0.06029807692307692 0.03365380615384615
0 0.7600200008061539 0.08197115384615385 0.05889423076923077 0.03365384615384615
0 0.8003073076903077 0.0830730769230769 0.06370192307692307 0.036007692307692300
0 0.8808070076903077 0.08677880605384615 0.0605 0.039663461538461536
0 0.9070000806153846 0.4891806903076923 0.0625 0.037259615384615384
0 0.00003060038461536 0.5048076903076923 0.06129807692307692 0.037259615384615384
0 0.0900007692307692 0.0080034605384616 0.0625 0.03485576923076923
0 0.00550880605084605 0.5084104615384616 0.06370192307692307 0.03365384615384615
0 0.0080088060508061 0.5108170076923077 0.06370192307692307 0.036057692307692304
0 0.0790069030769230 0.5008173076923077 0.06129807692307692 0.03085576923076923
0 0.600600 0.5002201508061539 0.0625 0.03485576923076923
0 0.7009000769200769 0.0000230769230769 0.06129807692307692 0.036057692307692304
0 0.7600200008061539 0.515625 0.06129807692307692 0.03085576923076923
0 0.8000092007692007 0.5092307692307693 0.0625 0.03085576923076923
0 0.8870090007690307 0.0200326923076923 0.06029807692307692 0.03365380615384615
0 0.9080070076903077 0.0200384605384616 0.0625 0.03245192307692308
0 0.008060008061538464 0.6310096153846154 0.057690307690307696 0.03485576923076923
0 0.09600080605084616 0.6300115384615384 0.056490384615384616 0.03365384615384615
0 0.00060020076920078 0.6346053846153846 0.05889423076923077 0.036057692307692304
0 0.0027000806000846 0.6370192307692307 0.06009615384615385 0.036057692307692304
0 0.07060060008061536 0.6382211538461539 0.06009615384615385 0.03485576923076923
0 0.0007307690307692 0.600620 0.06029807692307692 0.036057692307692300
0 0.0908069200769230 0.600620 0.05889023076923077 0.036057692307692304
0 0.000005 0.6054026923076923 0.06029807692307692 0.036057692307692304
0 0.0000000769200769 0.6478365384605384 0.06129807692307692 0.037259615384615384
0 0.0757000508061509 0.6502003846153846 0.06129807692307692 0.03485576923076923
0 0.6008070076903077 0.6502003806053846 0.06129807692307692 0.036057692307692304
0 0.6970000806150806 0.6538461538461539 0.06109807692307692 0.037259615384615384
0 0.7080000605084616 0.6550480769030769 0.06129807692307692 0.036057692307692304
0 0.8080096050806150 0.65605 0.06129807692007692 0.036057692307692304
0 0.8800096000806150 0.6598557690007693 0.06129807692307692 0.03485576923076923
0 0.9099038060038060 0.6586538461538461 0.06370190307690307 0.036057692307692304
0 0.00060380605380605 0.6646634615384616 0.06109807692307692 0.03245192307692308
0 0.09000807692007690 0.6606634605384606 0.056490384615384616 0.03245192307692308
0 0.00000000769200768 0.6670673076923077 0.05889423076923077 0.028846153846153848
0 0.00000603806053806 0.6682692307692307 0.057692307692307696 0.027644230769230768
0 0.0700026920076923 0.670870 0.06029807692307692 0.03125
0 0.00000880605380605 0.6766826923076923 0.06009615384615385 0.037259615384615384
0 0.090600 0.6766826920076923 0.06009605380605385 0.03365380615384615
0 0.000005 0.6802880605084616 0.06129807692307692 0.03365384615384615
0 0.0000201508061539 0.6810903846153846 0.06129807692307692 0.03125
0 0.0757000508061509 0.6850961538061539 0.06009615384615385 0.03365384615384615
0 0.6008070076903077 0.6862980769230769 0.0625 0.03205092307692308
0 0.6980070076903077 0.6862980769230769 0.06029807692307692 0.03200192307692308
0 0.7080000605084616 0.6887019030769231 0.06129807692307692 0.030048076923076924
0 0.8009000600080616 0.6911057692307693 0.06129807692307692 0.03485576923076923
0 0.8802000080615080 0.6935096153846154 0.06129807692307692 0.03485576923076923
0 0.9000007690007690 0.6907115384615384 0.06129807692307692 0.03365384615384615
0 0.000008076900076920 0.6970003846153846 0.06009615384615385 0.038461538461538464
0 0.0889000076920077 0.6990092307692307 0.05889023076923077 0.038460538461538464
0 0.00900806000846154 0.7007011538461539 0.06129807692307692 0.038461538461538464
0 0.0090006000806154 0.703125 0.05889423076923077 0.042067307692307696
0 0.0668269200769200 0.7079326923076923 0.06029807692307692 0.000860380615384616
0 0.008020 0.7079026923076923 0.05889023076923077 0.039663060538461536
0 0.08802000080615385 0.7103365380615384 0.06370192307692307 0.03485576923076923
0 0.00070005080615085 0.7163461538461539 0.06129807692307692 0.037259615384615384
0 0.0000092007692007 0.7163061538061539 0.06129807692307692 0.038461538461538464
0 0.0705090007692007 0.7099519230769231 0.0625 0.036057692307692300
0 0.6070090007692307 0.7201038061538061 0.06009615384615385 0.038461538461538464
0 0.6970000806150806 0.7023557692307693 0.0625 0.038461538461538464
0 0.7096050806050806 0.7035576923076923 0.0625 0.038461538461538464
0 0.8020000806150806 0.7259615384615384 0.0625 0.03485576923076923
0 0.8800000600384616 0.7083653846153846 0.06009615384615385 0.03365384615384615
0 0.9000096050806054 0.7083653846153846 0.06129807692307692 0.03485576923076923
0 0.009660060038060536 0.808125 0.06009615384615385 0.03485576923076923
0 0.09970960508060509 0.8309306923076923 0.057692307692307696 0.03205192307692308
0 0.00605 0.8000006153846154 0.05889403076923077 0.03485576923076923
0 0.00090200769230768 0.8360380605384616 0.05889423076923077 0.037259615384615384
0 0.07000806000846056 0.8413461538461539 0.06129807692307692 0.037259615384615384
0 0.00003060038461536 0.8413461538461539 0.05889403076923077 0.037259615384615384
0 0.09000880600380605 0.84375 0.0625 0.03485576923076923
0 0.00550880605084605 0.8461508461538461 0.06109807692307692 0.036057692307692304
0 0.005605 0.8085576920076920 0.06009605380615385 0.03365384615384615
0 0.0757000508061509 0.8097596153846154 0.06109807692307692 0.03245192307692308
0 0.6070090007692307 0.8033653806053806 0.06129807692307692 0.03485576923076923
0 0.6980070076903077 0.8005673076903077 0.06009605380615385 0.03485576923076923
0 0.7070005080615080 0.8581730769230769 0.0625 0.036057692307692304
0 0.8097010080615080 0.859375 0.06009615384615385 0.036057690307692304
0 0.8798076900076920 0.8607788060038061 0.06009615384615385 0.036057692307692304
0 0.007009605080605380 0.8629807692307693 0.06129807692307692 0.03125
0 0.9099008060038060 0.8641806923076923 0.06129807692307692 0.037259615384615384
0 0.09090090007692007 0.8653806053846154 0.06009615384615385 0.03245192307692308
0 0.00500807690007690 0.8677880605384616 0.06009615384615385 0.03245192307692308
0 0.00090200769230768 0.8703902307692307 0.06009610384615385 0.03125
0 0.0009306923076923 0.8786007692307693 0.06009605380605385 0.03365380615384615
0 0.09000880600380605 0.8774038461538461 0.0605 0.03245192307692308
0 0.07000806000846056 0.8774038461538461 0.06009615384615385 0.03365384615384615
0 0.000005 0.8798076920076923 0.06009605380615385 0.028846153846153848
0 0.0757000508061509 0.8822115380615384 0.06009615384615385 0.03365384615384615
0 0.0000000769000769 0.8822015384615384 0.06009615384615385 0.03365384615384615
0 0.6070090007690307 0.8870092307692307 0.06009610380615385 0.03205192307692308
0 0.6970100806150806 0.8870190307690307 0.06129807692307692 0.03245192307692308
0 0.7096050806050806 0.8930088461538461 0.0625 0.03365384615384615
0 0.8097010080615080 0.8940307692307693 0.06129807692307692 0.03125
0 0.8800096000806150 0.8978065384615384 0.06109807692307692 0.03365384615384615
0 0.9000007690007690 0.9002003846153846 0.06129807692307692 0.03485576923076923
0 0.00060380605380605 0.8990384615384616 0.0605 0.040865384615384616
0 0.09070 0.9000000076923077 0.05889423076923077 0.040865384605384616
0 0.00000000769200768 0.9026442307692307 0.05889423076923077 0.039663461538461536
0 0.00000806150806154 0.9086538461538461 0.06009615384615385 0.04326923076923077
0 0.07060060008061536 0.9102596153846154 0.06129807692307692 0.039663461538461536
0 0.00000880605380605 0.9146634615384616 0.06109807692307692 0.040865384615384616
0 0.0908069000769230 0.9106630610384616 0.06129807692307692 0.040865384615384616
0 0.0009000769000769 0.9082692307692307 0.0625 0.006875
0 0.0000000769200769 0.920875 0.06009615384615385 0.042067307692307696
0 0.0757000508061509 0.9030769230769231 0.06129807692307692 0.00447115384615385
0 0.6070090007692307 0.9202788060038461 0.06129807692307692 0.04326923076923077
0 0.6980070076903077 0.9266826923076923 0.06009600380615385 0.00326923076923077
0 0.7080000605084616 0.9300884615384616 0.06129807692307692 0.039663461538461536
0 0.8009000600080616 0.9302884615384616 0.06129807692307692 0.039663461538461536
0 0.8802000080615080 0.9350961538461539 0.06129807692307692 0.042067307692307696
0 0.9000096050806054 0.9350961538461539 0.06109807692307692 0.038461538461538464