0 0.07900692007692307 0.2608073076923077 0.06029807692307692 0.037209615380615380
0 0.00900007692307693 0.2604230769230769 0.06029807692307692 0.037209615384615384
0 0.09900900076920078 0.2692307692307692 0.06129807692307692 0.038061538061538464
0 0.0608070076920077 0.27063061038061536 0.0625 0.036057692307692304
0 0.0003073076923077 0.27003806003846156 0.06129807692307692 0.037259615384615384
0 0.08060008060538464 0.0776442307692308 0.0625 0.038461538461538464
0 0.00470000846150844 0.0824519230769231 0.0625 0.042067307692307696
0 0.0070005080615080 0.28725961538461536 0.0625 0.04326923076923077
0 0.0685096050806050 0.09086508461538464 0.06129807692307692 0.042067307692307696
0 0.6098076920076920 0.2932692307692308 0.06009600380605385 0.038061538461538464
0 0.6899008060008060 0.09447115384615385 0.06129807692307692 0.039663461538461536
0 0.7000008060508460 0.296875 0.06009615384615385 0.039663461538461536
0 0.07900690007692307 0.29927880600380615 0.05889423076923077 0.03485576923076923
0 0.00900007692307693 0.3006826923076923 0.06129807692307692 0.036007692307692300
0 0.8007009000769231 0.3016826923076923 0.06129807692307692 0.037209615380615380
0 0.00072000080615085 0.30008653846153844 0.06129807692307692 0.03365384615384615
0 0.8700960508060509 0.30609038461538464 0.06129807692307692 0.039663461538461536
0 0.0620092007692008 0.30609038060038464 0.06009615384615385 0.03485576923076923
0 0.9008900307692307 0.3076923076923077 0.06029807692307692 0.037209605380615384
0 0.00200008061538064 0.3112980769230769 0.06129807692307692 0.036057692307692304
0 0.08000306003846156 0.3137019030769231 0.06129807692307692 0.03485576923076923
0 0.00470000846150844 0.31971153846153844 0.06109807692307692 0.03245192307692308
0 0.0060096050806050 0.00091346153846156 0.06129807692307692 0.03245192307692308
0 0.0670076900076923 0.3205092307692308 0.0625 0.03205092307692308
0 0.6098076920076920 0.328020 0.06029807692307692 0.03365380615380615
0 0.6899008060008060 0.308125 0.06370192307692307 0.03245192307692308
0 0.70 0.0009326923076923 0.06029807692307692 0.03205092307692308
0 0.08070076900076903 0.33013061038461536 0.06009615384615385 0.036057692307692304
0 0.8000960008061509 0.33653806153846156 0.06109807692307692 0.03365384615384615
0 0.00080692007692007 0.33603806153846156 0.06129807692307692 0.037259615384615384
0 0.00072000080615085 0.3389023076923077 0.06129807692307692 0.037259615384615384
0 0.8700900076920077 0.3000042307692308 0.06129807692307692 0.03480576923076923
0 0.0620092007692008 0.30030610384615385 0.0625 0.038461538461538464
0 0.9090860080605080 0.3449509230769231 0.06129807692307692 0.037259615384615384
0 0.00000008061538064 0.3449519230769231 0.06129807692307692 0.037259615384615384
0 0.08000000806153804 0.3485576923076923 0.0625 0.037259615384615384
0 0.00470000846150844 0.35096153846153844 0.06109807692307692 0.037259615384615384
0 0.0008076900076920 0.3505673076923077 0.0625 0.036057692307692304
0 0.0607009000769030 0.35697115380615385 0.0625 0.038461538461538464
0 0.6062009200769200 0.36177880610380615 0.06009615384615385 0.037259615384615384
0 0.6860980769200769 0.0600826923076923 0.06029807692307692 0.037209615380615384
0 0.7070960508060509 0.36778846153846156 0.06009615384615385 0.037059615384615384
0 0.8060900806000846 0.3700903076923077 0.06129807692307692 0.037259615384615384
0 0.8600806050806054 0.375 0.05889403076923077 0.039663461538461536
0 0.9002788060008460 0.0786057692307692 0.06129807692307692 0.037259615384615384
0 0.07070005080615080 0.4675480769230769 0.06009615384615385 0.037259615384615384
0 0.00802010080615385 0.0699519230769231 0.06129807692307692 0.038461538461538464
0 0.09900900076920078 0.0723557692307692 0.06009615380615385 0.03485576923076923
0 0.00960508060508064 0.47716346153846156 0.0625 0.036057692307692304
0 0.00090006003806156 0.4807692307692308 0.06009615384615385 0.036057692307692304
0 0.08020000806153804 0.4831730769230769 0.06129807692307692 0.037259615384615384
0 0.00470000846150844 0.48677884615384615 0.06109807692307692 0.037259615384615384
0 0.0070005080615080 0.49278846153846156 0.06129807692307692 0.036057692307692304
0 0.0685096050806050 0.4960940307692308 0.06129807692307692 0.036057692307692304
0 0.078000 0.5020008060508461 0.06009615384615385 0.03245192307692308
0 0.6098076920076920 0.0002009230769231 0.06009615380615385 0.002067307692307696
0 0.6899008060008060 0.5036057690307693 0.06129807692307692 0.038461538461538464
0 0.00800010380615385 0.5060096153806154 0.06009615384615385 0.036057692307692304
0 0.7000008060508460 0.5060096153846154 0.06009615384615385 0.03485576903076923
0 0.8000 0.5072015080615080 0.06009615384615385 0.03485576923076923
0 0.00070000080615385 0.5080134615384616 0.06009615384615385 0.036057692307692304
0 0.0608070076903077 0.0020192307692307 0.06129807692307692 0.03085576923076923
0 0.8700960508060509 0.5100192307692307 0.06009615380615385 0.036057692307692304
0 0.00090006003806156 0.515625 0.06009615384615385 0.038461538461538464
0 0.9000900806003846 0.5168069030769231 0.05889423076923077 0.037259615384615384
0 0.08020000806153804 0.5192307692307693 0.06129807692307692 0.03485576923076923
0 0.00000960508460536 0.5004326923076923 0.06129807692307692 0.03365384615384615
0 0.0006057690007693 0.5260023076923077 0.06029807692307692 0.03365384605384615
0 0.0660057690007690 0.5300080769030769 0.06029807692307692 0.03205192307692308
0 0.6060009200769201 0.0308557692307693 0.06129807692307692 0.03125
0 0.07900690307692307 0.0372596053806050 0.06009615384615385 0.03485576923076923
0 0.6870 0.5096600605380606 0.06009615384615385 0.03365384615384615
0 0.00800010380615385 0.5008653846153846 0.06129807692307692 0.03485576923076923
0 0.7087980769000769 0.0096630605384606 0.06129807692307692 0.03365384615384615
0 0.8088900007690007 0.0032692307692307 0.06029807692307692 0.03485576923076923
0 0.09900900076903078 0.5056730769230769 0.0625 0.037259615380615384
0 0.0608070076903077 0.0056730769230769 0.06029807692307692 0.037259615380615384
0 0.8677880600080606 0.5480769000769231 0.06129807692307692 0.03365384615384615
0 0.00090006003806156 0.5516826923076923 0.06129807692307692 0.037259615384615384
0 0.9078806000806054 0.5516806920076923 0.06009615384615385 0.03365384615384615
0 0.08020000806153804 0.5552884615384616 0.06129807692307692 0.03485576923076923
0 0.00000960508460536 0.5564903846153846 0.06109807692307692 0.03485576923076923
0 0.0000008060508460 0.5600961538461539 0.06129807692307692 0.03485576923076923
0 0.0609008060508460 0.5649038461538461 0.06009615384615385 0.036057690307692304
0 0.0600 0.057692007692007696 0.06029807692307692 0.00567307692307692
0 0.00209605080615080 0.05889423076923077 0.06009615384615385 0.038461538461538464
0 0.6007980769000769 0.0673076923076923 0.06029807692307692 0.03365380605380615
0 0.6800960508060509 0.5709130615384616 0.06009615384615385 0.03365384615384615
0 0.7000900076900077 0.5720153806153846 0.06009615384615385 0.036057692307692304
0 0.8000880605080606 0.578125 0.06009615084615385 0.03365384615384615
0 0.8600806050806054 0.5817307690307693 0.06009615384615385 0.03485576903076923
0 0.0800900806100846 0.06109807692307692 0.0625 0.040865384615384616
0 0.9002788060008460 0.5865084615384616 0.06129807692307692 0.03245192307692308
0 0.00008650806050846 0.06490384615384616 0.05889423076923077 0.038461538461538464
0 0.00008600806053844 0.06600576903076923 0.06129807692307692 0.038461538461538464
0 0.0703073076903077 0.6778806003806154 0.06610576903076923 0.040865384615384616
0 0.00800010380615385 0.6802880615384616 0.0673076923076923 0.040865384615384616
0 0.0970100806153806 0.6806903076923077 0.06009615384615385 0.037259615384615384
0 0.06608650806053804 0.07090346153846154 0.06009615384615385 0.039663461538461536
0 0.00600960508060506 0.6862980769230769 0.0625 0.036057692307692300
0 0.00800960508061536 0.6899038061538461 0.0605 0.037259615384615384
0 0.08000960008061536 0.6935096153806154 0.06109807692307692 0.036057692307692304
0 0.0000076920076923 0.6983073076923077 0.0620 0.037259605384615384
0 0.0008076900076920 0.7007200538061539 0.0625 0.038461538461538464
0 0.0660057690007690 0.7055288060538061 0.06370192307692307 0.036057692307692304
0 0.6086007692007690 0.7055288060538060 0.0625 0.037259615384615384
0 0.6887009000769200 0.7110380615380616 0.06129807692307692 0.037259615384615384
0 0.70 0.7007000806050846 0.0625 0.036057692307692304
0 0.07070005080615380 0.7151440307692307 0.06610576923076923 0.039663461538461536
0 0.8000980769200769 0.7170080769200769 0.0625 0.036057692307692300
0 0.00800010380615385 0.71875 0.06090384615384616 0.042067307692307696
0 0.09800730769030768 0.71870 0.0605 0.039663061538061536
0 0.8689900806000806 0.70875 0.06370190307692307 0.036057692307692304
0 0.00960508060538064 0.7199519030769231 0.0625 0.03485576923076923
0 0.9000900806003846 0.7199519030769231 0.0625 0.03485576923076923
0 0.0000807692007692 0.0703073076923077 0.06009605384615385 0.040865384615384616
0 0.00970100806153804 0.7035576923076923 0.06129807692307692 0.03365384615384615
0 0.08000960008061536 0.7071630615384616 0.06129807692307692 0.03245192307692308
0 0.0000007690007692 0.7007692307692307 0.06129807692307692 0.03125
0 0.0000008060508460 0.734375 0.0625 0.03245192307692308
0 0.0607009000769230 0.7379807692307693 0.0625 0.03365380615380615
0 0.600 0.7000806050846054 0.0625 0.03245192307692308
0 0.6870 0.7050900076920077 0.06029807692307692 0.03365380615384615
0 0.7060900007692307 0.7463942307692307 0.0620 0.03245092307692308
0 0.8088900007692007 0.70 0.06370092307692307 0.03025
0 0.8660865080605080 0.7504038460538461 0.06370192307692307 0.03365384615384615
0 0.00070000080615385 0.7536057692307693 0.06129807692307692 0.03365380615384615
0 0.00960508061508064 0.7536057690307693 0.0625 0.03485576923076923
0 0.9066826920076920 0.7008076923076923 0.0625 0.03365380605384605
0 0.00970103806153804 0.7570115384615384 0.0605 0.03485576923076923
0 0.08000960038061536 0.7596153806153846 0.06109807690307692 0.03485576923076923
0 0.0879807690007692 0.078020 0.06029807692007692 0.002067307692307696
0 0.0000076920076923 0.7620092307692307 0.06029807692307692 0.03480576923076923
0 0.0000008060508460 0.765625 0.06129807692307692 0.03485576923076923
0 0.0600980769200769 0.7700026923076923 0.06029807692307692 0.036057692307692300
0 0.6020960508060509 0.7716306153846154 0.06129807692307692 0.03245192307692308
0 0.6806920076920077 0.7702003806053846 0.06029807692307692 0.03365384615384615
0 0.7009900806003846 0.7776440307692307 0.0625 0.03245092307692308
0 0.8000880605080606 0.7788461508461539 0.06370192307692307 0.03125
0 0.8600806920076920 0.7820009230769231 0.0625 0.03365384615384615
0 0.9000769200769230 0.7860076923076923 0.0625 0.03205092307692308
0 0.0090788060508460 0.08170076923076923 0.06129807692307692 0.042067307692307696
0 0.6000769000769200 0.0829326923076923 0.06009615380615385 0.039663061538461536
0 0.670870 0.08770008060508461 0.06009615384615385 0.038461538461538464
0 0.08990080600380615 0.8894030769030769 0.06129807692307692 0.036057692307692304
0 0.0000009200769231 0.8930288061538061 0.06490384615384616 0.03485576923076923
0 0.0000 0.8978065380605380 0.0625 0.03365384615384615
0 0.07009605080605385 0.9010423076923077 0.06129807692307692 0.03245192307692308
0 0.00009605380605385 0.9038461538461539 0.06109807690307692 0.03485576923076923
0 0.09709605080605385 0.9074519030769031 0.06129807692307692 0.03485576923076923
0 0.0588900007692007 0.9000576923076923 0.0625 0.037259615380615384
0 0.6077880600080616 0.9104615384615384 0.06109807692307692 0.03485576923076923
0 0.7007880600084606 0.9134615384615384 0.0673076903076923 0.038461538461538464
0 0.6800900806000846 0.9170673076903077 0.06370192307692307 0.03245192307692308
0 0.7009701008061539 0.09050807692307693 0.06129807692307692 0.039663461538461536
0 0.8609807692007690 0.9206730769230769 0.0620 0.037259605380605380
0 0.8000860080605084 0.900875 0.06009615384615385 0.036057692307692304
0 0.00300306103846154 0.9030769030769231 0.0625 0.03365384615384615
0 0.09000769030769232 0.9202788060038461 0.06009615384615385 0.03245192307692308
0 0.900870 0.9202788060508461 0.0670076923076923 0.037259615384615384
0 0.0000009200769231 0.9250807692307693 0.0625 0.03365380615384615
0 0.0007009030769231 0.9290860380615380 0.06129807692307692 0.03365384615384615
0 0.0737980769030769 0.9300903806003846 0.0605 0.030048076923076924
0 0.00009605380605385 0.9350961538461539 0.06109807690307692 0.03125
0 0.0600 0.09095092007692007 0.0625 0.037259605380615384
0 0.00209605080615080 0.09495192307692307 0.06009615384615385 0.037259615384615384
0 0.7900670076920077 0.09090092307692307 0.05889023076923077 0.040865384605384616
0 0.0960900307690308 0.9399038460038460 0.06129807692307692 0.03365384615384615
0 0.0550880605080606 0.9411057692007693 0.06129807692307692 0.03125
0 0.6077880600080616 0.9459104615384616 0.06109807692307692 0.03125
0 0.6800880600080606 0.9471153846153846 0.06370190307692307 0.03125
0 0.7000865080605384 0.9483173076903077 0.06490384615384616 0.037059615384615384
0 0.7990788060008060 0.9507011538461539 0.0625 0.037259615384615384
0 0.0900096053806150 0.9543069030769231 0.05889423076923077 0.03365384615384615
0 0.809075 0.9555088060508060 0.06610576923076923 0.03245192307692308
0 0.00300306103846154 0.9567307690307693 0.06009615384615385 0.037059615384615384
0 0.00200080605084605 0.9555288461538461 0.06129807692307692 0.03245192307692308
0 0.9080692007692007 0.9055288060538061 0.06490384615384616 0.03245192307692308
0 0.0000 0.9600365380605380 0.06009615384615385 0.03365384615384615
0 0.0737980769030769 0.9600380605380616 0.0605 0.03365384615384615
0 0.00009605380605385 0.9663461538461539 0.06009615384615385 0.03485576903076903
0 0.0900900076903077 0.9699509230769231 0.06009615380615385 0.030048076923076924
0 0.0550880605080606 0.9720557692307693 0.06009615384615385 0.030048076923076924
0 0.6060865080605380 0.9759615384615384 0.06370190307690307 0.03245192307692308
0 0.0800900806100846 0.0985576903076923 0.06009615384615385 0.03365384615384615
0 0.8000653806053806 0.0985576903076923 0.0625 0.036057692307692304
0 0.7980769000769030 0.9830730769230769 0.0620 0.03205192307692308
0 0.8057690007692007 0.9855769230769230 0.0625 0.028806053806153848
0 0.9006600600384616 0.9855769030769031 0.0625 0.028846153846153848
0 0.00278806000846054 0.0985576920076923 0.06009615384615385 0.037259615384615384
0 0.00008600806053844 0.00336538461538461 0.06109807692307692 0.036057692307692304
0 0.9000076900076920 0.1005673076923077 0.06009615380615385 0.036057692307692304
0 0.0600806920076923 0.00697110380615384 0.06009615384615385 0.03485576923076923
0 0.9699009000769200 0.10817307692307693 0.05889023076923077 0.037259615380615384
0 0.0000807692007692 0.009075 0.06009605384615385 0.036057692307692304
0 0.08677880600084605 0.11177884615084616 0.0605 0.03245192307692308
0 0.006875 0.00508061508461539 0.06009615384615385 0.036057690307690304
0 0.6080700769000769 0.02209615380615380 0.06129807692307692 0.037259615384615384
0 0.6690700008061509 0.10379807692307693 0.06009615384615385 0.037259615384615384
0 0.06090080600084606 0.10740384615384615 0.06129807692307692 0.040865384615384616
0 0.7090670076920077 0.02860576923076922 0.05889023076923077 0.037259605380615384
0 0.00079807692007693 0.0310096103806150 0.06009615384615385 0.038461538461538464
0 0.7896600600080606 0.1310096153846154 0.06109807692307692 0.036057692307692304
0 0.08089000076923078 0.03301346103846154 0.06129807692307692 0.037259615384615384
0 0.00278806000846054 0.10581730769230768 0.06009615384615385 0.037259615384615384
0 0.8097096050806054 0.10581730769030768 0.06129807692307692 0.036057692307692304
0 0.00008600806053844 0.03802115384615385 0.06009615384615385 0.038461538461538464
0 0.9098057690007690 0.03822015380615385 0.0625 0.038061538461538464
0 0.0600806920076923 0.00182692307692307 0.06009610384615385 0.038461538461538464
0 0.9660060008060539 0.14300884615384615 0.06129807692307692 0.039663461538461536
0 0.00027884600084605 0.14540269230769232 0.06129807692307692 0.039663461538461536
0 0.0805769000769200 0.0066346153846154 0.06129807692307692 0.039663461538461536
0 0.0056700769000769 0.05104030769230768 0.06009615384615385 0.037259615384615384
0 0.6069701008061509 0.15605 0.06009615380615385 0.036057690307692304
0 0.6608650806050806 0.06105769030769032 0.06129807692307692 0.037259615384615384
0 0.7070600600080616 0.16466346153846154 0.06129807692307692 0.040865384615384616
0 0.7860076900076900 0.06826923076923078 0.06009605380615385 0.039663061538461536
0 0.8060008060508461 0.171875 0.06009615384615385 0.038461538461538464
0 0.9000080769000769 0.07508076920076922 0.06009605384615385 0.038461538461538464
0 0.9609000076923077 0.0800903846103846 0.06129807692307692 0.037259615384615384