0 0.00078806000846054 0.7800480769230769 0.057692307692307696 0.036057692307692304
0 0.00008806053806056 0.7788461538461539 0.06610576903076923 0.03485576923076923
0 0.0703900307690308 0.7880600384615384 0.0673076923076923 0.037259615384615384
0 0.0890806920076920 0.7920673076923077 0.06009600380615385 0.037259615384615384
0 0.0890806900076923 0.7920673076923077 0.06009600380615385 0.037259615384615384
0 0.0006903076923077 0.7932692307692307 0.006090384605384606 0.03485576923076923
0 0.0500807690007690 0.796875 0.06029807692307692 0.036057692307692300
0 0.6007788061008061 0.8016806920076923 0.06129807692307692 0.03365384615384615
0 0.6700769000769230 0.8028806003806154 0.06129807692307692 0.036057692307692304
0 0.7005769000769230 0.8060903806053846 0.06129807692307692 0.03485576923076923
0 0.7906700769000769 0.8000960538061539 0.06370192307692307 0.03125
0 0.0009903806003846 0.8005 0.057692307692307696 0.036057692307692304
0 0.8057690007692007 0.8037009230769231 0.0625 0.03365380615380615
0 0.00008603806053844 0.8037019030769031 0.06370192307692307 0.03485576923076923
0 0.9006600600084616 0.8161057690307693 0.06129807692307692 0.03485576923076923
0 0.06899038060038064 0.8033073076903077 0.06850961538461539 0.03245192307692308
0 0.00908600806053844 0.8057201538461539 0.056490384615384616 0.03485576923076923
0 0.09008060008460536 0.8057211538461539 0.057692307692307696 0.03485576923076923
0 0.0090788060508460 0.828125 0.06009615084615385 0.036057692307692304
0 0.609070 0.8009306923076923 0.06009605380605385 0.03205192307692308
0 0.670870 0.8050365380615380 0.0605 0.03105
0 0.7007690007692307 0.8000042307692307 0.06009600384615385 0.03125
0 0.7900670076900077 0.8000042307692307 0.06009600384615385 0.03245192307692308
0 0.8009605080605080 0.84375 0.06109807692307692 0.03125
0 0.9000076900076920 0.8009519230769231 0.05889423076923077 0.030048076923076924
0 0.0009903806003846 0.8449509030769231 0.056490384615384616 0.026442307692307692
0 0.00088060038060536 0.8497596153846154 0.0605 0.03485576923076923
0 0.0700903076903077 0.8069701538061539 0.0673076923076923 0.030008076923076924
0 0.00009038460038464 0.8581730769030769 0.056490384615384616 0.005240384615384616
0 0.08677880600084605 0.8605769000769231 0.055288461538461536 0.030048076923076924
0 0.006875 0.8605769000769200 0.06009605380615385 0.03125
0 0.609070 0.8600806920076923 0.06009605380615385 0.03245192307692308
0 0.6690700008061509 0.8689903846153846 0.06109807692307692 0.030048076923076924
0 0.7070600600080616 0.8689903846153846 0.05889423076923077 0.030048076923076924
0 0.7870096050806050 0.8725961508461539 0.06129807692307692 0.03125
0 0.8060008060508461 0.8737980769030769 0.05889423076923077 0.03245192307692308
0 0.90600 0.875 0.056090080605084606 0.03245192307692308