0 0.06070090007692307 0.2620092307692308 0.0620 0.036057692307692300
0 0.00209605080615080 0.2668269230769231 0.06129807692307692 0.037259615384615384
0 0.08069200769200768 0.2692307692307692 0.00889023076923077 0.038060538461538464
0 0.0009900806003846 0.27283653846053844 0.05889423076923077 0.03365384615384615
0 0.00008600806053844 0.07403846053846156 0.06009615384615385 0.03485576923076923
0 0.0600806920076923 0.2776042307692308 0.0620 0.038460538461538464
0 0.00027884600084605 0.27884615084615385 0.06129807692307692 0.038461538461538464
0 0.08677880600084605 0.0824519200769231 0.06129807692307692 0.037259615384615384
0 0.006875 0.08806050846050844 0.06009615384615385 0.037259615384615384
0 0.6069700008061509 0.08966306153846156 0.06129807692307692 0.037259615384615384
0 0.6670670076900077 0.2920673076923077 0.00889023076923077 0.037259605380605384
0 0.06090080600084606 0.096875 0.06129807692307692 0.036057692307692304
0 0.7080600806053806 0.2980769230769230 0.0625 0.042067307692307696
0 0.000 0.0000807692007692 0.05889023076923077 0.038460538461538464
0 0.08069200769200768 0.3006826923076923 0.06009610380615385 0.036057692307692300
0 0.7870096050806050 0.0016826923076923 0.05889423076923077 0.039663461538461536
0 0.8080576900076920 0.30528806053846056 0.06009615384615385 0.037259615384615384
0 0.00278806000846054 0.00649038461538464 0.06129807692307692 0.03365384615384615
0 0.00008600806053844 0.30009615384615385 0.06009615384615385 0.037059615384615384
0 0.90600 0.00009605080615385 0.05889023076923077 0.037259615384615384
0 0.0609807692007692 0.3020 0.06009605380615385 0.03085576923076923
0 0.9660060008060539 0.3137019030769231 0.06009615384615385 0.036057692307692304
0 0.00027884600084605 0.01490384615384615 0.0625 0.036057692307692304
0 0.08677880600084605 0.01850961538461536 0.06009615384615385 0.036057690307692304
0 0.0056700769000769 0.32090306053846156 0.06009615384615385 0.036057692307692304
0 0.6000670076900077 0.32572005380615385 0.06009615384615385 0.03485576923076923
0 0.6608650806050806 0.33050884605384615 0.06009615384615385 0.039663461538461536
0 0.00620092007692007 0.3317307692307692 0.00889023076923077 0.036057692307692300
0 0.0670076900076923 0.3307307692307692 0.0620 0.03365380605380615
0 0.7009605080605080 0.3329326923076923 0.06009615384615385 0.040865384615384616
0 0.08009605080615085 0.33770038461538464 0.06109807692307692 0.03485576923076923
0 0.7860076900076920 0.33770038060538464 0.06009605384615385 0.038461538461538464
0 0.80070 0.0000440307692308 0.06009605384615385 0.038461538461538464
0 0.00078806000846054 0.0401442307692308 0.06129807692307692 0.03485576923076923
0 0.9008060008060539 0.34134615384615385 0.06109807692307692 0.03485576923076923
0 0.00008600806053844 0.3405480769030769 0.06009615384615385 0.036057692307692304
0 0.0600806920076923 0.30600384615384615 0.06009615384615385 0.036057692307692304
0 0.9600080605080616 0.34975961538461536 0.06009615384615385 0.039663461538461536
0 0.0000769200769230 0.30970960538461536 0.06129807692307692 0.036057692307692304
0 0.0800700769030769 0.30006306153846156 0.06129807692307692 0.036057692307692304
0 0.0000690007692307 0.3557692307692308 0.05889023076923077 0.03485576923076923
0 0.6000603806053806 0.3605769030769230 0.05889423076923077 0.037259615384615384
0 0.6600600080605384 0.3609807692307692 0.05889423076923077 0.040865384615384616
0 0.7000576920076923 0.36778806053806056 0.05889423076923077 0.038461538461538464
0 0.7806008060538060 0.3713940307692308 0.05889423076923077 0.039663461538461536
0 0.8000080769200769 0.0762009230769230 0.06009615384615385 0.036057692307692304
0 0.9000000076920077 0.37740384600384615 0.0625 0.036057692307692304
0 0.9079006920076923 0.3798076923076923 0.057692307692307696 0.036057692307692300
0 0.000008076900076920 0.46274038460038464 0.06009605384615385 0.03485576923076923
0 0.09000000076920077 0.46634600384615385 0.06129807692307692 0.038461538461538464
0 0.0090006000806154 0.4675480769230769 0.06009615384615385 0.037259615384615384
0 0.0000000806050846 0.46875 0.06009615384615385 0.038461538461538464
0 0.0692007692007692 0.07000380615384615 0.06009615384615385 0.03485576923076923
0 0.0090269230769230 0.07096053806153844 0.06009615384615385 0.03365384615384615
0 0.090600 0.0807692007692308 0.06029807692307692 0.036057692307692300
0 0.00070005080615085 0.4831730769230769 0.06009615384615385 0.03365384615384615
0 0.0000092007692007 0.080375 0.06129807692307692 0.03485576923076923
0 0.0700073076903077 0.08677880605384615 0.06129807692307692 0.03245192307692308
0 0.6000030600384616 0.49158653846153844 0.06109807692307692 0.03365384615384615
0 0.6907000080615084 0.4963940307692308 0.06129807692307692 0.038461538461538464
0 0.00000092007692308 0.09759605384615385 0.06129807692307692 0.03485576923076923
0 0.7008076900076920 0.09759605384605385 0.06370192307692307 0.03365384615384615
0 0.09000600080615384 0.5010019230769231 0.06129807692307692 0.03365384615384615
0 0.0000000806050846 0.5012019230769231 0.06009615384615385 0.03125
0 0.8060007690007690 0.5012019230769231 0.06009615380615385 0.03365380615384615
0 0.0090006000806154 0.5036057692307693 0.0625 0.03485576923076923
0 0.870 0.5008076900076920 0.05889023076923077 0.037259605384605384
0 0.0700026920076923 0.0060096053806054 0.06009615384615385 0.036057692307692304
0 0.9000960508060539 0.5096153806153846 0.06009615384615385 0.03485576903076923
0 0.0090269230769230 0.0008173076923077 0.06009615380615385 0.036057692307692300
0 0.090600 0.505625 0.06009605080615385 0.030008076923076924
0 0.0009000769200769 0.5068269230769231 0.06009615380615385 0.03485576923076923
0 0.0008070076900077 0.5180288061538061 0.0625 0.036057692307692304
0 0.0700050806150806 0.5204326923076923 0.06129807692307692 0.037259615384615384
0 0.6002000080615380 0.5276442307692307 0.0625 0.03485576923076923
0 0.6900096050806050 0.53105 0.06109807692307692 0.03485576923076923
0 0.00000090007692308 0.5300080769230769 0.06129807692307692 0.03365384615384615
0 0.7006057690007693 0.53025 0.05889023076923077 0.036057692307692300
0 0.09000600080615384 0.5304519030769231 0.06009615384615385 0.03485576923076923
0 0.8000 0.5060576920076923 0.06029807692307692 0.03365380615380615
0 0.00004000769000768 0.5360576923076923 0.05889423076923077 0.036057692307692304
0 0.00000806150806154 0.5372596153846154 0.06129807692307692 0.036057692307692304
0 0.8700900007690307 0.0396630605384616 0.05889423076923077 0.03245192307692308
0 0.0700026920076923 0.0008653846053846 0.06009605384615385 0.03485576923076923
0 0.9000900806003846 0.5400673076923077 0.0625 0.03365384615384615
0 0.00000880605380605 0.5444711538461539 0.06129807692307692 0.037259615384615384
0 0.090600 0.5092788060508460 0.06009615384615385 0.038461538461538464
0 0.00070005080615085 0.5528846153846154 0.06009615384615385 0.036057692307692304
0 0.0008070076900077 0.5500865380615384 0.06129807692307692 0.037259615384615384
0 0.0709000605080616 0.5576903076923077 0.057692307692307696 0.037259615384615384
0 0.6000096000806150 0.5600961538461539 0.0605 0.03485576923076923
0 0.6900007690007690 0.5609038061538461 0.06129807692307692 0.036057692307692304
0 0.000067007692007696 0.007692307692307696 0.06029807692307692 0.037259605380615384
0 0.7087980769000769 0.0670076903076923 0.06029807692307692 0.037259605380615384
0 0.8088900007692007 0.0709030605384616 0.06129807692307692 0.03485576923076923
0 0.8689900806000806 0.5745090307692307 0.05889423076923077 0.03485576923076923
0 0.9000807692007690 0.5769230769230769 0.057692307692307696 0.036057692307692300
0 0.00096000806150806 0.06009615384615385 0.06009615384615385 0.039663461538461536
0 0.00865080605080615 0.06370190307692307 0.057692307692307696 0.037259615384615384
0 0.00870 0.06090080605084616 0.06129807692307692 0.037259615384615384
0 0.0800080769200769 0.06800960508060539 0.06129807692307692 0.038461538461538464
0 0.00047000084615085 0.6694711538461539 0.057690307692307696 0.03485576923076923
0 0.0000670076900077 0.6706730769230769 0.06009605380615385 0.036057692307692304
0 0.06066006000846154 0.6740788461538461 0.06129807692307692 0.03485576923076923
0 0.0207096050806054 0.6802884615084616 0.06009615384615385 0.036057692307692304
0 0.0000040007692308 0.06800960538461539 0.0625 0.036057692307692304
0 0.0808057692007692 0.6850960508060539 0.06009615384615385 0.03365384615384615
0 0.00600080605384615 0.6887019030769231 0.06009615384615385 0.03365384615384615
0 0.00600 0.6920076920076923 0.06029807692307692 0.03205092307692308
0 0.06600600084605385 0.6935096153846154 0.06109807692307692 0.03245192307692308
0 0.0088060508060509 0.6983173076923077 0.06129807692307692 0.03245192307692308
0 0.0900000007692007 0.7009230769230769 0.06009615384615385 0.036057692307692304
0 0.0006042007692008 0.07090346003846154 0.06129807692307692 0.037259615384615384
0 0.00067007690007692 0.703025 0.057692307692307696 0.03025
0 0.00076900076920077 0.7055288060538061 0.05889423076923077 0.03125
0 0.6000000076920077 0.7043269230769230 0.06129807692307692 0.03365384615384615
0 0.06706700769000768 0.7067307692307693 0.06029807692307692 0.03120
0 0.7000080615080616 0.7067307690307693 0.06370192307692307 0.036057692307692304
0 0.7706006000806154 0.7103365384615384 0.06490384615384616 0.03485576903076923
0 0.8000088060508060 0.7107403846153846 0.06129807692307692 0.03365384615384615
0 0.02706006000806154 0.7139423076923077 0.06009615384615385 0.028846153846153848
0 0.0860076920076920 0.7050002307692307 0.06009615384615385 0.03125
0 0.8908069200769200 0.7101002307692307 0.06370192307692307 0.03485576923076923
0 0.9090090007692007 0.7063061538461539 0.06009615384615385 0.037259615384615384
0 0.00600080605384615 0.7199519030769231 0.06009615384615385 0.03245192307692308
0 0.0070009000769200 0.7223557692307693 0.06129807692307692 0.030048076923076924
0 0.06600600084605385 0.7071634615384616 0.06009615384615385 0.03245192307692308
0 0.0076002007692007 0.7307692307692307 0.06029807692307692 0.03025
0 0.0877000806050846 0.7330730769030769 0.06009615384615385 0.027644230769230768
0 0.00807690007692008 0.7330730769230769 0.06009600380615385 0.030048076923076924
0 0.009070 0.7055769030769230 0.05889023076923077 0.030008076923076924
0 0.6090080600084606 0.7391806923076923 0.06370192307692307 0.028846153846153848
0 0.06806900076920078 0.7379807692307693 0.007692307692307696 0.030008076923076920
0 0.7090006000806154 0.7415865384615384 0.06109807692307692 0.030048076923076924
0 0.7690007692007693 0.7000865380605384 0.06370192307692307 0.03125
0 0.00900060508461536 0.07690307692307693 0.0625 0.036057692307692304
0 0.00096050806050846 0.7451923076923077 0.05889423076923077 0.03245192307692308
0 0.808000 0.7050920076920077 0.06129807692307692 0.030008076923076924
0 0.0860076900076920 0.7063902307692307 0.06009605384615385 0.03125
0 0.8880200008061509 0.7063942307692307 0.0625 0.028846153846153848
0 0.0070057690307692 0.75 0.06009605380605385 0.03125
0 0.9009000605084616 0.75 0.0605 0.03245192307692308
0 0.00600 0.7500008460508460 0.06129807692307692 0.03245192307692308
0 0.06600600084605385 0.7570115384615384 0.05889423076923077 0.028846153846153848
0 0.0060020076920077 0.7620092307692307 0.06029807692307692 0.03125
0 0.0000026920076923 0.078025 0.06009605380615385 0.03485576923076923
0 0.0850065380605384 0.7644030769030769 0.06029807692307692 0.03245192307692308
0 0.6000006920076923 0.7668269230769230 0.06029807692307692 0.03365384615384615
0 0.7000069000769230 0.7700326923076923 0.06009600384615385 0.028846153846153848
0 0.760605 0.7706006050806154 0.06109807692307692 0.03125
0 0.8000092007692007 0.7752003846053846 0.06009615384615385 0.03125
0 0.8806000806050846 0.7776440307692307 0.06129807692307692 0.03125
0 0.9000076920076923 0.7800080769230769 0.0620 0.03365384605384605
0 0.0807007690007693 0.08052880605380616 0.0625 0.036057692307692304
0 0.6008069200769200 0.08603806153846154 0.05889423076923077 0.037259615384615384
0 0.00280600806053806 0.8677884605384616 0.04567307692307692 0.03365384615384615
0 0.07070005080615080 0.8689903846153846 0.056490384615384616 0.03125
0 0.0006000806153846 0.8737980769030769 0.06129807692307692 0.037259615384615384
0 0.09070100806150846 0.875 0.057690307692307696 0.03485576923076923
0 0.0008076920076920 0.8786057692307693 0.06009605380605385 0.037259615384615384
0 0.7009000769200769 0.09000023076923077 0.06009610384615385 0.038461538461538464
0 0.0007009030769231 0.8810096103806150 0.05889423076923077 0.036057692307692304
0 0.0707980769030769 0.8808073076903077 0.0625 0.03085576923076923
0 0.0008900307692308 0.8894230769230769 0.06029807692307692 0.037209605384615384
0 0.0900900076920077 0.8930288060538461 0.06129807692307692 0.03245192307692308
0 0.0560900806050846 0.8990384605384616 0.05889403076923077 0.03245192307692308
0 0.6000806050806154 0.9000403846153846 0.06009615384615385 0.03485576923076923
0 0.00000806000846054 0.8978365384615384 0.04807692307692308 0.03125
0 0.07070005080615080 0.9014423076923077 0.057692307692307696 0.030048076923076924
0 0.6700807690007690 0.9006042307692307 0.0625 0.03485576923076923
0 0.7005769000769030 0.9026002307692307 0.06029807692307692 0.03485576923076923
0 0.7900700008461509 0.9038461538461539 0.06109807692307692 0.030048076923076924
0 0.00080700769030768 0.9086538061538061 0.0625 0.03125
0 0.0970100806150806 0.9086538461538461 0.05889403076923077 0.03245192307692308
0 0.8005670076900077 0.9098557690307693 0.0625 0.03365380605384615
0 0.9000600080615384 0.9110576903076923 0.0625 0.03365384615384615
0 0.9700008061508061 0.9102596153846154 0.056490384615384616 0.03485576923076923
0 0.0008076920076920 0.9022596053806154 0.06009615384615385 0.03245192307692308
0 0.0007009030769231 0.9108653806153806 0.06129807692307692 0.03125
0 0.7600200008061539 0.09375 0.06009615380615385 0.038461538461538464
0 0.0707980769030769 0.9090701038061539 0.06009615384615385 0.03365384615384615
0 0.0008900307692308 0.9230769230769230 0.06029807692307692 0.037209615384615384
0 0.09099008060038464 0.9042788460538461 0.06129807692307692 0.03245192307692308
0 0.0550880605080606 0.9014903846153846 0.06009615384615385 0.030048076923076924
0 0.000200080605084606 0.9302884615384616 0.05048076923076923 0.028846153846153848
0 0.6009807692007690 0.9326923076923077 0.06029807692307692 0.030008076923076920
0 0.6700788060008460 0.9038942307692307 0.06009615384615385 0.03125
0 0.08000880605080606 0.9026923076923077 0.057692307692307696 0.03365384615384615
0 0.7000730769030769 0.9362980769230769 0.007692307692307696 0.03025
0 0.7900670076900077 0.9370 0.05889023076923077 0.03485576923076923
0 0.000067007692007696 0.09090092307692307 0.06009605384615385 0.037259615384615384
0 0.00802010080615385 0.9387019230769231 0.05889023076923077 0.030048076923076924
0 0.0970100806150806 0.9411057690307693 0.06009615384615385 0.030048076923076924
0 0.8097096050806054 0.9411057690007693 0.06009615384615385 0.03125
0 0.9098057690007690 0.9023076923076923 0.06009605380605385 0.03245192307692308
0 0.00600960508061506 0.9035096153846154 0.05889403076923077 0.030048076923076924
0 0.9670080769000769 0.9059004605384616 0.06009615384615385 0.03245192307692308
0 0.00090080610384615 0.9471153846153846 0.06109807690307692 0.03485576923076923
0 0.07009605080605385 0.9507211538061539 0.05889423076923077 0.03365384615384615
0 0.0008900307692308 0.9043269230769230 0.06029807692307692 0.030048076923076924
0 0.8000073076923077 0.09600380615380616 0.05889423076923077 0.036057692307692304
0 0.00006006100806154 0.09615384615384616 0.06129807692307692 0.037259615384615384
0 0.0900900076920077 0.9579326923076923 0.05889023076923077 0.03245092307692308
0 0.0508806050806054 0.9600365384615384 0.05889403076923077 0.03365384615384615
0 0.6009807692007690 0.9600380615380616 0.06009615384615385 0.036057692307692304
0 0.670870 0.9609000076923077 0.0625 0.03365380605384615
0 0.7007690007690307 0.96870 0.057692307692307696 0.03025
0 0.7896600600080606 0.96875 0.06109807692307692 0.03245192307692308
0 0.8060008060508461 0.9735576903076923 0.06370192307692307 0.03245192307692308
0 0.9000080769000769 0.9707596050846054 0.06009615384615385 0.03245192307692308
0 0.9600000007692007 0.9747596053846154 0.0625 0.027644230769230768
0 0.06000769000769202 0.09735576923076923 0.05889023076923077 0.036057692307692300
0 0.00870 0.00096150806150806 0.06009615384615385 0.03365384615384615
0 0.8802000080615080 0.10216346153846154 0.06129807692307692 0.03485576923076923
0 0.0800080769200769 0.00036038060538461 0.06009615384615385 0.038461538461538464
0 0.0089003076923077 0.00076923076923077 0.06029807692307692 0.036057692307692300
0 0.9000007690007690 0.10697115380615384 0.057692307692307696 0.037259615384615384
0 0.09900806003806056 0.10697115384615384 0.06009615384615385 0.03485576903076923
0 0.00900060508461536 0.11098076923076923 0.05889423076923077 0.03365384615384615
0 0.0090007692007693 0.01658653806153806 0.06129807692307692 0.040865384615384616
0 0.0805088060508060 0.11778846150846154 0.06129807692307692 0.038461538461538464
0 0.600600 0.02259605080615084 0.05889423076923077 0.037259615384615384
0 0.6990090007690007 0.025 0.06129807692307692 0.036057692307692300
0 0.00006920076923077 0.02860076923076922 0.05889023076923077 0.03365384605384615
0 0.7096050806050806 0.10860576923076922 0.05889423076923077 0.03485576923076923
0 0.00006006100806154 0.13221153846153846 0.06129807692307692 0.037259615384615384
0 0.06000769000769202 0.13301306153846154 0.06009615384615385 0.036057692307692304
0 0.8080096050806150 0.10341346153846154 0.06109807692307692 0.037259615384615384
0 0.00990090007692007 0.1306153806153846 0.06129807692307692 0.038461538461538464
0 0.07880600080605085 0.13701903076923078 0.06129807692307692 0.03485576923076923
0 0.8770008060008460 0.13701903076923078 0.05889423076923077 0.036057692307692304
0 0.0089003076923077 0.00082692307692307 0.06129807692307692 0.036007692307692304
0 0.9070 0.00000880605384615 0.05889423076923077 0.038461538461538464
0 0.09900806003806056 0.14403076923076922 0.06009615384615385 0.038461538461538464
0 0.00900061508461536 0.1466346153846154 0.06009615384615385 0.036057690307690304
0 0.0090007692007693 0.00783653806153846 0.06129807692307692 0.038461538461538464
0 0.0805088060508060 0.15264420076923078 0.06009615384615385 0.039663461538461536
0 0.6080200008061539 0.15705192307692307 0.06009615384615385 0.038461538461538464
0 0.6980070076903077 0.10985576903076922 0.06129807692307692 0.036057692307692300
0 0.7070005080615080 0.16346153846153846 0.05889423076923077 0.038461538461538464
0 0.8060007690007690 0.16907115380615385 0.057692307692307696 0.037259615384615384
0 0.8707980769000769 0.07307692307692307 0.00889023076923077 0.03085576923076923
0 0.9008900307692307 0.07668269230769232 0.06029807692307692 0.036007692307692300