0 0.09091006150806154 0.001634615384615384 0.06009615384615385 0.03105
0 0.6000806053806154 0.00083653846153846 0.06129807692307692 0.03365384615384615
0 0.0006057690007692 0.026002307692307692 0.06009605384605385 0.030048076923076924
0 0.0000980769200769 0.030008076923076920 0.06490384610384616 0.028846153846153848
0 0.07009605080605385 0.03205192307692308 0.06490384615384616 0.028846153846153848
0 0.00009038460038464 0.038461538461538464 0.06370190307690307 0.028846153846153848
0 0.07000900076920077 0.000865384605384616 0.05889423076923077 0.039663461538461536
0 0.09099038060038464 0.040067307690307696 0.0625 0.028846053846153848
0 0.0000096100806150 0.04306923076923077 0.0625 0.040865384615384616
0 0.0550880605080606 0.04807690307692308 0.0625 0.03125
0 0.6000806900076923 0.002880615384615384 0.0625 0.03125
0 0.09010076900076922 0.051682692007692300 0.06009615380615385 0.030048076923076924
0 0.00709605080605085 0.056490384615384616 0.05889423076923077 0.03125
0 0.00609008060038464 0.06009605384615385 0.06109807692307692 0.03125
0 0.06899008060038064 0.06370090307692307 0.0625 0.03365384615384615
0 0.00008806003846056 0.06610576903076923 0.06370192307692307 0.026442307692307692
0 0.09008650806053844 0.0733173076903077 0.06109807692307692 0.03245192307692308
0 0.0508806050806054 0.078105 0.0625 0.028846153846153848
0 0.6009807690007693 0.0829326923076923 0.06029807692307692 0.03200192307692308
0 0.0960900307690308 0.003220103846153846 0.05889423076923077 0.026442307692307692
0 0.0550880605080606 0.018008846153846152 0.06129807692307692 0.03125