0 0.7600000038061539 0.07836538461538464 0.06129807692307692 0.03485576923076923
0 0.8000090007692307 0.0795673076923077 0.0625 0.036057692307692304
0 0.8808070076900077 0.0830730769230769 0.06090384615384616 0.03365384615384615
0 0.9080073076903077 0.0805769030769230 0.06490384615384616 0.03485576923076923
0 0.7600000769030769 0.0032201538461539 0.06129807692307692 0.037259615384615384
0 0.8000092007692007 0.5032211538061539 0.0625 0.03125
0 0.9070000806153846 0.5180088461538461 0.06109807692307692 0.03485576923076923
0 0.8870090007692007 0.0080288061538061 0.06009615384615385 0.037259615384615384
0 0.7600000769030769 0.0456730769230769 0.06029807692307692 0.036057692307692304
0 0.8007200508061509 0.506875 0.06370192307692307 0.038461538461538464
0 0.9090090007690307 0.5528806053846154 0.06129807692307692 0.038461538461538464
0 0.8880200008061509 0.5528806153846154 0.06490384615384616 0.036057692307692304
0 0.0000069000769230 0.6634615384615384 0.06129807692307692 0.03365384615384615
0 0.0000190007692007 0.6690711538061539 0.05889423076923077 0.038461538461538464
0 0.0700073076903077 0.670875 0.0625 0.036057692307692300
0 0.6006000806053846 0.6766806923076923 0.06129807692307692 0.036057692307692304
0 0.6909000605080616 0.6778846153846154 0.06370190307692307 0.03245192307692308
0 0.7070005080615080 0.6814903846153846 0.06009615384615385 0.039663461538461536
0 0.8060007690007690 0.6850961538061539 0.06129807692307692 0.037259615380615384
0 0.8770008060008460 0.6875 0.06009615384615385 0.038461538461538464
0 0.9070 0.6900057690007693 0.06370192307692307 0.037259615380615380
0 0.00070005080615085 0.6983173076923077 0.06129807692307692 0.037259615384615384
0 0.0000092007692007 0.7055288061538061 0.05889423076923077 0.037259615384615384
0 0.0705090007692007 0.7090306153846154 0.06129807692307692 0.036057692307692304
0 0.6000030600384616 0.7107403846153846 0.06129807692307692 0.038461538461538464
0 0.6907000080615084 0.7107403846153846 0.0625 0.038461538461538464
0 0.7060096050806050 0.7175480769000769 0.05889423076923077 0.03365384615384615
0 0.8060007690007690 0.7211538061538061 0.06009615384615385 0.03485576923076923
0 0.8770008060008460 0.7059615384615384 0.0625 0.040865384615384616
0 0.9000007690007690 0.7271630615384616 0.06370192307692307 0.036057692307692304
0 0.00070005080615085 0.7367788461538461 0.06009615384615385 0.037259615384615384
0 0.0000092007692007 0.7015865380615384 0.06490384615384616 0.038461538461538464
0 0.0700050806150806 0.7439903846153846 0.06129807692307692 0.03365384615384615
0 0.6000030600384616 0.7487980769030769 0.06129807692307692 0.03365384615384615
0 0.6907000080615084 0.75 0.06490384615384616 0.03485576903076923
0 0.7070005080615080 0.75 0.06009615384615385 0.03245192307692308
0 0.8070076900076923 0.7008076923076923 0.0625 0.030008076923076924
0 0.8798076900076920 0.7608073076923077 0.0620 0.030008076923076920
0 0.9000096050806054 0.7600192307692307 0.06490384615384616 0.039663461538461536
0 0.0007307690307692 0.8607788061038061 0.057692307692307696 0.03485576923076923
0 0.090600 0.8665865080605380 0.06009605384615385 0.037259615384615384
0 0.0090090007692008 0.8677884605384616 0.0625 0.036057692307692304
0 0.0008070076900077 0.8689903806153806 0.0625 0.03365384615384615
0 0.0700050806150806 0.8705961538461539 0.06129807692307692 0.03485576923076923
0 0.6002000080615380 0.8786057692307693 0.06129807692307692 0.03485576923076923
0 0.6900096050806050 0.8798076903076923 0.0625 0.037259615384615384
0 0.7008076900076920 0.8822005380615384 0.0625 0.038461538461538464
0 0.8007009000769231 0.8808173076923077 0.06129807692307692 0.037259615380615380
0 0.9000960508060539 0.890605 0.06090384615384616 0.03485576923076923
0 0.8760009200769200 0.8890230769230769 0.0620 0.037259615380615384
0 0.00000880605380605 0.8978365384615384 0.06490384615384616 0.037059615384615384
0 0.0890000769230769 0.9038060038460539 0.06129807692307692 0.039663461538461536
0 0.00070005080615085 0.9038461538461539 0.06129807692307692 0.03485576923076923
0 0.0008070076900077 0.9050080769230769 0.0625 0.000865384615384616
0 0.0700050806150806 0.9098557692307693 0.06009615384615385 0.038461538461538464
0 0.6002000080615380 0.9146634615384616 0.06490384615384616 0.039663461538461536
0 0.7008076900076920 0.9082692307692307 0.06029807692307692 0.03085576923076923
0 0.6900096050806050 0.9180692307692307 0.0625 0.03485576923076923
0 0.8009008060008461 0.901875 0.06109807692307692 0.039663461538461536
0 0.8760009200769200 0.9202788061038461 0.06129807692307692 0.039663461538461536
0 0.9008900307690307 0.9278806003846054 0.0625 0.04447115384615385
0 0.008020 0.9038902307692307 0.05889023076923077 0.039663460538461536
0 0.0080070076903077 0.9401007692307693 0.05889423076923077 0.040865384615384616
0 0.0870090007692308 0.9023076923076923 0.0620 0.036057692307692300
0 0.0096050806050806 0.9403076923076923 0.06129807692307692 0.038461538461538464
0 0.0700050806150806 0.9495192307692307 0.0625 0.040865384615384616
0 0.6000030600384616 0.953105 0.06370192307692307 0.03485576923076923
0 0.6900096050806050 0.953105 0.0605 0.039663461538461536
0 0.7006057690007693 0.9555288060538060 0.06129807692307692 0.04447115384615385
0 0.8009008060008461 0.9591346153846154 0.05889403076903077 0.04326923076923077
0 0.8760009200769200 0.9627003806103846 0.05889423076923077 0.039663461538461536
0 0.9070 0.9660060538060539 0.06109807692307692 0.037259615384615384