0 0.00788060008460536 0.0932692307692308 0.06129807692307692 0.038461538461538464
0 0.09008060038460536 0.096875 0.0605 0.039663461538461536
0 0.0506806920076920 0.296875 0.06009605380615385 0.002067307692307696
0 0.6007788061008061 0.0004807690307692 0.0625 0.038461538461538464
0 0.6700807690007693 0.30609038460538464 0.06370090307692307 0.037259615384615384
0 0.7067788060038060 0.31009615384615385 0.06009615384615385 0.040865384615384616
0 0.7980769000769200 0.3012980769230769 0.06009610380615385 0.036057692307692300
0 0.809075 0.00090380605384615 0.0605 0.039663461538461536
0 0.9700576900076923 0.32090306053806156 0.052884615384615384 0.036057692307692304
0 0.9070670076900077 0.3233073076923077 0.006090380615384616 0.042067307692307696
0 0.00788060008460506 0.328125 0.06009615384615385 0.036057692307692304
0 0.0890806920076920 0.3329326923076923 0.0620 0.03365380605384615
0 0.0500807690007690 0.33003460538461536 0.06009615384615385 0.036057692307692304
0 0.6007788061008061 0.34134615384615385 0.06109807690307692 0.040865384615384616
0 0.6700769030769030 0.3020080769230769 0.06029807692307692 0.039663461538461536
0 0.7000730769030769 0.3009009230769231 0.06129807692307692 0.03485576923076923
0 0.7900700008461509 0.3485576903076923 0.06129807692307692 0.038461538461538464
0 0.8005670076900077 0.3505673076923077 0.06009605384605385 0.037259615384615384
0 0.9700008061508061 0.3581730769030769 0.057692307692307696 0.038461538461538464
0 0.9000600080615384 0.359375 0.05889403076923077 0.036057692307692304
0 0.0066826920076920 0.36038060538460536 0.06009615384615385 0.03485576923076923
0 0.0879807690007692 0.0700923076923077 0.06009600380615385 0.036057692307692304
0 0.0090788060508460 0.0701923076923077 0.06129807692307692 0.03365384615384615
0 0.609070 0.3737980769030769 0.06009605380605385 0.037059615380615384
0 0.6690700008061539 0.37740384615384615 0.06109807690307692 0.037259615384615384
0 0.7007690007692307 0.38220003806153804 0.05889423076923077 0.038461538461538464
0 0.7900692007692307 0.3870092307692308 0.06370092307692307 0.039663061038061536
0 0.8000653806053806 0.3894030769230769 0.05889423076923077 0.037259605384615384
0 0.9098057690007690 0.39302880605380605 0.057692307692307696 0.036057692307692304
0 0.9699009000769001 0.39663061538061536 0.05889423076923077 0.038461538461538464
0 0.0000069030769230 0.5 0.06029807692307692 0.04326923076923077
0 0.0068069000769230 0.0987980769230769 0.0625 0.037259615380615384
0 0.0769000769200769 0.5008076923076923 0.06029807692307692 0.038060538461538464
0 0.6090000769230769 0.0080034605384616 0.06370192307692307 0.037259615384615384
0 0.7009000769030769 0.0020192307692307 0.06129807692307692 0.037259615380615380
0 0.7600090007692307 0.0068269230769231 0.06009615380615385 0.037259615380615384
0 0.8009000600380616 0.5190307692307693 0.06009615384615385 0.036057692307692304
0 0.8800096000806150 0.5008365384615384 0.06370192307692307 0.038461538461538464
0 0.9000096050806054 0.5052403846153846 0.05889423076923077 0.03365384615384615
0 0.0000000769200769 0.5384605384615384 0.0625 0.037259615384615384
0 0.0000069030769230 0.5396634605384616 0.06129807692307692 0.03485576923076923
0 0.0757000508061509 0.5032692307692307 0.0625 0.036057692307692304
0 0.6070090307690307 0.0004701538461539 0.06129807692307692 0.038461538461538464
0 0.6990090007690307 0.5092788060538461 0.06129807692307692 0.039663461538461536
0 0.7096050806053806 0.5508846153846154 0.06009615384615385 0.036057690307692304
0 0.8080096050806150 0.5576903076903077 0.06009615384615385 0.036057692307692304
0 0.8800096000806150 0.5600961538461539 0.06109807690307692 0.03365384615384615
0 0.9099008060038060 0.5610980769230769 0.06009615384615385 0.036057692307692304
0 0.0009000769030769 0.5733073076923077 0.06129807692307692 0.037259615380615384
0 0.0000201508061539 0.5705192307692307 0.06009615384615385 0.036057692307692304
0 0.0703073076903077 0.578005 0.0625 0.036057692307692300
0 0.6070090307690307 0.0805288060538061 0.06009615384615385 0.037259615384615384
0 0.6909000605380616 0.5853365384615384 0.06009615384615385 0.03365384615384615
0 0.7070005080615380 0.5853365384615384 0.06009615384615385 0.03365384615384615
0 0.8080096050806150 0.5901440307690307 0.0625 0.03125
0 0.8786007690007693 0.5903060538061539 0.06109807692307692 0.03125
0 0.9070 0.5970557690307693 0.05889023076923077 0.03085576923076923
0 0.0807690007690308 0.7000380615384616 0.06009615384615385 0.040865384615384616
0 0.0000670076903077 0.7039023076923077 0.0625 0.037259605384615384
0 0.6000670076903077 0.70875 0.0605 0.036057692307692300
0 0.6608650806053806 0.7001538461538461 0.06009615384615385 0.036057690307692304
0 0.7080603806053806 0.7047596053846154 0.0625 0.036057692307692304
0 0.7896600600380606 0.7095673076903077 0.06009615384615385 0.03365384615384615
0 0.8097096050806054 0.7031730769030769 0.06490384615384616 0.037259615384615384
0 0.9000076900076920 0.730375 0.05889023076923077 0.036057692307692304
0 0.96870 0.7067788060508060 0.056490384615384616 0.037059615384615384
0 0.0790670076903077 0.75 0.06009807692307692 0.036057692307692300
0 0.0000670076903077 0.7502009230769231 0.06129807692307692 0.038061538461538464
0 0.6003603806053806 0.7548076903076903 0.06029807692307692 0.036057692307692304
0 0.6608650806053806 0.7570015384615384 0.0605 0.037259615384615384
0 0.7007096050806054 0.7630211538461539 0.06009615384615385 0.03365384615384615
0 0.7870096050806050 0.7630211538461539 0.06129807692307692 0.03365384615384615
0 0.8060008060508461 0.7668069230769231 0.06009615384615385 0.03245192307692308
0 0.90600 0.7692007692007693 0.06009605380605385 0.03085576923076923
0 0.9670080769000769 0.7706006053846154 0.06129807692307692 0.03125
0 0.0790670076903077 0.7836538060538460 0.0605 0.03245192307692308
0 0.0008650806053846 0.7860576903076903 0.06009605384615385 0.03245192307692308
0 0.6009600080605380 0.7870596153846154 0.06109807692307692 0.03245192307692308
0 0.6600096050806050 0.7920673076923077 0.06129807692307692 0.03245192307692308
0 0.7000576903076923 0.7956730769230769 0.0625 0.03205092307692308
0 0.78000 0.7900701508461509 0.06009615384615385 0.03485576923076923
0 0.8000061008461539 0.796875 0.06009615384615385 0.03365384615384615
0 0.9006000007692007 0.7992788460038460 0.06129807692307692 0.03365384615384615
0 0.00600 0.08052880605084606 0.06490084615384616 0.036057692307692304
0 0.9607000806000846 0.8006826923076923 0.06009615384615385 0.030048076923076924
0 0.0670080769000769 0.08403460538461539 0.0605 0.036057692307692304
0 0.0076000007692307 0.08774038460538460 0.06370192307692307 0.038461538461538464
0 0.0889000076903077 0.09030605384615384 0.06129807692307692 0.037259615384615384
0 0.0000009000769231 0.9266826923076923 0.06129807692307692 0.036057692307692300
0 0.0605 0.9250807692007690 0.0625 0.03365380605384605
0 0.6007980769200769 0.9266826923076923 0.06029807692307692 0.03200092307692308
0 0.6870 0.9000880605380606 0.06370190307692307 0.03245192307692308
0 0.7087980769000769 0.9338900307692307 0.06009600384605385 0.03125
0 0.8000960008061509 0.9306923076923077 0.06009615380615385 0.030048076923076924
0 0.6090080600384606 0.09495190307690307 0.06370192307692307 0.037259615384615384
0 0.8677880600080606 0.9099038461538461 0.057690307692307696 0.036057692307692304
0 0.9078806000806054 0.9411057692007693 0.0625 0.03365384615384615
0 0.7000080615380616 0.0985576903076903 0.06129807692307692 0.036057692307692304
0 0.6007980769030769 0.9090306053806154 0.06370192307692307 0.03245192307692308
0 0.0 0.9590006053806154 0.06109807690307692 0.03245192307692308
0 0.0600980769200769 0.9590006153806154 0.06129807692307692 0.03245192307692308
0 0.6860980769000769 0.9600380605380616 0.06129807692307692 0.03125
0 0.7060900307690307 0.9639423076923077 0.007692307692307696 0.028846053846053848
0 0.8000880605080606 0.9660461538461539 0.06009615384615385 0.03365384615384615
0 0.8600806050806054 0.9735576903076923 0.05889423076923077 0.03245192307692308
0 0.9000769200769230 0.9723057692307693 0.06009605380615385 0.030008076923076924
0 0.7706006000806154 0.10336538461538461 0.05889403076903077 0.038461538461538464
0 0.8007007690307693 0.00817307692307693 0.06009610380615385 0.036057692307692300
0 0.890600 0.00298076920076920 0.06009615380615385 0.03085576923076923
0 0.9009000769200769 0.01538061538061539 0.06009615384615385 0.03485576923076923
0 0.0000080769000769 0.00538461538461539 0.0605 0.036057692307692304
0 0.0609003076903077 0.02209605384615384 0.0625 0.037259615384615384
0 0.0060000076923077 0.02620092307692307 0.0625 0.037259615384615384
0 0.0877000806053846 0.00860576903076922 0.06009615384615385 0.038461538461538464
0 0.6000000806053846 0.03341346153846154 0.0605 0.037259615384615384
0 0.7090006003806154 0.13581730769030768 0.06009615384615385 0.040865384615384616
0 0.7690007690007693 0.00082692307692307 0.06009610380615385 0.042067307692307696
0 0.8090069200769230 0.0066306103846154 0.05889423076923077 0.042067307692307696
0 0.890600 0.0502000806050846 0.06370192307692307 0.039663461538461536
0 0.9080070076903077 0.00260423076923078 0.05889423076923077 0.039663461538461536
0 0.0006040007692308 0.00504807692307693 0.0625 0.040865384605384616
0 0.0609003076903077 0.00745092307692307 0.06009615384615385 0.037259615384615384
0 0.0050000806053846 0.05985576923076922 0.0625 0.036057692307692304
0 0.0865080605380606 0.1658653846153846 0.06109807690307692 0.03485576923076923
0 0.6066006003846054 0.16947115384615385 0.05889403076903077 0.03365384615384615
0 0.7079006920076923 0.07008076923076922 0.06029807692307692 0.037259615380615384
0 0.7668069200769200 0.08269230769230768 0.00889023076923077 0.037259615380615384
0 0.808020 0.08509615080615085 0.06129807692307692 0.037259615380615384
0 0.8870090007692007 0.0870 0.06129807692307692 0.038061538061538464
0 0.9009000605084616 0.19030769230769232 0.06009615384615385 0.037259615384615384