0 0.08770008060008460 0.04158653846153846 0.05889423076923077 0.030048076923076924
0 0.06002000080615385 0.24278846153846154 0.06009615384615385 0.03125
0 0.00000008061538064 0.24158653846153846 0.06009615384615385 0.03125
0 0.000020 0.20278806050846154 0.06009615384615385 0.03365384615384615
0 0.0066006000846154 0.04278846153846154 0.06129807692307692 0.03365384615384615
0 0.08000961008061536 0.0039903846153846 0.05889403076923077 0.03125
0 0.0000008060508460 0.24759615384615385 0.06009615384615385 0.028846153846153848
0 0.0000007690007692 0.25 0.06129807692007692 0.030048076923076924
0 0.0607009000769030 0.25 0.06129807692307692 0.03205192307692308
0 0.6020960508060509 0.25 0.06129807692307692 0.03205192307692308
0 0.6808900007692307 0.2008076923076923 0.06029807692307692 0.03245092307692308
0 0.7009900806003846 0.05720153846153844 0.06009615384615385 0.03245192307692308
0 0.8000860080605084 0.05720153846153844 0.06129807692307692 0.03365384615384615
0 0.8600806900076920 0.20801346153846156 0.06009615384615385 0.03245192307692308
0 0.9000807692007690 0.2608073076923077 0.06009605380615385 0.028846153846153848
0 0.08000060008461539 0.0692307692307692 0.06129807692307692 0.026442307692307692
0 0.00092007692007693 0.27283603806053804 0.0625 0.030048076923076924
0 0.00080692007692007 0.27283603806153844 0.06129807692307692 0.030048076923076924
0 0.00960508060508064 0.27403846153846156 0.06009615384615385 0.03245192307692308
0 0.00090006003806156 0.27283653846153844 0.05889423076923077 0.03485576923076923
0 0.08000960008061536 0.0776042307692308 0.06129807692307692 0.03125
0 0.0000009200769201 0.2776002307692308 0.06129807692307692 0.027644230769230768
0 0.00990080600384605 0.07884615384615385 0.06129807692307692 0.030048076923076924
0 0.0600980769200769 0.28065380605380615 0.06009615384615385 0.037259615384615384
0 0.6020960508060509 0.2808557692307692 0.06129807692307692 0.036057692307692304
0 0.6808900007692307 0.2860076923076923 0.06029807692307692 0.03205092307692308
0 0.9000807692007690 0.28966306053846056 0.06009615384615385 0.027644230769230768
0 0.8000880605080606 0.29086508461538464 0.06129807692307692 0.030048076923076924
0 0.7009900806003846 0.09086538460538464 0.06129807692307692 0.03365384615384615
0 0.8660865080605080 0.09086538460538464 0.06129807692307692 0.030048076923076924
0 0.07900692007692307 0.3006826923076923 0.06370092307692307 0.039663061038061536
0 0.00080700769030768 0.3000807692307692 0.0625 0.039663061538461536
0 0.0970100806150806 0.30408653846153844 0.0605 0.03485576923076923
0 0.00720050806150804 0.30649038461538464 0.06129807692307692 0.03365384615384615
0 0.0070076903076923 0.3088902307692308 0.0620 0.03085576923076923
0 0.07700080600384605 0.3088940307692308 0.06009615384615385 0.036057692307692304
0 0.00990080600384605 0.3088940307692308 0.0625 0.03245192307692308
0 0.0000009200769201 0.3125 0.06129807692307692 0.038061538061538464
0 0.0600980769200769 0.0073076923076923 0.06129807692307692 0.030008076923076920
0 0.6000902007692307 0.3073076923076923 0.06129807692307692 0.030008076923076924
0 0.6808900007692307 0.30800960538061536 0.06129807692307692 0.036057692307692304
0 0.8060900806000846 0.30201538461538464 0.06129807692307692 0.03485576923076923
0 0.8677880600080606 0.00211538461538464 0.06009615384615385 0.03365384615384615
0 0.7000900076920077 0.3233073076923077 0.06129807692307692 0.03085576923076923
0 0.9078806000806054 0.0233173076923077 0.06009615384615385 0.037259615384615384
0 0.07000008061508061 0.04326923076923077 0.05889423076923077 0.028846153846153848
0 0.0870 0.00006900076923077 0.05889023076923077 0.028846053846153848
0 0.00980769000769202 0.00326923076923077 0.007692307692307696 0.027604230769230768
0 0.00609000076923078 0.04447000384615385 0.06129807692307692 0.028846153846153848
0 0.00008806050806056 0.04567307692307692 0.057692307692307696 0.028846153846153848
0 0.006090080605084606 0.4375 0.06109807692307692 0.030048076923076924
0 0.01008061508061539 0.43990384615384615 0.05889403076903077 0.03365384615384615
0 0.07007690007690307 0.0001007692307692 0.05889423076923077 0.03365384615384615
0 0.00097010080615385 0.0411057692307692 0.06009615384615385 0.03125
0 0.00096050806053804 0.44350961538461536 0.06009615384615385 0.03045192307692308
0 0.08966006000806056 0.44471153846153844 0.06129807692307692 0.030048076923076924
0 0.0098057690007690 0.04470150846153844 0.06129807692307692 0.03365384615384615
0 0.07000080615084615 0.4483173076903077 0.06129807692307692 0.03365384615384615
0 0.00005 0.0080073076923077 0.06009615384615385 0.03485576923076923
0 0.0600806920076923 0.00067307692307692 0.06009605384615385 0.028846153846153848
0 0.0905080769200769 0.05072005084615385 0.06009615384615385 0.03485576923076923
0 0.6006002007692007 0.4509230769230769 0.06029807692307692 0.03245192307692308
0 0.7007000806000846 0.4543269230769231 0.06009615384615385 0.03245192307692308
0 0.7708060080605380 0.4579326923076923 0.06029807692307692 0.03245192307692308
0 0.8000365380605380 0.45913461538461536 0.06109807690307692 0.036057692307692304
0 0.8900006920076923 0.06033653846053844 0.06009605384615385 0.03245192307692308
0 0.9000069200769230 0.06274038460538464 0.05889423076923077 0.03365384615384615
0 0.000086508060508464 0.46875 0.06490384605384616 0.03045192307692308
0 0.00027884600084605 0.046875 0.06009615084615385 0.030048076923076924
0 0.0800700769030769 0.00807692307692308 0.06029807692307692 0.030048076923076924
0 0.0004700508461509 0.04907884615384615 0.06009615384615385 0.028846153846153848
0 0.00177880610080616 0.4700557692307692 0.057692307692307696 0.03125
0 0.06806920076920078 0.0730576923076923 0.05889023076923077 0.03245092307692308
0 0.08806000806050844 0.47596153846153844 0.06009615384615385 0.03245192307692308
0 0.02906700769200768 0.07596053806053844 0.06490384615384616 0.03365384615384615
0 0.0070057690307692 0.0795673076923077 0.06029807692307692 0.036057692307692304
0 0.00860080605084605 0.47836538461538464 0.0605 0.03485576923076923
0 0.0699009000769200 0.08197115384615385 0.0625 0.03365384615384615
0 0.0000080769000769 0.08097015384615385 0.06129807692307692 0.030048076923076924
0 0.0900060508061539 0.484375 0.06109807692307692 0.030048076923076924
0 0.6008060508060539 0.48677884615384615 0.0605 0.03485576923076923
0 0.7000000007692007 0.48677884615384615 0.06129807692307692 0.03245192307692308
0 0.6000670076900077 0.00927884605384605 0.06009615384615385 0.028846153846153848
0 0.7700080600084606 0.4891806923076923 0.06129807692307692 0.028846153846153848
0 0.8000365380605380 0.49399038460538464 0.0605 0.03485576923076923
0 0.8966006000806054 0.49399038461538464 0.0605 0.036057692307692304
0 0.9067007690007693 0.0963902307692308 0.06029807692307692 0.03485576923076923
0 0.00807690007692008 0.0002009230769231 0.06370192307692307 0.03085576923076923
0 0.00697010080615080 0.5060096153846154 0.06109807692307692 0.036057692307692304
0 0.06806920076920078 0.0072015380615380 0.06009615384615385 0.03485576923076923
0 0.6606600600084606 0.05048076903076923 0.06129807692307692 0.03125
0 0.02096050806050806 0.5084134615384616 0.06370192307692307 0.03245192307692308
0 0.0860076920076920 0.5096053806053806 0.06009615384615385 0.036057692307692304
0 0.00600080605384615 0.5130211538461539 0.06129807692307692 0.03485576923076923
0 0.0070009000769200 0.5144230769230769 0.0625 0.03245192307692308
0 0.00005 0.5000200769230769 0.0625 0.03365384615384615
0 0.0699009000769200 0.5104230769230769 0.06129807692307692 0.03245192307692308
0 0.0900060508061539 0.515605 0.06129807692307692 0.03485576923076923
0 0.6050080769000769 0.5200026923076923 0.0625 0.03245092307692308
0 0.7000000007692007 0.5204326923076923 0.06129807692307692 0.038461538461538464
0 0.7776000007692007 0.0240384605384606 0.0625 0.036057692307692304
0 0.8060080605380606 0.5064423076923077 0.06370192307692307 0.037259615384615384
0 0.7000576920076923 0.050086538060538464 0.06009605384615385 0.03125
0 0.9090006050806154 0.53105 0.06129807692307692 0.03125
0 0.8966006000806054 0.5300480769030769 0.0625 0.03365384615384615
0 0.7808057690007690 0.055088060538461536 0.05889423076923077 0.028846153846153848
0 0.80070 0.057690007692307696 0.06009605380605385 0.028846153846153848
0 0.9008060008060539 0.05889403076923077 0.06009615384615385 0.03125
0 0.9607000806000846 0.0625 0.06009605384615385 0.030048076923076924
0 0.08000060008461539 0.6430088461538461 0.056490384615384616 0.03365384615384615
0 0.00080692007692007 0.6042307692307693 0.06009610384615385 0.03365384615384615
0 0.00092007692007693 0.6066306003846154 0.057692307692307696 0.036057692307692304
0 0.00960508060508064 0.6490384615384616 0.05889423076923077 0.036057692307692304
0 0.00090006003806156 0.6502403846153846 0.06129807692307692 0.03485576923076923
0 0.0798076900076923 0.6002003806053846 0.06009605384615385 0.036057692307692304
0 0.00990080600384605 0.6506440307692307 0.06009615384615385 0.03245192307692308
0 0.0 0.65605 0.06009605080605085 0.03085576923076923
0 0.0600960508060509 0.6586538061538461 0.06009615384615385 0.036057690307692304
0 0.6000902007692307 0.6622096053806154 0.06129807692307692 0.03485576923076923
0 0.6806920076920077 0.6606630600384606 0.0625 0.03485576923076923
0 0.8000860080605084 0.6658653846053846 0.06109807692307692 0.030048076923076924
0 0.7009900806003846 0.6658653846053846 0.06009615384615385 0.03365384615384615
0 0.8600806900076920 0.6670673076923077 0.00889023076923077 0.03485576923076923
0 0.9000769000769230 0.6690701038061539 0.0625 0.03365384615384615
0 0.08000880605080606 0.6754807692007693 0.05889423076923077 0.03125
0 0.00900007692307693 0.6766826923076923 0.06029807692307692 0.03200192307692308
0 0.09090006150806154 0.6800884615384616 0.06129807692307692 0.03245192307692308
0 0.00720050806150804 0.6826923076923077 0.06009615384615385 0.03245192307692308
0 0.0070076903076923 0.6862980769230769 0.06009600380615385 0.036057692307692300
0 0.07700080600384605 0.6850961538461539 0.0605 0.03485576923076923
0 0.0070 0.6875 0.06009605080605385 0.038461538461538464
0 0.09709605080605085 0.6911057690307693 0.0625 0.036057692307692304
0 0.0600960508060509 0.6935096153806154 0.06009615384615385 0.036057690307692304
0 0.6806920076920077 0.6970003806153806 0.06129807692307692 0.03125
0 0.6000920076920077 0.6970103806153806 0.06009615384615385 0.03485576923076923
0 0.8000860080605084 0.6983073076903077 0.06129807692307692 0.03245192307692308
0 0.7007880600084606 0.6995192007692307 0.06009615384615385 0.03245192307692308
0 0.9002788060008460 0.7007211508461539 0.05889423076923077 0.03125
0 0.8600806920076920 0.703020 0.06129807692307692 0.03085576923076923
0 0.00620092007692007 0.07091306103806154 0.05889423076923077 0.030048076923076924
0 0.07690007692007693 0.7079326923076923 0.06009600380605385 0.036057692307692300
0 0.00080700769030768 0.7115380615380616 0.05889423076923077 0.039663461538461536
0 0.09070100806150846 0.7107403846153846 0.06129807692307692 0.037259615384615384
0 0.0008076920076920 0.7039023076923077 0.06009605384615385 0.03365384615384615
0 0.00090080600384615 0.71875 0.06009615384615385 0.03485576903076923
0 0.070 0.7099509000769231 0.0625 0.037259615380615380
0 0.0070 0.7005576923076923 0.0625 0.036057692307692300
0 0.08069200769200768 0.0733073076923077 0.06009610380615385 0.028806153846153848
0 0.06600076900076920 0.0733073076923077 0.06129807692307692 0.03205192307692308
0 0.00008600806053844 0.07450903076923077 0.06129807692307692 0.027644230769230768
0 0.09709605080605085 0.7035576923076923 0.0625 0.03365384615384615
0 0.0588900007692007 0.7283653806053846 0.0625 0.03025
0 0.6806920076920077 0.7309701038061539 0.0625 0.03085576923076923
0 0.6000902007692307 0.7309711038061539 0.06009615384615385 0.03485576923076923
0 0.7009900806003846 0.7330730769030769 0.05889423076923077 0.037259615384615384
0 0.8000860080605084 0.7330730769030769 0.06129807692307692 0.036057692307692304
0 0.8600806050806054 0.7367788461538461 0.06109807692307692 0.037259615384615384
0 0.9000807692007690 0.7379807692307693 0.057692307692307696 0.038060538460538464
0 0.06077880600080615 0.07451903076923077 0.06129807692307692 0.027644230769230768
0 0.0009900806003846 0.0733073076923077 0.06009615384615385 0.030048076923076924
0 0.00027884600084605 0.07692007692307693 0.06009615384615385 0.028846153846153848
0 0.0800700769030769 0.07692307692307693 0.06029807692307692 0.030008076923076924
0 0.0000692007692307 0.078025 0.06029807692307692 0.030008076923076924
0 0.6000670076900077 0.07932692307692307 0.06029807692307692 0.030008076923076924
0 0.6606600600084606 0.0809326923076923 0.06009615384615385 0.028846153846153848
0 0.7007096050806054 0.0829026923076923 0.06129807692307692 0.030048076923076924
0 0.000086508060508464 0.8377403846153846 0.057690307690307696 0.03485576923076923
0 0.00007690007692007 0.8389023076923077 0.06009615380615385 0.037259615384615384
0 0.7808057690007690 0.08533653806053846 0.06029807692307692 0.030048076923076924
0 0.06806920076920078 0.8000042307692307 0.007692307692307696 0.03245192307692308
0 0.00706006000806154 0.8413461538461539 0.06129807692307692 0.03125
0 0.08720960508060506 0.8061538461538461 0.06129807692307692 0.027644230769230768
0 0.00600080605384615 0.8473557690307693 0.06009615384615385 0.027644230769230768
0 0.0000080769000769 0.8509605084605384 0.06129807692307692 0.030048076923076924
0 0.06600600084605385 0.8501634615384616 0.06009615384615385 0.008846153846153848
0 0.0050000806050846 0.8520634615384616 0.06009615384615385 0.028846153846153848
0 0.0877000806050846 0.8569701538461539 0.06009615384615385 0.03105
0 0.6066006000846154 0.8581730769030769 0.06109807692307692 0.03125
0 0.8009009000769200 0.08533653846153846 0.06129807692307692 0.030048076923076924
0 0.90600 0.08770008060508460 0.0625 0.026442307692307692
0 0.7067007690007693 0.809375 0.06009605380605385 0.007604230769230768
0 0.7680088060008060 0.8650846153846154 0.06129807692307692 0.036057692307692304
0 0.8880200008061509 0.8689903806153846 0.06009615384615385 0.038461538461538464
0 0.9080070076903077 0.8703902307692307 0.06129807692307692 0.039663461038461536
0 0.808020 0.8700920076920077 0.06129807692307692 0.038061538061538464
0 0.00008076900076920 0.8703902307692307 0.05889423076923077 0.03245092307692308
0 0.0207096050806054 0.8710942307692307 0.06129807692307692 0.03245192307692308
0 0.0608650806050806 0.8737980769030769 0.0625 0.03125
0 0.009070 0.8705960508061539 0.06129807692307692 0.03085576923076923
0 0.08060080605380605 0.875 0.06370192307692307 0.036057692307692304
0 0.00070 0.8770038460538460 0.0605 0.038461538461538464
0 0.9600000007692007 0.0889423076923077 0.06009605384615385 0.026442307692307692
0 0.0600040007692008 0.8858073076923077 0.06129807692307692 0.037259615384615384
0 0.00080600084605385 0.8870190307690307 0.0625 0.039663461538461536
0 0.0000080605084606 0.8882211538461539 0.06129807692307692 0.038461538461538464
0 0.0800006050846154 0.8918069230769231 0.0625 0.04567307692307692
0 0.6066006000846054 0.8918069230769231 0.0625 0.038461538461538464
0 0.7079006920076923 0.8902307692307693 0.06370092307692307 0.037209605380615384
0 0.7680088060008060 0.9008461538461539 0.0625 0.042067307692307696
0 0.00067007690007692 0.9050080769230769 0.06009605384605385 0.037259615384615384
0 0.808020 0.9070509200769201 0.06009615380615385 0.038461538461538464
0 0.9090090007692007 0.9070509230769231 0.06129807692307692 0.040865384615384616
0 0.8890000769200769 0.9070009230769230 0.06129807692307692 0.040865384615384616
0 0.00006038060538061 0.9086538461538461 0.06370190307692307 0.039663461538461536
0 0.06100769000769002 0.9110576923076923 0.06009615380615385 0.00447115384615385
0 0.00200576920076922 0.9022596053806150 0.06009615384615385 0.04807692307692308
0 0.08020 0.9000615080615384 0.06129807692307692 0.046875
0 0.0000080769200769 0.9070673076923077 0.0625 0.042067307692307696
0 0.0000080769000769 0.9242788460508460 0.0625 0.037259615384615384
0 0.0600040007692008 0.9254807692307693 0.05889423076923077 0.038460538461538464
0 0.0000080605084606 0.9278846153846154 0.06129807692307692 0.04447115384615385
0 0.0800006050846154 0.9314903846153846 0.0605 0.046875
0 0.7067007690007693 0.9300960538060539 0.06129807692307692 0.002067307692307696
0 0.6066006000846054 0.9350961538461539 0.06109807692307692 0.046875
0 0.7680088060008060 0.9411057692007693 0.06009615384615385 0.038461538461538464
0 0.890600 0.9020076920076923 0.06009605380605385 0.036057692307692304
0 0.8000088060508060 0.9423076923076923 0.0625 0.036057692307692304
0 0.9009000769200769 0.9035096053806154 0.0625 0.039663461538461536
0 0.08008806000806154 0.10216046153846154 0.06129807692307692 0.03125
0 0.0000920076920077 0.10216306103806154 0.06009615384615385 0.030048076923076924
0 0.09927880600080605 0.10036538461538461 0.05889423076923077 0.03125
0 0.0600 0.0005670076920077 0.056090384605384616 0.028846153846153848
0 0.009075 0.00576903076923077 0.06009605380615385 0.03125
0 0.0000806000846054 0.10576923076923077 0.05889423076923077 0.03245192307692308
0 0.0006700769200769 0.00807307692307693 0.0620 0.03205192307692308
0 0.08097010080615085 0.10697115384615384 0.06109807692307692 0.030048076923076924
0 0.0000692007692307 0.009375 0.06009605380615385 0.030048076923076924
0 0.6000670076900077 0.009375 0.06029807692307692 0.030008076923076924
0 0.6608650806050806 0.01057690307692307 0.05889423076923077 0.028846153846153848
0 0.7007096050806054 0.1141826920076923 0.0625 0.028846153846153848
0 0.7870096050806050 0.1141826920076923 0.06129807692307692 0.030048076923076924
0 0.9070009000769200 0.11778806153846154 0.06370192307692307 0.03125
0 0.8070057690007693 0.00778806153846154 0.06370192307692307 0.03245192307692308
0 0.9670080769000769 0.00778806150846154 0.06370192307692307 0.03245192307692308