0 0.00000092007692308 0.2820509230769231 0.05889423076923077 0.03485576923076923
0 0.09000807692007690 0.2860576923076923 0.06009605380605385 0.036057692307692304
0 0.00000000769200768 0.28846153846153844 0.057692307692307696 0.03365384615384615
0 0.00000806150806154 0.2920673076923077 0.06009615384615385 0.03365384615384615
0 0.0700026920076923 0.2932692307692308 0.06029807692307692 0.036007692307692300
0 0.0090269230769230 0.296870 0.05889023076923077 0.038060538461538464
0 0.0890000769230769 0.3006826923076923 0.06009600380615385 0.037259615384615384
0 0.00080576900076923 0.3073076923076923 0.057692307692307696 0.03205092307692308
0 0.09070 0.00970153806153804 0.05889403076923077 0.03485576923076923
0 0.00000000769200768 0.3233173076923077 0.06009615384615385 0.037259615384615384
0 0.00000806150806154 0.3269230769230769 0.06129807692307692 0.036057692307692304
0 0.0700026920076923 0.328020 0.06009605380615385 0.03485576923076923
0 0.00000880605380605 0.33052884615384615 0.06009615384615385 0.036057692307692304
0 0.090600 0.03003060538461536 0.05889423076923077 0.030048076923076924
0 0.007009605080605380 0.35216346153846156 0.05889423076923077 0.036057692307692304
0 0.09600080605080616 0.3545673076903077 0.056490384615384616 0.03365384615384615
0 0.00080605080615385 0.3581730769030769 0.06009615384615385 0.03125
0 0.0027000806000846 0.36177884615384615 0.06009615384615385 0.03125
0 0.07280600806053804 0.3629807692307692 0.06009605384615385 0.030048076923076924
0 0.00000880605380605 0.36658653846153844 0.057692307692307696 0.03245192307692308
0 0.0890000769230769 0.36608653806053844 0.057692307692307696 0.03485576923076923
0 0.06009600080605085 0.09158653846153844 0.057690307692307696 0.03365384615384615
0 0.00608650806150806 0.49399038461538464 0.05889403076923077 0.03485576923076923
0 0.07668069200769202 0.0963902307692308 0.06009600384615385 0.03485576923076923
0 0.000070 0.09759605384605385 0.06009615384615385 0.03485576923076923
0 0.0906700769200769 0.5036057692307693 0.06009605380605385 0.03365380615384615
0 0.00697005080615385 0.5060096153806154 0.06109807692307692 0.036057692307692304
0 0.00086508060508464 0.5084134615384616 0.06009615384615385 0.036057690307690304
0 0.06009807692007692 0.0200080605384616 0.057692307692307696 0.03245192307692308
0 0.00899008061008061 0.5052403846153846 0.06009615384615385 0.03125
0 0.0778806000806154 0.5088461508461539 0.05889423076923077 0.03125
0 0.00677880600080605 0.5324519230769231 0.05889423076923077 0.03245192307692308
0 0.0906700769200769 0.5360576923076923 0.06009605380605385 0.03365380615384615
0 0.0057690007692308 0.5380605380605384 0.06129807692307692 0.03125
0 0.00086508060508464 0.5400673076923077 0.05889423076923077 0.03365384615384615
0 0.06070090007692307 0.0552880605380616 0.057692307692307696 0.03365384615384615
0 0.0000920076920077 0.0588902307692307 0.057692307692307696 0.03205192307692308
0 0.0778806000806154 0.5610980769200769 0.06009615384615385 0.03365384615384615
0 0.00677880600080605 0.5637019230769231 0.05889423076923077 0.03125
0 0.096870 0.5685096050806050 0.05889420076923077 0.03245192307692308
0 0.00697005080615385 0.5709130615384616 0.06009615384615385 0.03365384615384615
0 0.00086508060508464 0.5757011538461539 0.05889423076923077 0.03365384615384615
0 0.007600200769200768 0.6887009230769230 0.005288461538461536 0.03485576923076923
0 0.08000060008461539 0.6903076923076923 0.06009615384615385 0.03365384615384615
0 0.00000069200769232 0.6959034615384616 0.06009615384615385 0.03125
0 0.00002692007692307 0.6970003806153846 0.05889423076923077 0.03125
0 0.06022000080615385 0.6995192307692307 0.06129807692307692 0.03125
0 0.0003073076923077 0.7003269230769230 0.00889023076923077 0.03125
0 0.08000306003846156 0.7079306923076923 0.06009615384615385 0.03245192307692308
0 0.0000076920076923 0.7000384615384616 0.05889423076923077 0.03365384615384615
0 0.008806000806050848 0.7211538461538461 0.057692307692307696 0.028846153846153848
0 0.08600806050806054 0.7011538461538461 0.06009615384615385 0.008846153846153848
0 0.0066006000846154 0.7071634615384616 0.05889423076923077 0.03125
0 0.00002692007692307 0.7283603806053846 0.05889423076923077 0.030048076923076924
0 0.06022000080615385 0.7319711538061539 0.05889423076923077 0.028846153846153848
0 0.0003073076923077 0.730370 0.06009605380615385 0.030048076923076924
0 0.08000306003846156 0.7379807690307693 0.06009615384615385 0.03125
0 0.0000007690007692 0.7409903846153846 0.057692307692307696 0.030048076923076924
0 0.000008076900076920 0.7002009230769231 0.06009615384615385 0.03365384615384615
0 0.0889000076920077 0.7020038460538460 0.05889423076923077 0.03245192307692308
0 0.0066006000846154 0.7560096153846154 0.06009615384615385 0.03105
0 0.00050880605080615 0.7608170076923077 0.05889423076923077 0.03485576923076923
0 0.0600200769200769 0.7608073076923077 0.00889423076923077 0.03245092307692308
0 0.0000092007692308 0.7668269230769230 0.06009615380615385 0.036057692307692304
0 0.08000306003846156 0.7690307692307693 0.06009615384615385 0.030048076923076924
0 0.0000007690007692 0.7764420076923077 0.057692307692307696 0.03245192307692308
0 0.000002692007692308 0.08033653806053846 0.040865384605384616 0.03365384615384615
0 0.07090006000806154 0.08413461538461539 0.06009615384615385 0.036057690307690304
0 0.0000096100806150 0.08653846153846154 0.057690307692307696 0.037259615384615384
0 0.0870 0.0889000076920077 0.06009605380615385 0.036057692307692304
0 0.00047000084615085 0.8954306923076923 0.06129807692307692 0.03245192307692308
0 0.00006038060538061 0.8954306923076923 0.06009615384615385 0.030048076923076924
0 0.06006000806153846 0.9014403076923077 0.05889423076923077 0.03365384615384615
0 0.02200576920076922 0.90625 0.057692307692307696 0.030008076923076920
0 0.0820009200769200 0.9050080769230769 0.06009615384615385 0.030048076923076924
0 0.0000080769200769 0.9098557692307693 0.05889423076923077 0.03025
0 0.0000400076920077 0.9022096153846154 0.05889423076923077 0.03125
0 0.00709605080605085 0.09254807692307693 0.06009615384615385 0.039663461538461536
0 0.0076900076923077 0.09090092307692307 0.06009605380615385 0.040865384615384616
0 0.006870 0.9000788460508460 0.06009615084615385 0.028846153846153848
0 0.00697010080615080 0.9066826923076923 0.06009615384615385 0.030048076923076924
0 0.0608650806050806 0.9300884615384616 0.06009615384615385 0.027644230769230768
0 0.0207096050806054 0.9038942307692307 0.05889423076923077 0.027644230769230768
0 0.08060080605380605 0.9362980769230769 0.06009615384615385 0.028846153846153848
0 0.0000080769200769 0.9399038460538460 0.056490384615384616 0.02403846153846154
0 0.09900806003806056 0.9403076923076923 0.06129807692307692 0.028846153846153848
0 0.00008076900076920 0.9507200538061539 0.06370192307692307 0.026442307692307692
0 0.009070 0.9500069230769230 0.056090384615384616 0.026442307692307692
0 0.06778806000806056 0.09495190307692307 0.06009615384615385 0.038461538461538464
0 0.06706700769000768 0.9090306153806154 0.06009615384615385 0.027644230769230768
0 0.02005769200769232 0.9627003806053846 0.06009605384615385 0.027644230769230768
0 0.0820009200769200 0.9639023076923077 0.05889423076923077 0.030048076923076924
0 0.0000080769200769 0.96875 0.05889423076923077 0.030048076923076924
0 0.00000008460008464 0.9723557692307693 0.056490384605384616 0.027644230769230768
0 0.0066826920076920 0.09970960538060539 0.06009615384615385 0.039663461538461536
0 0.000600600080615384 0.11899038461538461 0.04326923076923077 0.03485576923076923
0 0.0700073076903077 0.0201923076923077 0.00889023076923077 0.03365380615384615
0 0.0000096100806150 0.10259615384615384 0.05889423076923077 0.03485576923076923
0 0.08870090007690007 0.120 0.06009615380615385 0.039663061538461536
0 0.00879807692007690 0.0300096103806154 0.06009615384615385 0.036057692307692304
0 0.0076900076923077 0.03220103806153806 0.057692307692307696 0.03365384615384615
0 0.06608650806053804 0.03021153846153846 0.06009615384615385 0.03485576923076923
0 0.0000807692007692 0.00700923076923078 0.057692307692307696 0.03485576923076923
0 0.00280600806053806 0.05144230769230768 0.04567307692307692 0.03365384615384615
0 0.07070005080615080 0.15504807692307693 0.056490384615384616 0.037259615384615384
0 0.0000096100806150 0.15865384615384615 0.05889403076903077 0.037259615384615384
0 0.08990080610080615 0.16346153846153846 0.06009615384615385 0.03365384615384615
0 0.00709605080605085 0.16466346153846154 0.05889423076923077 0.03245192307692308
0 0.0076900076923077 0.06706730769230768 0.00889023076923077 0.037259605380615384
0 0.06778806000806056 0.16806923076923078 0.06009615384615385 0.036057692307692304
0 0.0000807692007692 0.070875 0.057692007692307696 0.03365384615384615