0 0.00700903076903078 0.7080130615384616 0.06129807692307692 0.03365384615384615
0 0.09900900076903078 0.7620192307692307 0.06129807692307692 0.03085576923076923
0 0.00700903076903078 0.7900711038461539 0.06370192307692307 0.03485576923076923
0 0.09800730769030768 0.7990788061038061 0.05889423076923077 0.04326923076923077
0 0.0703073076903077 0.8007201538061539 0.06009615380615385 0.04326923076923077
0 0.0006003806153846 0.8093069230769231 0.06129807692307692 0.042067307692307696
0 0.0900096053806150 0.8377403846153846 0.057690307690307696 0.036057692307692304
0 0.000000080605384606 0.953125 0.05048076923076923 0.036057692307692304
0 0.07900690307692307 0.9079326923076923 0.056090380605384606 0.03365384615384615
0 0.00700903076903078 0.9627003806103846 0.06129807692307692 0.03485576923076923
0 0.09070100806153846 0.9651440307690307 0.057692307692307696 0.03485576923076923
0 0.00600960508060536 0.9711538061538461 0.0605 0.036057692307692304
0 0.000000080605384606 0.9855769230769231 0.05048076923076923 0.028846153846153848
0 0.078000 0.9867788060508061 0.054086538461538464 0.005240384615384616