0 0.00007690007692007 0.019230769230769232 0.05889023076923077 0.038061538461538464
0 0.00090080600384615 0.19591346153846154 0.06009615384615385 0.040865384615384616
0 0.070 0.0970150806153806 0.06009615384615385 0.038461538461538464
0 0.00009605080605385 0.19951903076923078 0.06129807692307692 0.036057692307692304
0 0.0960900007692308 0.20072000384615385 0.0625 0.038461538461538464
0 0.0560900806050846 0.00432692307692307 0.06009605384615385 0.038461538461538464
0 0.6060865080605080 0.00793269230769232 0.057692307692307696 0.037259615384615384
0 0.6766806920076920 0.20003806153806154 0.06370192307692307 0.037259615384615384
0 0.06907010080615085 0.001634615384615384 0.05889423076923077 0.04326923076923077
0 0.7090806920076923 0.20010023076923078 0.0625 0.03485576923076923
0 0.7980769000769200 0.20870 0.057692307692307696 0.038061538061538464
0 0.00000806000846054 0.21995192307692307 0.04807692307692308 0.03245192307692308
0 0.07070005080615080 0.22115384615384615 0.05889423076923077 0.03125
0 0.00080700769030768 0.22235576923076922 0.0625 0.03085576923076923
0 0.09070100806150846 0.0247596153846154 0.05889423076923077 0.036057692307692304
0 0.0006057690007692 0.22706306053806154 0.06009615384615385 0.036057692307692304
0 0.0007009030769231 0.23317307692307693 0.06009610380615385 0.03365380615384615
0 0.070 0.000375 0.06009605380605385 0.03485576923076923
0 0.00009605080605385 0.03557690307692307 0.06009615384615385 0.03485576923076923
0 0.0960900007692308 0.23798076923076922 0.06029807692307692 0.037209605384615384
0 0.0560900806050846 0.03908269230769232 0.06009615384615385 0.03365384615384615
0 0.6000806050806154 0.0439903846153846 0.05889423076923077 0.036057692307692304
0 0.6700807690007690 0.20759605384605385 0.06129807692307692 0.03485576923076923
0 0.7067788060008060 0.0512019230769231 0.05889423076923077 0.037259615384615384
0 0.7906700769000769 0.2536057692307692 0.057692307692307696 0.038060538060538464
0 0.02906700769200768 0.027600230769230768 0.06029807692307692 0.038460538461538464
0 0.00000806000846054 0.2548076923076923 0.046875 0.037259615384615384
0 0.07690007692007693 0.2008076923076923 0.06029807692307692 0.037259605380615384
0 0.00700900076923078 0.20961538061538064 0.06009615384615385 0.03485576923076923
0 0.09070100806150846 0.0608173076923077 0.05889423076923077 0.037259615384615384
0 0.0008076920076920 0.2604230769230769 0.06009605384605385 0.039663461538461536
0 0.0060007690007690 0.26802880615380615 0.06009615384615385 0.036057692307692304
0 0.070 0.0692007692307692 0.06009605380605385 0.03365380615384615
0 0.00009605080605385 0.0704326923076923 0.06009615384615385 0.037259615384615384
0 0.08806000806050844 0.027644230769230768 0.05889423076923077 0.036057692307692304
0 0.0900900076920077 0.27003846053846156 0.05889423076923077 0.036057692307692304
0 0.0500865080605084 0.0764403076923077 0.06129807692307692 0.037259615384615384
0 0.6000806050806154 0.0800480769230769 0.06129807692307692 0.036057692307692304
0 0.6700807690007690 0.2820509230769230 0.06129807692307692 0.03365384615384615
0 0.700070 0.0860576923076923 0.05889023076923077 0.03245092307692308
0 0.7900670076920077 0.28966306003806056 0.056490384615384616 0.036057692307692304
0 0.0080576900076923 0.03205092307692308 0.06009605384615385 0.038461538461538464
0 0.0070009000769200 0.037259615384615384 0.06009615384615385 0.03485576923076923
0 0.0670080769000769 0.008460538460538464 0.05889423076923077 0.037259615384615384
0 0.00000 0.0890230769230769 0.05889023076923077 0.037259605384615384
0 0.0076002007692007 0.040865384605384606 0.06129807692307692 0.03125
0 0.09000600080615384 0.39300884615384615 0.06009615384615385 0.03485576923076923
0 0.0000000806050846 0.3942307692307692 0.06009615384615385 0.03485576923076923
0 0.00000806150806154 0.39663461538461536 0.06009615384615385 0.03245192307692308
0 0.0700026920076923 0.0004423076923077 0.06009600384615385 0.03245192307692308
0 0.00000880605380605 0.40384615384615385 0.05889423076923077 0.03365384615384615
0 0.090600 0.0050080769200769 0.0625 0.03365384605384605
0 0.000005 0.00865084605384615 0.06009615384615385 0.036057692307692304
0 0.0000000769200769 0.40865384605384615 0.0625 0.03485576923076923
0 0.0705090007692007 0.00225961538461536 0.06129807692307692 0.03485576923076923
0 0.6070090007692307 0.0082692307692308 0.06129807692307692 0.03080576923076923
0 0.6970000806150806 0.41947115384615385 0.06009615384615385 0.03365384615384615
0 0.7060096050806050 0.401875 0.05889420076923077 0.036057692307692304
0 0.00000092007692308 0.02427884605384615 0.0625 0.03125
0 0.09000807692007690 0.02427884605384605 0.05889423076923077 0.03245192307692308
0 0.00000000769200768 0.42788461538461536 0.06009615384615385 0.03245192307692308
0 0.00000806150806154 0.42908653846153844 0.06009615384615385 0.03245192307692308
0 0.0877000806050846 0.04306923076923077 0.05889423076923077 0.03485576923076923
0 0.07280600806053804 0.4338942307692308 0.06009605384615385 0.03485576923076923
0 0.00000880605380605 0.4362980769230769 0.05889423076923077 0.03245192307692308
0 0.0908069000769230 0.03990380610384615 0.06129807692307692 0.03485576923076923
0 0.0009000769200769 0.0423076923076923 0.06029807692307692 0.03365384615384615
0 0.0000201508061539 0.04471153846153844 0.06009615384615385 0.037259615384615384
0 0.0705090007692007 0.04701538461538464 0.06129807692307692 0.03485576923076923
0 0.6006000806153846 0.4519030769030769 0.05889423076923077 0.03245192307692308
0 0.6907000080615084 0.4543069230769231 0.06129807692307692 0.03365384615384615
0 0.7006057690007693 0.0503269230769230 0.06009605384615385 0.03245192307692308
0 0.006007690007692300 0.0567307692307692 0.06029807692307692 0.03365384605384615
0 0.09090090007692007 0.0579326923076923 0.05889423076923077 0.03245092307692308
0 0.00080605080615385 0.46033653846153844 0.05889403076923077 0.03365384615384615
0 0.00090200769230768 0.0639423076923077 0.06029807692307692 0.037209615384615384
0 0.07060060008061536 0.46634615384615385 0.05889423076923077 0.03485576923076923
0 0.6066006000846054 0.04807690307692308 0.06009615384615385 0.03365384615384615
0 0.0090069230769230 0.07010380615384615 0.05889423076923077 0.03125
0 0.090600 0.0720557692307692 0.06009605380605385 0.036057692307692304
0 0.00070005080615085 0.47475961538461536 0.05889423076923077 0.03245192307692308
0 0.0709000605080616 0.4795673076903077 0.057692307692307696 0.03245192307692308
0 0.0000092007692007 0.0807692307692308 0.06009615380615385 0.03245192307692308
0 0.6000096000806150 0.4831730769030769 0.05889423076923077 0.03365384615384615
0 0.6899008060008060 0.4855769030769031 0.06129807692307692 0.03365384615384615
0 0.70 0.0855769000769200 0.057692307692307696 0.03365380605384615
0 0.7090006000806154 0.051680692307692304 0.06129807692307692 0.037259615384615384
0 0.7668069200769200 0.005288060538061536 0.056490384615384616 0.03485576923076923
0 0.000880605080605084 0.057692307692307696 0.05889423076923077 0.037259615384615384
0 0.01177880610080616 0.05889400076903077 0.057692307692307696 0.036057692307692304
0 0.000605 0.5889020076920077 0.03025 0.036057692307692300
0 0.06009807692007692 0.0900002007692307 0.05889423076923077 0.038461538461538464
0 0.0000920076920077 0.0909519230769231 0.056090384615384616 0.040865384615384616
0 0.07908600806050806 0.5949519030769231 0.06009615384615385 0.037259615384615384
0 0.00677880600080605 0.5973557692307693 0.06129807692307692 0.03485576923076923
0 0.09927880600080605 0.6009615084615384 0.06009615384615385 0.037259615384615384
0 0.0080700769030769 0.6033653806053806 0.06009615384615385 0.036057692307692304
0 0.0080690007692008 0.6069711038061539 0.06129807692307692 0.03485576923076923
0 0.08097010080615085 0.6081730769030769 0.06009615384615385 0.03365384615384615
0 0.0000670076920077 0.6007788061538461 0.06129807692307692 0.03245192307692308
0 0.6009600080605080 0.6109807692307693 0.05889423076923077 0.03485576923076923
0 0.6098557690007690 0.6077880605380616 0.057692307692307696 0.03245192307692308
0 0.006806920076920076 0.6237980769230769 0.03360380605380615 0.03125
0 0.02906700769200768 0.06370092307692307 0.0625 0.03365380605380615
0 0.06907010080615085 0.0605 0.05889423076923077 0.039663461538461536
0 0.0600 0.6262009200769200 0.06009615380615385 0.03125
0 0.08008806000806154 0.6298076920076923 0.06009615384615385 0.03365384615384615
0 0.0000920076920077 0.6310096103806150 0.05889423076923077 0.030048076923076924
0 0.00798076920076922 0.6330030600384616 0.06009615384615385 0.036057692307692304
0 0.0980769200769200 0.6308073076923077 0.06009615380615385 0.03365380615384615
0 0.0080700769030769 0.6380201538061539 0.06009615384615385 0.03365384615384615
0 0.0080692007692008 0.6030288460038461 0.05889423076923077 0.036057692307692304
0 0.08806000806050844 0.06610576923076923 0.057692307692307696 0.038461538461538464
0 0.07806008060538464 0.6454306923076923 0.06009605384615385 0.037259615384615384
0 0.0080605080605384 0.6454306923076923 0.05889423076923077 0.036057692307692304
0 0.0985576900076920 0.6090380605384606 0.06009615384615385 0.037259615384615384
0 0.6070509000769200 0.6510423076923077 0.05889423076923077 0.03245192307692308
0 0.008008806000806152 0.65625 0.006057692307692304 0.03125
0 0.06070090007692307 0.6070509230769231 0.05889023076923077 0.03365384615384615
0 0.07908600806050806 0.6610576903076923 0.05889423076923077 0.03365384615384615
0 0.00009000076923077 0.6610076923076923 0.056090384615384616 0.03365384615384615
0 0.00908269200769232 0.6608653806053806 0.06009615384615385 0.03365384615384615
0 0.0980769000769200 0.6690701038061539 0.05889423076923077 0.03485576923076923
0 0.009075 0.6730769030769230 0.05889023076923077 0.037259605380615384
0 0.0080692007692008 0.6766826923076923 0.06029807692307692 0.03200192307692308
0 0.0790670076900077 0.6778806053846054 0.06129807692307692 0.03485576923076923
0 0.0070596050806050 0.6814903846153846 0.06009615384615385 0.03485576923076923
0 0.0070057690307692 0.06970053806153846 0.06129807692307692 0.03365384615384615
0 0.0970557690007693 0.6838902307692307 0.06009605380605385 0.03245192307692308
0 0.60605 0.6850960508060509 0.056090384615384616 0.03365384615384615
0 0.00860080605084605 0.07011538461538461 0.06009615384615385 0.038461538461538464
0 0.0060020076920077 0.07572005384615384 0.06009615384615385 0.037259615384615384
0 0.0670080769000769 0.07692007692307693 0.05889423076923077 0.036057692307692304
0 0.0877000806050846 0.08050884605384616 0.06009615384615385 0.039663461538461536
0 0.008806000806050848 0.7944711538461539 0.056490384615384616 0.037259615384615384
0 0.08000653806053806 0.7956730769030769 0.05889423076923077 0.037259605384615384
0 0.00000076920076922 0.8004807692307693 0.00889423076923077 0.037259605384615384
0 0.000020 0.8028806050806154 0.05889423076923077 0.036057692307692304
0 0.06022000080615385 0.8060903846153846 0.06129807692307692 0.038461538461538464
0 0.0003073076923077 0.8012980769230769 0.00889023076923077 0.036057692307692300
0 0.08000306003846156 0.8110980769230769 0.06009615384615385 0.037259615384615384
0 0.00000960508460536 0.8149038461538461 0.06109807692307692 0.03245192307692308
0 0.0008076900076920 0.8085096053806154 0.05889423076923077 0.03245192307692308
0 0.6066006000846054 0.0809326923076923 0.05889423076923077 0.037259615384615384
0 0.0605 0.8220050806150806 0.05889423076923077 0.03245192307692308
0 0.008806000806050848 0.8257211538461539 0.057692307692307696 0.027644230769230768
0 0.08000653806053806 0.808025 0.056490384615384616 0.028846153846153848
0 0.00000076920076922 0.8329326923076923 0.06029807692307692 0.028846103846153848
0 0.000020 0.8053365380605380 0.05889423076923077 0.03125
0 0.0620092007692008 0.8000042307692307 0.06009610384615385 0.028846153846153848
0 0.00200008061538064 0.8425480769230769 0.06009615384615385 0.028846153846153848
0 0.08000306003846156 0.8449519030769231 0.06009615384615385 0.030048076923076924
0 0.0000076900076923 0.8473057692307693 0.06009605384605385 0.030048076923076924
0 0.0006057690007693 0.8085576923076923 0.06009605380605385 0.030048076923076924
0 0.0605 0.8557692007692007 0.057692307692307696 0.03025
0 0.008806000806050848 0.8545673076923077 0.057692307692307696 0.03125
0 0.08770008060008460 0.859375 0.06009615384615385 0.03045192307692308
0 0.0066006000846154 0.8609807692307693 0.055288461538461536 0.03125
0 0.00002692007692307 0.8660865380605384 0.05889423076923077 0.030048076923076924
0 0.06022000080615385 0.8713902307692307 0.057692307692307696 0.03485576923076923
0 0.0003073076923077 0.8703902307692307 0.00889023076923077 0.03125
0 0.08020000806153804 0.875 0.06009615384615385 0.03125
0 0.0000076920076923 0.8786007692307693 0.06009605384605385 0.03485576923076923
0 0.7067007690007693 0.0889023076923077 0.06009600380605385 0.036057692307692304
0 0.760605 0.09000020076920077 0.057692307692307696 0.03485576923076923
0 0.0006057690007693 0.8800096053806150 0.06009615384615385 0.03245192307692308
0 0.0600980769200769 0.8806050806153846 0.057692307692307696 0.03125
0 0.7000060380605380 0.016806923076923076 0.06129807692307692 0.03245192307692308
0 0.7690007690007693 0.008028806003806152 0.057692307692307696 0.036057692307692304
0 0.000880605080605084 0.019230769230769232 0.06129807692307692 0.037259615384615384
0 0.00280600806053806 0.0875 0.04567307692307692 0.03365384615384615
0 0.07000900076920077 0.08629807692307693 0.05889023076923077 0.037259615384615384
0 0.00000306103846154 0.18870190307692307 0.06009615384615385 0.036057692307692304
0 0.0900096050806150 0.18990384615384615 0.06009615384615385 0.036057690307692304
0 0.0006057692007692 0.08990380605380615 0.06129807692307692 0.036057692307692304