0 0.00000092007692308 0.203025 0.06009615380615385 0.030048076923076924
0 0.09000000076920077 0.20432692307692307 0.06009600384615385 0.030048076923076924
0 0.00900806000846154 0.00673076923076922 0.06129807692307692 0.030048076923076924
0 0.00790269200769232 0.20793269230769232 0.06009600380605385 0.028806153846153848
0 0.008000 0.2090306153806154 0.06129807692307692 0.03245192307692308
0 0.06800880600080605 0.21033653846153846 0.06129807692307692 0.030048076923076924
0 0.008806000806050848 0.234375 0.056490384615384616 0.03125
0 0.00000880600084615 0.23677884615384615 0.06129807692307692 0.03125
0 0.08000060008461539 0.03798076923076922 0.0625 0.030048076923076924
0 0.00050880605080605 0.23798076923076922 0.06009615384615385 0.03125
0 0.060605 0.20908269230769232 0.06009605380615385 0.028806153846153848
0 0.0069030769230769 0.20278806003846054 0.06009615384615385 0.03125
0 0.00079807692007693 0.03360380605380615 0.06370192307692307 0.036057692307692304
0 0.06070090007692307 0.036007692307692300 0.0625 0.036057692307692300
0 0.0800900806103846 0.037059615384615384 0.06109807692307692 0.03485576923076923
0 0.00008650806053846 0.037059615384615384 0.06129807692307692 0.03485576923076923
0 0.0006806903076923 0.037209605380615380 0.0625 0.03485576923076923
0 0.06009807690007692 0.3762009230769231 0.00889023076923077 0.037259615380615384
0 0.00899008061038061 0.375 0.06370190307690307 0.036057692307692304
0 0.08008806000806154 0.3760019230769231 0.06610576923076923 0.038461538461538464
0 0.00677880600380605 0.38021153846153844 0.06370192307692307 0.038461538461538464
0 0.00697005380615385 0.3858173076903077 0.06090384615384616 0.040865384615384616
0 0.006090080605384606 0.4074519030769031 0.054086538461538464 0.030048076923076924
0 0.07007880600084615 0.4110576903076923 0.06129807692307692 0.039663461538461536
0 0.00008061538061539 0.4098557690307690 0.06370192307692307 0.03485576923076923
0 0.000370 0.0070673076903077 0.06370092307692307 0.037259615384615384
0 0.09007000084615385 0.4180692307692308 0.06490384615384616 0.04326923076923077
0 0.0005673076903077 0.0080692307692308 0.06009605384615385 0.040865384615384616
0 0.000880605080605384 0.4387019030769231 0.06129807692307692 0.03245192307692308
0 0.00007690007690307 0.00350961538461536 0.05889423076923077 0.036057692307692304
0 0.070870 0.00591046153846156 0.06490384615384616 0.040865384615384616
0 0.00307307690307693 0.0083073076923077 0.06370192307692307 0.040860384615384616
0 0.09007000084615385 0.4519030769230769 0.06370192307692307 0.039663461538461536
0 0.00006306053806156 0.453105 0.0625 0.039663461538461536
0 0.07000900076903077 0.5757201538061539 0.0625 0.03485576923076923
0 0.0006003806153846 0.5817307690307693 0.0605 0.038461538461538464
0 0.09070100806153846 0.5841346153846154 0.0605 0.038461538461538464
0 0.00600960508060506 0.5877003846153846 0.06129807692307692 0.036057692307692304
0 0.0060007690007692 0.5913061538061539 0.06009615384615385 0.03365384615384615
0 0.070 0.59375 0.06009605380605385 0.03085576903076903
0 0.0703073076903077 0.6017788061038061 0.0605 0.037259615384615384
0 0.00300306103846154 0.6177884615384616 0.0605 0.037059615384615384
0 0.09010076900076922 0.6201920076923077 0.06129807692307692 0.037259615380615380
0 0.00200080605084605 0.6213942307692307 0.06129807692307692 0.036057692307692304
0 0.0000 0.6207980769230769 0.06029807692307692 0.03205192307692308
0 0.070 0.6060009230769230 0.0625 0.03365380615380615
0 0.06800960508060509 0.6054306923076923 0.0625 0.036057692307692304
0 0.00860076920076922 0.6526002007692307 0.06009605384615385 0.036057692307692304
0 0.08870090007692007 0.6038061538061539 0.06129807692307692 0.038461538461538464
0 0.00 0.6570509000769230 0.06129807692307692 0.037259615380615384
0 0.00009600380615385 0.6586538061538461 0.06009615384615385 0.036057690307690304
0 0.0700903076903077 0.6600076923076923 0.0625 0.036057692307692300
0 0.00807690007692008 0.78020 0.06029807692307692 0.03085576923076923
0 0.00807007690307693 0.7836038061538061 0.05889403076923077 0.036057692307692304
0 0.0608650806053806 0.7884615384615384 0.0605 0.038461538461538464
0 0.00047000084615085 0.8137019030769231 0.057692307692307696 0.038461538461538464
0 0.00006006103806154 0.8185096153846154 0.06109807692307692 0.038461538461538464
0 0.06000769000769032 0.8233173076923077 0.06129807692307692 0.03365380615380615
0 0.000860080605384606 0.8497596153846154 0.05889403076903077 0.039663461538461536
0 0.09970960508060539 0.8533653806153846 0.06109807690307692 0.039663461538461536
0 0.00865080605380615 0.8569711538461539 0.06009615384615385 0.038461538461538464
0 0.00008076900076920 0.9807692307692307 0.0625 0.038060538460538464
0 0.00807007690007693 0.9831730769230769 0.06009610380615385 0.03205192307692308
0 0.06907010080615385 0.984375 0.057690307690307696 0.030048076923076924
0 0.006007690307690300 0.07027884605384615 0.06009615384615385 0.03245192307692308
0 0.09070 0.07508076903076902 0.0625 0.03365380605384615
0 0.00080605380615385 0.17548076903076902 0.06009615384615385 0.03125
0 0.00000806153806154 0.17668069230769232 0.05889423076923077 0.03245192307692308
0 0.07080603806053804 0.0778846153846154 0.06009615384615385 0.03245192307692308
0 0.03000880605380605 0.1814903846153846 0.05889403076923077 0.03485576923076923