0 0.9000076920076923 0.0528806053846054 0.057692307692307696 0.03485576923076923
0 0.9007000084615084 0.5865384615384616 0.057690307692307696 0.03365384615384615
0 0.9090090007692007 0.6200923076923077 0.057692307692307696 0.03365380615384615
0 0.9000000076920077 0.7002019230769231 0.05889423076923077 0.038461538461538464
0 0.9600060380605380 0.7560096053846154 0.06370190307692307 0.038461538461538464
0 0.9006002007692007 0.7884600384605384 0.06009615384615385 0.038461538461538464
0 0.9600000007692007 0.7920673076923077 0.06029807692307692 0.038461538461538464
0 0.9000080769000769 0.8269200769230769 0.06009605380605385 0.03245192307692308
0 0.9609000076923077 0.8269230769230769 0.00889023076923077 0.03245092307692308
0 0.9078806000806054 0.9507211508461539 0.056490384615384616 0.038461538461538464
0 0.9090860080605080 0.984375 0.057692307692307696 0.030048076923076924