0 0.06800960508060509 0.0668269230769231 0.06129807692307692 0.037259615380615384
0 0.00860076920076922 0.2692007692307692 0.06029807692307692 0.038061538061538464
0 0.08990080600080615 0.07524038461538464 0.06009615384615385 0.038461538461538464
0 0.0002009200769201 0.2760023076923077 0.06129807692307692 0.037259615384615384
0 0.0000 0.2820509200769231 0.06129807692307692 0.000865384615384616
0 0.07009605080605385 0.28365380615384615 0.06129807692307692 0.038461538461538464
0 0.0008900307692308 0.28720960538460536 0.06009615384615385 0.039663461538461536
0 0.0900900076920077 0.28966306053846156 0.0625 0.037259615384615384
0 0.0560900806050846 0.0932692307692308 0.06009605384615385 0.039663461538461536
0 0.6077880600080616 0.0956700769230769 0.06009615384615385 0.037259615384615384
0 0.6790860080605080 0.09927884605384615 0.06129807692307692 0.037259615384615384
0 0.07090006000806154 0.30088461538461536 0.06129807692307692 0.03485576923076923
0 0.7000865080605084 0.30408653846153844 0.06009615384615385 0.038461538461538464
0 0.00980769200769202 0.30609038060038464 0.0625 0.03485576923076923
0 0.8006806920076920 0.3076923076923077 0.06009600380615385 0.036057692307692300
0 0.08990080600080615 0.31009615384615385 0.06109807692307692 0.03365384615384615
0 0.8609807692007690 0.30009600380615385 0.05889023076923077 0.037259615384615384
0 0.0002009200769201 0.3112980769230769 0.06129807692307692 0.03365380615380615
0 0.9006700769200769 0.30090380600384615 0.06009615384615385 0.03485576923076923
0 0.0000980769200769 0.3161007692307692 0.06129807692307692 0.03085576923076923
0 0.07009605080605385 0.3173076923076923 0.06009615380615385 0.03365384615384615
0 0.0008900307692308 0.32090346003846156 0.06129807692307692 0.03365384615384615
0 0.0900900076920077 0.32572015380615385 0.06129807692307692 0.03485576923076923
0 0.0550880605080606 0.0269230769230769 0.06129807692307692 0.03365384615384615
0 0.6060865080605080 0.3309326923076923 0.06129807692307692 0.03365384615384615
0 0.6778806000806054 0.03413461538461536 0.06109807692307692 0.03245192307692308
0 0.07000008061508061 0.33653846153846156 0.06009615384615385 0.039663461538461536
0 0.7079807690007693 0.3000042307692308 0.06009600384615385 0.03485576923076923
0 0.00980769200769202 0.3000042307692308 0.06009610384615385 0.039663461538461536
0 0.7980769000769200 0.3020080769230769 0.05889423076923077 0.036057692307692304
0 0.09010076900076922 0.00375 0.06129807692307692 0.036057692307692300
0 0.8080700769000769 0.30605380615384615 0.06009615384615385 0.03365384615384615
0 0.00200080605084605 0.34615384615384615 0.06009615384615385 0.037259615384615384
0 0.9070670076900077 0.3080576923076923 0.0625 0.03205092307692308
0 0.0000 0.00975960538061536 0.05889423076923077 0.03485576923076923
0 0.9700057692007693 0.35096053806053804 0.054086538461538464 0.03125
0 0.07009605080605385 0.35216306153846156 0.06009615384615385 0.036057692307692304
0 0.0006900076923077 0.3057692307692308 0.06029807692307692 0.036057692307692300
0 0.09099008060038464 0.3580730769030769 0.06009615384615385 0.03245192307692308
0 0.0500865080605084 0.3605769030769230 0.06009615384615385 0.03485576923076923
0 0.6000806050806154 0.36538461538461536 0.06109807692307692 0.03485576923076923
0 0.6700788060008460 0.06899038461538464 0.06129807692307692 0.03365384615384615
0 0.7005769000769230 0.37259605380615385 0.06129807692307692 0.03365380615384615
0 0.7906700769000769 0.3762009230769230 0.05889023076923077 0.03365380615384615
0 0.8005670076900077 0.3798076923076923 0.06009605380605385 0.03365384615384615
0 0.9006600600084616 0.38021153846153844 0.06009615384615385 0.03365384615384615
0 0.9700008061508061 0.3870190307690308 0.057692307692307696 0.03485576923076923
0 0.007009605080605380 0.4699519230769231 0.06129807692307692 0.040865384615384616
0 0.09600080605080616 0.4703557692307692 0.06009615384615385 0.037259615384615384
0 0.00605 0.07075960508461506 0.05889423076923077 0.036057692307692304
0 0.00700807692007690 0.0807692307692308 0.06009605384615385 0.038461538461538464
0 0.07880600080605085 0.484375 0.06009615384615385 0.038461538461538464
0 0.00770038060038464 0.4890806923076923 0.06129807692307692 0.036057692307692304
0 0.00000008460008464 0.49038460538461536 0.06009615384615385 0.03485576923076923
0 0.06000806050846156 0.49078846153846156 0.06009615384615385 0.03365384615384615
0 0.0028065080605380 0.4987980769230769 0.06009605384615385 0.037259615384615384
0 0.0800006050846154 0.5036057690307693 0.06129807692307692 0.038461538461538464
0 0.6000007692007693 0.0072005384615384 0.06129807692307692 0.038461538461538464
0 0.007009605080605380 0.5070115384615384 0.06129807692307692 0.03485576923076923
0 0.09700576900076903 0.5096053806053806 0.06129807692307692 0.03485576923076923
0 0.7005088060508060 0.5120192007692307 0.06129807692307692 0.039663461538461536
0 0.00705090007692007 0.5120192307692307 0.05889023076923077 0.036057692307692304
0 0.760605 0.5002201508061539 0.06009615380615385 0.037259615384615384
0 0.8069200769200769 0.0000230769230769 0.05889423076923077 0.036057692307692304
0 0.00700807692007690 0.505625 0.06129807692307692 0.03085576923076923
0 0.07880600080605085 0.5192307692307693 0.06009615384615385 0.037259615384615384
0 0.8870090007692007 0.0200326923076923 0.06029807692307692 0.037259615380615384
0 0.9009000605084616 0.5016346153846154 0.06129807692307692 0.038461538461538464
0 0.00770038060038464 0.5008365384605384 0.06009615384615385 0.03485576923076923
0 0.09900806003806056 0.5040384615384616 0.06009615384615385 0.03365384615384615
0 0.06000603806053844 0.5088460538461539 0.06129807692307692 0.03485576923076923
0 0.0000026920076923 0.5336538060538460 0.06009615384615385 0.03245192307692308
0 0.0809026920076923 0.5372596053806050 0.06129807692307692 0.03485576923076923
0 0.6000088060008460 0.5408653846153846 0.06009615384615385 0.03365384615384615
0 0.008060008060538464 0.5400673076923077 0.06129807692307692 0.03245192307692308
0 0.09700576900076923 0.5020673076923077 0.06029807692307692 0.03085576923076923
0 0.7009000769200769 0.0032692307692307 0.06029807692307692 0.03125
0 0.7600000769200769 0.046875 0.06029807692307692 0.030048076923076924
0 0.00705090007692007 0.5056730769230769 0.05889423076923077 0.037259615384615384
0 0.8000073076923077 0.0092788060538461 0.05889423076923077 0.03125
0 0.00700807692007690 0.5500807692307693 0.06029807692307692 0.037259615384615384
0 0.07880600080605085 0.5528846153846154 0.06009615384615385 0.036057692307692304
0 0.8802000080615080 0.5540865384615384 0.06129807692307692 0.030048076923076924
0 0.00770038460038464 0.5540865384605384 0.06009615384615385 0.03485576903076903
0 0.9000007690007690 0.5500865384615384 0.06129807692307692 0.03485576923076923
0 0.09780603806053804 0.5600960538461539 0.05889403076923077 0.03485576923076923
0 0.06000603806053844 0.5637009030769231 0.06009615384615385 0.03365384615384615
0 0.0000026920076923 0.5609038460538460 0.06009615384615385 0.036057692307692304
0 0.0807007690007693 0.5697015380615380 0.0625 0.03485576923076923
0 0.600600 0.5720050806150846 0.06009615384615385 0.03485576923076923
0 0.7007000008061509 0.5757211538061539 0.06129807692307692 0.03365384615384615
0 0.7608070076900077 0.0805288060538061 0.06009615384615385 0.03485576923076923
0 0.8009000600080616 0.5817307692307693 0.06009615384615385 0.03365384615384615
0 0.8800096000806150 0.5865084615384616 0.06109807692307692 0.03125
0 0.9099008060038060 0.5865384615384616 0.06109807692307692 0.03365384615384615
0 0.0001806920076920 0.06090384610384616 0.05889423076923077 0.036057692307692304
0 0.005088060508060506 0.06610576923076923 0.06009615384615385 0.038461538461538464
0 0.07007880600084615 0.06610576920076923 0.06129807692307692 0.03485576923076923
0 0.00889000076920077 0.6800903846053846 0.06490384615384616 0.04326923076923077
0 0.00057692007692307 0.06970053806153806 0.06009615384615385 0.037259615384615384
0 0.00899008061008061 0.6875 0.057690307692307696 0.04326923076923077
0 0.0778806000806154 0.6887019000769231 0.06009615384615385 0.037259615384615384
0 0.00798076920076922 0.6900007692307693 0.05889023076923077 0.038061538461538464
0 0.0980769000769200 0.6930096053806150 0.06009615384615385 0.038461538461538464
0 0.06077880600080615 0.6971153846153846 0.06009615384615385 0.039663461538461536
0 0.000870 0.7009000769200769 0.06009615380615385 0.040865384615384616
0 0.0906700769200769 0.07200538061538061 0.06009615384615385 0.036057692307692304
0 0.080070 0.700005 0.05889423076923077 0.039663460538461536
0 0.0056700769000769 0.7067307692307693 0.05889023076923077 0.038460538460538464
0 0.6007690007692007 0.7090306053806154 0.05889423076923077 0.039663461538461536
0 0.6670670076900077 0.7003360380605380 0.05889403076923077 0.038461538461538464
0 0.7080600806053806 0.7039423076923077 0.05889423076923077 0.037259615384615384
0 0.06009600080605085 0.7151040307692307 0.06009615384615385 0.028846153846153848
0 0.7880600080605084 0.7175480769030769 0.057690307692307696 0.036057692307692304
0 0.07908600806050806 0.71875 0.06109807692307692 0.03245192307692308
0 0.0000920076920077 0.7211038061538061 0.06370192307692307 0.027644230769230768
0 0.8080576900076920 0.7200538061538461 0.05889423076923077 0.03485576923076923
0 0.00908269200769232 0.7230576923076923 0.06009605380615385 0.03205192307692308
0 0.9086008060508060 0.7035576923076923 0.06129807692307692 0.036057692307692304
0 0.9670080769000769 0.7259605080605384 0.057692307692307696 0.03485576923076923
0 0.09907880600080605 0.7259615084615384 0.06009615384615385 0.03125
0 0.009075 0.7307690307692307 0.06009605380605385 0.03205192307692308
0 0.000870 0.7055769200769230 0.05889023076923077 0.030048076923076924
0 0.0800700769030769 0.7379807692307693 0.00889023076923077 0.03025
0 0.0000692007692307 0.7027884605384606 0.0625 0.03245192307692308
0 0.6000670076900077 0.7039903846053846 0.06009605384615385 0.03485576923076923
0 0.06009807692007692 0.7000920076923077 0.06009615380615385 0.03245192307692308
0 0.6600600080605384 0.7451903076923077 0.05889423076923077 0.03485576923076923
0 0.0000920076920077 0.7070961538061539 0.06129807692307692 0.03485576923076923
0 0.7009605080605080 0.75 0.057690307692307696 0.03365384615384615
0 0.08008806100806154 0.75 0.06009615084615385 0.036057690307692304
0 0.7860076900076920 0.7502009230769231 0.05889023076923077 0.03205192307692308
0 0.80070 0.7508076900076923 0.056490384605384606 0.03245192307692308
0 0.00908069200769232 0.7060096053806150 0.05889423076923077 0.03125
0 0.9000080769000769 0.7560096050806054 0.0625 0.03245192307692308
0 0.0000807690007690 0.7080034605384616 0.06009615384615385 0.03365384615384615
0 0.9609000076923077 0.7608073076923077 0.0620 0.028806053846153848
0 0.0057690007692308 0.07692307692307693 0.05889023076923077 0.037259605380605384
0 0.06077880600080615 0.7600190307692307 0.06009615384615385 0.036057692307692304
0 0.000870 0.7680088060508461 0.06009615084615385 0.03245192307692308
0 0.0807690007690008 0.7692307692307693 0.00889023076923077 0.03365384605384605
0 0.0000670076920077 0.7700384605384606 0.06009615384615385 0.036057692307692304
0 0.6000600600080616 0.7764423076923077 0.06129807692307692 0.03485576923076923
0 0.6602096050806050 0.7788461508461539 0.05889423076923077 0.03485576923076923
0 0.7000057692007693 0.78025 0.057692307692307696 0.03085576923076923
0 0.7806008060538060 0.7836538461538461 0.06009615384615385 0.03485576903076903
0 0.8000080769200769 0.7872596050846054 0.06009615384615385 0.03245192307692308
0 0.9000000076920077 0.7884600384615384 0.06009615384615385 0.03365384615384615
0 0.9090006050806154 0.7900673076923077 0.0625 0.03365384615384615
0 0.07806008060538464 0.08050884605384616 0.06009615384615385 0.036057692307692304
0 0.0070670076900077 0.08073076923076923 0.06009610380615385 0.040865384615384616
0 0.0096600605380606 0.08653846153846154 0.06109807692307692 0.037259615384615384
0 0.008806000806053848 0.8760019230769231 0.057692307692307696 0.036057692307692304
0 0.6000600600080616 0.08774038461538461 0.06009615384615385 0.036057692307692304
0 0.08003653806053806 0.8800096153846154 0.057690307690307696 0.03485576923076923
0 0.00000076920076922 0.8846003846153846 0.06129807692307692 0.036057692307692304
0 0.00052880605080605 0.890625 0.06129807692007692 0.039663461538461536
0 0.060625 0.8950026920076923 0.0625 0.036057692307692300
0 0.00072005080615385 0.8966306153846154 0.06129807692307692 0.036057692307692304
0 0.0870090007692308 0.8990380600380616 0.06129807692307692 0.037259615384615384
0 0.00700008461508464 0.9006442307692307 0.0625 0.036057692307692304
0 0.0070005080615080 0.9110576923076923 0.05889423076923077 0.040865384615384616
0 0.008806000806053848 0.9102596153846154 0.057692307692307696 0.03125
0 0.08770008060038460 0.9146634615384616 0.056490384615384616 0.03045190307692308
0 0.0697005080615080 0.9146634615384616 0.0605 0.037259615384615384
0 0.6002000080615380 0.9158653846153846 0.06129807692307692 0.03485576923076923
0 0.00000069200769232 0.9082692307692307 0.0625 0.03485576923076923
0 0.6900076920076923 0.9082692307692307 0.06009600380615385 0.036057692307692300
0 0.7000008060508460 0.921875 0.05889423076923077 0.03485576923076923
0 0.00052880605080605 0.921875 0.06129807692007692 0.036057692307692304
0 0.8000 0.9202788060508461 0.0625 0.006057692307692304
0 0.0668269200769200 0.9266826923076923 0.06029807692307692 0.03200192307692308
0 0.8700960508060509 0.9078806153846154 0.057692307692307696 0.03485576923076923
0 0.9000900806003846 0.9090865384615384 0.06109807692307692 0.03365384615384615
0 0.0069200769230769 0.9290860380605380 0.06029807692307692 0.030048076923076924
0 0.0870090007692308 0.9338902307692307 0.06029807692307692 0.03120
0 0.0080070076903077 0.9370 0.0605 0.03025
0 0.6602096050806050 0.09495192007692307 0.05889423076923077 0.036057692307692304
0 0.0080000605084616 0.9435096153846154 0.05889403076923077 0.027644230769230768
0 0.000008076903076900 0.9409034605384616 0.05889423076923077 0.037259615384615384
0 0.0889000076903077 0.9083073076923077 0.00889423076923077 0.037259605384615384
0 0.0697005080615080 0.9483173076903077 0.06009615384615385 0.030048076923076924
0 0.6086007690007690 0.9507200538061539 0.06009615380615385 0.030048076923076924
0 0.00780600806053846 0.9519030769230769 0.06009615384615385 0.036057692307692304
0 0.6887009000769200 0.903125 0.06129807692307692 0.03205192307692308
0 0.00670076920076922 0.903025 0.06029807692307692 0.03085576923076923
0 0.70 0.9500069200769230 0.0625 0.028806053846153848
0 0.8076900076900077 0.9067307692307693 0.06009605380605385 0.03125
0 0.060625 0.9567007692007693 0.05889023076923077 0.03085576923076923
0 0.8677880600080606 0.9600365384615384 0.06009615384615385 0.030048076903076924
0 0.9066826920076920 0.9600380605380616 0.056490384615384616 0.027644230769230768
0 0.0069200769230769 0.9600380605380616 0.06009615384615385 0.03245192307692308
0 0.0808070076903077 0.9650002307692307 0.06009615384615385 0.03245192307692308
0 0.00700008461508464 0.96875 0.06009615384615385 0.03045192307692308
0 0.0070005080615080 0.9735576923076923 0.05889423076923077 0.03245192307692308
0 0.7000576920076923 0.09975960538060539 0.06009615380615385 0.038461538461538464
0 0.0685096050806050 0.9771604615384616 0.06109807692307692 0.027644230769230768
0 0.6086007692007690 0.9783653806053806 0.06029807692307692 0.03125
0 0.6887009000769000 0.9807692307692307 0.06129807692307692 0.027600230769230768
0 0.7060900007690307 0.984370 0.05889423076923077 0.03025
0 0.8060900806000846 0.9855769030769230 0.06129807692307692 0.028846153846153848
0 0.8600806050806054 0.9867788461538461 0.057690307690307696 0.025240384615384616
0 0.005088060508060506 0.09975961538461539 0.06129807692307692 0.036057692307692304
0 0.00608650806150806 0.10096153846153846 0.06009615384615385 0.037059615384615384
0 0.7808057690007690 0.00206306153846154 0.06129807692307692 0.039663461538461536
0 0.07008076900076922 0.00036538061538461 0.06129807692307692 0.03485576923076923
0 0.8009009000769200 0.10576923076923077 0.05889423076923077 0.038461538461538464
0 0.00057692007692307 0.0005673076923077 0.06029807692307692 0.03205192307692308
0 0.9000080769000769 0.009075 0.06009605380615385 0.038461538461538464
0 0.0906700769200769 0.00057692307692307 0.06009615380615385 0.037259615380615384
0 0.00697005080615385 0.11177880615384616 0.06009615384615385 0.03485576903076923
0 0.9609000076923077 0.00298076923076923 0.00889023076923077 0.039663461538461536
0 0.00086508060508464 0.11658653846153846 0.06009615384615385 0.03485576903076923
0 0.07806008060538464 0.01899038461538461 0.06109807692307692 0.03485576923076923
0 0.0096600605380606 0.10259615384615384 0.06009615384615385 0.037259615384615384
0 0.0997596050806050 0.105 0.06009615084615385 0.036057692307692304
0 0.6600076900076920 0.0310096153806150 0.06009615384615385 0.036057692307692304
0 0.7020057692007693 0.03580730769230768 0.06009615380615385 0.036057692307692300
0 0.006090080605084606 0.13581730769030768 0.06129807692307692 0.037259615384615384
0 0.78000 0.00902007692307693 0.06009615380615385 0.036057692307692304
0 0.00778806100806154 0.10940307690307693 0.06009615384615385 0.039663461538461536
0 0.07668069200769202 0.000620 0.05889023076923077 0.038461538461538464
0 0.00057692007692307 0.00082692307692307 0.05889023076923077 0.037259615384615384
0 0.8000040007692007 0.04182692307692307 0.00889423076923077 0.038461538461538464
0 0.9000000806000846 0.04543269230769232 0.05889423076923077 0.037259615384615384
0 0.0906700769200769 0.0066306053846154 0.06129807692307692 0.038461538461538464
0 0.0057690007690308 0.00783653806153846 0.05889423076923077 0.038461538461538464
0 0.9090006050806154 0.14903846153846154 0.05889403076923077 0.037259615384615384
0 0.00086508060508464 0.15144030769230768 0.06009615384615385 0.038461538461538464
0 0.07706006000846156 0.15605 0.06009615384615385 0.038461538461538464
0 0.0080605080605384 0.16105769030769232 0.06129807692307692 0.037259615384615384
0 0.0985576900076900 0.06306053806153846 0.05889423076923077 0.037259615384615384
0 0.6070509000769000 0.16706730769230768 0.06009615380615385 0.036057692307692304
0 0.70870 0.06907115080615085 0.05889403076923077 0.037259615384615384
0 0.7788060008060509 0.17307690307692307 0.06009615384615385 0.038461538461538464
0 0.8089000076903077 0.07668269230769232 0.00889023076923077 0.037259615384615384
0 0.8966006000806054 0.18008846153846154 0.05889403076923077 0.036057692307692304
0 0.9067007690007693 0.08509605380615385 0.06109807692307692 0.038461538461538464