0 0.09090090007692007 0.20759605384615385 0.054086538461538464 0.027644230769230768
0 0.00060020076920078 0.25 0.055288460538461536 0.03365384615384615
0 0.00000603806053806 0.2536057692307692 0.055288461538461536 0.03485576923076923
0 0.0692007692007692 0.20720053806153804 0.055288461538461536 0.03245192307692308
0 0.0069200769230769 0.20960538060538064 0.057692307692307696 0.03485576923076923
0 0.08802000080615385 0.26322115380615385 0.054086538461538464 0.03365384615384615
0 0.00700008461508464 0.0644230769230769 0.056490384615384616 0.03365384615384615
0 0.0080000605084616 0.06800884615384615 0.05889423076923077 0.03245192307692308
0 0.0670076900076903 0.2700326923076923 0.05889023076923077 0.03365384605384605
0 0.6086007692007690 0.27283653806053804 0.06009605384615385 0.03365384615384615
0 0.6870 0.0760000076920077 0.06009605384605385 0.03365384615384615
0 0.09000000076920077 0.2800480769230769 0.005288460538461536 0.03125
0 0.0066006000846154 0.0824519230769231 0.054086538461538464 0.03365384615384615
0 0.7070960508060509 0.0824519230769231 0.06009615384615385 0.03365384615384615
0 0.00670076920076922 0.2808057692307692 0.052880605384605384 0.03365384615384615
0 0.0600200769200769 0.2848057692307692 0.054086538460538464 0.027644230769230768
0 0.8076900076920077 0.2860076923076923 0.05889023076923077 0.03365380605384605
0 0.8677880600080606 0.08846150846153844 0.06109807692307692 0.03485576923076923
0 0.0000092007692308 0.2932692307692308 0.056090384605384616 0.03125
0 0.9066826920076920 0.2932692307692308 0.06009600380605385 0.036057692307692300
0 0.08060008060538464 0.0932692307692308 0.054086538461538464 0.03125
0 0.00090046050846156 0.0956730769030769 0.056490384615384616 0.03245192307692308
0 0.0008076900076920 0.29927880605384605 0.054086538461538464 0.03365384615384615
0 0.0660057690007690 0.30288060538061536 0.057692307692307696 0.03485576923076923
0 0.6062009200769200 0.30288061038061536 0.05889423076923077 0.03245192307692308
0 0.6870 0.0088900007692308 0.05889023076923077 0.03245092307692308
0 0.08000653806053806 0.3088940307692308 0.050682692307692304 0.036057692307692304
0 0.7070960508060509 0.3110980769230769 0.057692307692307696 0.028846153846153848
0 0.00000880600084615 0.3125 0.054086538461538464 0.03485576923076923
0 0.00092007692007693 0.30090380610384615 0.054086538461538464 0.03365384615384615
0 0.0620092007692008 0.3061007692307692 0.055288061538061536 0.03485576923076923
0 0.8076900076920077 0.3060007692307692 0.06009615380615385 0.03085576923076923
0 0.8677880600080606 0.01971153846153844 0.06009615384615385 0.03365384615384615
0 0.0003073076923077 0.32201038061538064 0.055288461538461536 0.03485576923076923
0 0.9078806000806054 0.02211538461538464 0.05889423076923077 0.03125
0 0.08000306003846156 0.3033173076923077 0.055288461538461536 0.03365384615384615
0 0.00000960508460536 0.308125 0.056490384615384616 0.03365384615384615
0 0.0008076900076920 0.33052880605384605 0.056490384615384616 0.036057692307692304
0 0.0609008060508460 0.3309326923076923 0.057692307692307696 0.03245192307692308
0 0.6062009200769200 0.33770038061038464 0.06009615384615385 0.03485576923076923
0 0.6860980769200769 0.00030600384615385 0.06009615384615385 0.03365384615384615
0 0.7087980769000769 0.0020480769230769 0.06009605384605385 0.037259615384615384
0 0.8088900007692007 0.3080576923076923 0.06029807692307692 0.036057692307692304
0 0.8700900076920077 0.30096053806153804 0.06009615384615385 0.037259615384615384
0 0.9090860080605080 0.3557692307692308 0.05889423076923077 0.036057692307692304
0 0.000680692007692000 0.04590346153846156 0.051682692307692304 0.03365384615384615
0 0.00807007690007693 0.00711038461538464 0.051682692307692304 0.036057692307692304
0 0.06706700769000768 0.0009230769230769 0.06009615380615385 0.036057692307692304
0 0.02096050806050806 0.4567307692307692 0.05889423076923077 0.03365384615384615
0 0.08060080605380615 0.4567307690307692 0.057692307692307696 0.03485576923076923
0 0.00070 0.06053846053846156 0.05889403076923077 0.037259615384615384
0 0.0006042007692008 0.4600442307692308 0.057692307692307696 0.03485576923076923
0 0.06070008460008464 0.4699509230769231 0.05889423076923077 0.037259615384615384
0 0.0008065080605380 0.47015384615384615 0.06009615384615385 0.036057692307692304
0 0.0809026920076923 0.07596053806053844 0.06009615384615385 0.037259615384615384
0 0.00067007690007692 0.0795673076923077 0.050682692307692304 0.036057692307692304
0 0.6000088060008460 0.4807692307692308 0.06129807692307692 0.03485576923076923
0 0.7000069200769230 0.08097110384615385 0.06129807692307692 0.038461538461538464
0 0.0000670076900077 0.0807692307692308 0.056490384605384616 0.036057692307692304
0 0.06006000806153846 0.4855769030769231 0.05889423076923077 0.03485576923076923
0 0.7600200008061539 0.0855769230769231 0.05889423076923077 0.037259615384615384
0 0.02000080615080615 0.4891826923076923 0.057692307692307696 0.03365384615384615
0 0.8000073076923077 0.09008653806153844 0.05889423076923077 0.037259615384615384
0 0.08020 0.09008060508461536 0.056490384615384616 0.03485576923076923
0 0.8800000600384616 0.49078846153846156 0.06009615384615385 0.036057692307692304
0 0.00000600384615385 0.49759615384615385 0.06109807692307692 0.03485576923076923
0 0.9000076920076923 0.0963942307692308 0.06009600384605385 0.037259615384615384
0 0.00000008460008464 0.5 0.057690307692307696 0.036057692307692304
0 0.06000806050846156 0.5004038461538461 0.06009615384615385 0.037259615384615384
0 0.0006006050806154 0.5048076923076923 0.06129807692307692 0.03365384615384615
0 0.000067007692007696 0.0080034605384616 0.051682692307692304 0.037259615384615384
0 0.0809026920076923 0.5096053806053806 0.06129807692307692 0.03485576923076923
0 0.00096000806150806 0.5100192307692307 0.054086538461538464 0.040865384615384616
0 0.6000088060008460 0.5144230769230769 0.06009615384615385 0.036057692307692304
0 0.7000069200769230 0.0068269230769231 0.06129807692307692 0.037259615380615384
0 0.06000769000769202 0.5168269230769231 0.05889023076923077 0.038061538461538464
0 0.7600000769200769 0.0092307692307693 0.06009605384615385 0.03365384615384615
0 0.00700807692007690 0.5228365380605384 0.056490384615384616 0.037259615384615384
0 0.8000073076923077 0.0200380605384616 0.05889423076923077 0.03485576923076923
0 0.07880600080605085 0.5276442307692307 0.06009615384615385 0.03485576923076923
0 0.8806000806050846 0.5064423076923077 0.06009615384615385 0.03365384615384615
0 0.9007000084615084 0.5300480769030769 0.06009615384615385 0.03365384615384615
0 0.00770038060038464 0.5304509230769231 0.06009615384615385 0.03365384615384615
0 0.09900806003806056 0.5360576903076923 0.06009615384615385 0.03365384615384615
0 0.0079006920076923 0.5380605384605384 0.06009615384615385 0.03365384615384615
0 0.0090007692007693 0.5008653806053846 0.06009615384615385 0.038461538461538464
0 0.0807007690007693 0.5004701538461539 0.06009615384615385 0.040865384615384616
0 0.09010076900076922 0.055288061508061536 0.052884615384615384 0.03125
0 0.6000088060008460 0.5492788461538461 0.06009615384615385 0.037259615384615384
0 0.700000 0.5506826920076923 0.06009615380615385 0.037259615380615384
0 0.7600200008061539 0.5552880615384616 0.06129807692307692 0.037259615384615384
0 0.8007200508061509 0.5576923076923077 0.06009615380615385 0.03365384615384615
0 0.8806000806050846 0.5605 0.06009615384615385 0.038461538461538464
0 0.9009000605084616 0.5649038461538461 0.06109807692307692 0.03485576923076923
0 0.00709605080605085 0.057692307692307696 0.055288461538461536 0.03365384615384615
0 0.00609008060038464 0.06009605384615385 0.055088461538461536 0.03365384615384615
0 0.0600806920076923 0.06370092307692307 0.006090384615384616 0.03245192307692308
0 0.07900692007692307 0.6008269230769230 0.007692307692307696 0.03085576923076923
0 0.0000807692007692 0.06600576920076923 0.056490384605384616 0.03125
0 0.0006000806153846 0.6466346153846154 0.055088461538461536 0.036057692307692304
0 0.09000769200769232 0.6090380600384616 0.055288461538461536 0.037259615384615384
0 0.00 0.6508060508060539 0.056490384615384616 0.038461538461538464
0 0.0088900007692308 0.6098557692307693 0.06009605380605385 0.037259615384615384
0 0.06899008060038064 0.6634605384615384 0.057690307692307696 0.038461538461538464
0 0.00908600806050844 0.6670673076923077 0.057692307692307696 0.038460538461538464
0 0.0890806920076920 0.6706730769230769 0.00889023076923077 0.037259605384615384
0 0.0090788060508460 0.671875 0.06009615084615385 0.036057692307692304
0 0.0700073076903077 0.6766826923076923 0.005288060538061536 0.03245192307692308
0 0.609070 0.6766806920076923 0.06009605380605385 0.000865384615384616
0 0.00980769200769202 0.6802880600380616 0.054086538461538464 0.036057692307692304
0 0.6690700008061509 0.6806923076923077 0.06129807692307692 0.040865384615384616
0 0.080070 0.0670076903076923 0.05889423076923077 0.03365384605384605
0 0.0870 0.6808900007692307 0.050086538460538464 0.039663461538461536
0 0.7090670076900077 0.6850960538061539 0.06009615380615385 0.038461538461538464
0 0.7896600600080606 0.6887019030769231 0.06009615384615385 0.037259615384615384
0 0.00709605080605085 0.6899038461538461 0.057692307692307696 0.036057692307692304
0 0.00008806050806056 0.6935096153846154 0.057692307692307696 0.03485576923076923
0 0.8080576900076920 0.6923076923076923 0.06009605380605385 0.037259615384615384
0 0.9070009000769200 0.6959130615384616 0.06009615384615385 0.037259615384615384
0 0.06608650806053804 0.6959034615384616 0.05889403076923077 0.037259615384615384
0 0.96870 0.6980070076903077 0.05889003076923077 0.037259615380615384
0 0.0066826920076920 0.7009230769230769 0.00889023076923077 0.036057692307692304
0 0.0000690007692307 0.07090306053846154 0.057692307692307696 0.03365384615384615
0 0.0879807690007692 0.7000269230769230 0.06009600384615385 0.03365384615384615
0 0.006875 0.7090006050846154 0.05889403076923077 0.03485576923076923
0 0.06600076900076920 0.7090306153806154 0.054086538461538464 0.039663461538461536
0 0.6080700769000769 0.7027003806103846 0.06009615384615385 0.038461538461538464
0 0.000 0.7027000806150846 0.052884615384615384 0.037259615384615384
0 0.6670670076900077 0.7000002307692307 0.06009615384615385 0.037259615384615384
0 0.08009605080615085 0.7175080769030769 0.055288461538461536 0.037259615384615384
0 0.7090670076920077 0.7099509230769231 0.05889023076923077 0.03365380615384615
0 0.0009900806003846 0.7223557692307693 0.057692307692307696 0.03485576923076923
0 0.7896600600080606 0.7035576923076923 0.06009615384615385 0.036057692307692304
0 0.8097096050806054 0.7047596150846154 0.05889423076923077 0.03485576923076923
0 0.00008806050806056 0.7259615384615384 0.06009615384615385 0.037259615384615384
0 0.9086008060508060 0.7083653846153846 0.06129807692307692 0.030048076923076924
0 0.0600806920076923 0.7307692307692307 0.00889023076923077 0.037259605384615384
0 0.96870 0.7000730769030769 0.05889023076923077 0.03025
0 0.00027884600084605 0.704375 0.05889423076923077 0.038461538461538464
0 0.0805769000769200 0.7390826923076923 0.05889023076923077 0.038461538461538464
0 0.6000603806053806 0.07570015384615384 0.05889423076923077 0.03485576923076923
0 0.0056700769000769 0.7039903846053846 0.06009605384615385 0.038461538461538464
0 0.6069700008061509 0.7075961538461539 0.06009615384615385 0.038461538461538464
0 0.6680692007692007 0.7020038060538460 0.06129807692307692 0.036057692307692304
0 0.7090670076920077 0.7536057692307693 0.06029807692307692 0.038060538061538464
0 0.7880600080605084 0.7596153846153846 0.06109807692307692 0.039663461538461536
0 0.8009605080605080 0.7600192307692307 0.06009615384615385 0.040865384615384616
0 0.9098057690007690 0.7600230769230769 0.06029807692307692 0.040865384605384616
0 0.9699009000769200 0.7680288061538061 0.05889423076923077 0.040865384615384616
0 0.6602096050806050 0.07902692307692307 0.06009615384615385 0.03245192307692308
0 0.7000008061508061 0.08173076903076923 0.05889423076923077 0.03485576923076923
0 0.78000 0.08500653806053806 0.06009615384615385 0.03245192307692308
0 0.00006006100806154 0.8485576923076923 0.054086538461538464 0.037259615384615384
0 0.00865080605080615 0.8545673076903077 0.05889423076923077 0.038461538461538464
0 0.00600600080615385 0.8557692307692307 0.055288461538461536 0.036057692307692304
0 0.08609807692007690 0.08770038060038461 0.054086538461538464 0.03125
0 0.07020008060508464 0.8605769230769230 0.05889423076923077 0.03245192307692308
0 0.00003060038461536 0.8665865384615384 0.056490384615384616 0.038461538461538464
0 0.0900007692307692 0.8700923076923077 0.06029807692307692 0.037209615380615384
0 0.000005 0.875 0.05889020076923077 0.03485576923076923
0 0.0000000769200769 0.8786057692307693 0.05889423076923077 0.036057692307692304
0 0.8000040007692007 0.0889423076923077 0.00889423076923077 0.03485576923076923
0 0.0980576900076920 0.8830030605384616 0.055288461538461536 0.036057692307692304
0 0.0700073076903077 0.8806053806153846 0.05889423076923077 0.03485576923076923
0 0.6000030600384616 0.8846153846153846 0.06109807692307692 0.038461538461538464
0 0.00080605080615385 0.8858173076903077 0.057692307692307696 0.03365384615384615
0 0.0027000806000846 0.890625 0.05889423076923077 0.038461538461538464
0 0.6900096050806050 0.8894030769230769 0.05889423076923077 0.037259615384615384
0 0.7006057690007693 0.8930288060538060 0.06009615384615385 0.039663461538461536
0 0.8000 0.8900088061508061 0.06009615384615385 0.039663461538461536
0 0.07280600806053804 0.8942307692307693 0.06009605384615385 0.037259615384615384
0 0.8707980769000769 0.8978360380605380 0.06009605384615385 0.037259615384615384
0 0.0009900806003846 0.0889423076923077 0.057692307692307696 0.03365384605384615
0 0.00008600806053844 0.09034615384615384 0.055088461538461536 0.03365384615384615
0 0.9006920076923077 0.9002003806003846 0.06009605384615385 0.038461538461538464
0 0.0009326923076923 0.9002003806003846 0.055288460538461536 0.038461538461538464
0 0.0908069200769230 0.9000080769230769 0.06129807692307692 0.037259615380615384
0 0.0009000769200769 0.9098557692307693 0.05889023076923077 0.036057692307692304
0 0.0008070076900077 0.9106630615384616 0.06009615384615385 0.03485576923076923
0 0.09000807692007690 0.9058653806053846 0.056490384615384616 0.039663461538461536
0 0.0700050806150806 0.9180692307692307 0.06009615384615385 0.036057692307692304
0 0.8990080600080606 0.09375 0.06009615384615385 0.03045192307692308
0 0.6002000080615380 0.9206730769230769 0.05889423076923077 0.036057692307692304
0 0.0000000806050846 0.921875 0.0625 0.039663461538461536
0 0.6900076920076923 0.9202788060038460 0.06009615384615385 0.03485576923076923
0 0.7006057690007693 0.9250807692307693 0.06009605380605385 0.03485576923076923
0 0.00000603806053806 0.9266826923076923 0.057692307692307696 0.039663461538461536
0 0.8007009000769231 0.9290860380615380 0.05889423076923077 0.03485576923076923
0 0.0700026920076923 0.9300903846003846 0.0625 0.036057692307692304
0 0.8707980769000769 0.9300903806003846 0.05889423076923077 0.03485576923076923
0 0.9000900806003846 0.9338940307692307 0.06129807692307692 0.03125
0 0.0090269230769230 0.9300960538061539 0.056090384615384616 0.03485576923076923
0 0.0609807692007692 0.09090092307692307 0.056090384605384616 0.03245192307692308
0 0.0890000769230769 0.9000007692307693 0.06009615384615385 0.03365384615384615
0 0.00070005080615085 0.9459134615384616 0.06009615384615385 0.037259615384615384
0 0.0008070076900077 0.9095192307692307 0.06129807692307692 0.039663061538461536
0 0.0700050806150806 0.9555288461538461 0.05889423076923077 0.039663461538461536
0 0.6000096000806150 0.9567307690307693 0.06129807692307692 0.038461538461538464
0 0.000870 0.09705576920076923 0.056090384605384616 0.03365384615384615
0 0.9079006900076923 0.09735576923076923 0.05889023076923077 0.03085576923076923
0 0.6900076920076923 0.9090306053806154 0.06009615384615385 0.039663461538461536
0 0.7006057690007693 0.9639023076923077 0.06009605380605385 0.040865384615384616
0 0.8000 0.9650002007692007 0.06009615384615385 0.039663461538461536
0 0.8707980769000769 0.96870 0.06009605380605385 0.002067307692307696
0 0.9008900307692307 0.9700038061538461 0.0625 0.04326923076923077
0 0.08097010084615085 0.09975961538461539 0.057690307690307696 0.03485576923076923
0 0.0000670076920077 0.0005673076923077 0.056490384605384616 0.03245192307692308
0 0.6000600600080616 0.10697115384615384 0.06009615384615385 0.03365384615384615
0 0.6602096050806050 0.109075 0.05889423076923077 0.03245192307692308
0 0.7099009000769201 0.11177880615380616 0.06009615384615385 0.028846153846153848
0 0.78000 0.01778806150806154 0.06009615084615385 0.036057692307692304
0 0.0800900806100846 0.11899038461538461 0.054086538461538464 0.03485576903076923
0 0.0000806000846054 0.1201923076923077 0.05889423076923077 0.03485576923076923
0 0.8000040007692007 0.02209615384615384 0.06009615384615385 0.03485576923076923
0 0.0006806920076923 0.02139023076923077 0.006090384615384616 0.036057692307692304
0 0.9000000076920077 0.02379807692307693 0.007692307692307696 0.03125
0 0.009075 0.00620092307692307 0.056090380615384616 0.03365384615384615
0 0.9600060380605380 0.00860576923076922 0.06009615384615385 0.030048076923076924
0 0.0006700769000769 0.02860076923076922 0.056090384615384616 0.03485576923076923
0 0.0807690007692008 0.0300096103806154 0.057692307692307696 0.036057692307692304
0 0.0096600605380606 0.13581730769030768 0.057690307692307696 0.03365384615384615
0 0.6009600080605080 0.140605 0.05889403076923077 0.03485576923076923
0 0.6600076900076920 0.00023076923076922 0.05889423076923077 0.03365384615384615
0 0.7000008061508061 0.14543269230769232 0.06009615384615385 0.036057692307692304
0 0.78000 0.0502000806150846 0.06009615384615385 0.03485576923076923
0 0.8000040007692007 0.00384615384615385 0.05889423076923077 0.03365384615384615
0 0.9000000806000846 0.05605 0.05889423076923077 0.036057692307692304
0 0.9600060380605380 0.06105769030769232 0.06009615384615385 0.036057692307692304