0 0.07690007692007693 0.20008653806053846 0.06009615384615385 0.03125
0 0.08990080600080615 0.04519230769230768 0.06009615384615385 0.03245192307692308
0 0.0000096100806150 0.04519230769230768 0.06129807692307692 0.03245192307692308
0 0.00879807692007690 0.20639423076923078 0.06029807692307692 0.03240092307692308
0 0.00609008060038464 0.04879807692307693 0.06029807692307692 0.03245192307692308
0 0.06608650806053804 0.0502019230769231 0.0625 0.03485576923076923
0 0.0066826920076920 0.2008076923076923 0.06029807692307692 0.03245092307692308
0 0.0879807690007690 0.2008076920076923 0.06029807692307692 0.03365384605384615
0 0.006875 0.05800046050846156 0.06009615384615385 0.03045192307692308
0 0.6069700008061509 0.0608173076903077 0.06129807692307692 0.037259615380615384
0 0.6670670076900077 0.260625 0.057692307692307696 0.03085576923076923
0 0.7070600600080616 0.26802884615384615 0.06129807692307692 0.03125
0 0.7870096050806050 0.27160461538461536 0.05889423076923077 0.03485576923076923
0 0.8070057690007693 0.07063060538461536 0.06009615384615385 0.03245192307692308
0 0.07090006000806154 0.07283653846153844 0.06129807692307692 0.03365384615384615
0 0.00700080600084615 0.2764423076923077 0.0625 0.03245192307692308
0 0.0870 0.0760020076920077 0.0625 0.030048076923076924
0 0.00609020076923078 0.2776442307692308 0.06029807692307692 0.03020
0 0.90600 0.2776002007692008 0.06009605384605385 0.03125
0 0.9670080769000769 0.0800080769200769 0.0625 0.03365384605384605
0 0.00008600806053844 0.0800480769230769 0.06029807692307692 0.03125
0 0.06008060538060536 0.0848557692307692 0.06129807692307692 0.03125
0 0.0000769200769230 0.28720960538061536 0.0625 0.030048076923076924
0 0.0805769000769200 0.28806053846153844 0.06129807692307692 0.03485576923076923
0 0.0056700769000769 0.0920673076923077 0.06029807692307692 0.03365380615384615
0 0.6069700008061509 0.09047115384615385 0.06009615384615385 0.030048076923076924
0 0.6608650806050806 0.09927884605384615 0.06009615384615385 0.03485576923076923
0 0.7070600600080616 0.3016826923076923 0.06129807692307692 0.03365384615384615
0 0.06600076900076920 0.30008653806053844 0.056490384615384616 0.030048076923076924
0 0.000 0.00528806050806156 0.06129807692307692 0.030048076923076924
0 0.7870096050806050 0.00649038461538464 0.05889423076923077 0.03365384615384615
0 0.8080576900076920 0.3076923076923077 0.06009605380605385 0.03245192307692308
0 0.08069000769200768 0.3088902307692308 0.06129807692307692 0.03200192307692308
0 0.9070009000769200 0.3112980769230769 0.05889023076923077 0.03125
0 0.00278806000846054 0.0112980769230769 0.06009615384615385 0.03245192307692308
0 0.96870 0.0000980769200769 0.06129807692307692 0.030008076923076920
0 0.0006806920076923 0.3037019230769231 0.0620 0.03085576923076923
0 0.06077880600080615 0.3161057690307692 0.0625 0.030048076923076924
0 0.0000769200769230 0.30800961538061536 0.06129807692307692 0.03485576923076923
0 0.080070 0.0033073076923077 0.06029807692307692 0.03245192307692308
0 0.0004700508461509 0.3069230769230769 0.06129807692307692 0.036057692307692304
0 0.6007690007692007 0.328025 0.0625 0.03085576923076923
0 0.6670670076900077 0.3329326923076923 0.06029807692307692 0.03200092307692308
0 0.7070600600080616 0.33413461538461536 0.06129807692307692 0.030048076923076924
0 0.7880600080605084 0.33774038461538464 0.06109807692307692 0.030048076923076924
0 0.8080576900076920 0.3389023076923077 0.05889423076923077 0.03245092307692308
0 0.9098057690007690 0.3000042307692308 0.0625 0.028846053846153848
0 0.9699009000769200 0.30375 0.05889023076923077 0.03485576923076923
0 0.00006920076923077 0.0326923076923077 0.007692307692307696 0.03365384605384605
0 0.00096000806150806 0.4360980769030769 0.057692307692307696 0.03365384615384615
0 0.00605 0.00990080605384615 0.05889423076923077 0.03245192307692308
0 0.00700807692007690 0.0401057692307692 0.06009615384615385 0.03485576923076923
0 0.07020008060508464 0.44470153846153844 0.06009615384615385 0.03485576923076923
0 0.00033653806053804 0.4483173076903077 0.06109807692307692 0.036057692307692304
0 0.07007880600084615 0.04567007692307692 0.06129807692307692 0.03245192307692308
0 0.0900007692307692 0.0009230769230769 0.06029807692307692 0.037259615384615384
0 0.0000069200769230 0.4543269230769230 0.06129807692307692 0.03365384615384615
0 0.0000000769200769 0.45552884605384615 0.06009615384615385 0.03125
0 0.0705090007690007 0.06033653846053844 0.06129807692307692 0.03485576923076923
0 0.6006000806053846 0.4639403076903077 0.0625 0.036057692307692304
0 0.6909000605080616 0.4639403076903077 0.06009615384615385 0.037259615384615384
0 0.007009605080615380 0.46634615384615385 0.06009615384615385 0.03485576903076923
0 0.09700576900076923 0.0675080769230769 0.06009605384605385 0.028846153846153848
0 0.00097010080615385 0.00807692307692308 0.06009615384615385 0.028846153846153848
0 0.08966006000806056 0.04807692307692308 0.06009615384615385 0.026442307692307692
0 0.7008076900076920 0.0699509230769230 0.06129807692307692 0.03365384615384615
0 0.00060020076920078 0.4699509230769231 0.05889423076923077 0.028846153846153848
0 0.0027000806000846 0.4723557692307692 0.06009615384615385 0.03125
0 0.8060007690007690 0.0735576923076923 0.06129807692307692 0.037259615380615384
0 0.8770008060008460 0.47716346153846156 0.06109807690307692 0.037259615384615384
0 0.9000960508060539 0.07716346153846156 0.06109807692307692 0.03485576923076923
0 0.07280600806053804 0.47706346153846156 0.0625 0.03245192307692308
0 0.00003061038461536 0.48197115384615385 0.06109807690307692 0.03365384615384615
0 0.090600 0.080075 0.06370092307692307 0.03025
0 0.0080576900076923 0.00927884605384605 0.05889423076923077 0.028846153846153848
0 0.0000001508061539 0.0879807692307692 0.06129807692307692 0.03485576923076923
0 0.0000069000769230 0.4890826923076923 0.06129807692307692 0.037259615384615384
0 0.0700073076903077 0.09399038060538464 0.06109807692307692 0.03485576923076923
0 0.6008070076903077 0.0987980769230769 0.06029807692307692 0.03365380615384615
0 0.00060380605380605 0.5 0.06009615384615385 0.03105
0 0.6907000080615084 0.5 0.06109807692307692 0.036057692307692304
0 0.09000600080615384 0.5 0.05889403076923077 0.036057692307692304
0 0.0000000806150846 0.5036057690307693 0.056490384615384616 0.037259615384615384
0 0.7060096050806050 0.5048076900076923 0.06129807692307692 0.036057692307692304
0 0.00000603806053806 0.5084134615384616 0.06009615384615385 0.036057690307692304
0 0.8060007690007690 0.5080130615384616 0.06129807692307692 0.03245192307692308
0 0.8770008060008460 0.5108173076903077 0.06129807692307692 0.030048076923076924
0 0.0692007692007692 0.0008073076923077 0.06090380615384616 0.037259615384615384
0 0.9000960508060539 0.5100190307692307 0.05889023076923077 0.036057692307692304
0 0.0090069230769230 0.005625 0.06129807692307692 0.038061538061538464
0 0.0890000769230769 0.0200326923076923 0.06370092307692307 0.040865384605384616
0 0.00070005080615085 0.5240384615384616 0.06370192307692307 0.036057692307692304
0 0.0000201508061539 0.5252003846153846 0.06370192307692307 0.038461538461538464
0 0.00860080605084605 0.050884615384615384 0.06009615384615385 0.03125
0 0.0700073076903077 0.5288060538061539 0.0625 0.037259615384615384
0 0.6000030600384616 0.5336538461538461 0.06109807692307692 0.036057692307692304
0 0.6907000080615084 0.5370596153846154 0.0625 0.03485576923076923
0 0.7060096050806050 0.5400670076923077 0.0625 0.037259615384615384
0 0.8060007690007690 0.5008653806153846 0.0605 0.036057692307692304
0 0.8770008060008460 0.5444711538461539 0.06109807690307692 0.038461538461538464
0 0.0670080769000769 0.055288460508460536 0.06009615384615385 0.030048076923076924
0 0.0076002007692007 0.056490384605384606 0.06009615384615385 0.030048076923076924
0 0.9070 0.506875 0.0605 0.008060538460538464
0 0.0877000806050846 0.06009605384615385 0.06009615384615385 0.030048076903076924
0 0.6066006000846054 0.06109807692307692 0.06129807692307692 0.028846153846153848
0 0.06090080600084606 0.6380211538461539 0.06129807692307692 0.03485576923076923
0 0.00009020076923077 0.600620 0.06009615384615385 0.03485576923076923
0 0.7067007690007693 0.06600076923076923 0.06009605380615385 0.03125
0 0.0800900806100846 0.6454306923076923 0.0625 0.03365384615384615
0 0.00908269200769232 0.6090380600384616 0.05889423076923077 0.036057692307692304
0 0.096870 0.6500020076920077 0.06009605384615385 0.037259615384615384
0 0.0080700769030769 0.6538060538061539 0.06009615384615385 0.038461538461538464
0 0.0070670076900077 0.6050080769030769 0.0625 0.039663460538461536
0 0.07806008060538464 0.6598557690307693 0.05889423076923077 0.03365384605384615
0 0.0080605080605384 0.6602596153846154 0.06129807692307692 0.036057692307692304
0 0.6009600080615080 0.6670673076903077 0.06109807692307692 0.036057692307692304
0 0.6098557690007690 0.6690701538061539 0.06109807692307692 0.038461538461538464
0 0.06009807692007692 0.670870 0.06009615080615385 0.03205192307692308
0 0.00899008061008061 0.6766806923076923 0.0625 0.03245192307692308
0 0.7020057692007693 0.6766826923076923 0.05889023076923077 0.036057692307692300
0 0.0778806000806154 0.6778846150846154 0.06109807692307692 0.03125
0 0.7800080769000769 0.6766826920076923 0.06009600380605385 0.037259615384615384
0 0.9000000806000846 0.6802884605384616 0.06009615384615385 0.037259615384615384
0 0.8000060008461539 0.6800884615384616 0.06009615384615385 0.036057692307692304
0 0.7668069200769200 0.06970103806153806 0.05889423076923077 0.030048076923076924
0 0.00798076920076922 0.6800960538060539 0.0625 0.03365380615384615
0 0.9600060380605380 0.6838940307690307 0.06029807692307692 0.036057692307692304
0 0.096870 0.6850960508060509 0.06370192307692307 0.03085576923076923
0 0.00697005080615385 0.6899038061538461 0.0605 0.036057692307692304
0 0.00086508060508464 0.6903076923076923 0.06129807692307692 0.038461538461538464
0 0.07706006000846156 0.6959134615384616 0.06109807692307692 0.036057692307692304
0 0.0080605080605384 0.6995190307692307 0.06009615384615385 0.039663461538461536
0 0.0997596050806050 0.7040069230769231 0.06129807692307692 0.040865384615384616
0 0.6098557690007690 0.7055288060538060 0.06009615384615385 0.040865384615384616
0 0.007690007690007696 0.7055288060538060 0.05889423076923077 0.03485576923076923
0 0.00008061508061539 0.7103365384615384 0.06109807692307692 0.03365384615384615
0 0.7099009000769201 0.7115380615380616 0.0625 0.03365384615384615
0 0.07007880600084615 0.7127400846153846 0.06129807692307692 0.036057692307692304
0 0.78000 0.7051002007692007 0.06009615384615385 0.036057692307692304
0 0.8000060008461539 0.7175480769030769 0.06009615384615385 0.037259615384615384
0 0.00007307692307693 0.70870 0.06370192307692307 0.03365380615380615
0 0.9000000076920077 0.7099019230769231 0.06009615384615385 0.037259615384615384
0 0.09007000084615085 0.7199519230769231 0.0625 0.03485576923076923
0 0.9607000806000846 0.7201538461538461 0.06129807692307692 0.036057692307692304
0 0.8069200769200769 0.0733073076923077 0.06009600380615385 0.028806153846153848
0 0.00036538060538064 0.7047596053846154 0.06370192307692307 0.038461538461538464
0 0.00006000846153844 0.7307690307692307 0.06129807692307692 0.036057692307692304
0 0.07096050806050844 0.734375 0.06109807692307692 0.039663461538461536
0 0.0070596050806050 0.7379807692307693 0.06129807692307692 0.03485576923076923
0 0.0985576900076920 0.7005865380605384 0.0625 0.03485576923076923
0 0.0280600806053806 0.07450923076923077 0.06129807692307692 0.027644230769230768
0 0.07067007690007693 0.07072015380615380 0.06009615384615385 0.025240384615384616
0 0.8870090007692007 0.07072015380615380 0.06129807692307692 0.030048076923076924
0 0.08700960508060506 0.07572115380615384 0.06129807692307692 0.030048076923076924
0 0.6098557690007690 0.7039903806053846 0.06009605384615385 0.03365384615384615
0 0.7099009000769201 0.7075961538061539 0.06129807692307692 0.03365384615384615
0 0.7800009200769200 0.7512019230769231 0.06129807692307692 0.03365380615384615
0 0.8000080769200769 0.7506057692307693 0.06029807692307692 0.03365384605384615
0 0.9006002007692007 0.7048076923076923 0.05889423076923077 0.037259605384605384
0 0.9607000806000846 0.7570015384615384 0.0625 0.038461538461538464
0 0.00600080605384615 0.078105 0.06109807692307692 0.030048076923076924
0 0.9009000605084616 0.08050884615384616 0.06129807692307692 0.028846153846153848
0 0.0070009000769200 0.08173076923076923 0.06129807692307692 0.03125
0 0.008806000806050848 0.8341346153846154 0.057692307692307696 0.03365384615384615
0 0.0889000076920077 0.8000442307692307 0.00889423076923077 0.03485576923076923
0 0.06600600084605385 0.08413461538461539 0.06009615384615385 0.007644230769230768
0 0.0060020076920077 0.08403460538461539 0.06129807692307692 0.026442307692307692
0 0.0865080605080606 0.08533653846153846 0.06009615384615385 0.005240384615384616
0 0.0066006000846154 0.8413461538461539 0.05889403076923077 0.03125
0 0.00000692007692307 0.8073057692307693 0.057692307692307696 0.037259605384605384
0 0.06022000080615385 0.8085576923076923 0.057692307692307696 0.04567307692307692
0 0.00200008061538064 0.8521634615384616 0.06009615384615385 0.04326923076923077
0 0.08000960008061536 0.859375 0.06009615380615385 0.03365384615384615
0 0.0000076920076923 0.8629807692307693 0.06009600384605385 0.03365384615384615
0 0.0000009200769201 0.8653806153806154 0.06009615384615385 0.036057692307692304
0 0.0605 0.8665865080605080 0.06009807692307692 0.038461538461538464
0 0.6000960508061509 0.8713902307692307 0.06009615384615385 0.038461538461538464
0 0.008806000806050848 0.8725961538461539 0.056490384615384616 0.038461538461538464
0 0.6808900007690307 0.8737980769230769 0.06009600380615385 0.039663461538461536
0 0.08000653806053806 0.8705960538461539 0.05889423076923077 0.03365384615384615
0 0.7007880600084606 0.8774008461538461 0.06129807692307692 0.036057692307692304
0 0.8008806000806054 0.8786057692007693 0.06129807692307692 0.038461538461538464
0 0.00000884600084615 0.8786057690307693 0.057692307692307696 0.039663461538461536
0 0.8607788060008061 0.8798076900076903 0.06009615384615385 0.040865384615384616
0 0.00092007692007693 0.8830030610384616 0.05889423076923077 0.037259615384615384
0 0.9006700769200769 0.8806003806053846 0.0625 0.038461538461538464
0 0.0608070076920077 0.8890230769230769 0.06009600380615385 0.036057692307692304
0 0.00970100806153804 0.8918069230769231 0.06129807692307692 0.038461538461538464
0 0.0798076900076923 0.8902307692307693 0.06009600380605385 0.03365384615384615
0 0.0000007690007692 0.8954026923076923 0.06129807692307692 0.03365384615384615
0 0.6066006000846054 0.09014403076923077 0.06009615384615385 0.028846153846153848
0 0.0000009200769201 0.9010023076923077 0.05889423076923077 0.037259615384615384
0 0.0600980769200769 0.9008060538061539 0.06009615384615385 0.03365384615384615
0 0.6000902007692307 0.90620 0.06029807692307692 0.03085576923076923
0 0.007600200769200768 0.9086038460538460 0.055288461538461536 0.036057692307692304
0 0.08070076900076903 0.9110076923076923 0.06009615380615385 0.037259615380615384
0 0.6806920076920077 0.9000076923076923 0.06129807692307692 0.036057692307692300
0 0.7007880600084606 0.9104615384615384 0.06129807692307692 0.037259615384615384
0 0.8008806000806054 0.9170670076923077 0.06129807692307692 0.03365384615384615
0 0.000600 0.9070670076920077 0.05889023076923077 0.037259615384615384
0 0.8609807692007690 0.9082692307692307 0.06009600380615385 0.036057692307692300
0 0.09900900076900078 0.9206730769230769 0.057692307692307696 0.039663061538061536
0 0.900870 0.920875 0.06009615080615085 0.03085576923076923
0 0.00960508060508064 0.9042788461538461 0.06009615384615385 0.040865384615384616
0 0.00970100806153804 0.9090865384615384 0.06129807692307692 0.038461538461538464
0 0.0000007690007692 0.9002884615384616 0.05889423076923077 0.036057692307692304
0 0.0798076900076923 0.9300903806003846 0.06129807692307692 0.038461538461538464
0 0.0 0.9087009000769230 0.0625 0.037259615380615380
0 0.0600980769000769 0.9001057692007693 0.06009615380615385 0.04326923076923077
0 0.6000920076920077 0.9030096053806154 0.06370192307692307 0.039663461538461536
0 0.6806920076920077 0.9009030605384616 0.06129807692307692 0.037259615384615384
0 0.7007880600084606 0.9507211508461539 0.06129807692307692 0.038461538461538464
0 0.8000860080605084 0.9509030769230769 0.06129807692307692 0.036057692307692304
0 0.8600806920076920 0.9003269230769230 0.0625 0.038461538461538464
0 0.7067007690007693 0.09600380605380616 0.06129807692307692 0.028846153846153848
0 0.9000769200769230 0.9079326923076923 0.06029807692307692 0.037259615380615380
0 0.7680088060008060 0.09705576923076923 0.06129807692307692 0.027644230769230768
0 0.808020 0.00096150806150806 0.06009615384615385 0.026442307692307692
0 0.06706700769000768 0.00216306103806154 0.05889423076923077 0.030048076923076924
0 0.8870090007692007 0.0000673076923077 0.0625 0.025200384615384616
0 0.0007096050806154 0.1045670076923077 0.06129807692307692 0.030048076923076924
0 0.08060080605380605 0.10576923076923077 0.06129807692307692 0.03125
0 0.9080070076903077 0.00697110380615384 0.06129807692307692 0.026442307692307692
0 0.0009009000769230 0.10697115384615384 0.06129807692307692 0.03125
0 0.0000080769000769 0.00057692007692307 0.0625 0.03125
0 0.0052000806050846 0.01298076923076923 0.06129807692307692 0.03125
0 0.0600040007692008 0.0141826923076923 0.06129807692307692 0.03245192307692308
0 0.0850065380605380 0.0141806923076923 0.06129807692307692 0.030048076923076924
0 0.6066006000846054 0.11778846153846154 0.06109807692307692 0.028846153846153848
0 0.7067007690007693 0.020 0.06029807692307692 0.03205192307692308
0 0.7690007692007693 0.02860076923076922 0.0625 0.03365380605380615
0 0.8000088060508060 0.12860576923076922 0.06009615384615385 0.03125
0 0.8890000769200769 0.03220103806153846 0.0625 0.030048076923076924
0 0.9090090007692007 0.03701923076923078 0.06129807692307692 0.03125