0 0.6899008060008060 0.3004807690307692 0.057692307692307696 0.03125
0 0.7070960508060509 0.3016806923076923 0.06009615384615385 0.030048076923076924
0 0.8076900076920077 0.30288060038060536 0.06009615384615385 0.027644230769230768
0 0.8660865080605080 0.30508846053846156 0.05889403076923077 0.027644230769230768
0 0.9066826920076920 0.3037009230769231 0.00889023076923077 0.030008076923076924
0 0.6887009000769200 0.33002880615380615 0.05889423076923077 0.036057692307692304
0 0.8076900076920077 0.33003060038461536 0.0625 0.03125
0 0.7070960508061509 0.33413461538461536 0.06109807690307692 0.03485576923076923
0 0.8689900806000806 0.33653846053846156 0.06009615384615385 0.037059615384615384
0 0.9066826920076920 0.3009009230769230 0.06129807692307692 0.03365384615384615
0 0.6887009000769200 0.3601826923076923 0.06009610380615385 0.03365384615384615
0 0.7087980769000769 0.06608653806053844 0.0625 0.03485576923076923
0 0.8088900007692007 0.36899038060038464 0.06029807692307692 0.03485576923076923
0 0.8677880600080606 0.0713940307692308 0.06009615384615385 0.03245192307692308
0 0.9090860080605080 0.3786057692307692 0.06009605384615385 0.036057692307692304
0 0.8978060080605380 0.0141806923076923 0.057692307692307696 0.03245192307692308
0 0.9067007690007693 0.00658653806153806 0.05889423076923077 0.03125
0 0.8978060080605380 0.04300884615384615 0.057692307692307696 0.025240384615384616
0 0.9079006920076923 0.00503269230769232 0.0625 0.028846053846153848
0 0.9000000806000846 0.071875 0.056490384615384616 0.03125
0 0.9600060380605380 0.0778846153846154 0.06370190307690307 0.03485576923076923