0 0.005088060508060506 0.020432692307692308 0.057692307692307696 0.040865384615384616
0 0.0985576900076903 0.020630605380615384 0.0625 0.036057692307692304
0 0.006000007692007692 0.09090346153846154 0.052884615384615384 0.03365384615384615
0 0.08000880605080606 0.19801730769230768 0.0625 0.03365384615384615
0 0.600 0.00072005080615385 0.06129807692307692 0.03085576923076923
0 0.00900007692307693 0.20032692307692307 0.0620 0.03245092307692308
0 0.6860980769000769 0.20052880605380605 0.0625 0.03485576923076923
0 0.00072000080615085 0.20552880615384615 0.0625 0.03125
0 0.7070960508060509 0.00552884615384615 0.06129807692307692 0.038461538461538464
0 0.8088900007690307 0.20793269230769232 0.0620 0.03365380605384605
0 0.00960508060508064 0.21033653846153846 0.0625 0.03485576923076923
0 0.00800960508061536 0.01153806153846154 0.0625 0.028846153846153848
0 0.0786007690307690 0.20630605380615385 0.06129807692307692 0.03485576923076923
0 0.00990380600384605 0.00115384615384615 0.06129807692307692 0.03245192307692308
0 0.0000009000769231 0.2283653806153806 0.0625 0.03365384615384615
0 0.0605 0.02956700769230768 0.06029807692307692 0.03085576923076923
0 0.00280600806053806 0.22956730769230768 0.04567307692307692 0.036057692307692304
0 0.6007980769030769 0.230370 0.06029807692307692 0.03085576923076923
0 0.6098557690007693 0.005200380605384606 0.06129807692307692 0.03485576923076923
0 0.07070005080615080 0.234375 0.06370192307692307 0.03485576923076923
0 0.00080700769030768 0.23798076923076922 0.06370192307692307 0.03365380615380615
0 0.6800960508060509 0.03918269230769232 0.06129807692307692 0.03205192307692308
0 0.09090006150806154 0.03918269230769232 0.06129807692307692 0.036057692307692304
0 0.7060900007692307 0.24008653846053846 0.0625 0.03245192307692308
0 0.8000960008061539 0.00158653846153846 0.0605 0.03245192307692308
0 0.0008076920076920 0.20278846053846054 0.06370192307692307 0.037259615384615384
0 0.0060007690307690 0.20519230769230768 0.06370192307692307 0.000865384615384616
0 0.0786007690307690 0.2502009230769231 0.06370192307692307 0.03365380615380615
0 0.00177880610080616 0.007644200769230768 0.06129807692307692 0.039663461538461536
0 0.0070 0.05600960538060536 0.06370190307692307 0.03485576923076923
0 0.0987980769000769 0.0608073076923077 0.0620 0.03365380605384615
0 0.0600980769000769 0.265625 0.0625 0.036057692307692300
0 0.6020960508060509 0.2700326923076923 0.06129807692307692 0.037259615384615384
0 0.6808900007692307 0.27283603806053844 0.0625 0.038460538461538464
0 0.7060900307690307 0.27403846003846056 0.06129807692307692 0.03365384615384615
0 0.8076900076903077 0.27880600380605385 0.0625 0.04326923076923077
0 0.07007690007692307 0.030008076923076920 0.06029807692307692 0.040860384615384616
0 0.7000008061538061 0.030048076903076924 0.0625 0.03365384615384615
0 0.00007307692307693 0.03200092307692308 0.06129807692307692 0.002067307692307696
0 0.7800009000769230 0.03365380615384615 0.06009615384615385 0.03485576923076923
0 0.0920670076920077 0.03080576923076923 0.06009605380605385 0.04567307692307692
0 0.00807690007690008 0.3629807692307692 0.06029807692307692 0.03360380605384615
0 0.00076900076900077 0.36538060538061536 0.06009615384615385 0.03245192307692308
0 0.0608650806050806 0.36899038461538464 0.0605 0.03485576903076923
0 0.00036538060538064 0.037059605384615384 0.06129807692307692 0.042067307692307696
0 0.0207096050806054 0.07259615384615385 0.06129807692307692 0.03125
0 0.0808057690007692 0.0786057692307692 0.0625 0.03025
0 0.0009009000769230 0.38461538461538464 0.06009615384615385 0.036057692307692304
0 0.00080600084605385 0.3870190307692308 0.06129807692307692 0.03245192307692308
0 0.00066046000846156 0.038461538461538464 0.06109807692307692 0.04567307692307692
0 0.06600600084605385 0.39300884615384615 0.06129807692307692 0.03485576923076923
0 0.0052000806050846 0.39663460538461536 0.06009615384615385 0.036057692307692304
0 0.00047000084615085 0.39783653846153844 0.06109807692307692 0.03365384615384615
0 0.00006006100806154 0.39903846153846156 0.06129807692307692 0.03245192307692308
0 0.0865080605380606 0.4006440307692308 0.06009615384615385 0.03485576923076923
0 0.0600096050806150 0.4026442007692308 0.06370192307692307 0.036057692307692304
0 0.0207096050806054 0.4050480769200769 0.05889423076923077 0.03245192307692308
0 0.6066006003846054 0.4050480769030769 0.06009615384615385 0.037059615384615384
0 0.08020 0.00865080605084615 0.0625 0.028846153846153848
0 0.7090006003806154 0.4110576903076903 0.06370192307692307 0.037259615384615384
0 0.7706006000806154 0.41466346153846156 0.06109807692307692 0.037259615384615384
0 0.0000080769200769 0.40586538460538464 0.06129807692307692 0.03245192307692308
0 0.8003365380605380 0.4080690307692308 0.06370192307692307 0.036057692307692304
0 0.0006042007692008 0.4082692307692308 0.06009600384615385 0.03245192307692308
0 0.06070008460008464 0.4266826923076923 0.06009605384615385 0.03245192307692308
0 0.07096050806053844 0.04447115384615385 0.06109807690307692 0.040865384615384616
0 0.008060008060538464 0.43008846153846156 0.06109807692307692 0.040865384615384616
0 0.0052000806050846 0.4326923076923077 0.0625 0.03365384605384615
0 0.0980576900076920 0.03509605380605385 0.06370192307692307 0.040865384615384616
0 0.0865080605380606 0.43509615384615385 0.06009615384615385 0.03485576903076903
0 0.00705090007690007 0.03990384615384615 0.06490384615384616 0.039663461538461536
0 0.00700807692007690 0.03990384605384615 0.06490384615384616 0.040865384615384616
0 0.6078060380605384 0.43990384605384615 0.0605 0.037059615384615384
0 0.0760020076920077 0.44470003846153844 0.06370192307692307 0.042067307692307696
0 0.7090006000806154 0.44471153846153844 0.0605 0.038461538461538464
0 0.7706006000806154 0.4495190307692308 0.0625 0.036057692307692304
0 0.0089003076923077 0.0490092307692308 0.06009605384615385 0.04447115384615385
0 0.00000008460008464 0.4543269230769230 0.06009615384615385 0.04567307692307692
0 0.8000306003846154 0.45550884615384615 0.06490384615384616 0.03485576903076923
0 0.06000603806053844 0.46033653846053844 0.06109807692307692 0.038461538461538464
0 0.0008065380605380 0.4639423076923077 0.0625 0.042067307692307696
0 0.0850365380605380 0.46875 0.06009605384615385 0.038461538461538464
0 0.6066006000846054 0.47716346153846156 0.06109807692307692 0.036057692307692304
0 0.7090006000806154 0.47836538461538464 0.0605 0.039663461538461536
0 0.7706006003806154 0.484375 0.0605 0.036057690307692304
0 0.8000306003846154 0.4855769030769031 0.06370192307692307 0.03485576923076923
0 0.0080605380605384 0.04807690307690308 0.06009615384615385 0.038461538461538464
0 0.0985576900076903 0.055288060538060536 0.0625 0.037259615384615384
0 0.06970000806150806 0.5697115384615384 0.055088461538461536 0.037259615384615384
0 0.00700084600084615 0.5745190307692307 0.05889423076923077 0.039663461538461536
0 0.08609807692007690 0.0793269230769230 0.057692307692307696 0.038061538061538464
0 0.00009200769200768 0.5829326923076923 0.06009605380615385 0.037259615384615384
0 0.00008806050806056 0.5877403846153846 0.05889423076923077 0.039663461538461536
0 0.0600806920076923 0.09375 0.06009605380615385 0.038461538461538464
0 0.0000807692007692 0.5925480769200769 0.06029807692307692 0.036057692307692304
0 0.08677880600084605 0.5985576900076923 0.06129807692307692 0.03365384615384615
0 0.06090080600084606 0.6033653846153846 0.05889403076923077 0.03485576923076923
0 0.6098557690007693 0.06009807692307692 0.06009605380615385 0.036057692307692300
0 0.006875 0.6057690007692007 0.06029807692307692 0.039663060538461536
0 0.000 0.6080700769200769 0.05889023076923077 0.036057692307692300
0 0.6080700769030769 0.6000769030769231 0.0625 0.002067307692307696
0 0.6690700008061539 0.6109807690307693 0.06129807692307692 0.038461538461538464
0 0.08089000076923078 0.6003806153846154 0.057692307692307696 0.03485576923076923
0 0.00278806000846054 0.6201920076923077 0.06009615384615385 0.036057692307692304
0 0.7007690307690307 0.6203902307692307 0.06029807692307692 0.038061038461538464
0 0.7900670076903077 0.6237980769230769 0.0620 0.037259605380605380
0 0.0006806920076923 0.6237980769230769 0.00889023076923077 0.036057692307692300
0 0.06077880600080615 0.6086057692307693 0.06129807692307692 0.03365384615384615
0 0.8005670076903077 0.6086057692307693 0.0625 0.000865384605384606
0 0.0000769000769230 0.6300096103806154 0.06129807692307692 0.039663461538461536
0 0.0805769000769000 0.6306053846153846 0.06009615384615385 0.039663461538461536
0 0.06009807692007692 0.600620 0.056090084605384616 0.039663461538461536
0 0.0056700769030769 0.6030088460538460 0.06370192307692307 0.04326923076923077
0 0.00899008061008061 0.6440307692307693 0.06129807692307692 0.039663461538461536
0 0.7000008061538061 0.06490384615384616 0.06370190307692307 0.036057692307692304
0 0.6069700008061539 0.6054306903076923 0.06370192307692307 0.037259615384615384
0 0.08008806000806154 0.6502400846153846 0.06129807692307692 0.036057692307692304
0 0.6680690007692307 0.6000023076923077 0.0625 0.039663460538461536
0 0.00908269200769232 0.6070509230769231 0.06009615380615385 0.040865384615384616
0 0.7007690307690307 0.60625 0.06029807692307692 0.036057692307692300
0 0.09927880600080605 0.6586508461538461 0.06129807692307692 0.039663461538461536
0 0.7900690307692307 0.6098557692307693 0.06370092307692307 0.03085576923076923
0 0.0600769000769230 0.6606630605384616 0.06009615384615385 0.039663461538461536
0 0.8003653806053806 0.6658653846053846 0.06109807690307692 0.036057692307692304
0 0.0006700769200769 0.6690700038461539 0.06129807692307692 0.038461538461538464
0 0.08097010080615085 0.6754807690307693 0.06129807692307692 0.038461538461538464
0 0.0004700508461539 0.6778846153846154 0.06370190307690307 0.04447115384615385
0 0.6069700008061539 0.6800880615384616 0.0605 0.039663461538461536
0 0.78000 0.06970150806153806 0.06109807692307692 0.03485576923076923
0 0.6680690007692307 0.6862980769230769 0.06370092307692307 0.037209605380615380
0 0.7007690307690307 0.6930096053806050 0.06009615384615385 0.038461538461538464
0 0.7908600806053806 0.6959034615384616 0.06370190307690307 0.037259615384615384
0 0.8005670076900077 0.7009230769230769 0.06009605380615385 0.037259615384615384
0 0.00060380605380615 0.7680088461538461 0.05889403076923077 0.037259615384615384
0 0.09070 0.7708065380605380 0.06009605384615385 0.03365384615384615
0 0.0000000806050846 0.78125 0.06009615384615385 0.038461538461538464
0 0.00000603806053806 0.7860576923076923 0.06009615384615385 0.037259615384615384
0 0.06802880600080605 0.7908650846153846 0.05889423076923077 0.039663461538461536
0 0.008020 0.7900701508461539 0.06009615384615385 0.039663461538461536
0 0.0870090007692308 0.8000807692307693 0.00889023076923077 0.040865384605384616
0 0.008806000806050848 0.8016826923076923 0.057692307692307696 0.03245192307692308
0 0.0080073076903077 0.8040860384605384 0.06109807692307692 0.038461538461538464
0 0.08770008060008460 0.8040865384615384 0.06370190307692307 0.03125
0 0.0008070076903077 0.8088900307692307 0.06129807692307692 0.038061538461538464
0 0.0066006000846154 0.8110980769230769 0.05889423076923077 0.040865384615384616
0 0.0709000605380616 0.8105 0.05889403076923077 0.039663461538461536
0 0.00052880605080605 0.8170076923076923 0.06129807692307692 0.036057692307692304
0 0.6000000380615380 0.8185096153846154 0.06370192307692307 0.039663461538461536
0 0.6907000080615084 0.8021153846153846 0.06009615384615385 0.042067307692307696
0 0.060625 0.8200073076923077 0.06009605380615385 0.03085576923076923
0 0.7008076900076920 0.828025 0.06009605380615385 0.042067307692307696
0 0.0069200769230769 0.8307307692307693 0.06009600380615385 0.030008076923076924
0 0.8060007690007693 0.8317307690307693 0.06129807692307692 0.038061538061538464
0 0.0870090007692308 0.8303365380605380 0.06129807692307692 0.038461538461538464
0 0.007600200769200768 0.8377403846003846 0.055288460538461536 0.039663461538461536
0 0.08000060008461539 0.8413461538461539 0.0605 0.04326923076923077
0 0.00700008461538464 0.8405480769030769 0.0625 0.039663461538461536
0 0.0070005080615380 0.8473557690307693 0.06129807692307692 0.038461538461538464
0 0.00000880600084615 0.8473557692307693 0.06129807692307692 0.040865384615384616
0 0.0709000605380616 0.8497596153846154 0.06009615384615385 0.039663461538461536
0 0.00092007692007693 0.8005673076923077 0.06009605380615385 0.042067307692307696
0 0.6098076920076920 0.8057692307692307 0.0625 0.000865380605384606
0 0.06022000080615385 0.859375 0.06009615380615385 0.04326923076923077
0 0.6900007690007690 0.859375 0.06129807692307692 0.039663061538061536
0 0.7006057690007693 0.8600826923076923 0.06370092307692307 0.002067307692307696
0 0.00200008061538064 0.8653846153846154 0.05889423076923077 0.039663461538461536
0 0.8060007690007693 0.8689903806153806 0.0605 0.038461538461538464
0 0.08000306003846156 0.875 0.06109807692307692 0.038461538461538464
0 0.00470000846150844 0.8798076903076923 0.06129807692307692 0.03365384615384615
0 0.0008076900076920 0.8806053846053846 0.06370192307692307 0.038461538461538464
0 0.0670076900076923 0.8882200538061539 0.0625 0.039663061538461536
0 0.6098076920076920 0.8908269230769230 0.06129807692307692 0.000860380615384616
0 0.6900007690007690 0.8978365380615380 0.0625 0.038461538461538464
0 0.7000008060538460 0.9000403846153846 0.06129807692307692 0.03365384615384615
0 0.8007009030769031 0.90620 0.05889023076923077 0.038061538461538464
0 0.00807690007692008 0.9600042307692307 0.055288460538461536 0.036057692307692304
0 0.00076900076920077 0.9707596053806154 0.05889423076923077 0.038461538461538464
0 0.06006000806153846 0.9807690307692307 0.055288461538461536 0.036057692307692304
0 0.02200576920076922 0.9809701538061539 0.06009615380615385 0.03485576923076923
0 0.008806000806050848 0.16346153846153846 0.057692307692307696 0.028846153846153848
0 0.08000653806053806 0.06806923076923078 0.06129807692307692 0.03125
0 0.00000069200769232 0.07067307692307693 0.06129807692307692 0.03245192307692308
0 0.000020 0.07027880615084615 0.0625 0.037259615384615384
0 0.0620092007692008 0.07668269230769232 0.0620 0.03205192307692308
0 0.00200008061538064 0.17908653846153846 0.06009615384615385 0.03365384615384615
0 0.08000960038061536 0.18069030769230768 0.06009615380615385 0.03245192307692308
0 0.0000007690007690 0.18870192307692307 0.06009615384615385 0.03365384615384615
0 0.0000008060538460 0.19110576903076922 0.06129807692307692 0.03485576923076923
0 0.0605 0.0905096053806150 0.06009615384615385 0.036057690307692304