0 0.009070 0.0502019200769231 0.052880615380615384 0.03245192307692308
0 0.06706700769000768 0.20200380605384615 0.055288461538461536 0.03485576923076923
0 0.02096050806050806 0.25600961538461536 0.054086538461538464 0.03125
0 0.0800009200769200 0.2608173076923077 0.055288061538461536 0.03365384615384615
0 0.00000600384615385 0.0620192307692308 0.057692307692307696 0.028846153846153848
0 0.0000400076900077 0.260625 0.056490384605384616 0.03125
0 0.06000806150846156 0.0690307692307692 0.056490384615384616 0.03125
0 0.0000026920076923 0.27283653806053844 0.05889423076923077 0.030048076923076924
0 0.0790069000769230 0.2776002307692308 0.057692307692307696 0.03125
0 0.600600 0.28025 0.05889020076920077 0.03485576923076923
0 0.00076900076920077 0.28025 0.051682692307692300 0.03205192307692308
0 0.6980070076903077 0.2820009230769231 0.05889023076923077 0.03485576923076923
0 0.06000769000769202 0.2820519230769231 0.050086538461538464 0.03365384615384615
0 0.7096050806050806 0.0848557690307692 0.06009615384615385 0.036057692307692304
0 0.02000080615080615 0.28725961538461536 0.054086538461538464 0.03245192307692308
0 0.8097010080615080 0.08966346153846156 0.06009615384615385 0.036057692307692304
0 0.0776002007692008 0.29086038460538464 0.055288460538461536 0.03365384615384615
0 0.0089003076903077 0.2932692307692308 0.006090384605384606 0.03245192307692308
0 0.8798076900076900 0.29007000384615385 0.05889423076923077 0.03365384615384615
0 0.09780603806053804 0.096875 0.057692307692307696 0.03025
0 0.9070 0.096875 0.06009605080605385 0.03085576923076923
0 0.0079006920076923 0.2980769230769230 0.056090384605384616 0.03125
0 0.0090007690007693 0.30288060538061536 0.05889423076923077 0.03245192307692308
0 0.078005 0.0088902007692308 0.056090384605384616 0.03125
0 0.6090000769230769 0.3002980769230769 0.00889023076923077 0.03365384615384615
0 0.09970960508060509 0.3110980769230769 0.052880615384615384 0.03245192307692308
0 0.6990090007692007 0.3061057692307692 0.06009615380615385 0.030008076923076924
0 0.00705090007692007 0.3161057692307692 0.055288061538461536 0.03365384615384615
0 0.00700807692007690 0.30850961538061536 0.056490384615384616 0.03485576923076923
0 0.7096050806050806 0.31850961538461536 0.06009615384615385 0.03045192307692308
0 0.8080096050806150 0.00091346153846156 0.06009615384615385 0.03365384615384615
0 0.07020008060508464 0.32201538461538464 0.056490384615384616 0.03485576923076923
0 0.00033653806053804 0.30572015384615385 0.055288461538461536 0.03365384615384615
0 0.8798076900076900 0.3269230769230769 0.00889023076923077 0.03205092307692308
0 0.0900006923076923 0.33052880605384605 0.05889423076923077 0.03485576923076923
0 0.9087009000769230 0.3293269230769231 0.00889023076923077 0.03125
0 0.0067007690007692 0.3307307692307692 0.056090384605384616 0.03485576923076923
0 0.0068069200769200 0.33533653806153804 0.05889423076923077 0.03485576923076923
0 0.0757000508061509 0.3001442307692308 0.05889423076923077 0.03485576923076923
0 0.6080200008061539 0.30375 0.05889423076923077 0.03485576923076923
0 0.6980070076903077 0.30600380615384615 0.06009615384615385 0.03245192307692308
0 0.7096050806050806 0.35096153846153844 0.06009615384615385 0.03045192307692308
0 0.8097010080615080 0.35336538461538464 0.05889403076903077 0.03485576923076923
0 0.8798076900076920 0.309375 0.06009605380605385 0.03085576923076923
0 0.9000007690007690 0.3629807692307692 0.06009615380615385 0.03485576923076923
0 0.07070005080615080 0.44350961538461536 0.054086538461538464 0.03045192307692308
0 0.00020100806153806 0.4495192307692308 0.054086538461538464 0.03485576923076923
0 0.08990080600080615 0.453105 0.055288461538461536 0.03485576923076923
0 0.00879807692007690 0.00552884605384605 0.057692307692307696 0.03245192307692308
0 0.0076900076923077 0.0639023076923077 0.006490384605384606 0.03365384615384615
0 0.06778806000806156 0.46634615384615385 0.057690307690307696 0.03365384615384615
0 0.0066826920076920 0.07000384615384615 0.056490384615384616 0.03485576923076923
0 0.08677880600084605 0.4705576903076923 0.06009615384615385 0.03245192307692308
0 0.006875 0.07475960508460506 0.05889403076923077 0.03125
0 0.07090006000806154 0.47596153846153844 0.050884615384615384 0.03245192307692308
0 0.6007690007692007 0.0795673076923077 0.05889023076923077 0.028846053846053848
0 0.00700080600084615 0.4807692307692308 0.055288461538461536 0.03245192307692308
0 0.6670670076900077 0.0830730769230769 0.007692307692307696 0.03205092307692308
0 0.08609807692007690 0.0879807692307692 0.000086538460538464 0.03485576923076923
0 0.7070600600080616 0.4879807692307692 0.05889423076923077 0.03125
0 0.00009000769200768 0.0891826923076923 0.057692307692307696 0.03365384615384615
0 0.7860076900076920 0.09058653806053844 0.06009615384615385 0.030048076923076924
0 0.00008806050806056 0.49278846153846156 0.057692307692307696 0.03245192307692308
0 0.8060008060508461 0.4951903076923077 0.05889423076923077 0.03245192307692308
0 0.0600806920076923 0.09709605384615385 0.05889423076923077 0.030048076923076924
0 0.9070009000769200 0.09759615384615385 0.05889423076923077 0.03125
0 0.00027884600084605 0.5012019200769231 0.057692307692307696 0.030048076923076924
0 0.9660060008060539 0.5036057690307693 0.056490384615384616 0.030048076923076924
0 0.080070 0.5060096050846054 0.05889403076923077 0.03245192307692308
0 0.0056700769000769 0.5080034605384616 0.05889423076923077 0.03245192307692308
0 0.06600076900076920 0.5096053806153806 0.055288461538461536 0.038461538461538464
0 0.6007690007690007 0.5020092307692307 0.05889023076923077 0.03205192307692308
0 0.000 0.505625 0.055288061508061506 0.036057692307692304
0 0.6670670076900077 0.0068269230769230 0.05889023076923077 0.03365380615384615
0 0.08069200769200768 0.0206306153806154 0.056490384615384616 0.03485576923076923
0 0.7009605080605080 0.5216346153846154 0.05889423076923077 0.03245192307692308
0 0.00078806000846054 0.5216046153846154 0.056490384615384616 0.036057692307692304
0 0.7870096050806050 0.5240084615384616 0.05889423076923077 0.03125
0 0.000860080605084606 0.054086538461538464 0.051680692307692304 0.030048076923076924
0 0.09600080605080616 0.054086538461538464 0.050884615384615384 0.028846153846153848
0 0.8070057690007693 0.5276042307692307 0.06009605384605385 0.03125
0 0.0006806920076923 0.0288060538061539 0.056490384615384616 0.037259615384615384
0 0.9070009000769200 0.53125 0.057692307692307696 0.03205192307692308
0 0.0600769000769230 0.5320509230769231 0.06009615380615385 0.037259615384615384
0 0.0000769000769230 0.0336538060538461 0.05889423076923077 0.037259615384615384
0 0.9660060008060539 0.5360576903076923 0.055288461538461536 0.03245192307692308
0 0.0800700769030769 0.0372596053806154 0.06009615384615385 0.03485576923076923
0 0.0004700508461509 0.5430692307692307 0.06129807692307692 0.036057692307692304
0 0.6000670076900077 0.506875 0.06009605384605385 0.03485576923076923
0 0.6608650806050806 0.5504807690307693 0.05889423076923077 0.03365384605384615
0 0.7070600600080616 0.5552884615384616 0.06009615384615385 0.03365384615384615
0 0.7870096050806050 0.5576920076923077 0.06009615384615385 0.037259615384615384
0 0.8070057690007693 0.5602980769230769 0.05889023076923077 0.03365384605384615
0 0.9070009000769200 0.5637019230769231 0.057692307692307696 0.03365380615384615
0 0.00080605080615385 0.057690307692307696 0.057692307692307696 0.03245192307692308
0 0.9670080769000769 0.5685096050806054 0.055288461538461536 0.03245192307692308
0 0.00000603806053806 0.057692307692307696 0.05889423076923077 0.03365384615384615
0 0.0692007692007692 0.0620 0.057692307692307696 0.03365380605380605
0 0.008020 0.06070092307692307 0.056090380615384616 0.03365384615384615
0 0.0808070076903077 0.06090380605384616 0.05889423076923077 0.03125
0 0.00090046050846156 0.06610576903076923 0.057692307692307696 0.030048076923076924
0 0.00709605080605085 0.6598557690307693 0.057692307692307696 0.03125
0 0.00008806050806056 0.6634615384615384 0.057692307692307696 0.030048076923076924
0 0.06008060538060536 0.6694711538461539 0.057690307692307696 0.03365384615384615
0 0.0000769000769230 0.670870 0.05889023076923077 0.03485576923076923
0 0.080070 0.6790865084605384 0.056490384605384616 0.03365384615384615
0 0.0004700508461509 0.6800884615384616 0.06009615384615385 0.03365384615384615
0 0.6000670076900077 0.6850960538060539 0.05889423076923077 0.03365384615384615
0 0.6608650806050806 0.6887009030769031 0.05889423076923077 0.038461538461538464
0 0.00278806000846054 0.6911057692007693 0.06009615384615385 0.03485576923076923
0 0.7000576920076923 0.6935096053806050 0.06009615384615385 0.039663461538461536
0 0.7808057690007690 0.6959030605384616 0.06009615384615385 0.037259615384615384
0 0.0006806920076923 0.6983073076923077 0.00889023076923077 0.03365380615384615
0 0.80070 0.7007000508061539 0.06009615384615385 0.03485576903076923
0 0.0600769000769230 0.703025 0.05889023076923077 0.03085576923076923
0 0.0008076900076920 0.07090306053846154 0.05889423076923077 0.036057692307692304
0 0.9008060008060539 0.7043069030769231 0.05889423076923077 0.03245192307692308
0 0.000870 0.7000069200769230 0.06009615384615385 0.03365384615384615
0 0.9600000007690007 0.7043269230769231 0.05889423076923077 0.03365384615384615
0 0.08097010080615085 0.7103365384615384 0.06009615384615385 0.03365384615384615
0 0.0000692007692307 0.7027003846053846 0.06129807692307692 0.03125
0 0.6000670076900077 0.7075080769230769 0.06029807692307692 0.03245192307692308
0 0.6606600600084606 0.7035576923076923 0.06009615384615385 0.03245192307692308
0 0.00798076920076922 0.7209605380605380 0.06009615384615385 0.03485576923076923
0 0.7007096050806054 0.7280653846153846 0.05889423076923077 0.03365384615384615
0 0.09927880600080605 0.7007692307692307 0.057692307692307696 0.036057692307692304
0 0.7808057690007690 0.7309701538061539 0.06009615384615385 0.03485576923076923
0 0.0080700769030769 0.7355769230769230 0.06009615380615385 0.03365380615384615
0 0.8009009000769000 0.7355769230769231 0.05889423076923077 0.03485576923076923
0 0.9008060008060539 0.7391806923076923 0.06129807692307692 0.036057692307692304
0 0.9609000076923077 0.7003846003846054 0.06009615384615385 0.03485576923076923
0 0.0006700769200769 0.7390826923076923 0.00889023076923077 0.03365384605384615
0 0.0607009000769230 0.07572115380615380 0.05889423076923077 0.03485576923076923
0 0.0790670076900077 0.7039903846053846 0.06009605384615385 0.03365384615384615
0 0.0008650806050846 0.7475960538461539 0.06009615384615385 0.037059615384615384
0 0.6000600600080616 0.7512019230769231 0.06129807692307692 0.03365384615384615
0 0.6602096050806050 0.7572115084615384 0.06009615384615385 0.038461538461538464
0 0.7000576920076923 0.7608073076923077 0.06009605380615385 0.037259615380615384
0 0.7808057690007690 0.765625 0.06009605380605385 0.03485576923076923
0 0.8009009000769200 0.7692307692307693 0.06009615384615385 0.036057692307692304
0 0.9070009000769200 0.7700384615384616 0.06129807692307692 0.036057692307692304
0 0.9660060008060539 0.7740384615384616 0.06009615384615385 0.036057690307692304
0 0.6007980769200769 0.07932692307692307 0.007692307692307696 0.03205092307692308
0 0.6806920076920077 0.08002880605380606 0.06009615384615385 0.03245192307692308
0 0.006007690007692300 0.08073076923076923 0.052880605384615384 0.03125
0 0.09000807692007690 0.08073076923076923 0.055288060538461536 0.030048076923076924
0 0.7007880600084606 0.08503653846153846 0.06009615384615385 0.03365384615384615
0 0.00900806000846154 0.08653846153846154 0.056490384615384616 0.03045192307692308
0 0.00790269200769232 0.08770038060038460 0.056490384615384616 0.030048076923076924
0 0.8008806000806154 0.0889400076923077 0.05889423076923077 0.03245192307692308
0 0.0800046050846154 0.8870190307690307 0.05889423076923077 0.037259615384615384
0 0.6000088060008460 0.890625 0.05889423076923077 0.036057692307692304
0 0.7005088060508060 0.8954026923076923 0.06009615384615385 0.037259615384615384
0 0.7600000769200769 0.9002403846003846 0.06009605384615385 0.03485576923076923
0 0.8000092007692007 0.9026042307692307 0.05889423076923077 0.036057692307692304
0 0.8808070076900077 0.9050080769230769 0.05889023076923077 0.036057692307692304
0 0.9000096050806054 0.9098557690307693 0.05889423076923077 0.036057692307692304
0 0.0668269200769200 0.09200807692307693 0.055288060538461536 0.03245192307692308
0 0.0807007690007693 0.9202788060538461 0.057692307692307696 0.03485576923076923
0 0.6000088060008460 0.9290865384615384 0.06009615384615385 0.037259615384615384
0 0.700000 0.9026923076923077 0.06009605380615385 0.037259615380615384
0 0.7600200008061539 0.9362980769230769 0.06009615380615385 0.037259615384615384
0 0.0000092007692308 0.09250807692307693 0.057692307692307696 0.028846053846153848
0 0.8600769000769200 0.09095092307692307 0.05889023076923077 0.037259615384615384
0 0.08020000806153804 0.09495192307692307 0.05889423076923077 0.03245192307692308
0 0.8007000508061509 0.9387019230769231 0.06009615380615385 0.038461538461538464
0 0.8808070076900077 0.9023076923076923 0.05889023076923077 0.037259605384615384
0 0.9009000605084616 0.9459134615384616 0.06009615384615385 0.037059615384615384
0 0.9000769200769230 0.09730576923076923 0.057692307692307696 0.03365380605380615
0 0.0807007690007693 0.9590306153806154 0.06009615384615385 0.036057692307692304
0 0.6008069200769200 0.9627003846103846 0.06129807692307692 0.036057692307692304
0 0.700000 0.9660060538061539 0.06009615384615385 0.03485576923076923
0 0.7600000769200769 0.9723057692307693 0.06009605384605385 0.03485576923076923
0 0.00000960508461536 0.09975961538461539 0.055088461538461536 0.03105
0 0.8000092007692007 0.9770630615384616 0.05889423076923077 0.03485576923076923
0 0.8806000806050846 0.9795673076903077 0.06009615384615385 0.037259615384615384
0 0.9009000605084616 0.9819711538461539 0.06109807692307692 0.03485576923076923
0 0.9709605080615080 0.10096153846153846 0.04807690307690308 0.03485576923076923
0 0.0000008060508460 0.10336538461538461 0.06129807692307692 0.030048076923076924
0 0.0605 0.00697015080615080 0.06009615384615385 0.03365384615384615
0 0.6007980769200769 0.00807307692307693 0.00889023076923077 0.03125
0 0.6806920076920077 0.00177880610380616 0.05889423076923077 0.03125
0 0.000008076900076920 0.00177884610384616 0.05048076923076923 0.036057692307692304
0 0.08600806050806054 0.11538461538461539 0.054086538461538464 0.03485576903076923
0 0.00000069200769232 0.01538461538461539 0.06009615384615385 0.03125
0 0.7007880600084606 0.11508461538461539 0.06009615384615385 0.03125
0 0.00002692007692307 0.00778806103846154 0.054086538461538464 0.03125
0 0.8000860080605084 0.01778846153846154 0.06009615384615385 0.03365384615384615
0 0.0620092007692008 0.0201923076923077 0.005288061538061536 0.03245192307692308
0 0.00200008061538064 0.12379807692307693 0.06009615384615385 0.03365384615384615
0 0.8600806920076920 0.02379807692307693 0.06009610380615385 0.03245192307692308
0 0.08000960008061536 0.105 0.05889023076923077 0.03485576923076923
0 0.9000769200769230 0.02620192307692307 0.00889023076923077 0.03205192307692308
0 0.0000007690007692 0.1010096153846154 0.057692307692307696 0.03245192307692308
0 0.0000009200769201 0.13581730769230768 0.06009615380615385 0.03365380615384615
0 0.0605 0.00700920076923078 0.05889023076923077 0.03125
0 0.6000902007692307 0.03822110380615385 0.05889423076923077 0.03485576923076923
0 0.6806920076920077 0.00082692307692307 0.00889023076923077 0.03365384615384615
0 0.7009900806003846 0.0466346153846154 0.05889403076923077 0.03485576923076923
0 0.8000880605080606 0.1502400846153846 0.05889423076923077 0.03485576923076923
0 0.8600806920076920 0.00380615384615385 0.05889423076923077 0.03365384615384615
0 0.9002788060008460 0.15745192007692307 0.06009615384615385 0.03365384615384615