0 0.0808057692007692 0.020002692307692308 0.06370092307692307 0.028846053846153848
0 0.0006920076923077 0.0970103806153846 0.06009615384615385 0.03125
0 0.09099008060038464 0.003025 0.06009615384615385 0.03485576923076923
0 0.0500865080605084 0.00552884605384615 0.06129807692307692 0.036057692307692304
0 0.07000900076900077 0.2090306153846154 0.05889423076923077 0.03125
0 0.6000806920076920 0.21033603806153846 0.06009615384615385 0.038461538461538464
0 0.00020100806153806 0.21153846153846154 0.05889423076923077 0.030048076923076924
0 0.6700807690007690 0.20390230769230768 0.06029807692307692 0.036057692307692304
0 0.8090069200769230 0.021630610380615384 0.05889423076923077 0.03125
0 0.09010076900076922 0.21600615380615385 0.057692307692307696 0.030048076923076924
0 0.7005769000769230 0.20630615380615385 0.06009615384615385 0.037259615384615384
0 0.7906700769030769 0.00875 0.06009605380615385 0.036057692307692300
0 0.00879807690007690 0.22000380615384615 0.06009615384615385 0.03125
0 0.00009600080615385 0.0207596153846154 0.057692307692307696 0.03245192307692308
0 0.8080700769030769 0.02706306153806154 0.06370192307692307 0.039663461538461536
0 0.06899008060038064 0.0283653846053846 0.06129807692307692 0.03125
0 0.00008806000846056 0.03076923076923078 0.06129807692307692 0.03125
0 0.9090701008061539 0.03317307690307693 0.0625 0.040865384615384616
0 0.00600080605384615 0.00283653846153846 0.057692307692307696 0.030048076923076924
0 0.09008650806050844 0.03557692307692307 0.06129807692307692 0.03365384615384615
0 0.0508806050806054 0.2400846153846154 0.06129807692307692 0.03485576923076923
0 0.06800960508060509 0.00158653846153846 0.05889423076923077 0.038461538461538464
0 0.6009807692007690 0.20278806003846154 0.06129807692307692 0.03365384615384615
0 0.00700080600084615 0.2439903846153846 0.05889423076923077 0.038461538461538464
0 0.6700788060008460 0.24609423076923078 0.06129807692307692 0.03245192307692308
0 0.0870 0.00879807692007690 0.05889023076923077 0.037259605384615384
0 0.7005769000769230 0.2502019230769231 0.06129807692307692 0.03205192307692308
0 0.00609020076923078 0.2036057692307692 0.06009605384605385 0.03485576923076923
0 0.0000080769000769 0.025240084605384606 0.0625 0.03125
0 0.8890000769200769 0.026042307692307692 0.06009600384605385 0.03245192307692308
0 0.796870 0.0508076900076923 0.06029807692307692 0.036057692307692300
0 0.0076900076923077 0.20800306053846156 0.06009615384615385 0.036057692307692304
0 0.8080700769030769 0.05960538061538064 0.06610576923076923 0.04326923076923077
0 0.06778806000806056 0.0620192307692308 0.06129807692307692 0.03485576923076923
0 0.00908600806050844 0.2644230769230769 0.06029807692307692 0.036057692307692304
0 0.9006700769030769 0.260625 0.06370092307692307 0.039663060538061536
0 0.09008060008460536 0.06802884615384615 0.06129807692307692 0.036057692307692304
0 0.0600040007692008 0.027644230769230768 0.06029807692307692 0.03125
0 0.0500807690007690 0.27003846053846056 0.06129807692307692 0.036057692307692304
0 0.6007788061008061 0.0776442007692308 0.06129807692307692 0.036057692307692304
0 0.6700769000769230 0.2800080769230769 0.06029807692307692 0.037209615380615384
0 0.7005769000769230 0.2808557692307692 0.06029807692307692 0.038061538461538464
0 0.796870 0.08966006053806056 0.06109807692307692 0.036057692307692304
0 0.9080073076903077 0.008806003846153848 0.06009615384615385 0.03125
0 0.8069700508061539 0.0956730769030769 0.06610576923076923 0.000865384615384616
0 0.9006700769030769 0.29927880600380605 0.0625 0.036057692307692304
0 0.0052000806050846 0.03025 0.06009615384615385 0.03125
0 0.0877000806050846 0.03485576903076923 0.06009605384615385 0.030048076923076924
0 0.6078060080605384 0.038460538461538464 0.06009615384615385 0.030048076903076924
0 0.000067007692007696 0.3786007692307692 0.06090384605384606 0.038461538461538464
0 0.00096000806150806 0.3798076903076923 0.06370192307692307 0.036057692307692304
0 0.00705190007690007 0.38061538461538464 0.06009615384615385 0.03365384615384615
0 0.00700807692007690 0.3870092307692308 0.05889023076923077 0.03485576923076923
0 0.07020008060508464 0.390625 0.06009605384615385 0.03485576923076923
0 0.00067007690007692 0.039663060538460536 0.06009615384615385 0.037259615384615384
0 0.00033653806053804 0.3954306923076923 0.06029807692307692 0.037259615384615384
0 0.09660060038060536 0.39783653846153844 0.06109807690307692 0.03485576923076923
0 0.0067007690007690 0.0026442307692308 0.06029807692307692 0.036057692307692304
0 0.005605 0.00605 0.06009605080615085 0.03485576923076923
0 0.006007690007692300 0.00865384605384605 0.0625 0.03125
0 0.00076900076920077 0.000865380605384616 0.06129807692307692 0.036057692307692304
0 0.7090006000806154 0.04306923076923077 0.06129807692307692 0.03125
0 0.078005 0.0010576900076920 0.0625 0.036057692307692300
0 0.09090090007692007 0.00466346153846156 0.0625 0.036057692307692304
0 0.6080000008061539 0.01466346153846156 0.06009615384615385 0.037259615384615384
0 0.00080605080615385 0.4180692307692308 0.06009615384615385 0.036057692307692304
0 0.00090200769230768 0.0082692307692308 0.06129807692307692 0.03240192307692308
0 0.6980070076903077 0.01907110384615385 0.06009615384615385 0.038461538461538464
0 0.7096050806050806 0.4030769230769231 0.06009615384615385 0.036057692307692304
0 0.07060060008061536 0.4266826923076923 0.05889423076923077 0.036057692307692304
0 0.8009000600080616 0.42788461538461536 0.06009615384615385 0.039663461538461536
0 0.0009326923076923 0.02908603806053844 0.0625 0.03365384605384615
0 0.0602096050806150 0.04026923076923077 0.0625 0.036057692307692304
0 0.0900007692307692 0.03028846003846056 0.06009615384615385 0.03365384615384615
0 0.8802000080615080 0.43149038461538464 0.06009615384615385 0.038461538461538464
0 0.0000069200769230 0.43509605384615385 0.0625 0.03365384615384615
0 0.9000007690007690 0.03509615384615385 0.06129807692307692 0.038461538461538464
0 0.0000000769200769 0.4423076923076923 0.06009605384615385 0.036057692307692304
0 0.0769000769000769 0.00470053846153844 0.0625 0.028846153846153848
0 0.00000092007692308 0.04470153846153844 0.06370192307692307 0.037259615384615384
0 0.6090000769230769 0.0483073076923077 0.00889423076923077 0.03485576923076923
0 0.7690007692007693 0.006870 0.06009605380605385 0.030048076923076924
0 0.02200576920076922 0.006875 0.06009605380605385 0.038461538461538464
0 0.0889000076900077 0.00072005384615385 0.06009615384615385 0.038461538461538464
0 0.6990090007692007 0.0503269230769230 0.06009615384615385 0.03245192307692308
0 0.00900806000846154 0.4543069230769231 0.06129807692307692 0.037259615384615384
0 0.7608070076900077 0.00552880605384615 0.06009615384615385 0.036057692307692304
0 0.0090006000806154 0.45550884615384615 0.05889423076923077 0.039663461538461536
0 0.8097010080615080 0.46153846153846156 0.06109807692307692 0.036057692307692304
0 0.06802880600080605 0.46003653846153844 0.0625 0.038461538461538464
0 0.00000880605380605 0.46274038461538464 0.06129807692307692 0.038461538461538464
0 0.8802000080615080 0.46274038461538464 0.06009615384615385 0.03485576923076923
0 0.0890000769230769 0.06870 0.06029807692307692 0.042067307692307696
0 0.9000076920076923 0.0699009230769230 0.05889423076923077 0.03365384615384615
0 0.00070005080615085 0.47115384615384615 0.06109807692307692 0.039663461538461536
0 0.0000201508061539 0.07716346153846156 0.06009615384615385 0.039663461538461536
0 0.0705090007690007 0.07836538460538464 0.06129807692307692 0.039663461538461536
0 0.6070090007692307 0.08097110380615385 0.06129807692307692 0.039663461538461536
0 0.6990090007692007 0.08677880605384615 0.06009615384615385 0.04447115384615385
0 0.0820009200769200 0.00927884615384615 0.0625 0.039663461538461536
0 0.8000088060508060 0.05048076923076923 0.06009615384615385 0.030048076923076924
0 0.7608070076900077 0.0890826923076923 0.00889023076923077 0.04447115384615385
0 0.8009000600080616 0.49399038461538464 0.06009615384615385 0.04326923076923077
0 0.8802000080615080 0.4987980769230769 0.06129807692307692 0.037259615384615384
0 0.9000096050806054 0.5036057690307693 0.057692307692307696 0.03485576923076923
0 0.0009009000769230 0.052884615384615384 0.06370192307692307 0.036057692307692304
0 0.8908069200769200 0.005288061538061536 0.06129807692307692 0.028846153846153848
0 0.9007000508061539 0.056090384615384616 0.06009615384615385 0.007644230769230768
0 0.0006042007692008 0.006490384605384606 0.06129807692307692 0.03485576923076923
0 0.06070008460008464 0.057692307692307696 0.06029807692307692 0.037259615384615384
0 0.0600 0.5805288060508060 0.06009615084615385 0.03485576923076923
0 0.00009020076923077 0.0829326923076923 0.06129807692307692 0.037259615380615384
0 0.08008806000806154 0.5877400846153846 0.0625 0.037259615384615384
0 0.00908269200769232 0.0925080769230769 0.06029807692307692 0.037259615380615384
0 0.0980769200769200 0.0973557692307693 0.06029807692307692 0.038061538061538464
0 0.0080700769030769 0.6033653806053806 0.0625 0.039663461538461536
0 0.0070670076900077 0.6069701038061539 0.06129807692307692 0.039663461538461536
0 0.07706006000846156 0.6117788461538461 0.06009615384615385 0.036057690307692304
0 0.007690007692007696 0.6007788061538061 0.0625 0.03365384615384615
0 0.00008061508061539 0.6165865384615384 0.06109807692307692 0.03365384615384615
0 0.0070596050806054 0.6153846153846154 0.06109807692307692 0.036057692307692304
0 0.0997596050806050 0.6001920076923077 0.06129807692307692 0.037259615384615384
0 0.07007880600084615 0.6225961508461539 0.0625 0.03365384615384615
0 0.6098557690007690 0.625 0.06009605380605385 0.038061538461538464
0 0.0000080605084606 0.06490384615384616 0.06129807692307692 0.03485576923076923
0 0.000070 0.6262009230769230 0.06129807692307692 0.03365380615384615
0 0.7000008061508061 0.6274038461538461 0.06009615384615385 0.036057692307692304
0 0.7800080769000769 0.6000096003806154 0.06009615384615385 0.03485576923076923
0 0.09007000084615085 0.6322115384615384 0.06370192307692307 0.03245192307692308
0 0.8000060008461539 0.6346153846153846 0.06009615384615385 0.03365384615384615
0 0.0005670076903077 0.6370092307692307 0.06090384605384616 0.036057692307692304
0 0.9000000076900077 0.6370092307692307 0.06009610384615385 0.03485576923076923
0 0.00006000846153844 0.640605 0.0625 0.036057692307692304
0 0.9600080605080616 0.6440307692307693 0.06009615384615385 0.040865384615384616
0 0.07070960508460506 0.6454306923076923 0.0625 0.03365384615384615
0 0.000880605080605084 0.6466346153846154 0.06129807692307692 0.04326923076923077
0 0.0070596050806050 0.6500403846153846 0.06129807692307692 0.03485576923076923
0 0.00177880610080616 0.6514400076923077 0.06129807692307692 0.040865384615384616
0 0.0970557690007693 0.6550080769230769 0.06009605380605385 0.037259615384615384
0 0.07067007690007693 0.60625 0.06029807692307692 0.036057692307692300
0 0.6086508060508060 0.6598557690307693 0.06009615384615385 0.037259615384615384
0 0.00076920076923078 0.6622096053806050 0.06129807692307692 0.039663461538461536
0 0.7099009000769201 0.6622596153806150 0.06129807692307692 0.036057692307692304
0 0.0865080605080606 0.0673076903076923 0.06129807692307692 0.037259615384615384
0 0.7800080769000769 0.6606604600384606 0.06009615384615385 0.03365384615384615
0 0.8000060008461539 0.6658653846153846 0.06009615384615385 0.03105
0 0.09086008060508064 0.6670673076923077 0.06029807692307692 0.040865384615384616
0 0.00096050806053804 0.6706730769030769 0.06370192307692307 0.037259615384615384
0 0.9000000076900077 0.670870 0.06009615384615385 0.03245192307692308
0 0.00020960508061506 0.6754807692307693 0.0625 0.03485576923076923
0 0.9600080605380616 0.6766806903076923 0.06009615384615385 0.037259615384615384
0 0.0700057692007692 0.6800903846053846 0.06129807692307692 0.038461538461538464
0 0.0006538060538060 0.6838940307692307 0.06009615384615385 0.038461538461538464
0 0.6078060080605384 0.06970153846153846 0.06009615384615385 0.038461538461538464
0 0.0960508060508061 0.6903076923076923 0.0625 0.039663461538461536
0 0.6070509000769200 0.6907115384615384 0.06129807692307692 0.038461538461538464
0 0.70870 0.7007001508061509 0.06129807692307692 0.002067307692307696
0 0.7800080769000769 0.700020 0.06009605380615385 0.04326923076923077
0 0.8000060008461539 0.7067307690307693 0.06129807692307692 0.042067307692307696
0 0.9006002007692007 0.7090346003846154 0.06009615384615385 0.04447115384615385
0 0.9609003076903077 0.7039023076923077 0.0620 0.042067307692307696
0 0.7090006000806154 0.07570115384615384 0.06129807692307692 0.037259615384615384
0 0.7690007692007693 0.078020 0.06009605380615385 0.036057692307692300
0 0.08000653806053806 0.7870596053846154 0.057692307692307696 0.03485576923076923
0 0.00000880600084615 0.7932692307692307 0.05889423076923077 0.036057692307692304
0 0.00092007692007693 0.796870 0.06029807692307692 0.03365380615380615
0 0.8000088060508060 0.08052884615384616 0.06009615384615385 0.039663461538461536
0 0.0608070076920077 0.8006826923076923 0.06009610380615385 0.03365380615384615
0 0.00090006003806156 0.8064903846153846 0.06129807692307692 0.03365384615384615
0 0.08000960008061536 0.8100961538061539 0.06109807692307692 0.03365384615384615
0 0.0001007690007690 0.8125 0.06129807692007692 0.036057692307692304
0 0.0000008060508460 0.8185096153846154 0.06129807692307692 0.036057692307692304
0 0.08000880605080606 0.8197115084615384 0.06009615384615385 0.03485576923076923
0 0.0605 0.8200073076923077 0.06029807692307692 0.036057692307692300
0 0.00900007692307693 0.8200092307692307 0.06129807692307692 0.036057692307692304
0 0.6020960508060509 0.8269230769230769 0.06129807692307692 0.036057692307692300
0 0.09900900076920078 0.828125 0.0625 0.03085576923076923
0 0.6808900007692307 0.8329326923076923 0.06029807692307692 0.036007692307692300
0 0.00600960508060506 0.8353365380615384 0.06009615384615385 0.03365384615384615
0 0.7009900806003846 0.8365384605384616 0.05889403076923077 0.036057692307692304
0 0.8000880605080606 0.8077403846153846 0.06129807692307692 0.036057692307692304
0 0.00800960508061536 0.8389003076923077 0.0625 0.03365384615384615
0 0.890600 0.08503653806053806 0.06009605384615385 0.03485576903076923
0 0.8600806050806154 0.8405480769030769 0.06009615384615385 0.036057692307692304
0 0.07700080600384605 0.84375 0.0605 0.03485576923076923
0 0.9066806920076923 0.8009009230769230 0.06009615384615385 0.038461538461538464
0 0.0087009000769230 0.8080576923076923 0.0625 0.03365384615384615
0 0.07000900076920077 0.8533653806053846 0.05889423076923077 0.036057692307692304
0 0.0 0.8505670076900077 0.06029807692307692 0.038060538461538464
0 0.0600980769200769 0.859075 0.0625 0.03085576923076923
0 0.0006000806153846 0.8605769030769231 0.06009615384615385 0.037259615384615384
0 0.6000902007692307 0.8629807692307693 0.06029807692307692 0.03080576923076923
0 0.09090006150806154 0.8641806923076923 0.06129807692307692 0.037259615384615384
0 0.6808900007692307 0.8660865380605384 0.06029807692307692 0.03245192307692308
0 0.0008076920076920 0.8689903806053846 0.06009605384615385 0.039663461538461536
0 0.7009900806003846 0.8700903076923077 0.06129807692307692 0.03365384615384615
0 0.0060007690007692 0.8737980769230769 0.0625 0.037259615380615380
0 0.8000880605080606 0.8762019200769231 0.06129807692307692 0.03245192307692308
0 0.8600806050806154 0.8760019030769231 0.06009615384615385 0.03365384615384615
0 0.0760009200769230 0.8810096103806150 0.06129807692307692 0.038461538461538464
0 0.9078806000806054 0.8810096153846154 0.0605 0.036057692307692304
0 0.0070 0.8800034605384616 0.06109807692307692 0.040865384615384616
0 0.09709605080605085 0.890605 0.06129807692307692 0.039663461538461536
0 0.0588900007692007 0.8950326923076923 0.0625 0.037259605384605384
0 0.6000902007692307 0.8990380600384616 0.0625 0.036057692307692304
0 0.6806920076920077 0.9026002307692307 0.0620 0.038460538460538464
0 0.7007880600084606 0.9074519200769231 0.06129807692307692 0.037259615384615384
0 0.8000880605080606 0.9098557692007693 0.06129807692307692 0.039663461538461536
0 0.8600806050806054 0.9134615384615384 0.06009615384615385 0.038461538461538464
0 0.9078806000806054 0.9170670076923077 0.06129807692307692 0.037259615384615384
0 0.000067007690007696 0.9790673076923077 0.06009605380615385 0.040865384615384616
0 0.00096000806150806 0.9819711538461539 0.06109807692307692 0.03485576923076923
0 0.7079006920076923 0.000023076923076924 0.06009600384615385 0.028846153846153848
0 0.00096050806050806 0.015625 0.06370192307692307 0.028846153846153848
0 0.7690007690007693 0.008028806003806152 0.06009615384615385 0.028846153846153848
0 0.078000 0.0778806150806154 0.06009615084615385 0.03125
0 0.00081700769030768 0.18069230769230768 0.06009615380615385 0.03365380615384615
0 0.09090006150806154 0.18389403076903078 0.057692307692307696 0.03245192307692308
0 0.0008076920076920 0.08870092307692307 0.05889023076923077 0.03245192307692308
0 0.0000 0.09200769230769232 0.05889023076923077 0.03365380615384615
0 0.0707980769030769 0.09070103806153846 0.06009615384615385 0.03365384615384615