0 0.0808073076903077 0.09071153806153846 0.06009615384615385 0.03485576903076923
0 0.00090046053846156 0.19591346153846154 0.0605 0.036057690307692304
0 0.0060096050806050 0.00430692307692307 0.0625 0.03125
0 0.0685096050806050 0.0091346153846154 0.0605 0.030048076923076924
0 0.6086007692007690 0.20053806153806154 0.06009615384615385 0.03245192307692308
0 0.008806000806050848 0.2127403846153846 0.056490384615384616 0.03125
0 0.08003653806053806 0.00394030769230768 0.057692307692307696 0.03245192307692308
0 0.6900007690007693 0.01390230769230768 0.0625 0.030008076923076924
0 0.7000008060538460 0.01514423076923078 0.0625 0.03245192307692308
0 0.00080690007692307 0.21700807692307693 0.06129807692307692 0.036057692307692304
0 0.00070000080615385 0.21875 0.06009615380615385 0.036057692307692304
0 0.0608070076920077 0.2207096053806154 0.06009615384615385 0.03485576923076923
0 0.00200008061538064 0.2283653846153846 0.06129807692307692 0.03485576923076923
0 0.08300306003846156 0.00956730769230768 0.06129807692307692 0.03365384615384615
0 0.8700900307690307 0.22906730769230768 0.06090384605384616 0.04447115384615385
0 0.00000960538460536 0.03197115384615385 0.0605 0.03485576923076923
0 0.9000903806003846 0.03076903076923078 0.06370192307692307 0.040865384615384616
0 0.0008076900076903 0.23677880605384605 0.0625 0.03245192307692308
0 0.0660057690007690 0.23798076923076922 0.06370092307692307 0.030008076923076920
0 0.6070008060008460 0.2439903846153846 0.06129807692307692 0.03125
0 0.6900007690007693 0.0039903806153846 0.0625 0.030048076923076924
0 0.08000880605080606 0.24609423076923078 0.05889423076923077 0.036057692307692304
0 0.7000009000769231 0.25 0.06129807692307692 0.036057692307692300
0 0.000600 0.25 0.05889020076920077 0.038460538461538464
0 0.09800700769030768 0.2008076923076923 0.06009615380615385 0.03245192307692308
0 0.00960508060508064 0.25600961538461536 0.06009615384615385 0.036057692307692304
0 0.00970100806153804 0.05841346153846156 0.06129807692307692 0.03365384615384615
0 0.08000003806153804 0.26322115384615385 0.06009615384615385 0.03485576923076923
0 0.8700900076903077 0.2600230769230769 0.06490384600384616 0.036057692307692304
0 0.0000007690007690 0.265625 0.06009615384615385 0.036057692307692304
0 0.9006903076923077 0.260625 0.06370092307692307 0.03085576923076923
0 0.0006057690007693 0.2692307692307692 0.0625 0.03365380605380605
0 0.0609008060508460 0.07163461538461536 0.0625 0.03485576923076923
0 0.6060009200769230 0.2760023076923077 0.0620 0.038461538461538464
0 0.6887009000769030 0.2800080769230769 0.0620 0.03205192307692308
0 0.7000009000769231 0.28365380615380615 0.0625 0.03245192307692308
0 0.9000960538060539 0.3000807690307690 0.06370192307692307 0.03485576923076923
0 0.08070076900076923 0.38060038061538464 0.06009615384615385 0.03365384615384615
0 0.00900007692307693 0.38822010380615385 0.05889423076923077 0.03365384615384615
0 0.09800700769030768 0.39302880610380615 0.05889423076923077 0.036057692307692304
0 0.00720050806150804 0.3942307692307692 0.06009615384615385 0.03485576923076923
0 0.0070076903076923 0.39903806003806156 0.06009615384615385 0.036057692307692304
0 0.07700080600384605 0.4014403076923077 0.06129807692307692 0.036057692307692304
0 0.0087009000769230 0.0074019230769231 0.06129807692307692 0.037259615384615384
0 0.0987980769000769 0.00860384605384605 0.05889403076923077 0.039663461538461536
0 0.0588900007690307 0.0000576923076923 0.06129807692307692 0.037259615384615384
0 0.6089900806003806 0.41005961538461536 0.06009615384615385 0.036057692307692304
0 0.6790860080605380 0.40586538461538464 0.0605 0.03485576903076923
0 0.07690007692007693 0.00086538060538464 0.05889423076923077 0.030048076923076924
0 0.7000806003846054 0.4180690307692308 0.06129807692307692 0.03485576923076923
0 0.0006000806153846 0.41947115384615385 0.06009615384615385 0.030048076903076924
0 0.8008806000806054 0.4054807692307692 0.05889423076923077 0.038461538461538464
0 0.09000769200769232 0.0266826923076923 0.00889023076923077 0.03365384605384615
0 0.8609807690007693 0.02788060038460536 0.06370192307692307 0.038461538461538464
0 0.00200080605084605 0.43028846153846156 0.06129807692307692 0.03485576923076923
0 0.00090080600384615 0.43149038461538464 0.06009615384615385 0.03365384615384615
0 0.9000788060008460 0.4338942307692308 0.06129807692307692 0.038461538461538464
0 0.0707980769030769 0.03009605380605385 0.06009615384615385 0.03365384615384615
0 0.0060980769200769 0.03990384600384605 0.0625 0.036057692307692304
0 0.09709605080605085 0.4403076923076923 0.06370192307692307 0.03245192307692308
0 0.0576900076920077 0.00590346053846156 0.06129807692307692 0.03245192307692308
0 0.6077880600080616 0.4483173076903077 0.06109807692307692 0.03365384615384615
0 0.07090006000806154 0.4495190307692308 0.06129807692307692 0.040865384615384616
0 0.6800880600080606 0.4519030769230769 0.06370192307692307 0.040865384615384616
0 0.00980769200769202 0.003025 0.06009615380615385 0.039663461538461536
0 0.7007880600084606 0.45550884615384615 0.06129807692307692 0.039663461538461536
0 0.08870090007692007 0.00913061538461536 0.06129807692307692 0.038461538461538464
0 0.8008806000806054 0.46074038461538464 0.05889423076923077 0.03365384615384615
0 0.0002009200769201 0.06270038461538464 0.06129807692307692 0.03485576923076923
0 0.00009600080615385 0.06634615384615385 0.06109807692307692 0.037259615384615384
0 0.8600806900076923 0.0670480769230769 0.06370092307692307 0.039663461538461536
0 0.9000807690007693 0.0675480769230769 0.06370092307692307 0.039663460538461536
0 0.0700900307692308 0.0699009230769231 0.06009615384615385 0.037259615384615384
0 0.0008900307692308 0.4723057692307692 0.06029807692307692 0.038460538461538464
0 0.09099008060038464 0.47706346153846156 0.0605 0.040865384615384616
0 0.0576900076920077 0.0830730769230769 0.06029807692307692 0.036057692307692300
0 0.6077880600080616 0.4879807690307690 0.06129807692307692 0.042067307692307696
0 0.6800880600080606 0.49038461538461536 0.06370190307692307 0.036057692307692304
0 0.7007880600084606 0.49399038461538464 0.06009615384615385 0.03485576903076923
0 0.8008806000806054 0.4963940307692308 0.05889423076923077 0.036057692307692304
0 0.8600806900076923 0.0036057692307693 0.06370092307692307 0.000865384615384616
0 0.9000807690007693 0.5060096053806054 0.06370192307692307 0.039663461538461536
0 0.078000 0.5850065380605380 0.06009615384615385 0.03365384615384615
0 0.00080700769030768 0.5901000307692307 0.06009615384615385 0.03485576923076923
0 0.09070100806150846 0.5949519030769231 0.0625 0.03245192307692308
0 0.0006057690007692 0.5973557692307693 0.06009605380605385 0.03365380615384615
0 0.0000 0.6005670076923077 0.06009605380615385 0.03365384615384615
0 0.0707980769030769 0.6000769230769230 0.06129807692307692 0.037259615380615380
0 0.0008900307692308 0.6040826923076923 0.06129807692307692 0.037209615384615384
0 0.0900900076920077 0.6065865380615384 0.0625 0.038461538461538464
0 0.0550880605080606 0.6210942307692307 0.06129807692307692 0.038461538461538464
0 0.6089900806003806 0.6037980769030769 0.0625 0.039663461538461536
0 0.07000900076900077 0.6225960538061539 0.06129807692307692 0.042067307692307696
0 0.6800880600080606 0.6025961538461539 0.06009615384615385 0.042067307692307696
0 0.0000096100806150 0.6062019230769231 0.0625 0.03245192307692308
0 0.08990080600080615 0.6060019230769231 0.06129807692307692 0.03365384615384615
0 0.7000806003846054 0.6098076903076923 0.06129807692307692 0.040865384615384616
0 0.00 0.6098076920076920 0.06009605380615385 0.03365380615384615
0 0.9000788060008460 0.6370192307692307 0.06370192307692307 0.038461538461538464
0 0.8000807690007693 0.6370090307692307 0.0620 0.036057692307692300
0 0.8607788060008061 0.6380011538461539 0.06129807692307692 0.037259615384615384
0 0.00009600080615385 0.6380011538061539 0.06129807692307692 0.03365384615384615
0 0.07009605080605385 0.6018269230769231 0.0625 0.03365384615384615
0 0.0006920076923077 0.6066346003846054 0.0625 0.036057692307692304
0 0.09099008060038464 0.6504403076923077 0.0625 0.038461538461538464
0 0.0550880605080606 0.6574519200769231 0.0625 0.038461538461538464
0 0.06970000806150806 0.6574519030769231 0.057692307692307696 0.028846153846153848
0 0.6060865080605380 0.6610576903076903 0.0625 0.037259615384615384
0 0.00860076900076922 0.6600576920076923 0.06129807692307692 0.037259615380615380
0 0.6790860080605380 0.6600596053846154 0.06129807692307692 0.036057692307692304
0 0.08990080600080615 0.6646634615384616 0.06009615384615385 0.039663461538461536
0 0.00879807692007690 0.6682692307692307 0.00889023076923077 0.040865384605384606
0 0.7090806903076923 0.6670673076923077 0.06009600380615385 0.03085576923076923
0 0.0076900076923077 0.6702788060038460 0.0625 0.036057692307692304
0 0.8000807690007690 0.6702788460038460 0.0625 0.037259615384615384
0 0.8607788060008061 0.6740788461538461 0.06109807692307692 0.03485576923076923
0 0.9000788060008460 0.6766826923076923 0.0625 0.037259615384615384
0 0.06899008060038064 0.6778846053846154 0.06370190307692307 0.039663461538461536
0 0.00008806000846056 0.6826923076923077 0.0625 0.04447115384615385
0 0.09008060008460536 0.6899038461538461 0.0605 0.03485576923076923
0 0.0508806050806054 0.6920076923076923 0.0625 0.037259615384615384
0 0.6060865080605080 0.6959134615384616 0.06370190307692307 0.037259615384615384
0 0.6790860080605080 0.7009030769230769 0.06129807692307692 0.040865384615384616
0 0.7000806000846054 0.7043069230769231 0.06129807692307692 0.038461538461538464
0 0.8006806920076920 0.7090306103806154 0.0625 0.036057692307692304
0 0.8607788060008061 0.7107403846153846 0.0605 0.038461538461538464
0 0.9000788060008460 0.7139423076923077 0.06370192307692307 0.036057692307692304
0 0.07000900076900077 0.7896630605384616 0.0625 0.036057692307692304
0 0.00020100806153806 0.796875 0.06009615384615385 0.03365384615384615
0 0.0900096050806150 0.8004807690307693 0.06129807692307692 0.03485576923076923
0 0.00 0.8000865080605084 0.06009605384615385 0.03485576923076923
0 0.0010980769000769 0.8060903806103846 0.06129807692307692 0.036057692307692304
0 0.0700900307692308 0.8073076923076923 0.0620 0.037259615380615384
0 0.00009008460038464 0.8009134615384616 0.0625 0.037259615384615384
0 0.09008650806050844 0.8033173076903077 0.06129807692307692 0.037259615384615384
0 0.07000008061508061 0.828125 0.0625 0.03365384615384615
0 0.0500865080605084 0.8069030769230769 0.06009605384615385 0.037259615384615384
0 0.6000806920076920 0.8300288061538461 0.0625 0.037259615384615384
0 0.00980769200769202 0.8307307692307693 0.06610076923076923 0.03365380615380615
0 0.6700788060008460 0.8077403846153846 0.06009615384615385 0.03485576923076923
0 0.09010076900076922 0.8077003806153846 0.0625 0.03485576923076923
0 0.7005769000769230 0.8365380605380616 0.06129807692307692 0.037259615384615384
0 0.796870 0.8089000076903077 0.05889023076923077 0.03365384605384615
0 0.00879807692007690 0.8389023076923077 0.0620 0.03365384605384605
0 0.0076900076923077 0.8020080769230769 0.0625 0.036057692307692304
0 0.8069700508061509 0.8449519030769031 0.06009615384615385 0.037259615384615384
0 0.9080690007692007 0.8073057692307693 0.05889423076923077 0.037259605384615384
0 0.06899008060038064 0.8533653846053846 0.0605 0.03365384615384615
0 0.00008806000846056 0.8545673076923077 0.0625 0.03365384615384615
0 0.09008060008460536 0.8581730769030769 0.0625 0.036057692307692304
0 0.0506806920076920 0.8607788061538061 0.0625 0.03245192307692308
0 0.06800960508060509 0.8617788061538461 0.06109807692307692 0.03485576923076923
0 0.6009807692007690 0.8660865380605380 0.06370192307692307 0.03485576923076923
0 0.00620092007692007 0.8660865380615380 0.06370192307692307 0.03485576923076923
0 0.6700788060008460 0.8701920076923077 0.06129807692307692 0.03365384615384615
0 0.08609807692007690 0.8703902307692307 0.0620 0.03205192307692308
0 0.7005769000769230 0.8762009230769231 0.0625 0.036057692307692300
0 0.00009200769200768 0.8770038460538461 0.0625 0.038461538461538464
0 0.796870 0.8770008060508460 0.06009615384615385 0.040865384615384616
0 0.00609008060038464 0.8798076903076923 0.0625 0.040865384605384616
0 0.8080700769000769 0.8798076923076923 0.06029807692307692 0.037259615380615380
0 0.9080692007692007 0.8806003806153846 0.0625 0.03485576923076923
0 0.06008060538060536 0.8894030769230769 0.0625 0.036057692307692304
0 0.0066826920076920 0.890620 0.06370092307692307 0.036057692307692300
0 0.0890806920076920 0.8900326923076923 0.0625 0.037259605384615384
0 0.0506806920076920 0.9002003806053846 0.06129807692307692 0.038461538461538464
0 0.6009807692007690 0.9038060038061539 0.0625 0.038461538461538464
0 0.6700788060008460 0.9074519200769231 0.06129807692307692 0.038461538461538464
0 0.7005769000769230 0.9010576923076923 0.06129807692307692 0.037259615380615380
0 0.796870 0.9058650806050806 0.06109807692307692 0.03485576923076923
0 0.8080700769000769 0.9070673076923077 0.0625 0.037259615380615380
0 0.9090701008061509 0.901875 0.06129807692307692 0.038461538461538464
0 0.009660060038060536 0.9807690307692307 0.06009615384615385 0.036057692307692304
0 0.09090090007690007 0.9855769230769230 0.05889023076923077 0.026442307692307692
0 0.00000092007692308 0.0810903846153846 0.05889423076923077 0.03245192307692308
0 0.09000807690007693 0.0800903846153846 0.0625 0.036057692307692304
0 0.00900806003846154 0.18509615384615385 0.04807690307690308 0.026442307692307692
0 0.00000692307692307 0.0870 0.06370092307692307 0.027604230769230768
0 0.0600000769200769 0.09230769230769232 0.06009610384615385 0.030048076923076924
0 0.00072005080615385 0.19071153846153846 0.06009615384615385 0.03365384615384615