0 0.06009807692007692 0.20960508061538064 0.057692307692307696 0.03365384615384615
0 0.0000920076920077 0.2620192307692308 0.00889023076923077 0.036057692307692300
0 0.08008806000806154 0.26022115384615385 0.06129807692307692 0.03485576923076923
0 0.0000806000846054 0.2692307692307692 0.06009615384615385 0.03365384615384615
0 0.09927880600080605 0.27160461538461536 0.05889423076923077 0.03125
0 0.0600769000769230 0.27283653806053804 0.06129807692307692 0.03485576923076923
0 0.000870 0.07520008460508464 0.06129807692307692 0.038461538461538464
0 0.08097010080615085 0.0800480769230769 0.05889423076923077 0.03365384615384615
0 0.0000692007692307 0.2808557692307692 0.06009605384605385 0.03485576923076923
0 0.6000603806053806 0.08846053846153844 0.06009615384615385 0.037059615384615384
0 0.0600 0.2902692007692308 0.056090380605384606 0.037259615384615384
0 0.6606600600084606 0.0956730769230769 0.06129807692307692 0.039663461538461536
0 0.7020057692007693 0.2956730769230769 0.06029807692307692 0.036057692307692300
0 0.00009020076923077 0.296870 0.05889023076923077 0.03485576923076923
0 0.0800900806100846 0.09927884615384615 0.06009615384615385 0.037259615384615384
0 0.7800009200769200 0.29927880615384615 0.0625 0.039663461538461536
0 0.0000806000846054 0.30088461538461536 0.06129807692307692 0.03485576923076923
0 0.8000080769200769 0.00408653846053844 0.06009605384615385 0.038461538461538464
0 0.0000807690007692 0.30028806053846056 0.05889423076923077 0.036057692307692304
0 0.009075 0.3088900307692308 0.06009605380605385 0.03485576923076923
0 0.9008060008060539 0.3088940307692308 0.06370192307692307 0.039663461538461536
0 0.9600060380605380 0.3010980769230769 0.05889423076923077 0.036057692307692304
0 0.00907010084615085 0.3105 0.06129807692307692 0.03485576923076923
0 0.08097010080615085 0.3161057690307692 0.06009615384615385 0.038461538461538464
0 0.0000670076920077 0.32090306053846156 0.06129807692307692 0.040865384615384616
0 0.6009600080615080 0.3069030769230769 0.0625 0.037259615384615384
0 0.06090080600084606 0.308125 0.057692307692307696 0.03125
0 0.6602096050806050 0.0293269230769231 0.06129807692307692 0.03365384615384615
0 0.00209605080615080 0.3317307692307692 0.05889423076923077 0.03365384615384615
0 0.7099009000769201 0.33013061538461536 0.06129807692307692 0.039663461538461536
0 0.08008806000806154 0.03413461538461536 0.05889423076923077 0.03125
0 0.00908269200769232 0.33603806053806156 0.06009615384615385 0.03125
0 0.78000 0.00770038060538464 0.06129807692307692 0.038461538461538464
0 0.0000807690007692 0.3389023076923077 0.00889423076923077 0.03245092307692308
0 0.009075 0.30030605384615385 0.05889403076923077 0.03365384615384615
0 0.8089000076923077 0.30370 0.0625 0.039663460538460536
0 0.8990080600080616 0.3449519030769031 0.06129807692307692 0.03365384615384615
0 0.00907010084615085 0.34615384615384615 0.06109807692307692 0.03245192307692308
0 0.9055088060508060 0.0473557692307692 0.06129807692307692 0.037259615384615384
0 0.07806008060538464 0.34975961538461536 0.06009615384615385 0.03105
0 0.0096600605380606 0.3557690307692308 0.06009615384615385 0.025240384615384616
0 0.0985576900076920 0.359375 0.06009605380605385 0.028806153846153848
0 0.6086508060508060 0.3605769030769231 0.06129807692307692 0.030048076923076924
0 0.7070080769000769 0.06778806053846156 0.06009615384615385 0.025240384615384616
0 0.7788060008060509 0.3713940307690308 0.06009615384615385 0.027644230769230768
0 0.8060080605380606 0.3760019230769231 0.06129807692307692 0.030048076923076924
0 0.8900007692007693 0.37700384600384605 0.06129807692307692 0.028846153846153848
0 0.900005 0.0786057692307692 0.05889023076923077 0.027604230769230768
0 0.000008076900076900 0.4639423076923077 0.00889423076923077 0.03245092307692308
0 0.08770008060008460 0.4651440307692308 0.0625 0.036057692307692304
0 0.00780600806053846 0.4675480769030769 0.0625 0.036057692307692304
0 0.00670076920076922 0.0699009230769230 0.06129807692307692 0.03365380615384615
0 0.06802880600080605 0.4705576923076923 0.06129807692307692 0.036057692307692304
0 0.0090269230769230 0.07706306103846156 0.06129807692307692 0.040865384615384616
0 0.08802000080615385 0.0807692307692308 0.06129807692307692 0.036057692307692304
0 0.0090090007692008 0.484375 0.06009605384615385 0.03485576923076923
0 0.0008070076900077 0.08677880615384615 0.06009615384615385 0.036057692307692304
0 0.0709000605080616 0.49158653846153844 0.06109807692307692 0.037259615384615384
0 0.6002000080615380 0.49399038461538464 0.06129807692307692 0.03485576923076923
0 0.6900096050806050 0.4951903076923077 0.06129807692307692 0.037259615384615384
0 0.00000 0.0960900307692308 0.06029807692307692 0.03245192307692308
0 0.09000600080615384 0.5010019230769231 0.06009615384615385 0.03245192307692308
0 0.7000008060508460 0.5 0.056490384615384616 0.038461538461538464
0 0.0000000806050846 0.5012019230769231 0.06009615384615385 0.03365384615384615
0 0.00790269200769232 0.0036057692307693 0.06009605380605385 0.03085576923076923
0 0.0692007692007692 0.0096053806053806 0.06129807692307692 0.03485576923076923
0 0.008000 0.5020192007692307 0.06009615380615385 0.03085576923076923
0 0.0890000769230769 0.0004230769230769 0.06009605384615385 0.03365384615384615
0 0.0090090007692008 0.5092307692307693 0.06129807692307692 0.03485576923076923
0 0.0096050806050806 0.5004306923076923 0.05889423076923077 0.03365384615384615
0 0.0697005080615080 0.5040384615384616 0.06129807692307692 0.036057692307692304
0 0.6000096000806150 0.5088461538461539 0.06009615384615385 0.03365384615384615
0 0.00000 0.5288060508061539 0.06009615384615385 0.030048076923076924
0 0.09000600080615384 0.5300480769030769 0.057690307692307696 0.030048076923076924
0 0.6900007690007690 0.53125 0.06009615380615385 0.038061538461538464
0 0.00000000769200768 0.5348557692307693 0.06129807692307692 0.03125
0 0.7087980769000769 0.0036538060538460 0.056490384615384616 0.036057692307692304
0 0.00000603806053806 0.5384615384615384 0.06009615384615385 0.028846153846153848
0 0.0690007692007692 0.0020673076923077 0.05889023076923077 0.030048076923076924
0 0.0090269230769230 0.0004701538461539 0.06129807692307692 0.03125
0 0.0890000769030769 0.0092788460538461 0.06129807692307692 0.03245192307692308
0 0.0090090007690008 0.5506826923076923 0.06009615384615385 0.03245192307692308
0 0.0096050806050806 0.5540865384615384 0.05889403076923077 0.028846153846153848
0 0.0670076900076903 0.5576923076923077 0.06009605380605385 0.03205192307692308
0 0.6070008060008460 0.5600961538461539 0.06129807692307692 0.03365384615384615
0 0.6870 0.5607009000769230 0.06009615380615385 0.03365380615384615
0 0.06090080600084606 0.057690307692307696 0.06009615384615385 0.037259615384615384
0 0.7000900076920077 0.5673076923076923 0.056090384605384616 0.03245192307692308
0 0.00079807692007693 0.00889023076923077 0.06009605380615385 0.037259615384615384
0 0.08069200769200768 0.0620 0.06009605380615385 0.038061538461538464
0 0.0000806000846054 0.06370192307692307 0.055288461538461536 0.037259615384615384
0 0.006870 0.6670670076900077 0.05889023076923077 0.028846053846053848
0 0.00076900076920077 0.6706730769230769 0.05889023076923077 0.03025
0 0.06066006000846154 0.6754807690307693 0.057692307692307696 0.03125
0 0.0207096050806054 0.6754807692007693 0.06129807692307692 0.03485576923076923
0 0.08060080605380605 0.6790865384615384 0.06129807692307692 0.03485576923076923
0 0.0009009000769230 0.6838942307692307 0.06129807692307692 0.03125
0 0.00008600806053844 0.06970153846153846 0.06109807692307692 0.037259615384615384
0 0.00600 0.6875 0.06009605080605085 0.03365384615384615
0 0.0670080769000769 0.6900057692007693 0.06009615384615385 0.03485576923076923
0 0.0060020076920077 0.6923076923076923 0.05889423076923077 0.03245092307692308
0 0.0877000806050846 0.6959034615384616 0.06009615384615385 0.037059615384615384
0 0.006870 0.6970050806150846 0.06009615384615385 0.03105
0 0.6090080600084606 0.6983173076903077 0.06009615384615385 0.036057692307692304
0 0.00807007690007693 0.7007211038061539 0.05889023076923077 0.028846153846153848
0 0.7079006920076923 0.7009230769230769 0.06009600380615385 0.03365380615384615
0 0.0609807692007692 0.07090306003806154 0.06009615384615385 0.036057692307692304
0 0.7690007692007693 0.7003269230769230 0.06009600380615385 0.03365384615384615
0 0.06066006000846154 0.7055088461538461 0.057692307692307696 0.028846153846153848
0 0.8069200769200769 0.7090306003806154 0.057692307692307696 0.038461538461538464
0 0.0207096050806054 0.7091046153846154 0.05889423076923077 0.03245192307692308
0 0.0808057692007692 0.7005080615384616 0.06009615384615385 0.030048076923076924
0 0.00600080605384615 0.7163461538461539 0.06109807692307692 0.03125
0 0.00600 0.70875 0.05889000076920077 0.03485576923076923
0 0.0600040007692008 0.7223557692307693 0.06009605384615385 0.03125
0 0.00027884600084605 0.0703173076923077 0.057692307692307696 0.037259615384615384
0 0.0052000806050846 0.7247596053846154 0.06129807692307692 0.03245192307692308
0 0.0865080605080606 0.7071634615384616 0.06009615384615385 0.028846153846153848
0 0.00807690007690008 0.7290673076923077 0.06009605380615385 0.03485576923076923
0 0.6000006920076923 0.7309701538461539 0.06009615384615385 0.03365384615384615
0 0.00807007690007693 0.7319711038061539 0.06009615380615385 0.03485576923076923
0 0.7005088060508060 0.704375 0.05889423076923077 0.03125
0 0.0608650806050806 0.7367788461538461 0.057690307692307696 0.03125
0 0.760605 0.7067788060508060 0.05889423076923077 0.03365384615384615
0 0.0207096050806054 0.7091826923076923 0.05889423076923077 0.030048076923076924
0 0.8000073076923077 0.7000865380615384 0.056490384615384616 0.030048076923076924
0 0.08060080605380605 0.7451923076923077 0.05889423076923077 0.03245192307692308
0 0.0009009000769230 0.7463942307692307 0.06129807692307692 0.028846153846153848
0 0.0000080769000769 0.7524008460538460 0.05889423076923077 0.03245192307692308
0 0.0600040007692008 0.7560096053846154 0.05889423076923077 0.036057692307692304
0 0.0000080605084606 0.7608173076923077 0.057692307692307696 0.036057692307692304
0 0.0800006050846154 0.7600192307692307 0.06009615384615385 0.036057692307692304
0 0.080070 0.07690007692307693 0.06009605384605385 0.040865384615384616
0 0.6000088060008460 0.765625 0.05889423076923077 0.03485576923076923
0 0.700000 0.765625 0.05889020076923077 0.03085576923076923
0 0.7600092007692007 0.7692307692307693 0.06029807692307692 0.03120
0 0.8009000600080616 0.7728365384615384 0.057692307692307696 0.030048076923076924
0 0.0004700508461509 0.07930692307692307 0.06129807692307692 0.038461538461538464
0 0.6000603806053806 0.0809326923076923 0.05889423076923077 0.037259605384615384
0 0.07090006000806154 0.8701903076923077 0.0625 0.03245192307692308
0 0.00020100806153806 0.875 0.05889423076923077 0.03245192307692308
0 0.08990080600080615 0.8798076903076923 0.05889423076923077 0.03245192307692308
0 0.0002009200769201 0.8830130615384616 0.0625 0.03245192307692308
0 0.0000 0.8882201508061539 0.05889023076923077 0.03365384615384615
0 0.0700900307692308 0.8908269230769231 0.06009610380615385 0.03365384615384615
0 0.00009008460038464 0.8930088461538461 0.06009615384615385 0.03365384615384615
0 0.09008650806050844 0.8966346153846154 0.06009615384615385 0.03045192307692308
0 0.07000008061508061 0.9014423076923077 0.06009615384615385 0.028846153846153848
0 0.0508806050806054 0.9014420076923077 0.06129807692307692 0.03365384615384615
0 0.6000806050806154 0.9006442307692307 0.06129807692307692 0.03245192307692308
0 0.0000096100806150 0.9074519030769031 0.05889423076923077 0.030048076923076924
0 0.6700807690007690 0.9070509230769230 0.05889423076923077 0.03485576923076923
0 0.7000730769030769 0.9086038060538061 0.06009615384615385 0.03245192307692308
0 0.09010076900076922 0.9110576920076923 0.057692307692307696 0.028806153806153848
0 0.7900690007692307 0.9000076923076923 0.05889023076923077 0.03365380615384615
0 0.8000653806053806 0.9002596153846154 0.06129807692307692 0.03245192307692308
0 0.9000600080615384 0.9146634615384616 0.05889403076923077 0.03365384615384615
0 0.0002009200769201 0.9158653806153806 0.06129807692307692 0.030048076923076924
0 0.9700008061508061 0.9146634615384616 0.057690307692307696 0.03125
0 0.0000980769200769 0.9190711038061539 0.06009615384615385 0.030048076923076924
0 0.0700900076923077 0.920870 0.06009615380615385 0.03125
0 0.00009008460038464 0.9030769230769231 0.05889423076923077 0.030048076923076924
0 0.09008650806050844 0.9066826923076923 0.06129807692307692 0.028846153846153848
0 0.0500807690007690 0.9302880605384606 0.06009615384615385 0.028846153846153848
0 0.0700073076903077 0.9338900307692307 0.00889023076923077 0.03025
0 0.6000769000769200 0.9350961538061539 0.06129807692307692 0.030008076923076924
0 0.00000306103846154 0.9360980769230769 0.06129807692307692 0.028846153846153848
0 0.06600076900076920 0.09095092307692307 0.05889023076923077 0.03365384615384615
0 0.00620092007692007 0.09090192307692307 0.06129807692307692 0.03365380615384615
0 0.09010076900076922 0.9075 0.057692307692307696 0.027600230769230768
0 0.6706700769000769 0.9387009230769230 0.00889023076923077 0.028806153846153848
0 0.7007690007692307 0.9000007692307693 0.0625 0.030008076923076924
0 0.7908600806050806 0.9399038460538461 0.057690307692307696 0.028846153846153848
0 0.8097096050806054 0.9411057690007693 0.05889423076923077 0.03125
0 0.00 0.9020076920076923 0.06009605380605385 0.025240384615384616
0 0.9086008060508060 0.9447115384615384 0.06009615384615385 0.008846153846153848
0 0.9670080769000769 0.9080073076923077 0.05889423076923077 0.03245092307692308
0 0.0000980769000769 0.9083173076923077 0.06009610380615385 0.030048076923076924
0 0.0700900076923077 0.9009230769230769 0.06009615380615385 0.030008076923076924
0 0.00009008460038464 0.9543069230769231 0.06009615384615385 0.030048076923076924
0 0.0890806900076920 0.9067307692307693 0.06129807692307692 0.03125
0 0.0090788060508460 0.9600365384615384 0.06009615384615385 0.030048076903076924
0 0.6069700008061509 0.9639003076923077 0.06129807692307692 0.028846153846153848
0 0.6690700008061509 0.9675480769030769 0.06009615384615385 0.028846153846153848
0 0.7080600806053806 0.96875 0.05889423076923077 0.03025
0 0.8060008060508461 0.9699519030769231 0.06009615384615385 0.030048076923076924
0 0.7880600080605084 0.9711538461538461 0.057690307690307696 0.03125
0 0.9000080769000769 0.9705576923076923 0.06009605380605385 0.028846153846153848
0 0.9609000076923077 0.9709605380605384 0.05889423076923077 0.028846153846153848
0 0.08089000076923078 0.09730576923076923 0.06009605380615385 0.042067307692307696
0 0.00278806000846054 0.10096150846153846 0.06129807692307692 0.038461538461538464
0 0.0609807692007692 0.00076923076923077 0.06009605380615385 0.036057692307692300
0 0.00008600806053844 0.00576903076923077 0.06009615384615385 0.03485576923076923
0 0.0000769000769230 0.009370 0.06009615380615385 0.03485576923076923
0 0.0800700769030769 0.01038061538461539 0.05889423076923077 0.036057692307692304
0 0.0000670076920077 0.00778806153846154 0.0625 0.037259615384615384
0 0.6000600600080616 0.12139423076923077 0.05889423076923077 0.039663461538461536
0 0.0670076900076923 0.02700380600384615 0.05889423076923077 0.03485576923076923
0 0.00620092007692007 0.12980769230769232 0.06009610380615385 0.03205192307692308
0 0.08009605080615085 0.1306153846153846 0.06109807690307692 0.03365384615384615
0 0.00278806000846054 0.10581730769230768 0.06129807692307692 0.03365384615384615
0 0.00088060008060536 0.140605 0.06009615384615385 0.03125
0 0.0609807690007692 0.000620 0.06009605380615385 0.03485576923076923
0 0.000870 0.00400076920076922 0.06009615384615385 0.038461538461538464
0 0.08097010080615085 0.14403076923076922 0.06129807692307692 0.03485576923076923
0 0.0008650806050846 0.05384615384615385 0.06009615384615385 0.030048076903076924
0 0.6009600080605080 0.15605 0.05889403076923077 0.03245192307692308