0 0.9700057692007693 0.29927880605380605 0.055288461538461536 0.03485576923076923
0 0.9070670076900077 0.2980769230769230 0.007692307692307696 0.03365380615380615
0 0.9700576900076923 0.3269230769230769 0.052880605380605384 0.028846153846153848
0 0.9070670076900077 0.3307307692307692 0.06009610380615385 0.03125
0 0.9700576900076923 0.3629807692307692 0.052880605380605384 0.038461538461538464
0 0.9070670076900077 0.3600826923076923 0.06009610380615385 0.03365384615384615
0 0.8069000769200769 0.09278806003846056 0.06009615384615385 0.036057692307692304
0 0.8808070076900077 0.09399038060538464 0.0625 0.03365384615384615
0 0.9009000605084616 0.49759615384615385 0.057690307690307696 0.03365384615384615
0 0.808020 0.5276002007692007 0.06029807692307692 0.036057692307692304
0 0.8880001008061509 0.5300080769230769 0.06009615384615385 0.037259615384615384
0 0.9080070076903077 0.0320509230769231 0.05889423076923077 0.03245192307692308
0 0.808020 0.5602980769200769 0.06009615080615385 0.03365380615384615
0 0.8880000008061509 0.5609038461538461 0.06129807692307692 0.03245192307692308
0 0.9080070076903077 0.0660057690307693 0.06009615380615385 0.03485576923076923
0 0.7900700008461509 0.6971153846153846 0.05889403076923077 0.036057692307692304
0 0.8005670076900077 0.6995092307692307 0.06009605380615385 0.036057692307692304
0 0.9006600600084616 0.6995190307692307 0.05889423076923077 0.03245192307692308
0 0.9700008061508061 0.7019030769230769 0.055288461538461536 0.036057692307692304
0 0.7906700769000769 0.7309701538061539 0.05889023076923077 0.03365384615384615
0 0.8057690007692007 0.7330730769230769 0.0625 0.03205092307692308
0 0.9008650806050806 0.734375 0.057690307690307696 0.03485576923076923
0 0.9700008061508061 0.7379807690307693 0.055288461538461536 0.03365384615384615
0 0.7906700769000769 0.7668269230769230 0.06009605380615385 0.037259615380615384
0 0.8069700508061509 0.7680088061538461 0.06009615384615385 0.036057692307692304
0 0.9070670076900077 0.7692307692307693 0.007692307692307696 0.03085576923076923
0 0.9700008061508061 0.7708365384615384 0.055288461538461536 0.037259615384615384
0 0.7007000008061509 0.8978365380615384 0.05889423076923077 0.03485576923076923
0 0.7096050806050806 0.8990384615384616 0.06009615384615385 0.037059615384615384
0 0.8009000600080616 0.9014423076923077 0.06009615384615385 0.03365384615384615
0 0.9070 0.9008060538060539 0.06009615384615385 0.037059615384615384
0 0.8786007690007690 0.9050080769230769 0.057692307692307696 0.037259605380605384
0 0.7007000008061509 0.9310903846153846 0.057692307692307696 0.03485576923076923
0 0.7096050806050806 0.9360980769230769 0.06009615384615385 0.036057692307692304
0 0.8097010080615080 0.9375 0.05889403076923077 0.038461538461538464
0 0.8798076900076920 0.9000007692307693 0.05889023076923077 0.03365384615384615
0 0.9087009000769230 0.9399038061038061 0.06009615384615385 0.036057692307692304
0 0.7007000008061509 0.9699519230769231 0.057692307692307696 0.037259615380615384
0 0.7096050806050806 0.9703557692307693 0.06009615384615385 0.03485576923076923
0 0.8097010080615080 0.9747596153846154 0.05889403076923077 0.03485576923076923
0 0.8798076900076920 0.9709605380605380 0.06009615384615385 0.037259615384615384
0 0.9099008060038061 0.9783653846153846 0.06009615384615385 0.037059615384615384