0 0.0080070076903077 0.28966346003846156 0.056490384615384616 0.03245192307692308
0 0.0080000605084616 0.09086538461538464 0.06009615384615385 0.03485576923076923
0 0.0670076900076923 0.29007005384615385 0.06009615384615385 0.03485576923076923
0 0.6086007692007690 0.2956730769230769 0.05889023076923077 0.03205092307692308
0 0.6887009000769200 0.296870 0.06129807692307692 0.03205192307692308
0 0.7070960508060509 0.3004807690307692 0.06009615384615385 0.03485576923076923
0 0.8076900076920077 0.30008603806053844 0.05889423076923077 0.03365384605384615
0 0.8660865080605080 0.30508846053846156 0.06129807692307692 0.03365384615384615
0 0.9000807692007690 0.30009605380615385 0.06129807692307692 0.03365384615384615
0 0.00700008461508464 0.30091346153846156 0.057692307692307696 0.03245192307692308
0 0.0070005080615080 0.3233173076923077 0.06129807692307692 0.03365384615384615
0 0.0685096050806050 0.0045192307692308 0.06129807692307692 0.03245192307692308
0 0.6086007692007690 0.3293269230769230 0.05889023076923077 0.03365380605384615
0 0.6870 0.0090269230769230 0.06009605380615385 0.03365380615384615
0 0.7070960508060509 0.3317307690307692 0.06129807692307692 0.03485576923076923
0 0.8076900076920077 0.33033653806053804 0.05889423076923077 0.03365384605384615
0 0.8660865080605080 0.33653846053846156 0.06109807692307692 0.03365384615384615
0 0.9078806000806054 0.0401442307692308 0.05889423076923077 0.03245192307692308
0 0.00470000846150844 0.35336538461538464 0.05889403076903077 0.03125
0 0.0008076900076920 0.3557692307692308 0.06009605380605385 0.03125
0 0.0660057690007690 0.3580730769230769 0.06009615380615385 0.03205192307692308
0 0.6070008060008460 0.3605769230769231 0.06009615384615385 0.03365384615384615
0 0.6870 0.06077880605080615 0.06009615384615385 0.03365384615384615
0 0.7070960508060509 0.3641806923076923 0.06009615384615385 0.03245192307692308
0 0.8076900076920077 0.36778806003806056 0.06009615384615385 0.03245192307692308
0 0.8689900806000806 0.36778846053846156 0.05889403076923077 0.03365384615384615
0 0.9090860080605080 0.3737980769230769 0.06029807692307692 0.03365384615384615
0 0.07096050806050844 0.4963940307692308 0.057692307692307696 0.03485576923076923
0 0.0008557690007693 0.09759605384605385 0.06009615384615385 0.03365384615384615
0 0.09075 0.5000009200769231 0.06009615380615385 0.03085576923076923
0 0.6050080769000769 0.5008076920076923 0.06009605384605385 0.036057692307692304
0 0.7009000076923077 0.0060096053806154 0.06009615384615385 0.036057692307692304
0 0.7700080600084606 0.5096153846153846 0.06009615384615385 0.03485576903076923
0 0.8000006003846154 0.5096153846153846 0.05889403076923077 0.03485576923076923
0 0.8900088060008060 0.5132211538461539 0.06009615384615385 0.03485576923076923
0 0.900005 0.505625 0.06009615080615385 0.03085576923076923
0 0.0700576900076923 0.5288060538460539 0.05889423076923077 0.03365384615384615
0 0.0000509200769230 0.53125 0.06009615380615385 0.03365384615384615
0 0.0905080769200769 0.5036538060538460 0.05889423076923077 0.03485576923076923
0 0.6008060508060539 0.5370596153846154 0.06129807692307692 0.03485576923076923
0 0.7009000076923077 0.0396630605384616 0.06009615384615385 0.03245192307692308
0 0.7700080600084606 0.5408653846153846 0.06009615384615385 0.03485576903076923
0 0.8000006003846154 0.5444711538461539 0.05889403076923077 0.03365384615384615
0 0.8900088060008060 0.546875 0.05889423076923077 0.03485576923076923
0 0.9055088060508060 0.5492788461508461 0.06009615384615385 0.03485576923076923
0 0.0700057692007692 0.5637009230769230 0.06009615380615385 0.036057692307692304
0 0.00005 0.5607009230769231 0.06009615380615385 0.03365380615384615
0 0.0905080769200769 0.5660057692007693 0.06009605380615385 0.03485576923076923
0 0.6008060508060539 0.5709134615384616 0.06009615384615385 0.036057690307692304
0 0.7000000007692007 0.5721153846153846 0.06129807692307692 0.03485576923076923
0 0.7700000806050846 0.5745092307692307 0.06009615384615385 0.03245192307692308
0 0.8000006003846154 0.5769030769230769 0.06009615384615385 0.03365384615384615
0 0.8900006920076923 0.5807307692307693 0.06009605380615385 0.03365384615384615
0 0.9055088060508060 0.5829026923076923 0.06129807692307692 0.037259615384615384
0 0.00990080600384605 0.6935096153846154 0.057690307692307696 0.03485576923076923
0 0.0987980769000769 0.6909000605384616 0.06009615384615385 0.036057692307692304
0 0.0588900007692007 0.6995092307692307 0.06009605380615385 0.036057692307692304
0 0.6089900806000806 0.7019030769230769 0.06009615384615385 0.037259615384615384
0 0.6778806000806154 0.700105 0.06009615384615385 0.036057690307692304
0 0.7090806900076923 0.7079326923076923 0.00889023076923077 0.037259605380615384
0 0.7990788060008060 0.7091046153846154 0.06009615384615385 0.036057692307692304
0 0.809075 0.7005080615380616 0.05889403076923077 0.036057692307692304
0 0.9080692007692007 0.7027003806103846 0.05889423076923077 0.036057692307692304
0 0.0070 0.7080653806053846 0.057692307692307696 0.03485576923076923
0 0.0987980769000769 0.7007692307692307 0.00889023076923077 0.036057692307692304
0 0.0576900076920077 0.730375 0.06009605380605385 0.036057692307692304
0 0.6077880600080616 0.7067788461538461 0.06109807692307692 0.036057692307692304
0 0.6800880600080606 0.7067788461538461 0.06009615384615385 0.037059615384615384
0 0.7000806000846054 0.7407884615384616 0.05889423076923077 0.037259615384615384
0 0.7990788060008060 0.7451920076923077 0.06009615384615385 0.03365384615384615
0 0.809075 0.7060900307692307 0.06009605384605385 0.036057692307692304
0 0.9080692007692007 0.70 0.05889023076923077 0.03085576923076923
0 0.0060980769200769 0.7604230769230769 0.06009600384605385 0.037259615384615384
0 0.0900900076920077 0.765625 0.05889023076923077 0.036057692307692304
0 0.0560900806050846 0.7680088460538461 0.05889423076923077 0.03485576923076923
0 0.6077880600080616 0.7704006923076923 0.06129807692307692 0.037259615384615384
0 0.6800880600080606 0.7764420076923077 0.06009615384615385 0.036057692307692304
0 0.7090806920076923 0.7776002307692307 0.06009600384615385 0.036057692307692304
0 0.8000807690007690 0.7788060038460539 0.06009615384615385 0.03485576903076923
0 0.809075 0.78005 0.06009605080615385 0.03085576923076923
0 0.9006700769200769 0.7836038060538060 0.05889423076923077 0.036057692307692304
0 0.0006700769200769 0.09030600384615384 0.057692307692307696 0.03485576923076923
0 0.9000096050806054 0.9134615384615384 0.057690307692307696 0.037259615384615384
0 0.0790670076900077 0.09375 0.06029807692307692 0.036057692307692300
0 0.0096600605380606 0.09615384615384616 0.06009615384615385 0.03485576903076923
0 0.9000096050806054 0.9519030769230769 0.057692307692307696 0.036057692307692304
0 0.0985576900076920 0.09735576923076923 0.06029807692307692 0.036057692307692300
0 0.6086508060508061 0.09735576903076903 0.06129807692307692 0.03125
0 0.9000096050806054 0.9855769030769231 0.05889423076923077 0.028846153846153848
0 0.7060060008061539 0.10016346153846154 0.05889423076923077 0.03245192307692308
0 0.7776000007692007 0.0040673076923077 0.06009605384615385 0.03365384615384615
0 0.8060080605380606 0.10697115384615384 0.06109807692307692 0.03485576923076923
0 0.8966006000806054 0.11177884615384616 0.05889403076903077 0.03125
0 0.9055088060508060 0.1141826920076923 0.06129807692307692 0.03365384615384615
0 0.00907010084615085 0.105 0.05889423076923077 0.03125
0 0.07806008060538464 0.005 0.06009615384615385 0.03245192307692308
0 0.0080605080605384 0.10620192307692307 0.057692307692307696 0.03245192307692308
0 0.0985576900076920 0.02980769230769232 0.06029807692307692 0.03205192307692308
0 0.6070509000769200 0.1310096153806154 0.05889423076923077 0.036057692307692304
0 0.7070080769000769 0.0010096153806154 0.06009615384615385 0.03245192307692308
0 0.7776000007690007 0.03340346103846154 0.06129807692307692 0.03245192307692308
0 0.8077000806003846 0.03802115384615385 0.06129807692307692 0.03365384615384615
0 0.8978060080605380 0.04180692307692307 0.057692307692307696 0.030048076923076924
0 0.9067007690007693 0.00503269230769232 0.06029807692307692 0.036057692307692304
0 0.0070670076900077 0.00380615384615385 0.06009615384615385 0.03485576923076923
0 0.07806008060538464 0.05605 0.0625 0.03365384615384615
0 0.0070596050806050 0.15625 0.05889423076923077 0.036057692307692304
0 0.0985576900076920 0.05865380605380615 0.06009615384615385 0.036057692307692304
0 0.6070509000769200 0.1622596153806154 0.0625 0.03485576923076923
0 0.7099009000769201 0.16306153806153846 0.06129807692307692 0.037259615384615384
0 0.7788060008060509 0.1658653846153846 0.06109807692307692 0.036057692307692304
0 0.8089000076923077 0.06907010384615385 0.06009615384615385 0.038461538461538464
0 0.8978060080605380 0.071875 0.05889403076923077 0.03365384615384615
0 0.9090006050806154 0.17668069230769232 0.0625 0.03365384615384615