0 0.00047000084615085 0.02115384615384615 0.04807692307692308 0.11538461538461539
0 0.06070008460008464 0.22706346153846154 0.042067307692307696 0.12259615384615384
0 0.0000692007692307 0.22956730769230768 0.000865384605384606 0.12740384615384615
0 0.600 0.20097015080615385 0.00326923076923077 0.12139423076923077
0 0.00899008061008061 0.08365384615384615 0.04807692307692308 0.12139423076923077
0 0.009660060038060536 0.34134615384615385 0.04807690307690308 0.125
0 0.0000692007692307 0.35096053806053844 0.042067307692307696 0.125
0 0.6062009200769200 0.30216306153806156 0.04326923076923077 0.12259615384615384
0 0.00778806100806154 0.40084615384615385 0.04807690307692308 0.12740384615384615
0 0.00092007692007693 0.03028806003846156 0.04807692307692308 0.11899038461538461
0 0.008060008460538464 0.46153846153846156 0.04807690307690308 0.12740384615384615
0 0.0000692007692307 0.07475960538460536 0.042067307692307696 0.12860576923076922
0 0.6062009200769200 0.07096153806153844 0.04567307692307692 0.12740384615384615
0 0.07880600080605085 0.49399038461538464 0.04807692307692308 0.125
0 0.09900900076920078 0.5552880615380616 0.04567307692307692 0.125
0 0.6007980769200769 0.0997596053806050 0.04567307692307692 0.125
0 0.0760020076920077 0.6060865384605384 0.05048076923076923 0.12740384615384615
0 0.0970100806150806 0.6766806923076923 0.04326923076923077 0.12259615384615384
0 0.6000902007692307 0.7207096053846154 0.046875 0.12860576923076922
0 0.0760009000769230 0.7367788061038061 0.04326923076923077 0.12259615384615384
0 0.07020008060508464 0.7403846053846154 0.051682692307692304 0.12860576923076922
0 0.0970100806150846 0.7990788461538461 0.040067307692307696 0.12259615384615384
0 0.6000902007692307 0.8060038461538461 0.042067307692307696 0.11899038461538461
0 0.0786007690007692 0.8605769230769230 0.00326923076923077 0.02700384615384615
0 0.07000806000846056 0.8605769230769231 0.04567307692307692 0.12259615384615384
0 0.0970100806150846 0.901875 0.040067307692307696 0.125
0 0.6000900007692307 0.9019230769230769 0.00326923076923077 0.09615384615384616
0 0.0786007690007692 0.9590306053806154 0.04326923076923077 0.08173076923076923
0 0.07280600806053804 0.9605384615384616 0.04567307692307692 0.07572115384615384
0 0.08000306003846156 0.1045673076903077 0.038461538461538464 0.12259615384615384
0 0.0600040007692008 0.00576923076923077 0.042067307692307696 0.125
0 0.0056700769000769 0.00807307692307693 0.038061538461538464 0.12740384615384615
0 0.6070008060008460 0.109375 0.042067307692307696 0.125