2 0.2091346153846154 0.24759615384615385 0.030048076923076924 0.07451923076923077
2 0.5673076923076923 0.24879807692307693 0.027644230769230768 0.07572115384615384
2 0.2692307692307692 0.24879807692307693 0.03125 0.07572115384615384
2 0.23918269230769232 0.24879807692307693 0.03125 0.07211538461538461
2 0.2980769230769231 0.25 0.030048076923076924 0.07451923076923077
2 0.38822115384615385 0.25 0.030048076923076924 0.07451923076923077
2 0.4170673076923077 0.2512019230769231 0.03125 0.07211538461538461
2 0.3269230769230769 0.2512019230769231 0.030048076923076924 0.07572115384615384
2 0.5372596153846154 0.25 0.03125 0.07451923076923077
2 0.3581730769230769 0.2512019230769231 0.03125 0.07572115384615384
2 0.44711538461538464 0.25240384615384615 0.03125 0.07451923076923077
2 0.5973557692307693 0.2512019230769231 0.03125 0.07572115384615384
2 0.6237980769230769 0.25240384615384615 0.02403846153846154 0.07572115384615384
2 0.5072115384615384 0.25240384615384615 0.03245192307692308 0.07211538461538461
2 0.47596153846153844 0.25240384615384615 0.030048076923076924 0.07211538461538461
2 0.24278846153846154 0.03125 0.030048076923076924 0.0625
2 0.21394230769230768 0.03125 0.027644230769230768 0.0625
2 0.33052884615384615 0.03125 0.030048076923076924 0.0625
2 0.27163461538461536 0.03125 0.027644230769230768 0.0625
2 0.3004807692307692 0.03245192307692308 0.030048076923076924 0.06490384615384616
2 0.3894230769230769 0.03245192307692308 0.03245192307692308 0.06490384615384616
2 0.4495192307692308 0.03245192307692308 0.030048076923076924 0.06490384615384616
2 0.4206730769230769 0.03245192307692308 0.03125 0.06490384615384616
2 0.359375 0.03245192307692308 0.027644230769230768 0.06490384615384616
2 0.5997596153846154 0.03245192307692308 0.030048076923076924 0.06490384615384616
2 0.6262019230769231 0.03245192307692308 0.026442307692307692 0.06490384615384616
2 0.5396634615384616 0.03365384615384615 0.030048076923076924 0.06610576923076923
2 0.5685096153846154 0.03365384615384615 0.027644230769230768 0.06610576923076923
2 0.2091346153846154 0.32211538461538464 0.030048076923076924 0.07451923076923077
2 0.23677884615384615 0.32211538461538464 0.030048076923076924 0.07451923076923077
2 0.265625 0.3245192307692308 0.03125 0.07451923076923077
2 0.41586538461538464 0.3245192307692308 0.030048076923076924 0.078125
2 0.2980769230769231 0.3245192307692308 0.030048076923076924 0.07451923076923077
2 0.32572115384615385 0.32572115384615385 0.030048076923076924 0.07572115384615384
2 0.3870192307692308 0.32572115384615385 0.030048076923076924 0.07572115384615384
2 0.44471153846153844 0.32572115384615385 0.030048076923076924 0.08052884615384616
2 0.3557692307692308 0.32572115384615385 0.03125 0.07572115384615384
1 0.5060096153846154 0.3269230769230769 0.03245192307692308 0.07572115384615384
2 0.47475961538461536 0.3269230769230769 0.030048076923076924 0.07572115384615384
2 0.6201923076923077 0.3269230769230769 0.027644230769230768 0.07572115384615384
2 0.5372596153846154 0.328125 0.03245192307692308 0.078125
2 0.5649038461538461 0.328125 0.030048076923076924 0.078125
2 0.59375 0.3293269230769231 0.027644230769230768 0.08052884615384616
2 0.4795673076923077 0.03365384615384615 0.03125 0.06610576923076923
2 0.5096153846153846 0.03365384615384615 0.027644230769230768 0.06610576923076923
1 0.20673076923076922 0.39663461538461536 0.030048076923076924 0.07451923076923077
2 0.23677884615384615 0.39903846153846156 0.030048076923076924 0.07451923076923077
2 0.32572115384615385 0.39903846153846156 0.030048076923076924 0.07451923076923077
2 0.2956730769230769 0.39903846153846156 0.03125 0.07451923076923077
2 0.265625 0.39903846153846156 0.03125 0.07572115384615384
2 0.5661057692307693 0.40024038461538464 0.030048076923076924 0.06610576923076923
2 0.3557692307692308 0.39903846153846156 0.030048076923076924 0.07572115384615384
2 0.44350961538461536 0.4014423076923077 0.027644230769230768 0.07572115384615384
2 0.5384615384615384 0.40024038461538464 0.030048076923076924 0.06971153846153846
2 0.41586538461538464 0.4014423076923077 0.03125 0.07572115384615384
2 0.3870192307692308 0.4026442307692308 0.03125 0.078125
2 0.5949519230769231 0.4014423076923077 0.030048076923076924 0.06850961538461539
2 0.6213942307692307 0.4026442307692308 0.025240384615384616 0.06971153846153846
1 0.47475961538461536 0.4026442307692308 0.03245192307692308 0.07451923076923077
2 0.5072115384615384 0.4014423076923077 0.03245192307692308 0.07211538461538461
2 0.2644230769230769 0.4735576923076923 0.030048076923076924 0.07572115384615384
2 0.2956730769230769 0.47475961538461536 0.03125 0.078125
2 0.20673076923076922 0.47475961538461536 0.026442307692307692 0.078125
2 0.23557692307692307 0.47475961538461536 0.030048076923076924 0.078125
2 0.3245192307692308 0.47475961538461536 0.027644230769230768 0.078125
1 0.3545673076923077 0.47475961538461536 0.03125 0.078125
1 0.5661057692307693 0.47475961538461536 0.030048076923076924 0.078125
2 0.44350961538461536 0.47475961538461536 0.027644230769230768 0.07451923076923077
2 0.41466346153846156 0.47596153846153844 0.030048076923076924 0.07211538461538461
2 0.47475961538461536 0.47596153846153844 0.03245192307692308 0.07572115384615384
2 0.59375 0.47596153846153844 0.027644230769230768 0.07572115384615384
2 0.38461538461538464 0.47596153846153844 0.03125 0.07572115384615384
2 0.5348557692307693 0.47596153846153844 0.030048076923076924 0.078125
2 0.6201923076923077 0.47596153846153844 0.027644230769230768 0.078125
2 0.5072115384615384 0.47716346153846156 0.03245192307692308 0.08052884615384616
2 0.20432692307692307 0.5480769230769231 0.027644230769230768 0.07572115384615384
2 0.6189903846153846 0.5492788461538461 0.027644230769230768 0.06610576923076923
2 0.2644230769230769 0.5492788461538461 0.030048076923076924 0.07451923076923077
2 0.5625 0.5492788461538461 0.03125 0.06610576923076923
2 0.2932692307692308 0.5492788461538461 0.03125 0.07572115384615384
2 0.23557692307692307 0.5504807692307693 0.030048076923076924 0.07451923076923077
2 0.5925480769230769 0.5504807692307693 0.027644230769230768 0.06610576923076923
2 0.44350961538461536 0.5516826923076923 0.030048076923076924 0.07572115384615384
2 0.38461538461538464 0.5516826923076923 0.03125 0.07572115384615384
2 0.41346153846153844 0.5516826923076923 0.030048076923076924 0.07572115384615384
2 0.3245192307692308 0.5504807692307693 0.027644230769230768 0.07451923076923077
1 0.47475961538461536 0.5504807692307693 0.03245192307692308 0.07451923076923077
2 0.5336538461538461 0.5528846153846154 0.026442307692307692 0.06971153846153846
2 0.3545673076923077 0.5516826923076923 0.03125 0.07572115384615384
2 0.5036057692307693 0.5516826923076923 0.030048076923076924 0.07211538461538461
2 0.20552884615384615 0.6225961538461539 0.026442307692307692 0.07572115384615384
2 0.6177884615384616 0.6237980769230769 0.027644230769230768 0.07572115384615384
2 0.23317307692307693 0.625 0.030048076923076924 0.07451923076923077
2 0.5901442307692307 0.625 0.026442307692307692 0.078125
2 0.2620192307692308 0.625 0.03125 0.078125
2 0.3233173076923077 0.625 0.03125 0.07451923076923077
2 0.35336538461538464 0.6262019230769231 0.027644230769230768 0.07211538461538461
2 0.2932692307692308 0.6262019230769231 0.030048076923076924 0.07572115384615384
2 0.53125 0.6274038461538461 0.03125 0.07451923076923077
2 0.5612980769230769 0.6262019230769231 0.03125 0.08052884615384616
2 0.38341346153846156 0.6262019230769231 0.03245192307692308 0.07572115384615384
2 0.4735576923076923 0.6274038461538461 0.03125 0.08052884615384616
1 0.41346153846153844 0.6274038461538461 0.030048076923076924 0.078125
1 0.44350961538461536 0.6274038461538461 0.03125 0.07572115384615384
2 0.5036057692307693 0.6274038461538461 0.030048076923076924 0.08052884615384616
1 0.20432692307692307 0.6983173076923077 0.027644230769230768 0.07572115384615384
2 0.23317307692307693 0.6995192307692307 0.03125 0.07451923076923077
2 0.2620192307692308 0.6995192307692307 0.03125 0.07451923076923077
2 0.35216346153846156 0.7007211538461539 0.030048076923076924 0.07451923076923077
2 0.4723557692307692 0.7007211538461539 0.027644230769230768 0.07211538461538461
2 0.44350961538461536 0.7007211538461539 0.030048076923076924 0.07451923076923077
1 0.38221153846153844 0.7007211538461539 0.030048076923076924 0.07451923076923077
2 0.32211538461538464 0.7007211538461539 0.030048076923076924 0.08052884615384616
1 0.41346153846153844 0.7007211538461539 0.030048076923076924 0.07572115384615384
2 0.2920673076923077 0.7019230769230769 0.03125 0.07572115384615384
2 0.6165865384615384 0.703125 0.026442307692307692 0.07451923076923077
2 0.5300480769230769 0.703125 0.030048076923076924 0.07451923076923077
2 0.5612980769230769 0.703125 0.03245192307692308 0.07451923076923077
2 0.5889423076923077 0.703125 0.027644230769230768 0.07451923076923077
2 0.5024038461538461 0.7055288461538461 0.030048076923076924 0.07211538461538461
2 0.23197115384615385 0.7716346153846154 0.030048076923076924 0.07451923076923077
2 0.20432692307692307 0.7716346153846154 0.026442307692307692 0.07451923076923077
1 0.2620192307692308 0.7728365384615384 0.030048076923076924 0.07572115384615384
2 0.35096153846153844 0.7740384615384616 0.03125 0.07572115384615384
2 0.29086538461538464 0.7752403846153846 0.030048076923076924 0.07451923076923077
2 0.38221153846153844 0.7764423076923077 0.03125 0.07572115384615384
2 0.32211538461538464 0.7752403846153846 0.03125 0.07451923076923077
2 0.4423076923076923 0.7752403846153846 0.03125 0.078125
2 0.41225961538461536 0.7752403846153846 0.030048076923076924 0.078125
2 0.4723557692307692 0.7776442307692307 0.027644230769230768 0.078125
2 0.5024038461538461 0.7776442307692307 0.030048076923076924 0.078125
2 0.6153846153846154 0.7776442307692307 0.027644230769230768 0.07451923076923077
2 0.5600961538461539 0.7800480769230769 0.03245192307692308 0.07572115384615384
2 0.5889423076923077 0.7800480769230769 0.027644230769230768 0.07572115384615384
2 0.5300480769230769 0.7800480769230769 0.026442307692307692 0.07572115384615384
2 0.2920673076923077 0.8473557692307693 0.03125 0.078125
1 0.3233173076923077 0.8509615384615384 0.03125 0.07572115384615384
2 0.35096153846153844 0.8509615384615384 0.026442307692307692 0.07572115384615384
2 0.38221153846153844 0.8509615384615384 0.03245192307692308 0.07451923076923077
2 0.4423076923076923 0.8521634615384616 0.03125 0.07572115384615384
2 0.41225961538461536 0.8521634615384616 0.030048076923076924 0.07572115384615384
2 0.6129807692307693 0.8521634615384616 0.030048076923076924 0.06850961538461539
2 0.47115384615384615 0.8521634615384616 0.030048076923076924 0.07572115384615384
2 0.5877403846153846 0.8521634615384616 0.03485576923076923 0.07211538461538461
2 0.5300480769230769 0.8545673076923077 0.03125 0.07211538461538461
2 0.5012019230769231 0.8545673076923077 0.03125 0.07572115384615384
2 0.5576923076923077 0.8533653846153846 0.03485576923076923 0.06971153846153846
2 0.4110576923076923 0.9242788461538461 0.027644230769230768 0.06971153846153846
2 0.4423076923076923 0.9242788461538461 0.03125 0.07211538461538461
2 0.47115384615384615 0.9254807692307693 0.030048076923076924 0.06971153846153846
2 0.38221153846153844 0.9254807692307693 0.03125 0.06971153846153846
2 0.6153846153846154 0.9254807692307693 0.030048076923076924 0.06971153846153846
2 0.5300480769230769 0.9266826923076923 0.027644230769230768 0.07211538461538461
2 0.5588942307692307 0.9266826923076923 0.026442307692307692 0.07572115384615384
2 0.5865384615384616 0.9254807692307693 0.03245192307692308 0.07451923076923077
2 0.5012019230769231 0.9278846153846154 0.030048076923076924 0.06971153846153846
2 0.2692307692307692 0.09735576923076923 0.030048076923076924 0.07451923076923077
2 0.24158653846153846 0.0985576923076923 0.03245192307692308 0.07572115384615384
2 0.21153846153846154 0.09975961538461539 0.030048076923076924 0.07451923076923077
2 0.3004807692307692 0.09975961538461539 0.03125 0.078125
2 0.33052884615384615 0.10216346153846154 0.03245192307692308 0.08052884615384616
2 0.4495192307692308 0.10216346153846154 0.03125 0.07572115384615384
1 0.3894230769230769 0.10216346153846154 0.03245192307692308 0.08052884615384616
2 0.4206730769230769 0.10216346153846154 0.03125 0.07572115384615384
2 0.5997596153846154 0.10216346153846154 0.030048076923076924 0.07572115384615384
2 0.359375 0.10336538461538461 0.03125 0.07451923076923077
2 0.5384615384615384 0.1045673076923077 0.03125 0.07572115384615384
2 0.5096153846153846 0.1045673076923077 0.03125 0.07572115384615384
2 0.5685096153846154 0.10336538461538461 0.03125 0.07451923076923077
2 0.625 0.10336538461538461 0.025240384615384616 0.07451923076923077
2 0.47836538461538464 0.10576923076923077 0.030048076923076924 0.07451923076923077
2 0.2704326923076923 0.17307692307692307 0.03125 0.08052884615384616
2 0.21153846153846154 0.17307692307692307 0.027644230769230768 0.07572115384615384
2 0.23918269230769232 0.17427884615384615 0.03125 0.07572115384615384
2 0.328125 0.17548076923076922 0.03125 0.07451923076923077
2 0.3581730769230769 0.17548076923076922 0.03125 0.078125
2 0.2980769230769231 0.17668269230769232 0.030048076923076924 0.07572115384615384
2 0.38822115384615385 0.17548076923076922 0.030048076923076924 0.078125
2 0.4182692307692308 0.1778846153846154 0.03245192307692308 0.07451923076923077
2 0.5685096153846154 0.17668269230769232 0.030048076923076924 0.07211538461538461
2 0.625 0.17668269230769232 0.021634615384615384 0.06850961538461539
2 0.4483173076923077 0.1778846153846154 0.03125 0.078125
2 0.5997596153846154 0.1778846153846154 0.030048076923076924 0.07451923076923077
2 0.47716346153846156 0.1778846153846154 0.030048076923076924 0.078125
2 0.5384615384615384 0.1778846153846154 0.03125 0.07451923076923077
2 0.5084134615384616 0.17908653846153846 0.03245192307692308 0.07572115384615384