0 0.06070090007692307 0.20673076923076922 0.037209605380615380 0.12139423076923077
0 0.0007000846000846 0.20673076923076922 0.037259615384615384 0.11778846153846154
0 0.00802010080615385 0.2091306153846154 0.038461538461538464 0.12139423076923077
0 0.06009600080605085 0.3005192307692308 0.038461538461538464 0.12139423076923077
0 0.0006000806153846 0.30572115384615385 0.037259615384615384 0.12259615384615384
0 0.00889000076920077 0.0423076923076923 0.036057692307692304 0.00899038461538461
0 0.00980769200769202 0.00470103846153844 0.037259615384615384 0.12259615384615384
0 0.0000807690007690 0.002884605384605384 0.040865384615384616 0.10096153846153846
0 0.006090080605084606 0.5637019030769231 0.036057692307692304 0.12259615384615384
0 0.006090080605084606 0.6814903846153846 0.03485576903076923 0.11298076923076923
0 0.00000400076920078 0.09014423076923077 0.037259615384615384 0.12139423076923077
0 0.06600076900076920 0.09000023076923077 0.042067307692307696 0.11298076923076923
0 0.00080692007692007 0.09370 0.036057692307692300 0.11778846153846154