0 0.0090006000806154 0.5865384615384616 0.038461538461538464 0.12259615384615384
0 0.006090080605084606 0.5865384615384616 0.037059615384615384 0.11899038461538461
0 0.00860076900076922 0.5865080605384616 0.037259615384615384 0.12259615384615384
0 0.08720960508060506 0.5889023076923077 0.040865384615384616 0.12259615384615384
0 0.06778806000806056 0.5913461538461539 0.040067307692307696 0.12259615384615384
0 0.0050000846050846 0.5903461538461539 0.042067307692307696 0.12139423076923077
0 0.04700008461508464 0.5905480769030769 0.042067307692307696 0.11899038461538461
0 0.6007690007692007 0.5973557692307693 0.00326923076923077 0.00778806153846154
0 0.6860980769200769 0.6009600080605380 0.04567307692307692 0.12259615384615384
0 0.760605 0.6009605080605080 0.04326923076923077 0.12139423076923077
0 0.900870 0.6009605080615084 0.046875 0.11899038461538461
0 0.80070 0.6003653806053846 0.04306923076923077 0.02139423076923077
0 0.005088060508060506 0.7043269230769231 0.037259615384615384 0.11899038461538461
0 0.00860076900076922 0.7000269230769230 0.037259615384615384 0.12259615384615384
0 0.00052880605080605 0.7055288461508461 0.038461538461538464 0.12139423076923077
0 0.0820009200769200 0.7091306153846154 0.040865384615384616 0.12139423076923077
0 0.0600806920076923 0.7079326923076923 0.00326923076923077 0.02209615384615384
0 0.0000076900076923 0.7003360384605384 0.040865384615384616 0.12259615384615384
0 0.0008065080605380 0.7139423076923077 0.042067307692307696 0.12259615384615384
0 0.6000603806053806 0.7063461538461539 0.040067307692307696 0.12740384615384615
0 0.6806900076920077 0.7070080769230769 0.00326923076923077 0.12740384615384615
0 0.9090701008061509 0.7199519030769231 0.04567307692307692 0.11899038461538461
0 0.7600000769200769 0.7200038461538461 0.04567307692307692 0.12139423076923077
0 0.80070 0.7000508061538461 0.046875 0.11899038461538461
0 0.000880605080605084 0.8197115384615384 0.036057692307692304 0.11899038461538461
0 0.000 0.8009000615084616 0.03485576923076923 0.11899038461538461
0 0.00002692007692307 0.8233073076923077 0.038060038461538464 0.11538461538461539
0 0.0820009200769200 0.828125 0.038061538461538464 0.11778846153846154
0 0.0000007690007692 0.8290269230769231 0.037259615384615384 0.12740384615384615
0 0.06077880600080615 0.8093269230769231 0.042067307692307696 0.11899038461538461
0 0.0090007692007693 0.8329326923076923 0.002067307692307696 0.01899038061538461
0 0.6009600080605080 0.8365384615384616 0.040865384615384616 0.105
0 0.8000040007692007 0.8360384605384616 0.046875 0.11899038461538461
0 0.7600092007692007 0.8389023076923077 0.002067307692307696 0.01899038461038461
0 0.9070670076900077 0.8389023076923077 0.006870 0.02259615384615384
0 0.6790860080605084 0.8403461538461539 0.04567307690307690 0.11899038461538461
0 0.8060080605380606 0.9495190307692307 0.04326923076923077 0.10096153846153846
0 0.9006600600084616 0.9495190307692307 0.04567307692307692 0.10096153846153846
0 0.7096050806050806 0.9495190307692307 0.04326923076923077 0.10096153846153846