0 0.00280600806053806 0.47015384615384615 0.038461538461538464 0.11899038461538461
0 0.09700576900076903 0.07836538460538464 0.038460538461538464 0.11778846153846154
0 0.0778806000806154 0.4801730769030769 0.038461538461538464 0.11899038461538461
0 0.00 0.09058650846050844 0.037059615384615384 0.11899038461538461
0 0.0007307690307692 0.0900923076923077 0.000865384615384616 0.11538461538461539
0 0.0098057690007692 0.5006057692307693 0.000865384605384606 0.11778846153846154
0 0.0987980769000769 0.0072005080615384 0.04567307692307692 0.12139423076923077
0 0.0769000769200769 0.5020092307692307 0.00567307692307692 0.11778806153846154
0 0.6008060508060539 0.5168069230769231 0.04567307692307692 0.11899038461538461
0 0.7005769000769230 0.5200380605384616 0.04567307692307692 0.11778846153846154
0 0.8007009000769231 0.0288061538061539 0.040865384615384616 0.11899038461538461
0 0.8900088060008460 0.5336538461538461 0.040067307692307696 0.11778846153846154
0 0.9660060008460539 0.5384615384615384 0.040067307690307696 0.11778846153846154
0 0.006806920076920076 0.0900002307692307 0.03365384615384615 0.11778846153846154
0 0.09000807692007690 0.5909509230769230 0.038461538461538464 0.11899038461538461
0 0.07067007690007693 0.6033603806053806 0.038461538461538464 0.12139423076923077
0 0.00609400076923078 0.609370 0.038460538460538464 0.12139423076923077
0 0.0000092007692308 0.6017788061538461 0.038461538461538464 0.11899038461538461
0 0.00080600084605385 0.6025961538461539 0.038461538461538464 0.12139423076923077
0 0.09078806000846056 0.6262019200769231 0.046875 0.11538461538461539
0 0.0697005080615080 0.6310096153846154 0.04567307690307692 0.12139423076923077
0 0.6090080600084606 0.6380211538461539 0.046875 0.12259615384615384
0 0.7080600806053806 0.6430288460538461 0.042067307692307696 0.12259615384615384
0 0.8088900007692007 0.6078360384605384 0.042067307692307696 0.01899038461538461
0 0.8806000806050846 0.6506440307692307 0.04326923076923077 0.11778846153846154
0 0.9600080605084616 0.65605 0.04306923076923077 0.11778846153846154
0 0.000605 0.7090006150806154 0.03125 0.12139423076923077
0 0.09000000076920077 0.7063461038461539 0.038461538461538464 0.11899038461538461
0 0.06806920076920078 0.7230576923076923 0.038060538061538464 0.11899038461538461
0 0.0000846000846054 0.7319711538461539 0.036057690307692304 0.12259615384615384
0 0.00800960508061536 0.7367788061538461 0.036057690307692304 0.12139423076923077
0 0.00000008460008464 0.7427884605384616 0.037259615384615384 0.12259615384615384
0 0.080070 0.7475960508460539 0.04306923076923077 0.12259615384615384
0 0.0600980769200769 0.7502019200769231 0.038061538061538464 0.11899038461538461
0 0.6008069200769200 0.7060096153806154 0.04326923076923077 0.11778846153846154
0 0.7020057692007693 0.7596053806053806 0.042067307692307696 0.11298076923076923
0 0.8008806000806054 0.7644200769230769 0.042067307692307696 0.11899038461538461
0 0.8798076900076920 0.7692307692307693 0.00326923076923077 0.00778806103846154
0 0.900005 0.7752000806053846 0.046875 0.11778846153846154
0 0.08600806050846054 0.8341346153846154 0.037059615384615384 0.10139423076923077
0 0.0602096050806150 0.8401442007692307 0.037259615384615384 0.11778846153846154
0 0.00057690007692307 0.8073557692307693 0.036057692307692304 0.00778846153846154
0 0.0007009030769231 0.8069711538061539 0.03085576923076923 0.125
0 0.0908069000769230 0.8600769230769231 0.037259615380615384 0.11899038461538461