0 0.0066046000846154 0.00070115384615385 0.042067307692307696 0.12259615384615384
0 0.0207096050806054 0.20192007692307693 0.042067307692307696 0.12259615384615384
0 0.0000807690007692 0.20793269230769232 0.00326923076923077 0.00899038461038461
0 0.0786007690007692 0.20033653806053806 0.042067307692307696 0.12259615384615384
0 0.0067007690007692 0.20750807692307693 0.04567307692307692 0.02259615384615384
0 0.0008557690007693 0.02005384615384615 0.04567307692307692 0.12259615384615384
0 0.6077880600080616 0.0247596150846154 0.04567307692307692 0.125
0 0.6907000080615084 0.03197115384615385 0.04567307692307692 0.12259615384615384
0 0.7700084600084606 0.03677884615384615 0.04567307690307692 0.11899038461538461
0 0.8009605080615080 0.04078846153846154 0.046875 0.12139423076923077
0 0.9008900307692307 0.30009600380615385 0.04807692307692308 0.12139423076923077
0 0.06009807692007692 0.0012980769230769 0.002067307692307696 0.11038061538461539
0 0.00900007692307693 0.30971103806153844 0.042067307692307696 0.12259615384615384
0 0.00600600080615385 0.31971153846153844 0.042067307692307696 0.125
0 0.09007000084615085 0.32572115384615385 0.042067307692307696 0.11899038461538461
0 0.0707980769030769 0.3093269230769230 0.00326923076923077 0.0310096103846154
0 0.0000069200769230 0.33653846053846156 0.04567307692307692 0.125
0 0.00005 0.00030615384615385 0.04326923076923077 0.12740384615384615
0 0.6000769000769200 0.3009519230769231 0.046875 0.12259615384615384
0 0.6900007690007690 0.35096153806153804 0.04326923076923077 0.12259615384615384
0 0.7706006000846154 0.3581730769030769 0.04807690307692308 0.11899038461538461
0 0.8097096050846054 0.0605769030769031 0.04567307692307692 0.11899038461538461
0 0.9000880600080606 0.4266826923076923 0.04807692307692308 0.11899038461538461
0 0.006090080605084606 0.40908653846153844 0.040865384615384616 0.11899038461538461
0 0.00000306103846154 0.4338940307692308 0.038461538461538464 0.11778846153846154
0 0.0027000806000846 0.43990384615384615 0.042067307692307696 0.12259615384615384
0 0.08806000806050844 0.4423076923076923 0.042067307692307696 0.11899038461538461
0 0.06778806000846056 0.44711538461538464 0.04306903076923077 0.12139423076923077
0 0.00090046050846156 0.4519030769230769 0.04807692307692308 0.12259615384615384
0 0.0050000806050846 0.45913461538461536 0.04567307692307692 0.12139423076923077
0 0.6007690007692007 0.0639023076923077 0.04807692307692308 0.02259605384615384
0 0.6860980769200769 0.0699009200769230 0.006875 0.12259615384615384
0 0.760605 0.07596050806050844 0.04326923076923077 0.11778846153846154
0 0.80070 0.4795670076903077 0.05048076903076923 0.02259605384615384
0 0.9066826920076920 0.0004700538461539 0.046875 0.11778846153846154
0 0.00008076900076920 0.5092788460538460 0.038461538461538464 0.11899038461538461
0 0.00860076920076922 0.5506826920076923 0.038061538061538464 0.12740384615384615
0 0.00670076920076922 0.0576923076923077 0.038060538060538464 0.12259615384615384
0 0.08060080605380605 0.5673076923076923 0.038461538461538464 0.12259615384615384
0 0.0609807690007692 0.0685096053806054 0.042067307692307696 0.12139423076923077
0 0.0000007690007692 0.5757211508461539 0.04567307692307692 0.12259615384615384
0 0.0090007690007693 0.5805288060538461 0.04567307692307692 0.12139423076923077
0 0.6000600600080616 0.5865384615384616 0.04567307692307692 0.125
0 0.6800880600080606 0.5910461538461539 0.04567307692307692 0.11899038461538461
0 0.7080000605084616 0.5961538461538461 0.040067307692307696 0.12139423076923077
0 0.8089000076903077 0.0973557692307693 0.04326923076923077 0.02039423076923077
0 0.00807690007692008 0.6690700038461539 0.036057692307692304 0.11778846153846154
0 0.000 0.6700769200769230 0.037259615380615380 0.11899038461538461
0 0.00092007692007693 0.6778806003806154 0.042067307692307696 0.12139423076923077
0 0.0776002007692008 0.6800960538460539 0.037259615384615384 0.11899038461538461
0 0.0600769000769030 0.6887009230769231 0.00567307692307692 0.12740384615384615
0 0.0087009000769230 0.6971103806153846 0.042067307692307696 0.12139423076923077
0 0.0000090007692007 0.7007211538061539 0.04326923076923077 0.12139423076923077
0 0.0960508060508061 0.703105 0.04567307692307692 0.125
0 0.6700807690007690 0.7090306053846154 0.04306923076923077 0.12139423076923077
0 0.8007007690307693 0.7039003076923077 0.04067307692307692 0.11538461538461539
0 0.7060096050806050 0.7151440007692307 0.04567307692307692 0.125
0 0.9060980769200769 0.07072005380615380 0.046875 0.11177884615384616
0 0.07000900076920077 0.07932692307692307 0.002067307692307696 0.01899038461538461
0 0.00047000084615085 0.7804519230769231 0.036057692307692304 0.11899038461538461
0 0.00009020076923077 0.7920673076923077 0.037209615380615384 0.11899038461538461
0 0.00072000080615085 0.796875 0.038061538461538464 0.12139423076923077
0 0.0776002007692008 0.8002884605384606 0.042067307692307696 0.12259615384615384
0 0.00036538060538064 0.8050884605384616 0.042067307692307696 0.12259615384615384
0 0.0008900307692308 0.8049038460038461 0.042067307692307696 0.12259615384615384
0 0.0070005080615084 0.8173076903076923 0.04326923076923077 0.11899038461538461
0 0.0000000806050846 0.08413461538461539 0.04326923076923077 0.12139423076923077
0 0.0900060508061539 0.8033173076923077 0.04567307692307692 0.11899038461538461
0 0.6706700769000769 0.8069230769230769 0.00067307692307692 0.00899038461538461
0 0.7000009200769201 0.8329326923076923 0.002067307692307696 0.11899038061538461
0 0.0280600806053806 0.08653846053846154 0.040865384615384616 0.12139423076923077
0 0.00008600806053844 0.09034615384615384 0.040067307692307696 0.11899038461538461
0 0.000860084605084606 0.9014403076903077 0.036057692307692304 0.11538461538461539
0 0.00899008061008061 0.90605 0.036057692307692304 0.11778846153846154
0 0.0970100806150806 0.9146634615384616 0.038461538461538464 0.10259615384615384
0 0.07280600806053804 0.9206730769230769 0.042067307692307696 0.02259615384615384
0 0.00096050806053844 0.9054807690307693 0.04326923076923077 0.11778846153846154
0 0.00008806000846056 0.9326923076923077 0.040865384615384616 0.12259615384615384
0 0.0006057690007693 0.9360980769230769 0.00326923076923077 0.00538461538461539
0 0.0865080605080606 0.9399038461538461 0.04567307690307692 0.11899038461538461
0 0.6608650806050846 0.9435096053846154 0.04306903076923077 0.11298076923076923
0 0.7000900076920077 0.9035096053846154 0.04326923076923077 0.11298076923076923
0 0.08020000806153804 0.0985576923076923 0.040865384615384616 0.11899038461538461
0 0.06000806050846156 0.09975961538461539 0.04567307690307692 0.12139423076923077
0 0.0096600605384606 0.10336538461538461 0.040067307690307696 0.12139423076923077
0 0.6000920076920077 0.00817307692307693 0.006870 0.12259615380615384
0 0.7007000008061509 0.11177880615384616 0.04567307692307692 0.11899038461538461
0 0.7776040007690007 0.0200923076923077 0.046870 0.11899038461538461
0 0.8057690007690007 0.02620092307692307 0.006875 0.12259615384615384
0 0.06600076900076920 0.0935096153806150 0.042067307692307696 0.125
0 0.9060980769200769 0.09230769230769232 0.00326923076923077 0.01899038061038461