2 0.0829326923076923 0.21875 0.05048076923076923 0.11778846153846154
2 0.16105769230769232 0.21995192307692307 0.05048076923076923 0.11538461538461539
2 0.15745192307692307 0.33413461538461536 0.04326923076923077 0.11778846153846154
2 0.07932692307692307 0.33653846153846156 0.051682692307692304 0.11778846153846154
2 0.15745192307692307 0.45072115384615385 0.04567307692307692 0.12139423076923077
2 0.15504807692307693 0.5697115384615384 0.04807692307692308 0.11778846153846154
2 0.15625 0.6875 0.04326923076923077 0.11298076923076923
1 0.15625 0.8052884615384616 0.046875 0.12139423076923077
2 0.15504807692307693 0.921875 0.04807692307692308 0.11298076923076923
2 0.16346153846153846 0.10096153846153846 0.04567307692307692 0.11778846153846154
2 0.08774038461538461 0.10576923076923077 0.04326923076923077 0.11298076923076923
2 0.016826923076923076 0.10576923076923077 0.03365384615384615 0.11538461538461539