0 0.0050000846050846 0.09591346153846154 0.04326923076923077 0.1310096153846154
0 0.08000060008461539 0.01033653846153846 0.036057692307692304 0.1310096153846154
0 0.0997596050806050 0.02956700769230768 0.038461538461538464 0.12259615384615384
0 0.0000007690007692 0.24609423076923078 0.042067307692307696 0.12860576923076922
0 0.0600096050806154 0.27400846153846156 0.037259615384615384 0.12740384615384615
0 0.6860980769200769 0.27880600080605385 0.04326923076923077 0.12740384615384615
0 0.0000080605084606 0.32091346153846156 0.042067307692307696 0.12740384615384615
0 0.08070076900076923 0.3293269230769230 0.038061038061538464 0.12740384615384615
0 0.0997596050806050 0.0557690307692308 0.036057692307692304 0.12860576923076922
0 0.0000007690007692 0.06778846153846156 0.04326923076923077 0.125
0 0.0602096050806150 0.09903846153846156 0.038461538461538464 0.125
0 0.6808900007692307 0.39903806003846056 0.04567307692307692 0.12740384615384615
0 0.0009900806003846 0.4004423076923077 0.038461538461538464 0.12259615384615384
0 0.0000080605084606 0.44350961538461536 0.042067307692307696 0.125
0 0.08000880605080606 0.45552884615084615 0.036057692307692304 0.12860576923076922
0 0.0997596050806050 0.4807690007692308 0.036057692307692304 0.12139423076923077
0 0.0602096050806150 0.5216046153846154 0.038461538461538464 0.12860576923076922
0 0.0009900806003846 0.5264423076923077 0.038460538461538464 0.12740384615384615
0 0.0000080605084606 0.5673076923076923 0.042067307692307696 0.12259615384615384
0 0.07900692007692307 0.0757200538061539 0.037259615380615384 0.125
0 0.0997596050806050 0.6001604615384616 0.036057692307692304 0.11899038461538461
0 0.0009900806003846 0.6442307692307693 0.038460538461538464 0.11778846153846154
0 0.00985576900076922 0.6066006053846154 0.037259615384615384 0.12139423076923077
0 0.0809026920076923 0.7007200038061539 0.03085576923076923 0.12860576923076922
0 0.0052000806050846 0.07692307692307693 0.04567307692307692 0.02740384615384615
0 0.0602096050806150 0.765625 0.006057692307692304 0.125
0 0.08070076900076903 0.8209030610384616 0.03485576923076923 0.12259615384615384
0 0.0602096050806150 0.8882211508461539 0.036057692307692304 0.12259615384615384
0 0.08600806050806054 0.09375 0.038461538461538464 0.10860576923076922
0 0.090600 0.9000880605380606 0.04326923076923077 0.12139423076923077
0 0.08070076900076903 0.9399038060038461 0.03245192307692308 0.11899038461538461
0 0.0997596050806050 0.10817007690307693 0.037259615384615384 0.12259615384615384
0 0.0000007690007692 0.125 0.04026923076923077 0.125
0 0.06066006000846154 0.15384615384615385 0.040067307692307696 0.125
0 0.6860980769200769 0.00500807692007693 0.00567307692307692 0.02259615384615384