0 0.9070009000769200 0.20278846153846154 0.04567307692307692 0.11538461538461539
0 0.8069200769200769 0.2036057692307692 0.00807692307692308 0.00778806153846154
0 0.7000806000846054 0.5490788461538461 0.04807692307692308 0.12259615384615384
0 0.7600092007692007 0.0620 0.006875 0.01298076923076923
0 0.9790670076900077 0.06370090307692307 0.000865384605384616 0.11538461538461539
0 0.7000730769030769 0.6670673076923077 0.00067307692307692 0.02259615380615384
0 0.9607000806000846 0.78025 0.04326923076923077 0.11778846153846154
0 0.7009701008061539 0.7880615384615384 0.04567307690307692 0.12259615384615384
0 0.9067007690007693 0.8990380605380606 0.04567307692307692 0.11899038461538461
0 0.7009605080605080 0.9074519230769231 0.04326923076923077 0.11899038461538461
0 0.9086008060508060 0.10740384615384615 0.042067307692307696 0.11899038461538461
0 0.8060080605380606 0.13581730769030768 0.037259615384615384 0.11177884615384616