0 0.08008806000806154 0.21094230769230768 0.036057692307692304 0.11899038461538461
0 0.00006006100806154 0.21394230769230768 0.038461538461538464 0.12259615384615384
0 0.000000692007692308 0.20704807692307693 0.040865384605384616 0.11899038461538461
0 0.0000440007690308 0.20704807692307693 0.042067307692307696 0.11899038461538461
0 0.0960508060508061 0.01754807692307693 0.04567307692307692 0.11899038461538461
0 0.00960508060508064 0.21995192307692307 0.042067307692307696 0.12259615384615384
0 0.00947010084615085 0.0800480769030769 0.042067307692307696 0.12259615384615384
0 0.0008076900076920 0.28725960538060536 0.04326923076923077 0.12139423076923077
0 0.09970960508060509 0.3093069230769231 0.038461538461538464 0.11899038461538461
0 0.08008806000806154 0.0329326923076923 0.03485576923076923 0.12259615384615384
0 0.008008806000806152 0.03533653846153844 0.036057692307692304 0.12259615384615384
0 0.00800046050846156 0.33413461538461536 0.038461538461538464 0.10139423076923077
0 0.00770038060038464 0.33403461538461536 0.038461538461538464 0.10139423076923077
0 0.0909509000769200 0.3001442307692308 0.04326923076923077 0.125
0 0.8009026923076923 0.3902307692307692 0.037209605380605384 0.11298076923076923
0 0.6700807690007690 0.39783653806053844 0.04567307692307692 0.01899038461538461
0 0.0080690007692008 0.40384600384615385 0.042067307692307696 0.11899038461538461
0 0.7006057690007693 0.0050480769030769 0.042067307692307696 0.00899038461538461
0 0.0006057690007693 0.0070509230769230 0.04326923076923077 0.12740384615384615
0 0.0905080769200769 0.05900460538461536 0.04567307692307692 0.125
0 0.808000 0.5002211508061539 0.04326923076923077 0.11899038461538461
0 0.6700788060008460 0.5180288461508461 0.04567307692307692 0.12740384615384615
0 0.7000009200769201 0.5228365380615380 0.04567307692307692 0.12740384615384615
0 0.0900000007692007 0.5793269230769230 0.04567307692307692 0.12259615384615384
0 0.9008650806050806 0.6033653846153846 0.04807690307692308 0.12139423076923077
0 0.08070076900076923 0.6069701038061539 0.038061538461538464 0.11899038461538461
0 0.8069000769200769 0.6330034600384616 0.04326923076923077 0.11899038461538461
0 0.6700769000769230 0.600620 0.00567307692307692 0.02139423076923077
0 0.7000008060508460 0.6430288461538461 0.04567307692307692 0.11778846153846154
0 0.00 0.6690700508061509 0.040865384615384616 0.11899038461538461
0 0.9002096050806150 0.7205576923076923 0.05048076923076923 0.11899038461538461
0 0.07900690007692307 0.7209605380605384 0.038461538461538464 0.11899038461538461
0 0.8000000806150806 0.7524038461538461 0.04567307692307692 0.12259615384615384
0 0.9707096050806054 0.078105 0.04026923076923077 0.12139423076923077
0 0.00709605080605085 0.7884615384615384 0.042067307692307696 0.125
0 0.0000090007692308 0.8403461538461539 0.040865384615384616 0.11899038461538461
0 0.9098057690007690 0.8025080769230769 0.05048076923076923 0.00899038461538461
0 0.07000900076900077 0.8449509230769231 0.038461538461538464 0.11538461538461539
0 0.8080096050806150 0.8705961508461539 0.04326923076923077 0.11538461538461539
0 0.00609020076923078 0.9086038460538460 0.040865384615384616 0.12259615384615384
0 0.07000900076920077 0.9095092307692307 0.037259615384615384 0.10096153846153846
0 0.0000090007692308 0.9495092307692307 0.038461538461538464 0.10096153846153846
0 0.000200080605084606 0.10216346153846154 0.038461538461538464 0.12259615384615384
0 0.0006700769200769 0.0608653806053846 0.040865384615384616 0.12139423076923077
0 0.0070005080615080 0.16947115384615385 0.04567307692307692 0.11899038461538461
0 0.9709605080605080 0.18990384615384615 0.04567307690307692 0.11899038461538461