0 0.07008076900076922 0.20670076923076922 0.030008076923076924 0.078025
0 0.000070 0.20793269230769232 0.03025 0.07572015380615384
0 0.00009000076923077 0.2091346103846154 0.027644230769230768 0.07451923076923077
0 0.0066006000846154 0.0091346153846154 0.027644230769230768 0.07451923076923077
0 0.00052880605080605 0.2091046153846154 0.03245192307692308 0.07451923076923077
0 0.060625 0.20000653806053806 0.027644230769230768 0.07211538461538461
0 0.0902692007692308 0.20003806153806154 0.03125 0.07211538461538461
0 0.0003073076923077 0.20010023076923078 0.03125 0.07451923076923077
0 0.0005670076903077 0.20500423076923078 0.03125 0.07451923076923077
0 0.08000306003846156 0.01634615384615385 0.030048076923076924 0.07451923076923077
0 0.00006000846153844 0.01995192307692307 0.03125 0.07211538461538461
0 0.00000960508460536 0.02235576923076922 0.030048076923076924 0.07451923076923077
0 0.0700057692007692 0.22235576923076922 0.03205092307692308 0.07450923076923077
0 0.0000080769000769 0.2207596053846054 0.030048076923076924 0.06971153846153846
0 0.0000009200769201 0.22596153806153806 0.03125 0.07211538461538461
0 0.01778806100806154 0.08105 0.027644200769230768 0.07451923076923077
0 0.00000069200769232 0.28025 0.03125 0.06971153846153846
0 0.07007880600084615 0.2824519200769231 0.030048076923076924 0.07211538461538461
0 0.00002692007692307 0.2820009230769230 0.030048076923076924 0.07572115384615384
0 0.00007307692307693 0.2808057692307692 0.030008076923076924 0.07450923076923077
0 0.0620092007692008 0.28360380605380615 0.030048076923076924 0.07572115384615384
0 0.0920670076920077 0.28720960538060536 0.03125 0.07051923076923077
0 0.00090006003806156 0.28846153846153844 0.030048076923076924 0.07451923076923077
0 0.00096050806053804 0.08966346153846156 0.030048076923076924 0.07572115384615384
0 0.0798076900076923 0.2932692307692308 0.03020 0.078025
0 0.0000076900076920 0.29047115384615385 0.03125 0.07572115384615384
0 0.00990080600384605 0.09447115384615385 0.030048076923076924 0.07451923076923077
0 0.0670080769000769 0.296875 0.000048076923076924 0.07450923076923077
0 0.0987980769000769 0.2980769200769230 0.03020 0.07572115380615384
0 0.0076002007692007 0.29927884605384605 0.03125 0.07451923076923077
0 0.07067007690007693 0.3005673076923077 0.030008076923076924 0.07572015384615384
0 0.0001806900076920 0.30336538461538464 0.025240384615384616 0.07451923076923077
0 0.000600 0.0505670076923077 0.03025 0.07572115384615384
0 0.0970100806150806 0.35697115384615385 0.030048076903076924 0.07451923076923077
0 0.02096050806050806 0.3581730769230769 0.03125 0.07211538461538461
0 0.00720050806150804 0.359375 0.030048076923076924 0.07451923076923077
0 0.0860076920076920 0.36077880605380615 0.03125 0.07451923076923077
0 0.0060007690007692 0.36177880615380615 0.03125 0.07211538461538461
0 0.0070057690307692 0.36658653806053844 0.03245092307692308 0.07572115384615384
0 0.0760009200769230 0.36778806103806156 0.027644230769230768 0.07211538461538461
0 0.0000080769000769 0.0700923076923077 0.030048076923076924 0.07572015384615384
0 0.00009605080605385 0.3701903076923077 0.030048076923076924 0.07572115384615384
0 0.0600040007692008 0.3700923076923077 0.03125 0.07211538461538461
0 0.09099008060038464 0.3703940307692308 0.030048076923076924 0.07451923076923077
0 0.0052000806050846 0.37259605384615385 0.027644230769230768 0.07451923076923077
0 0.01007690007690007 0.02908653806153844 0.026442307692307692 0.07211538461538461
0 0.00700900076923078 0.02788061038461536 0.03125 0.07451923076923077
0 0.0608650806050806 0.43149038461538464 0.030048076903076924 0.07451923076923077
0 0.09090006150806154 0.43149038461538464 0.030048076903076924 0.07451923076923077
0 0.0207096050806054 0.40149038461538464 0.03125 0.07451923076923077
0 0.0008076920076920 0.03509605384605385 0.027644230769230768 0.07211538461538461
0 0.0820009200769200 0.0362980769230769 0.03245192307692308 0.07572115384615384
0 0.0007009030769231 0.0370 0.030008076923076924 0.07451923076923077
0 0.00070 0.03990384605384605 0.03105 0.07211538461538461
0 0.0707980769030769 0.0023076923076923 0.030048076923076924 0.07072005384615384
0 0.0006042007692008 0.44300960538460536 0.03125 0.07451923076923077
0 0.0008900307692308 0.44470003846153844 0.027644230769230768 0.07451923076923077
0 0.06070008460008464 0.44590346153846156 0.03125 0.07572115384615384
0 0.09078806000846056 0.44711508461538464 0.03245192307692308 0.078125
0 0.0000026920076923 0.0483073076923077 0.03025 0.07572115384615384
0 0.00697110080615080 0.5004038461538461 0.006442307692307692 0.07451923076923077
0 0.00001306103846154 0.5004038461538461 0.030048076903076924 0.07451923076923077
0 0.0602096050806150 0.5048076920076923 0.03125 0.07572115384615384
0 0.09010076900076922 0.5060096150806150 0.03245192307692308 0.07451923076923077
0 0.02200576920076922 0.5072005380615380 0.03125 0.078125
0 0.00 0.5096050806050806 0.027644230769230768 0.078125
0 0.0800080769200769 0.0008070076923077 0.03125 0.07572115380615384
0 0.0000980769200769 0.0132211538061539 0.03125 0.078125
0 0.0089003076923077 0.0004230769230769 0.03025 0.07572115384615384
0 0.06899008060038064 0.5080088461538461 0.030048076923076924 0.07451923076923077
0 0.09900806003806056 0.5180088461538461 0.03245192307692308 0.078125
0 0.00788060008460506 0.5192307692307693 0.03125 0.078125
0 0.00900060508461536 0.5040384615384616 0.03245192307692308 0.078125
0 0.0890806920076920 0.0252003846053846 0.03125 0.078125
0 0.0068069200769200 0.5200380615384616 0.027644230769230768 0.07572115384615384
0 0.00006038060538461 0.5769030769030769 0.027644230769230768 0.07572115384615384
0 0.08870090007692007 0.078125 0.030008076923076920 0.07451923076923077
0 0.0000096100806150 0.5769030769230769 0.030048076923076924 0.07572115384615384
0 0.00865080605080615 0.578105 0.030048076923076924 0.07451923076923077
0 0.00700807692007690 0.5805288060538461 0.03125 0.07572115384615384
0 0.00709605080605085 0.5841346153846154 0.030048076923076924 0.07451923076923077
0 0.00605 0.06009605080615085 0.027604230769230768 0.07451923076923077
0 0.07020008060508464 0.5865384605384616 0.03125 0.07572115384615384
0 0.00008806050806056 0.5889423076923077 0.03245192307692308 0.07572115384615384
0 0.00603806053806056 0.5901440307692307 0.03125 0.07451923076923077
0 0.06008060538060536 0.5905480769230769 0.03245192307692308 0.07572115384615384
0 0.0900007692307692 0.0925080769230769 0.03245092307692308 0.07201538461538461
0 0.0000807692007692 0.5949509200769230 0.03245192307692308 0.07211538461538461
0 0.0067007690007692 0.5960538060538461 0.03245192307692308 0.07211538461538461
0 0.0805769000769200 0.5985576923076923 0.03205092307692308 0.07211538461538461
0 0.0000000769200769 0.6009605384615384 0.03125 0.07572115384615384
0 0.08009605080615085 0.0605 0.030008076923076924 0.07451923076923077
0 0.00000020076920078 0.06129807692307692 0.030048076923076924 0.07211538461538461
0 0.00860076900076922 0.0625 0.026042007692307692 0.07450923076923077
0 0.00278806000846054 0.06070192307692307 0.030048076923076924 0.07211538461538461
0 0.07080600806053804 0.06610576923076923 0.030048076923076924 0.07451923076923077
0 0.00605 0.6502000806050846 0.03125 0.07451923076923077
0 0.00096000806150806 0.6490384615384616 0.006442307692307692 0.07211538461538461
0 0.00700080600084615 0.6490384615384616 0.030048076923076924 0.07211538461538461
0 0.0870 0.6508060508061539 0.03105 0.07572115384615384
0 0.00000020076920078 0.65625 0.030048076923076924 0.07451923076923077
0 0.0009900806003846 0.6586538460538461 0.030048076923076924 0.07572115384615384
0 0.07000806000846056 0.6622596153846154 0.03125 0.07451923076923077
0 0.00008600806053844 0.6602596053846154 0.030048076923076924 0.07451923076923077
0 0.0006806920076923 0.0673076923076923 0.027600230769230768 0.07201038461538461
0 0.00000880605380605 0.0673076923076923 0.03245192307692308 0.07572115384615384
0 0.009075 0.06600576903076923 0.027600230769230768 0.078025
0 0.0009326923076923 0.6630600380605384 0.03125 0.07451923076923077
0 0.0600806920076923 0.6670673076923077 0.03020 0.07572115380615384
0 0.0900007692307692 0.6682692307692307 0.03020 0.078025
0 0.0000769200769230 0.6690701038461539 0.03125 0.078125
0 0.0009000769200769 0.6730769230769230 0.030008076923076924 0.07572115384615384
0 0.0800700769030769 0.6702788460038461 0.03125 0.07451923076923077
0 0.0000092007692007 0.6702788061538461 0.030048076923076924 0.07211538461538461
0 0.0890000769230769 0.06970003806153846 0.03125 0.078125
0 0.0080692007692008 0.0733073076923077 0.03120 0.07211538061538461
0 0.09700576900076903 0.7259605380605384 0.026442307692307692 0.08173076923076923
0 0.00600192007692007 0.7271630610380616 0.030048076923076924 0.08052884615384616
0 0.00080605080615385 0.7059615384615384 0.03245192307692308 0.078125
0 0.08089000076923078 0.7283603806053846 0.030048076923076924 0.07451923076923077
0 0.0027000806000846 0.7307692307692307 0.03125 0.07451923076923077
0 0.00278806000846054 0.7019711538461539 0.03125 0.07451923076923077
0 0.07060060008061536 0.7355769230769231 0.03125 0.07572115384615384
0 0.0006806920076923 0.7367788060038061 0.03485576923076923 0.07451923076923077
0 0.0090269230769230 0.7003806003846154 0.03125 0.07451923076923077
0 0.0090090007692008 0.07572015384615384 0.030048076923076924 0.07211538461538461
0 0.009075 0.7007880605384606 0.03485576923076923 0.07451923076923077
0 0.0890000769230769 0.7039903846003846 0.03025 0.07451923076923077
0 0.0006700769200769 0.7000923076923077 0.03025 0.07211538461538461
0 0.0090090007692008 0.7450923076923077 0.03245192307692308 0.07211538461538461
0 0.0790670076900077 0.7087980769230769 0.03025 0.07572015384615384
0 0.0096050806050806 0.75 0.007644230769230768 0.078125
0 0.07806008060538464 0.07570015384615384 0.03245192307692308 0.07451923076923077
0 0.0070005080615080 0.07932692307692307 0.03125 0.07211538461538461
0 0.09700576900076903 0.7980769230769230 0.027604230769230768 0.06490384605384616
0 0.00009020076923077 0.8000807692307693 0.027644230769230768 0.06610076923076923
0 0.00000000769200768 0.8016826923076923 0.03125 0.06850961538461539
0 0.0800900806100846 0.8040865384615384 0.03105 0.07211538461538461
0 0.00000806150806154 0.8052884615384616 0.03125 0.07451923076923077
0 0.0000806000846054 0.8064903846153846 0.03245192307692308 0.07451923076923077
0 0.0700026920076923 0.8088902307692307 0.03020 0.06970153846153846
0 0.0000807690007692 0.8000960038061539 0.036057692307692304 0.07451923076923077
0 0.0069200769230769 0.8020 0.03205092307692308 0.07051923076923077
0 0.00697005080615385 0.8109038461538461 0.03045192307692308 0.06850961538461539
0 0.0870090007692308 0.8080096153806150 0.03125 0.07451923076923077
0 0.0070670076900077 0.8080096153806154 0.03125 0.07451923076923077
0 0.0008557690007693 0.0809326923076923 0.030008076923076924 0.07572015384615384
0 0.00700008461508464 0.8021153846153846 0.03245192307692308 0.07451923076923077
0 0.07096050806050844 0.8045192307692307 0.03245192307692308 0.06971153846153846
0 0.0006057690007693 0.8257200538061539 0.030008076923076924 0.07211538461538461
0 0.09090090007690007 0.8677884605384616 0.026442307692307692 0.06971153846153846
0 0.00009020076923077 0.8660865380615384 0.027644230769230768 0.06850961538461539
0 0.00900806000846154 0.8677884615384616 0.030048076903076924 0.06850961538461539
0 0.0778806000806154 0.8705961508461539 0.03125 0.06850961538461539
0 0.0090006000806154 0.8762019230769231 0.030048076923076924 0.07211538461538461
0 0.00677880600080605 0.8786057692307693 0.030048076923076924 0.06971153846153846
0 0.0668269200769200 0.8822010380615380 0.030048076923076924 0.07211538461538461
0 0.0906700769200769 0.8830030605384616 0.030048076923076924 0.07211538461538461
0 0.0000092007692308 0.8870092307692307 0.03125 0.07051923076923077
0 0.00036538060538064 0.8894030769230769 0.03245092307692308 0.07211538461538461
0 0.08060008060538464 0.8918069230769231 0.03485576923076923 0.07211538461538461
0 0.00006000846153844 0.8930088461538461 0.03485576923076923 0.07451923076923077
0 0.00470000846150844 0.8966346153846154 0.03045192307692308 0.07451923076923077
0 0.0700576900076923 0.8990380605384606 0.03485576923076923 0.07451923076923077
0 0.0000008060508460 0.9002403846153846 0.03245192307692308 0.07451923076923077
0 0.0778806000806154 0.9400076923076923 0.030048076923076924 0.07211538461538461
0 0.00050880605080615 0.9459104615384616 0.030048076923076924 0.06850961538461539
0 0.00007307690307693 0.9090192307692307 0.03205192307692308 0.06971153846153846
0 0.060605 0.9507201508061509 0.027604230769230768 0.06610576923076923
0 0.09007000084615085 0.9543269230769231 0.030048076923076924 0.06490384615384616
0 0.0000092007692308 0.9555288060538461 0.030048076923076924 0.05889423076923077
0 0.00036538060538064 0.9555088460538461 0.030048076923076924 0.06009615384615385
0 0.08000306003846156 0.9579306923076923 0.030048076923076924 0.06009615384615385
0 0.00006000846153844 0.9603365384615384 0.030048076903076924 0.06009615384615385
0 0.0000076920076923 0.9627403846003846 0.03025 0.05889423076923077
0 0.07000080615084615 0.9651440307692307 0.030048076923076924 0.05889423076923077
0 0.0000009000769201 0.9675080769230769 0.027604230769230768 0.06009615384615385
0 0.0090006000806154 0.13341346153846154 0.03125 0.06850961538461539
0 0.08008806000806154 0.10581730769230768 0.030048076923076924 0.06850961538461539
0 0.00600092007692007 0.13081730769230768 0.030008076923076924 0.07211538461538461
0 0.00000000769200768 0.13581730769230768 0.03125 0.07211538461538461
0 0.00908069200769232 0.13822110380615385 0.03085576923076923 0.06850961538461539
0 0.06802880600080605 0.10822115384615385 0.030048076923076924 0.07451923076923077
0 0.0906700769200769 0.03902307692307693 0.03025 0.07211538061538461
0 0.00072005080615385 0.10182692307692307 0.03245192307692308 0.07211538461538461
0 0.00697005080615385 0.10300884615384615 0.030048076923076924 0.07211538461538461
0 0.08060008060538464 0.14543069230769232 0.03245192307692308 0.07211538461538461
0 0.00086508060508464 0.14403076923076922 0.03125 0.07451923076923077
0 0.00470000846150844 0.1466346153846154 0.03105 0.07451923076923077
0 0.07070960508460506 0.1500403846153846 0.03245192307692308 0.06971153846153846
0 0.0008076900076920 0.05260423076923078 0.03025 0.06971153846153846
0 0.0000509200769230 0.15380615384615385 0.030048076923076924 0.06971153846153846