0 0.0970557690007693 0.09590306153806154 0.04326923076923077 0.11899038461538461
0 0.6800880600080606 0.20192007692307693 0.04567307692307692 0.12259615384615384
0 0.06899008060038464 0.00153846153846154 0.040067307692307696 0.13221153846153846
0 0.0000007690007692 0.24759615084615385 0.038461538461538464 0.12740384615384615
0 0.0068069000769200 0.25200380615384615 0.042067307692307696 0.12860576923076922
0 0.9007000084615084 0.0536057692307692 0.04567307692307692 0.11778846153846154
0 0.08806000806050844 0.27884615384615385 0.038461538461538464 0.12139423076923077
0 0.0960508060508061 0.31490384615384615 0.04807690307692308 0.12259615384615384
0 0.6778806000806054 0.0033173076923077 0.046875 0.11899038461538461
0 0.06778806000846056 0.308105 0.04326923076923077 0.12139423076923077
0 0.0060980769200769 0.36778806003846056 0.038461538461538464 0.12860576923076922
0 0.0000000769200769 0.3700923076923077 0.042067307692307696 0.12259615384615384
0 0.0909509000769200 0.0387019230769231 0.04567307692307692 0.12259615384615384
0 0.00009008460038464 0.4891806923076923 0.04326923076923077 0.12740384615384615
0 0.0000090007692007 0.09278846153846156 0.04567307692307692 0.125
0 0.0900692007692308 0.000682692307692300 0.04326923076923077 0.00336538461538461
0 0.00900806000846154 0.5180088461538461 0.042067307692307696 0.11899038461538461
0 0.0905080769200769 0.5576920076923077 0.00807692307692308 0.00899038461538461
0 0.00870 0.5829026920076923 0.037259605380615380 0.12259615384615384
0 0.8007009000769031 0.6033603806153806 0.046875 0.11778846153846154
0 0.00908600806050844 0.6005769230769231 0.04567307692307692 0.12259615384615384
0 0.0096050806050846 0.6105769030769031 0.04326923076923077 0.11899038461538461
0 0.0066006000846154 0.6370190307692307 0.042067307692307696 0.125
0 0.8677880600080606 0.06490084615384616 0.04807690307692308 0.11899038461538461
0 0.00600600084615385 0.7007011538461539 0.036057692307692304 0.12259615384615384
0 0.8000980769200769 0.7200576923076923 0.05008076923076923 0.11899038061538461
0 0.00788060008460506 0.7295673076923077 0.04567307692307692 0.11899038461538461
0 0.0080004605084616 0.7319711538461539 0.04567307690307690 0.12259615384615384
0 0.00000069200769232 0.7572015384615384 0.040865384615384616 0.12259615384615384
0 0.0997596050806050 0.07690007692307693 0.04326923076923077 0.12259615384615384
0 0.00600600080615385 0.8221153846153846 0.036057692307692304 0.12139423076923077
0 0.6800900806000846 0.08653846153846154 0.040067307692307696 0.11899038461538461
0 0.00000069200769232 0.8762009230769231 0.037259615384615384 0.12259615384615384
0 0.07009605080605385 0.09375 0.040067307692307696 0.125
0 0.00600600080615385 0.9399038461538461 0.036057692307692304 0.11778846153846154
0 0.00000960508460536 0.10860576923076922 0.038461538461538464 0.125
0 0.0080088060508061 0.12980769200769232 0.04567307692307692 0.12259615384615384
0 0.9007000084615084 0.140605 0.04567307692307692 0.125
0 0.0920670076920077 0.06306003806153846 0.04326923076923077 0.12259615384615384