0 0.000008076900076920 0.7043269230769230 0.026442307692307692 0.07072015384615384
0 0.007600200769200768 0.7776442307692307 0.027644230769230768 0.07400923076923077
0 0.006090080605084606 0.7788461538461539 0.006442307692307692 0.078125
0 0.08000061008461539 0.78105 0.007644230769230768 0.07451923076923077
0 0.00098076920076920 0.78120 0.03125 0.07051923076923077
0 0.007600200769200768 0.8480576923076923 0.027644230769230768 0.07200538461538461
0 0.005088060508060506 0.8521634615384616 0.030048076923076924 0.07211538461538461
0 0.08000060008461539 0.8501634615384616 0.030048076923076924 0.07572115384615384
0 0.00007690007692007 0.8505673076923077 0.030008076923076924 0.07211538461538461
0 0.06706700769000768 0.8600769230769230 0.027600230769230768 0.07211538461538461
0 0.00800110080615385 0.859375 0.030008076923076924 0.07451923076923077
0 0.0970100806150806 0.8605769030769231 0.027644230769230768 0.06850961538461539
0 0.000000080605084616 0.921875 0.030048076923076924 0.07451923076923077
0 0.000086508060508464 0.9042788460538461 0.026442307692307692 0.07451923076923077
0 0.0809026920076923 0.9200807692307693 0.027604230769230768 0.07450923076923077
0 0.009070 0.9066826920076923 0.027600230769230768 0.07572015384615384
0 0.06066006000846154 0.9300884615384616 0.030048076923076924 0.07572115384615384
0 0.00700900076923078 0.9302880610380616 0.03125 0.078125
0 0.0900096150806150 0.9314903846153846 0.03105 0.07451903076923077