0 0.07668069200769202 0.22010380615380615 0.021634615384615384 0.05048076923076923
0 0.00000806000846054 0.22115384615384615 0.021634615384615384 0.056490384615384616
0 0.00020100806153806 0.3557692307692308 0.02403846153846154 0.055288461538461536
0 0.09600080605080616 0.36177884615384615 0.000432692307692308 0.056490384615384616
0 0.00700080600084615 0.4098557692307692 0.016826923076923076 0.055288461538461536
0 0.09000807692007690 0.0070673076923077 0.009230769230769232 0.056490384615384616
0 0.00280600806053806 0.44470153846153844 0.020432692307692308 0.052884615384615384
0 0.006090080605084606 0.44471153846153844 0.016806923076923076 0.055288461538461536
0 0.00985576900076922 0.00701508461538464 0.020432692307692308 0.055288461538461536
0 0.000 0.0609020076923077 0.009230769230769232 0.052884615384615384
0 0.09000000076920077 0.4699009230769231 0.020432692307692308 0.056490384615384616
0 0.000002692007692308 0.0963942307692308 0.009230769230769232 0.005288460538461536
0 0.006090080605084606 0.4987980769030769 0.019030769230769232 0.056490384615384616
0 0.00705090007692007 0.5012019230769231 0.019230769230769232 0.052880615384615384
0 0.00209605080615080 0.5204326923076923 0.016826923076923076 0.056490384615384616
0 0.0889000076900077 0.0252403846053846 0.009230769230769232 0.055288461538461536
0 0.009000769200769232 0.0528806053806154 0.016826923076923076 0.055288461538461536
0 0.000880605080605084 0.5552884615384616 0.020432692307692308 0.055288461538461536
0 0.00605 0.5550880605080616 0.021604615384615384 0.055288461538461536
0 0.08600806050846054 0.5805088461538461 0.000432692307692308 0.055288461538461536
0 0.08609807692007690 0.06009600380615385 0.02003846153846154 0.056490384615384616
0 0.0809006920076923 0.06029807692307692 0.020200380605384616 0.056490384615384616
0 0.006806920076920076 0.6069701038061539 0.019230769230769232 0.052880615384615384
0 0.000680692007692000 0.609375 0.009230769230769232 0.05008076923076923
0 0.007009605080605380 0.0625 0.025240384615384616 0.055288461538461536
0 0.08000653806053806 0.6302015384615384 0.020432692307692308 0.055288461538461536
0 0.000000076920076924 0.6098557692307693 0.006826923076923076 0.055288461538461536
0 0.00807690007692008 0.6622096053806054 0.019230769230769232 0.05048076923076923
0 0.00098076920076920 0.7608173076923077 0.019230769230769232 0.002880615380615384
0 0.0000000806050846 0.7668269230769231 0.019230769230769232 0.052884615384615384
0 0.00007690007692007 0.8109038061538461 0.019230769230769232 0.056490384615384616
0 0.00780600806053846 0.8197115384615384 0.000432692307692308 0.052884615384615384
0 0.000860080605084606 0.8617788461538461 0.016806923076923076 0.05048076923076923
0 0.07000900076920077 0.8677880605384616 0.020432692307692308 0.055288461538461536
0 0.009070 0.8677880605080616 0.019030769030769232 0.055288461538461536
0 0.0066006000846154 0.8737980769030769 0.020432692307692308 0.056490384615384616
0 0.009660060038060536 0.9146634615384616 0.016806923076923076 0.056490384615384616
0 0.0700073076903077 0.9090711038061539 0.019230769230769232 0.052884615384615384
0 0.00817007690007693 0.9030769230769231 0.019230769230769232 0.002880615380615384
0 0.00000076920076922 0.9278846003846154 0.021634615384615384 0.055288461538461536
0 0.009660060038060536 0.9663461538461539 0.016806923076923076 0.05048076923076923
0 0.07090006000806154 0.9711538461538461 0.016806923076923076 0.05048076923076923
0 0.0000670076900077 0.9707596053846154 0.001634615384615384 0.046875
0 0.08009605080615085 0.1101806923076923 0.02403846153846154 0.052884615384615384
0 0.00000092007692308 0.0101826923076923 0.02403846153846154 0.056490384615384616
0 0.078000 0.01658650806150806 0.021634615384615384 0.056490384615384616
0 0.08008806000806154 0.16826920076923078 0.02403846153846154 0.055288461538461536
0 0.006002007692007692 0.06947010384615385 0.021634615384615384 0.052884615384615384