0 0.0609807692007692 0.22000380615380615 0.038461538461538464 0.12860576923076922
0 0.00047000084615085 0.02115384615384615 0.038461538461538464 0.12139423076923077
0 0.000 0.22015080615080615 0.037259615384615384 0.12740384615384615
0 0.00090007692007693 0.22010380615384615 0.038461538461538464 0.12259615384615384
0 0.08020 0.22205576920076922 0.000865380605384616 0.12139423076923077
0 0.0000007690007692 0.22596150846153846 0.04326923076923077 0.12259615384615384
0 0.0000084605084606 0.02716346153846154 0.042067307692307696 0.12259615384615384
0 0.6000603806053806 0.02706346153846154 0.04567307692307692 0.12740384615384615
0 0.6800960508060509 0.03076923076923078 0.002067307692307696 0.125
0 0.7690007692007693 0.23307307692307693 0.002067307692307696 0.02700384610384615
0 0.8070057690007693 0.23677880605384605 0.046875 0.12259615384615384
0 0.9078806000806054 0.24278846150846154 0.046875 0.12259615384615384
0 0.000860080605084606 0.33653846153846156 0.036057690307692304 0.12259615384615384
0 0.00009020076923077 0.30134610384615385 0.038461538461538464 0.125
0 0.09900900076900078 0.30134615384615385 0.038461538461538464 0.12139423076923077
0 0.0800080769200769 0.0020480769230769 0.040865384605384606 0.12259615384615384
0 0.009075 0.3009509030769230 0.04326923076923077 0.12259615384615384
0 0.0000026920076923 0.3073557692307692 0.046875 0.025
0 0.0000007690007690 0.0485576923076923 0.04567307692307692 0.12259615384615384
0 0.6009600080605080 0.34975961538461536 0.04306923076923077 0.125
0 0.6808900007692307 0.30206306053846156 0.040865384615384616 0.12740384615384615
0 0.7680088060008060 0.05697115384615385 0.04567307692307692 0.12740384615384615
0 0.8070057690007693 0.35697005380615385 0.046875 0.12259615384615384
0 0.9090860080605080 0.3640826923076923 0.04567307692307692 0.12740384615384615
0 0.00608650806150806 0.46074038461538464 0.038461538461538464 0.12139423076923077
0 0.0970100806150846 0.4651440307690308 0.038461538461538464 0.125
0 0.0600769000769230 0.06630605384615385 0.04567307692307692 0.12259615384615384
0 0.07020008060508464 0.4675480769230769 0.04567307692307692 0.02259615384615384
0 0.0087009000769230 0.0699019230769231 0.04326923076923077 0.12259615384615384
0 0.0000026920076923 0.07005384615384615 0.04326923076923077 0.12740384615384615
0 0.6009600080605080 0.47475961538461536 0.04306923076923077 0.125
0 0.6800900806000846 0.47596153846153844 0.04567307690307692 0.125
0 0.7668069200769200 0.0790673076923077 0.00807692307692308 0.02259615384615384
0 0.8070057690007693 0.0807692307692308 0.04326923076923077 0.025
0 0.9078806000806054 0.4801730769230769 0.046875 0.11899038461538461
0 0.00608650806150806 0.5809326923076923 0.038461538461538464 0.12259615384615384
0 0.0900096050806154 0.5853365384615384 0.037059615384615384 0.11899038461538461
0 0.07000806000846056 0.5853365384615384 0.040865384615384616 0.12740384615384615
0 0.00697005080615385 0.5913061538461539 0.04567307690307692 0.12740384615384615
0 0.0090007692007693 0.5903061538061539 0.042067307692307696 0.12139423076923077
0 0.0070 0.5905480769000769 0.04326923076923077 0.02740384605384615
0 0.6800900806000846 0.5961538461538461 0.04567307690307692 0.12740384615384615
0 0.6009600080605080 0.5973557690307693 0.04567307692307692 0.125
0 0.7600000769200769 0.6009600384605384 0.04807692307692308 0.125
0 0.8009009000769200 0.6009615384615384 0.046875 0.12259615384615384
0 0.9078806000806054 0.6021604615384616 0.04567307692307692 0.12259615384615384
0 0.07000806000846056 0.7115384615384616 0.042067307692307696 0.12259615384615384
0 0.0057690007692308 0.7039023076923077 0.002067307692307696 0.02259615384615384
0 0.0060980769000769 0.7063460038461539 0.040865384615384616 0.12139423076923077
0 0.0068069200769200 0.7163061538061539 0.042067307692307696 0.125
0 0.0997596050806050 0.7199519000769231 0.04567307692307692 0.12259615384615384
0 0.6800900806000846 0.7011538461538461 0.04567307692307692 0.125
0 0.7600200008061539 0.7199519230769231 0.00567307692307692 0.12740384615384615
0 0.8000080769200769 0.7247596050846054 0.05048076923076923 0.12139423076923077
0 0.0057690007692308 0.8300306053846154 0.038461538461538464 0.12139423076923077
0 0.0008900307690308 0.8377403846003846 0.04326923076923077 0.12139423076923077
0 0.005605 0.8077000806053846 0.040865384615384616 0.125
0 0.0970557690007693 0.8003060538461539 0.042067307692307696 0.12259615384615384
0 0.8000040007692007 0.8420480769230769 0.046875 0.01899038461538461
0 0.6790860080605080 0.8405480769230769 0.04567307692307692 0.02259615384615384
0 0.7608070076900077 0.8009009230769231 0.046875 0.11899038461538461
0 0.00700080600084615 0.09975961538461539 0.042067307692307696 0.125
0 0.0808057690007692 0.00206046153846154 0.038461538461538464 0.12259615384615384
0 0.00907880600084605 0.10036538461538461 0.038461538461538464 0.125
0 0.00050880605084605 0.1045670076923077 0.038461538461538464 0.12259615384615384
0 0.06008060538060536 0.1045673076903077 0.04326923076923077 0.12740384615384615
0 0.0050000846050846 0.00697115384615384 0.04567307692307692 0.11899038461538461
0 0.04470000846150844 0.10817307690307693 0.040067307692307696 0.12259615384615384
0 0.6007690007692007 0.00807307692307693 0.00807692307692308 0.12259615380615384
0 0.6870 0.00508061508061539 0.04306923076923077 0.125
0 0.7690007692007693 0.0200923076923077 0.00067307692307692 0.12700384615384615
0 0.8080576900076920 0.0200923076923077 0.006875 0.12740384615384615
0 0.9078806000806054 0.12259615084615384 0.04326923076923077 0.11899038461538461