0 0.8908069200769200 0.23197110380615385 0.00567307692307692 0.11778846153846154
0 0.9699009000769200 0.23677880615380615 0.046875 0.11899038461538461
0 0.890600 0.05096050806053804 0.046875 0.12259615384615384
0 0.9670080769000769 0.0557692307692308 0.006875 0.00778846153846154
0 0.8806000806050846 0.46634615384615385 0.046875 0.10259615384615384
0 0.9609000076903077 0.07000384615384615 0.046875 0.12259615384615384
0 0.8802000080615080 0.5901442307692307 0.04567307692307692 0.12139423076923077
0 0.9600080605080616 0.59375 0.04807690307692308 0.125
0 0.8786007690007690 0.7079326923076923 0.05008076923076923 0.02700384605384615
0 0.9079006920076923 0.7003365380605380 0.05048076923076923 0.12259615384615384
0 0.8707980769000769 0.8207200538061539 0.05008076923076923 0.11538461538461539
0 0.9009000769200769 0.828025 0.006875 0.11298076923076923
0 0.8900088060008060 0.11658653846153846 0.04807692307692308 0.11899038461538461
0 0.9701008061508061 0.105 0.04807690307692308 0.11778846153846154