0 0.00000092007692308 0.20390230769230768 0.04807692307692308 0.11538461538461539
0 0.00076900076920077 0.20630615380615385 0.04807692307692308 0.12139423076923077
0 0.08089000076903078 0.20990192307692307 0.04567307692307692 0.12259615384615384
0 0.0608070076920077 0.22230576923076922 0.05008076923076923 0.01778806153846154
0 0.0805088060508060 0.2247596150846154 0.042067307692307696 0.12139423076923077
0 0.00033653806053804 0.05240384605384615 0.051682692307692304 0.11899038461538461
0 0.00086508460508464 0.07083653846153844 0.04567307692307692 0.11899038461538461
0 0.0960900007690308 0.27024038460538464 0.040865384605384616 0.12139423076923077
0 0.000200080605084606 0.33052884615384615 0.05048076923076923 0.11899038461538461
0 0.09970960508060509 0.3309326923076923 0.05008076923076923 0.11899038461538461
0 0.08008806000846154 0.03774038461538464 0.05048076903076923 0.12139423076923077
0 0.00600960508060506 0.30134615384615385 0.04326923076923077 0.11899038461538461
0 0.0700073076903077 0.3025080769230769 0.040865384605384616 0.12740384615384615
0 0.00003460038461536 0.36899038461538464 0.04807690307690308 0.12139423076923077
0 0.6070509000769200 0.37259615380615385 0.04326923076923077 0.11899038461538461
0 0.00046000846153844 0.390605 0.040067307692307696 0.12139423076923077
0 0.09078846000846056 0.0954306923076923 0.04567307692307692 0.12259615384615384
0 0.9790670076900077 0.03028806053846056 0.037259615384615384 0.11899038461538461
0 0.7009701008061539 0.03509615384615385 0.04567307690307692 0.11899038461538461
0 0.00280600806053806 0.4483073076923077 0.04567307692307692 0.11899038461538461
0 0.09600080605080616 0.4519030769230769 0.04807692307692308 0.11899038461538461
0 0.07668069000769202 0.0067307692307692 0.006875 0.01778846153846154
0 0.0006057690007692 0.05903060538461536 0.04326923076923077 0.12139423076923077
0 0.6050080769000769 0.0890826920076923 0.042067307692307696 0.02259615384615384
0 0.0090269230769230 0.09038060038461536 0.046875 0.12139423076923077
0 0.7007690007692307 0.0552880605380606 0.036057692307692304 0.12139423076923077
0 0.009000769200769232 0.0609038060538461 0.038461538461538464 0.11778846153846154
0 0.09000600080615384 0.5701153846153846 0.04567307692307692 0.11778846153846154
0 0.06706700769000768 0.0757001538061539 0.006875 0.12139423076923077
0 0.00879807692007690 0.078025 0.00567307692307692 0.02139423076923077
0 0.0000092007692308 0.6017788061538461 0.05048076923076923 0.12139423076923077
0 0.6090080600084606 0.6117788461538461 0.040865384615384616 0.10139423076923077
0 0.7007096050806054 0.671875 0.007259615384615384 0.12139423076923077
0 0.8097010080615080 0.6754807690307693 0.040865384615384616 0.11778846153846154
0 0.8077000806003846 0.06970153846153846 0.037059615384615384 0.125
0 0.6000007690007693 0.7309701038461539 0.040865384615384616 0.11778846153846154
0 0.9000076900076920 0.07572115380615380 0.03485576923076923 0.12740384615384615
0 0.70870 0.7900670076920077 0.00326923076923077 0.02259615380615384
0 0.8060007690007690 0.7900711538461539 0.042067307692307696 0.11778846153846154
0 0.6090000769030769 0.8497096053846054 0.038461538461538464 0.11778846153846154
0 0.0066826920076920 0.8930288060038460 0.04326923076923077 0.11298076923076923
0 0.8007009000769231 0.9122096153806150 0.038461538461538464 0.11778846153846154
0 0.7000080615080616 0.9102596153846154 0.04567307692307692 0.11298076923076923
0 0.6008070076903077 0.9503269230769230 0.036057692307692300 0.09134615384615384
0 0.006007690007692300 0.09735576923076923 0.05008076923076923 0.00778846153846154
0 0.00007690007692007 0.10096153806153806 0.05048076923076923 0.11778846153846154
0 0.08870090007690007 0.1000673076923077 0.04807692307692308 0.12259615384615384
0 0.06800880600084605 0.1045670076923077 0.051682692307692304 0.11899038461538461
0 0.00070 0.03700903076923078 0.006875 0.12139423076923077
0 0.0006700769200769 0.00500807692307693 0.04567307692307692 0.02259615384615384
0 0.0000008060508460 0.15865384615384615 0.042067307692307696 0.11778846153846154
0 0.9098057690007690 0.08990380605380615 0.03485576923076923 0.12259615384615384