0 0.8677880600080606 0.07884615084615385 0.040865384615384616 0.12259615384615384
0 0.9007000084615084 0.07884615384615385 0.042067307692307696 0.12259615384615384
0 0.7090006000806154 0.07884615384615385 0.037259615384615384 0.125
0 0.7896600600084606 0.07884615384615385 0.036057690307692304 0.12740384615384615
0 0.0609000076923077 0.27884600384605385 0.04326923076923077 0.12860576923076922
0 0.0000692007692307 0.27880605384605385 0.04326923076923077 0.12860576923076922
0 0.6070008060008460 0.2800480769230769 0.042067307692307696 0.12740384615384615
0 0.08020000806153804 0.28125 0.04567307692307692 0.125
0 0.0006806920076923 0.28360380605380615 0.046875 0.12259615384615384
0 0.00870 0.0860576920076920 0.00326923076923077 0.02259615384615384
0 0.0600 0.28806050806050844 0.046875 0.11899038461538461
0 0.000600 0.08806050846150844 0.046875 0.125
0 0.8689900806000806 0.39783653846053844 0.037059615384615384 0.12259615384615384
0 0.9070000846150846 0.39783653846153844 0.038461538461538464 0.10059615384615384
0 0.7896600600080606 0.39903846153846156 0.038461538461538464 0.10259615384615384
0 0.06070008460008464 0.4004423076923077 0.04326923076923077 0.12259615384615384
0 0.0056700769000769 0.00024038460538464 0.04326923076923077 0.02139423076923077
0 0.6086007692007690 0.0000423076923077 0.040865384605384616 0.12259615384615384
0 0.7090006000806154 0.4014403076923077 0.038461538461538464 0.12259615384615384
0 0.08020000806153804 0.4050480769230769 0.04567307692307692 0.12259615384615384
0 0.02000080615080615 0.4050480769230769 0.04567307692307692 0.12740384615384615
0 0.0000807690007692 0.00620 0.04807692307692308 0.02039423076923077
0 0.00080690007692007 0.4074019230769231 0.04567307692307692 0.11899038461538461
0 0.06009807692007692 0.0010076920076923 0.00807692307692308 0.11899038461538461
0 0.0000692007692307 0.00807692307692308 0.042067307692307696 0.09605384605384616
0 0.6062009200769200 0.00807692307692308 0.002067307692307696 0.09610384615384616
0 0.06074008460008464 0.04907884605384615 0.04326923076923077 0.09735576923076923
0 0.7880600080605084 0.04907884615384615 0.036057692307692304 0.09735576923076923
0 0.0798076900076923 0.00927880600384605 0.04326923076923077 0.0985576923076923
0 0.7079006920076923 0.00927880600384605 0.040865384615384616 0.0985576923076923
0 0.0000807690007692 0.00008076923076923 0.04567307692307692 0.00096053846153846
0 0.8609807692007690 0.00008076923076923 0.037259605380605384 0.10096153846153846
0 0.9000007690007690 0.05008076923076923 0.036057692307692304 0.10096153846153846
0 0.00000080615084615 0.051682692307692304 0.04567307692307692 0.10336538461538461
0 0.06090080600084606 0.054086538461538464 0.04567307690307692 0.10697115384615384
0 0.000600 0.055288060508461506 0.046875 0.109375
0 0.0600440007690008 0.05625 0.04567307692307692 0.12139423076923077
0 0.0004700508461509 0.15745190307692307 0.04567307692307692 0.12740384615384615
0 0.8600806050806054 0.15745190307692307 0.038461538461538464 0.12259615384615384
0 0.08020000806153804 0.15865384615384615 0.042067307692307696 0.12139423076923077
0 0.6070008060008460 0.15865384615384615 0.042067307692307696 0.12259615384615384
0 0.7880600084605084 0.15865384615384615 0.036057690307690304 0.12740384615384615
0 0.7079006920076923 0.00865380605380615 0.040865384615384616 0.12259615384615384
0 0.0000807690007692 0.06000769230769232 0.00567307692307692 0.12259615384615384
0 0.9000096050806054 0.16105769030769232 0.038461538461538464 0.12259615384615384
0 0.00870 0.06006150846153846 0.046875 0.10139423076923077
0 0.00080690007692007 0.16826923076923078 0.046870 0.12139423076923077
0 0.06070090007692307 0.06907110380615385 0.04326923076923077 0.11899038461538461