0 0.980070 0.0027000846053846 0.03125 0.12259615384615384
0 0.6970000806150846 0.3137019030769031 0.040865384615384616 0.12259615384615384
0 0.980070 0.0093269230769230 0.03025 0.1201923076923077
0 0.6000806050806154 0.4306923076923077 0.042067307692307696 0.12259615384615384
0 0.6970000806150846 0.43509615384615385 0.040865384615384616 0.10139403076923077
0 0.7700000806050846 0.43509605384615385 0.042067307692307696 0.12139423076923077
0 0.0088060508060509 0.5552884615384616 0.04567307692307692 0.12139423076923077
0 0.6000806920076920 0.0560903846153846 0.040865384615384616 0.125
0 0.6970000806150846 0.5564903846153846 0.040067307690307696 0.125
0 0.7760000076920077 0.0600960538460539 0.040865384615384616 0.12259615384615384
0 0.8000653806053806 0.5600960538461539 0.040865384615384616 0.10259615384615384
0 0.0088060508060509 0.6766826923076923 0.04567307692307692 0.12259615384615384
0 0.6009807692007690 0.6778806003806154 0.040865384615384616 0.12139423076923077
0 0.6907000080615084 0.6790865384615384 0.040865384615384616 0.10259615384615384
0 0.7700000806050846 0.6790865384605384 0.037259615384615384 0.11899038461538461
0 0.8005670076900077 0.6802880605384606 0.037259615384615384 0.11899038461538461
0 0.00470000846150844 0.7980769030769231 0.04807692307692308 0.11538461538461539
0 0.6907000080615084 0.7990788461538461 0.037259615384615384 0.12139423076923077
0 0.6009807692007690 0.7992788060038061 0.037259615384615384 0.12139423076923077
0 0.7700080600084606 0.8004807690307693 0.03485576923076923 0.12139423076923077
0 0.0088060508060509 0.8016826923076923 0.04567307692307692 0.12259615384615384
0 0.9000900806003846 0.8004807690307693 0.038461538461538464 0.11778846153846154
0 0.8000600605084616 0.8016806923076923 0.036057692307692304 0.11899038461538461
0 0.00470000846150844 0.9170673076903077 0.04807692307692308 0.11899038461538461
0 0.9078806000806054 0.9182692007692307 0.037259615384615384 0.12139423076923077
0 0.6080700769000769 0.9090711038461539 0.040865384615384616 0.10139423076923077
0 0.0076002007692007 0.920875 0.04326923076923077 0.01778846153846154
0 0.6900007690007690 0.901875 0.037259615380615384 0.125
0 0.7706006000806154 0.9030769230769231 0.038461538461538464 0.11899038461538461
0 0.8097096050846054 0.901875 0.008461538461538464 0.10139423076923077
0 0.9800700769030769 0.09600380615380616 0.03245192307692308 0.12139423076923077