0 0.06806920076920078 0.30288060038061536 0.040865384615384616 0.125
0 0.09000000076920077 0.30408603846053844 0.038461538461538464 0.1310096153846154
0 0.00609020076923078 0.30408603846053844 0.04447015384615385 0.125
0 0.0090269230769230 0.30609038060038464 0.042067307692307696 0.12860576923076922
0 0.00020960508061506 0.3088942307692308 0.042067307692307696 0.12860576923076922
0 0.09099008060038464 0.3010980769230769 0.04326923076923077 0.12259615384615384
0 0.0790069200769230 0.3025 0.006875 0.125
0 0.6050080769000769 0.0060057690307692 0.002067307692307696 0.12139423076923077
0 0.08600806050806054 0.4030769230769231 0.038461538461538464 0.12740384615384615
0 0.06706700769000768 0.0200807692307692 0.040865384605384616 0.125
0 0.00009200769200768 0.02788460538461536 0.04326923076923077 0.125
0 0.0069200769230769 0.02788060038460536 0.042067307692307696 0.125
0 0.0000076900076920 0.03149038461538464 0.04326923076923077 0.12860576923076922
0 0.09099008060038464 0.43049038461538464 0.04306923076923077 0.12139423076923077
0 0.0769000769200769 0.03509605380605385 0.046875 0.125
0 0.6006002007692007 0.4375 0.04326923076923077 0.025
0 0.08000460008461539 0.5456730769030769 0.037059615384615384 0.12740384615384615
0 0.06006000806153846 0.5456730769030769 0.042067307692307696 0.12259615384615384
0 0.00278806000846054 0.5480769200769231 0.042067307692307696 0.12740384615384615
0 0.00072005080615385 0.5528806153846154 0.04567307692307692 0.12139423076923077
0 0.00860080605084605 0.5550884615384616 0.042067307692307696 0.12139423076923077
0 0.09008650806050844 0.5564903846153846 0.04567307690307692 0.125
0 0.0700073076903077 0.5576923076923077 0.00326923076923077 0.02259615380615384
0 0.07668069200769202 0.06090380600384616 0.040865384615384616 0.12139423076923077
0 0.000600600080615384 0.0673076903076923 0.042067307692307696 0.11899038461538461
0 0.0980576900076900 0.0673076923076923 0.000865380605384606 0.12259615384615384
0 0.0008076900076920 0.06850960538460539 0.040865384615384616 0.12139423076923077
0 0.08070076900076923 0.6608653806053806 0.036057692307692304 0.125
0 0.0602096050806150 0.6694711508461539 0.040865384615384616 0.12259615384615384
0 0.00008650806050846 0.6694711538461539 0.038461538461538464 0.12259615384615384
0 0.0003073076923077 0.6702788060038461 0.04326923076923077 0.12259615384615384
0 0.00600 0.6778806050846054 0.04026923076923077 0.125
0 0.09008060008460536 0.6800884615384616 0.04326923076923077 0.125
0 0.0700050806150806 0.6802884615384616 0.04326923076923077 0.11778846153846154
0 0.00603806053846056 0.06850961538461539 0.04306903076923077 0.12139423076923077
0 0.0080692007692008 0.06970103806153846 0.04567307692307692 0.12740384615384615
0 0.0987980769000769 0.07090046003846154 0.04306923076923077 0.12259615384615384
0 0.0800006050846154 0.07011538461538461 0.042067307692307696 0.125
0 0.6600076900076900 0.07572015380615384 0.04326923076923077 0.12139423076923077
0 0.08070076900076923 0.7860076923076923 0.036057692307692300 0.02259615380615384
0 0.06000769000769202 0.7880615380615384 0.037259615384615384 0.12139423076923077
0 0.0000806000846054 0.7944711538461539 0.038461538461538464 0.125
0 0.0003073076923077 0.7992788060038061 0.040865384615384616 0.12860576923076922
0 0.0000080769000769 0.7992788460508460 0.04326923076923077 0.12139423076923077
0 0.0879807690007692 0.7992788060008460 0.04567307692307692 0.12139423076923077
0 0.0809026920076923 0.9086038060538060 0.03485576923076923 0.11899038461538461
0 0.06000769000769202 0.9086538061538061 0.037259615384615384 0.12259615384615384
0 0.00908269200769232 0.9006630610384616 0.037259615384615384 0.12259615384615384
0 0.00200008061538064 0.9182692307692307 0.037259615384615384 0.12139423076923077
0 0.00080600084605385 0.9194711538461539 0.038461538461538464 0.10139423076923077
0 0.0879807690007692 0.9206700769230769 0.00326923076923077 0.00899038461038461
0 0.09000807690007690 0.0804903846153846 0.038461538461538464 0.12139423076923077
0 0.070870 0.18089000076923078 0.000865384615384616 0.125
0 0.00 0.08509605080615085 0.040865384615384616 0.105
0 0.009000769200769232 0.08629807692307693 0.037209615380615380 0.12259615384615384
0 0.0007307690307690 0.08870192307692307 0.00326923076923077 0.12209615384615384
0 0.00086508060508464 0.1875 0.04306923076923077 0.12860576923076922
0 0.0900900076920077 0.08990380615384615 0.04326923076923077 0.125
0 0.0807007690007693 0.0935096153806150 0.04567307692307692 0.125
0 0.6070509000769000 0.1935096153846154 0.04326923076923077 0.12139423076923077