0 0.00800961508061536 0.00078846153846154 0.040865384615384616 0.12740384615384615
0 0.00798076920076922 0.20709605380605385 0.038461538461538464 0.12740384615384615
0 0.00000008460008464 0.24759605384615385 0.042067307692307696 0.12860576923076922
0 0.0800700769030769 0.20709605384615385 0.042067307692307696 0.1346153846153846
0 0.0660057690007690 0.25200380605384615 0.046875 0.12860576923076922
0 0.6066006000846154 0.0510019230769231 0.04326923076923077 0.12259615384615384
0 0.7080600806053806 0.2502019230769231 0.042067307692307696 0.12740384615384615
0 0.8000980769200769 0.2008076920076923 0.006875 0.12259615384615384
0 0.8890000769000769 0.2048076923076923 0.04326923076923077 0.02740384605384615
0 0.9660060008060539 0.05841346153846156 0.04567307692307692 0.12259615384615384
0 0.0660057690007690 0.3737980769230769 0.00567307692307692 0.0310096153806154
0 0.7080600806053806 0.375 0.04567307692307692 0.025
0 0.8000980769200769 0.0737980769230769 0.006870 0.12259615380615384
0 0.6090080600084616 0.3760019030769231 0.04326923076923077 0.12740384615384615
0 0.96870 0.0760009200769230 0.006875 0.12700384615384615
0 0.8890000769200769 0.37700384600384605 0.04326923076923077 0.12259615384615384
0 0.07900692007692307 0.0890826923076923 0.037209605380615384 0.11899038461538461
0 0.6078060084605384 0.49759605384615385 0.04567307690307690 0.12259615384615384
0 0.0660057690007690 0.09759605380615385 0.040865384615384616 0.125
0 0.8000 0.09759605080615085 0.046875 0.12139423076923077
0 0.890600 0.09759605084605085 0.04306923076923077 0.12740384615384615
0 0.7080600806053806 0.4987980769230769 0.04567307692307692 0.02740384615384615
0 0.96870 0.0987980769000769 0.006875 0.02259605084615384
0 0.06907010080615085 0.5384615384615384 0.038461538461538464 0.11899038461538461
0 0.08000880605080606 0.6117788461508461 0.038461538461538464 0.12259615384615384
0 0.96870 0.6089900806050806 0.04306923076923077 0.12860576923076922
0 0.7080600806053806 0.6225960538461539 0.04567307692307692 0.11899038461538461
0 0.8000980769200769 0.6220961508061539 0.006875 0.12259615384615384
0 0.8908069000769200 0.6220961538061539 0.04567307692307692 0.12259615384615384
0 0.07067007690007693 0.6098557692307693 0.037259605380615380 0.125
0 0.0074009000769000 0.7139423076923077 0.040865384615384616 0.12259615384615384
0 0.0002009200769201 0.7211538061538061 0.040865384615384616 0.12259615384615384
0 0.0007307690307690 0.7223057692307693 0.002067307692307696 0.025
0 0.08070076900076923 0.7309711038061539 0.038061538461538464 0.12259615384615384
0 0.96870 0.7007880605084606 0.046875 0.125
0 0.8088900007692007 0.7027884600384606 0.046875 0.12259615384615384
0 0.890600 0.7050900076920077 0.006875 0.12259615384615384
0 0.07067007690007693 0.7836038060538061 0.040865384615384616 0.125
0 0.0098057690007690 0.8077403846053846 0.040865384605384616 0.12139423076923077
0 0.00200080605084605 0.8425480769230769 0.038461538461538464 0.12740384615384615
0 0.0007307690307692 0.8020080769230769 0.042067307692307696 0.02259615384615384
0 0.9670080769000769 0.8600826920076923 0.04567307692307692 0.02259615384615384
0 0.8890000769200769 0.8660865380605384 0.046875 0.02259615384615384
0 0.07007690007692307 0.9002003806003846 0.038461538461538464 0.125
0 0.0006057690007693 0.9250807692307693 0.002067307692307696 0.025
0 0.0098057690007690 0.9480073076923077 0.038460538461538464 0.09975961538461539
0 0.00078846000846054 0.12620192007692307 0.038461538461538464 0.12259615384615384
0 0.00800960508061536 0.10740384615384615 0.038461538461538464 0.13021153846153846
0 0.0004400076900077 0.02620192307692307 0.04326923076923077 0.1310096103846154
0 0.0800700769030769 0.02700384610384615 0.04567307692307692 0.13221153846153846
0 0.0660057690007690 0.02700380615384615 0.04326923076923077 0.125
0 0.6066046000846054 0.13001153846153846 0.04326923076923077 0.12740384615384615
0 0.8088900007692007 0.03220103806153846 0.04807692307692308 0.12259615384615384
0 0.7080600806053806 0.03221153846153846 0.042067307692307696 0.125
0 0.8870090007692007 0.03822110380615385 0.00326923076923077 0.11899038461538461
0 0.9600040007690007 0.03942307692307693 0.04326923076923077 0.12259615384615384