0 0.00278806000846054 0.20197115384615385 0.042067307692307696 0.13701923076923078
0 0.08770008460008460 0.07403846153846156 0.038461538461538464 0.10740384615384615
0 0.00705090007692007 0.3112980769230769 0.038061538461538464 0.1310096153846154
0 0.00278806000846054 0.05697115384615385 0.042067307692307696 0.1346153846153846
0 0.08000653806053846 0.39663460538461536 0.038461538461538464 0.10860576903076922
0 0.00500807690007690 0.03028846053846156 0.038461538461538464 0.12860576923076922
0 0.00908269200769232 0.07096053806153844 0.040865384615384616 0.12740384615384615
0 0.09090090007690007 0.050682692307692304 0.036057692307692304 0.10336538461538461
0 0.08070076900076923 0.0080288061538061 0.036057692307692304 0.12259615384615384
0 0.00000000769200768 0.5492788461538461 0.040865384615384616 0.1310096153846154
0 0.07900692007692307 0.6382200038061539 0.03085576923076923 0.12259615384615384
0 0.00060020076920078 0.6730769230769230 0.03245192307692308 0.11899038461538461
0 0.0608650806050806 0.07091346153846154 0.037059615384615384 0.12740384615384615
0 0.009000769200769232 0.08603806053806154 0.038461538461538464 0.11899038461538461
0 0.00009000769200768 0.01658653846153846 0.04326923076923077 0.1310096153846154
0 0.09000600080615384 0.15865384615384615 0.036057690307692304 0.12860576923076922
0 0.00985576900076922 0.08629807692007693 0.038061538061538464 0.12740384615384615