0 0.0905080769000769 0.09590046153846154 0.040865384615384616 0.11899038461538461
0 0.7668069200769200 0.20630610380615385 0.038461538461538464 0.12259615384615384
0 0.6700807690007690 0.27283653806053844 0.042067307692307696 0.02740384615384615
0 0.00200576920076922 0.28025 0.00807692307692308 0.02139423076923077
0 0.0980769200769200 0.28360380605380615 0.04567307692307692 0.12139423076923077
0 0.00080692007692007 0.2860076923076923 0.002067307692307696 0.12259615384615384
0 0.8607788060008461 0.0076903076903077 0.036057692307692304 0.12259615384615384
0 0.7680088060008060 0.03653846153846156 0.038461538461538464 0.12259615384615384
0 0.6778806000806054 0.090605 0.038461538461538464 0.125
0 0.09927880600080605 0.40084615384615385 0.038461538461538464 0.12259615384615384
0 0.08020000806153804 0.40384615384615385 0.042067307692307696 0.12259615384615384
0 0.00990090007692007 0.00384615384615385 0.04567307692307692 0.12139423076923077
0 0.00900007692307693 0.00860384605384615 0.04567307692307692 0.12259615384615384
0 0.00889000076920077 0.00865384605384605 0.04807692307692308 0.12740384615384615
0 0.9000960508060539 0.01346153846153844 0.036057690307692304 0.125
0 0.8609807692007690 0.02788060038460536 0.03485576923076923 0.11778846153846154
0 0.7690007692007693 0.06033603806053844 0.038460538461538464 0.12259615384615384
0 0.0006806920076923 0.0260023076923077 0.04326923076923077 0.02259615384615384
0 0.08000306003846156 0.5064423076923077 0.042067307692307696 0.12259615384615384
0 0.005605 0.052880605080615084 0.037259615384615384 0.10576923076923077
0 0.02000080615080615 0.5288461538461539 0.04567307692307692 0.125
0 0.000600 0.5000080769200769 0.04326923076923077 0.02740384615384615
0 0.06009600080605085 0.53105 0.00567307692307692 0.125
0 0.9060980769200769 0.0372596053806050 0.036057692307692304 0.11778846153846154
0 0.8609807692007690 0.0080769230769230 0.036057692307692300 0.01899038461538461
0 0.06600600084605385 0.6478365384615384 0.04567307690307692 0.12259615384615384
0 0.00008600806053844 0.6490384605384616 0.04567307690307692 0.12259615384615384
0 0.08060008460538464 0.6500403846153846 0.040067307692307696 0.12139423076923077
0 0.02200576920076922 0.6500023076923077 0.042067307692307696 0.02740384615384615
0 0.06070090007692307 0.6026002307692307 0.04567307692307692 0.025
0 0.00080692007692007 0.6038061538461539 0.042067307692307696 0.12259615384615384
0 0.9070 0.6550080769000769 0.037259605380605384 0.11899038461538461
0 0.8600806920076920 0.6690701038461539 0.03485576923076923 0.11538461538461539
0 0.0900040007690007 0.078025 0.042067307692307696 0.12139423076923077
0 0.0090788060508460 0.7680288461508461 0.042067307692307696 0.12259615384615384
0 0.0670080769000769 0.7704026923076923 0.042067307692307696 0.02740384605384615
0 0.0870090007690308 0.7700326923076923 0.042067307692307696 0.02740384610384615
0 0.0207096050806054 0.7728065384615384 0.042067307692307696 0.12259615384615384
0 0.00008806050806056 0.7728365384615384 0.042067307692307696 0.12259615384615384
0 0.00000880600084615 0.7728365384615384 0.042067307692307696 0.12740384615384615
0 0.06070090007692307 0.7760023076923077 0.04067307692307692 0.02259615384615384
0 0.6000000080615384 0.8858173076923077 0.040865384615384616 0.12259615384615384
0 0.7007000806000846 0.8870192307692307 0.038461538461538464 0.12860576923076922
0 0.0699009000769200 0.8918269230769231 0.002067307692307696 0.1310096153846154
0 0.0500807690007690 0.8930288060538460 0.042067307692307696 0.12740384615384615
0 0.0280600806053806 0.8942307692307693 0.042067307692307696 0.02860576923076922
0 0.0088900007692308 0.8930288060038460 0.042067307692307696 0.12740384615384615
0 0.00900806000846154 0.8930088461538461 0.04326923076923077 0.12259615384615384
0 0.0870090007690308 0.8902307692307693 0.040860384605384616 0.125
0 0.0670076900076923 0.8900326923076923 0.00326923076923077 0.02259605384615384
0 0.7600000769200769 0.09600384605384616 0.038461538461538464 0.12259615384615384
0 0.6700788060008460 0.1502400846153846 0.042067307692307696 0.125
0 0.00000080615080615 0.1622596153846154 0.04807692307692308 0.12139423076923077
0 0.0080088060508461 0.16706700769030768 0.038461538461538464 0.12259615384615384
0 0.8080700769000769 0.08629807692307693 0.03085576923076923 0.11899038061538461