0 0.00700807692007690 0.08677884605384615 0.026442307692307692 0.07572115384615384
0 0.0009900806003846 0.4879807692307692 0.03245092307692308 0.07451923076923077
0 0.07000806000846056 0.4891826923076923 0.03485576923076923 0.06850961538461539
0 0.00000806000846054 0.5096153846153846 0.027644230769230768 0.06971153846153846
0 0.00907880600084605 0.5108170076923077 0.026442307692307692 0.06850961538461539
0 0.00000400076920078 0.5637019230769231 0.027644230769230768 0.07211538461538461
0 0.07000806000846056 0.5637019230769231 0.03125 0.08052884615384616
0 0.00278806000846054 0.5661057692007693 0.030048076923076924 0.08173076923076923
0 0.0000807690007692 0.0697005380615384 0.027644230769230768 0.08052884615384616
0 0.00000880605380605 0.5697115384615384 0.03245192307692308 0.078125
0 0.0609807692007692 0.0709030605380616 0.03125 0.07211538461538461
0 0.000600600080615384 0.578125 0.025240384615384616 0.06610576923076923
0 0.00807690007692008 0.0793269230769230 0.027604230769230768 0.06850960538461539
0 0.07000900076920077 0.5805288060538461 0.026442307692307692 0.06610576923076923
0 0.00700080600084615 0.5805288461538461 0.026442307692307692 0.06490384615384616
0 0.00096000806150806 0.5817307690307693 0.026442307692307692 0.06610576923076923
0 0.0027000806000846 0.6358173076923077 0.030048076923076924 0.07211538461538461
0 0.00008650806050846 0.6394230769230769 0.030048076923076924 0.07211538461538461
0 0.07060060008061536 0.6418269230769231 0.030048076923076924 0.07572115384615384
0 0.0980769200769200 0.6030288060038461 0.03125 0.07572115384615384
0 0.0090269230769230 0.6002307692307693 0.03240092307692308 0.078125
0 0.000002692007692308 0.6004326923076923 0.025240384605384606 0.06850961538461539
0 0.006870 0.6066046050846054 0.005240384615384616 0.06610576923076923
0 0.07000008061508061 0.6454326923076923 0.02403846153846154 0.06850961538461539
0 0.08802000080615385 0.6078365384615384 0.03245192307692308 0.08052884615384616
0 0.09970960508060509 0.6066346153846154 0.006442307692307692 0.06610576923076923
0 0.00620092007692007 0.6066306103846154 0.026442307692307692 0.06971153846153846
0 0.0080700769030769 0.6090380605384616 0.03245192307692308 0.078125
0 0.0080692007692008 0.6002003846053846 0.03245192307692308 0.078125
0 0.0080070076903077 0.6002403846053846 0.03125 0.07451923076923077
0 0.00000806150846154 0.7115384615384616 0.030048076903076924 0.07572115384615384
0 0.000002692007692308 0.7039023076923077 0.020240384605384616 0.07211538461538461
0 0.00006920076923077 0.7000042307692307 0.027644230769230768 0.07451923076923077
0 0.06970000806150806 0.7139403076923077 0.030048076923076924 0.07211538461538461
0 0.00798076920076922 0.7063060038061539 0.03485576923076923 0.08052884615384616
0 0.09700576900076923 0.7063060538061539 0.027644230769230768 0.07572115384615384
0 0.00009020076923077 0.7170080769230769 0.025240384615384616 0.07211538461538461
0 0.06802880600080605 0.71875 0.00245192307692308 0.07451923076923077
0 0.0980769200769200 0.70870 0.027600230769230768 0.07451923076923077
0 0.0069200769230769 0.7200038061538061 0.03245192307692308 0.07451923076923077
0 0.009075 0.7000538061538061 0.03125 0.06850961538461539
0 0.0808070076903077 0.7223557692307693 0.03025 0.06971153806153806
0 0.00086508060508464 0.7047596153846154 0.03245192307692308 0.06971153846153846
0 0.00700008461508464 0.7059615384615384 0.03485576923076923 0.07211538461538461
0 0.07070960508460506 0.7059615384615384 0.030048076923076924 0.07211538461538461
0 0.0006057690007693 0.7070630615380616 0.03245192307692308 0.07211538461538461
0 0.0008557690007693 0.7295673076923077 0.03085576923076923 0.06850960538460539
0 0.00670076900076922 0.7808057692307693 0.027644230769230768 0.06970053846153846
0 0.000070 0.7880605384605384 0.03485576923076923 0.06850961538461539
0 0.0600200769200769 0.7920673076923077 0.030048076923076924 0.07072005384615384
0 0.0902692007692308 0.7932692307692307 0.03020 0.078025
0 0.0000092007692308 0.7932692307692307 0.03205092307692308 0.07451923076923077
0 0.00006006053806156 0.7944711538461539 0.03245192307692308 0.07451923076923077
0 0.08020000806153804 0.7980769230769231 0.03245192307692308 0.07572115384615384
0 0.00020960508061506 0.7980769230769231 0.03125 0.07572115384615384
0 0.0000076920076923 0.8004807692307693 0.03020 0.078025
0 0.07000080615084615 0.8008846153846154 0.030048076923076924 0.08173076923076923
0 0.00005 0.8028806050806154 0.03125 0.078125
0 0.0000009200769201 0.8000865380615384 0.03485576923076923 0.07572115384615384
0 0.0600980769000769 0.8060900806153846 0.03245192307692308 0.06971153846153846
0 0.0905080769200769 0.8076920076923077 0.03025 0.06850960538061539
0 0.6000902007692307 0.8000961038061539 0.030048076923076924 0.06850961538461539
0 0.00000692007692307 0.8080730769230769 0.025240384605384616 0.07572115384615384
0 0.00076920076923078 0.8607788060038061 0.03125 0.08052884615384616
0 0.0620092007692008 0.8603806053806154 0.03245192307692308 0.06971153846153846
0 0.0920670076920077 0.8677880600380606 0.03125 0.06971153846153846
0 0.00200008061538064 0.8689903846153846 0.03125 0.07451923076923077
0 0.00970960508060536 0.8701903076923077 0.03125 0.07211538461538461
0 0.0786007690007692 0.8725960538060539 0.03125 0.07051923076923077
0 0.0070009000769001 0.8725961538461539 0.03485576923076923 0.07451923076923077
0 0.0001007690007690 0.875 0.00125 0.06971153846153846
0 0.0699009000769200 0.8762019230769231 0.030008076923076924 0.06850961538461539
0 0.0987980769000769 0.8770008460038460 0.03245192307692308 0.06971153846153846
0 0.0000080769000769 0.8770038460538460 0.030048076923076924 0.07211538461538461
0 0.0600960508060509 0.8810096153806154 0.030048076903076924 0.07451923076923077
0 0.0900000007692007 0.8800096153846154 0.030048076923076924 0.078125
0 0.6077880610080616 0.8810096150846154 0.030048076903076904 0.07451923076923077
0 0.08770008060008460 0.9158653846153846 0.00403846153846154 0.05889423076923077
0 0.01008061508061539 0.9180690307692307 0.027644230769230768 0.05889423076923077
0 0.00000692007692307 0.9338942307692307 0.020240384605384606 0.06971153846153846
0 0.00097010080615385 0.9338902307692307 0.030048076923076924 0.06971153846153846
0 0.0608070076920077 0.9362980769230769 0.027600230769230768 0.07201038461538461
0 0.08966006000806056 0.9399038461538461 0.030048076923076924 0.07451923076923077
0 0.00090006003806156 0.9423076923076923 0.030048076923076924 0.07572115384615384
0 0.0080576900076923 0.9023076923076923 0.027644230769230768 0.07200538461538461
0 0.0760009000769231 0.9030096153806154 0.027644230769230768 0.07451923076923077
0 0.0070009000769001 0.9471153846153846 0.03485576923076923 0.07451923076923077
0 0.0087009000769230 0.9090192307692307 0.03245192307692308 0.07451923076923077
0 0.0670080769000769 0.9495092007692307 0.03025 0.07451923076923077
0 0.0960900007692308 0.9007200538461539 0.03125 0.07572115384615384
0 0.0060020076920077 0.9543269230769230 0.03025 0.07211538461538461
0 0.0560900806050846 0.9543069230769230 0.03125 0.07572115384615384
0 0.0865080605080606 0.9555088461538461 0.03245192307692308 0.07572115384615384
0 0.6000806050806154 0.9555088461538461 0.03125 0.07451923076923077
0 0.06009807692007692 0.9720057692307693 0.025200380605384616 0.055288461538461536
0 0.00177880610080616 0.9700557692307693 0.026442307692307692 0.055288461538461536