0 0.0000009200769201 0.22956730769230768 0.038061538061538464 0.12740384615384615
0 0.0809006920076923 0.22956730769230768 0.000865380605384606 0.1310096153846154
0 0.6602096050806050 0.20076923076923078 0.038461538461538464 0.125
0 0.7009900806003846 0.02956730769230768 0.036057692307692304 0.02259615384615384
0 0.8020000806150806 0.22956730769230768 0.037259615384615384 0.12740384615384615
0 0.9000000806000846 0.22956730769230768 0.037259605384615384 0.12740384615384615
0 0.9780600806053846 0.03076903076923078 0.03485576923076923 0.01778846153846154
0 0.0000440007690308 0.23307307692307693 0.042067307692307696 0.12209615384615384
0 0.00907010084615085 0.03197115384615385 0.042067307692307696 0.12139423076923077
0 0.0620092007692008 0.230370 0.002067307692307696 0.025
0 0.0800900806100846 0.03677884615384615 0.04326923076923077 0.12139423076923077
0 0.00096000806150806 0.03918269230769232 0.04326923076923077 0.11899038461538461
0 0.000000084605084606 0.24278846153846154 0.04567307692307692 0.11778846153846154
0 0.9006002007692007 0.3480576923076923 0.03485576923076923 0.00899038461538461
0 0.9790670076900077 0.3085576923076923 0.03025 0.01899038061538461
0 0.7000900076920077 0.35096053806153844 0.040865384615384616 0.12740384615384615
0 0.8000073076923077 0.30096053806153804 0.037259615384615384 0.11899038461538461
0 0.6602096050806050 0.05216346153846156 0.040865384615384616 0.12259615384615384
0 0.0000009200769201 0.35216306153806156 0.040865384615384616 0.12740384615384615
0 0.0800006050846154 0.35016346153846156 0.038461538461538464 0.11538461538461539
0 0.0080692007692008 0.3057692307692308 0.00326923076923077 0.02860576923076922
0 0.08008806000806154 0.05697115384615385 0.046875 0.12259615384615384
0 0.0000440007690308 0.30697015384615385 0.04326923076923077 0.12259615384615384
0 0.0608070076920077 0.30697015380615385 0.00326923076923077 0.12259615384615384
0 0.00006006100806154 0.3581730769230769 0.04567307692307692 0.12259615384615384
0 0.000200080605084606 0.3605769230769231 0.04326923076923077 0.12259615384615384
0 0.8000073076923077 0.0670080769230769 0.040865384605384616 0.11899038461538461
0 0.7060940007690307 0.46870 0.038460538460538464 0.125
0 0.9780600806053806 0.46875 0.03485576903076923 0.01778846153846154
0 0.9000080769000769 0.0699509200769230 0.03485576923076923 0.11177884615384616
0 0.0006057690007693 0.07005384615384615 0.038461538461538464 0.11778846153846154
0 0.0807007690007693 0.0699509230769231 0.002067307692307696 0.12259615384615384
0 0.0000040007692308 0.4723057692307692 0.040865384605384616 0.12139423076923077
0 0.6600600080605384 0.4703557692307692 0.042067307692307696 0.11778846153846154
0 0.0620092007692008 0.0723057692307692 0.002067307692307696 0.01778846153846154
0 0.0006700769200769 0.0730576923076923 0.042067307692307696 0.00899038461538461
0 0.08008806000806154 0.47475961508461536 0.04567307692307692 0.12139423076923077
0 0.00096000806150806 0.47596153846153844 0.04306923076923077 0.12139423076923077
0 0.000200080605084606 0.47836538461538464 0.042067307692307696 0.12139423076923077
0 0.7000865080605084 0.10817307690307693 0.038461538461538464 0.12740384615384615
0 0.0805088060508060 0.10817007692307693 0.038461538461538464 0.11899038461538461
0 0.6600096050806054 0.109075 0.038461538461538464 0.12139423076923077
0 0.0000009200769201 0.11057692307692307 0.000865380615384616 0.12259615384615384
0 0.8080096050806150 0.11057690007692307 0.037259615384615384 0.12740384615384615
0 0.8978060080605380 0.01057690307692307 0.036057692307692304 0.12259615384615384
0 0.00000600384615385 0.11098076923076923 0.038461538461538464 0.125
0 0.9709605080605080 0.1141806923076923 0.03485576923076923 0.11538461538461539
0 0.0800900806100846 0.11538461538461539 0.04567307690307692 0.125
0 0.0620092007692008 0.0101826923076923 0.002067307692307696 0.12209615384615384
0 0.0006700769200769 0.00038061538461539 0.040865384615384616 0.12139423076923077
0 0.00006038060538061 0.1001923076923077 0.04326923076923077 0.11899038461538461
0 0.007604000769200768 0.02209605384615384 0.042067307692307696 0.11899038461538461