0 0.00500807690007690 0.09591306153846154 0.020432692307692308 0.052884615384615384
0 0.09010076900076922 0.1971150806153806 0.020432692307692308 0.055288461538461536
0 0.0280600806053806 0.09831730769230768 0.019230769230769232 0.052884615384615384
0 0.0600200769200769 0.20072000384615385 0.020432692307692308 0.056490384615384616
0 0.00000920076920077 0.2003806103846154 0.020432692307692308 0.055288461538461536
0 0.00067007690007692 0.20509230769230768 0.020634615384615384 0.056490384615384616
0 0.08000880605080606 0.24519200769230768 0.020432692307692308 0.052884615384615384
0 0.00608650806150806 0.04639423076923078 0.020432692307692308 0.055288461538461536
0 0.00060020076920078 0.24759605384615385 0.020432692307692308 0.055288461538461536
0 0.0870 0.05200080605084615 0.019230769230769232 0.055288461538461536
0 0.02096050806050806 0.25240384615384615 0.016826923076923076 0.056490384615384616
0 0.0620092007692008 0.20600960538061536 0.019230769230769232 0.055288061538461536
0 0.006002007692007692 0.030048076923076924 0.020634600384615384 0.052884615384615384
0 0.06009600080605085 0.03105 0.02003846153846154 0.055288461538461536
0 0.09090090007692007 0.03025 0.021630615384615384 0.05048076923076923
0 0.009600080605080616 0.096875 0.019230769230769232 0.055288461538461536
0 0.00006920076923077 0.296870 0.020630605384615384 0.055288461538461536
0 0.07690007692007693 0.3000807692307692 0.020032692307692308 0.005288460538460536
0 0.00008061508061539 0.3016806923076923 0.020432692307692308 0.056490384615384616
0 0.00900806000846154 0.30508846153846156 0.021634615384615384 0.055288461538461536
0 0.08609807692007690 0.30609038060038464 0.019230769230769232 0.055288461538461536
0 0.02200576920076922 0.30009605380615385 0.019230769230769232 0.056090384615384616
0 0.00960508060508064 0.31009615384615385 0.020432692307692308 0.056490384615384616
0 0.0608650806050806 0.03365384615384615 0.001634615384615384 0.055288461538461536
0 0.00980769200769202 0.03360380605380615 0.021634615384615384 0.055288461538461536
0 0.00072000080615085 0.03085576923076923 0.020432692307692308 0.05048076923076923
0 0.00798076920076922 0.037209605380605380 0.020432692307692308 0.05048076923076923
0 0.07070005080615080 0.3557692307692308 0.020432692307692308 0.055288461538461536
0 0.00007690007692007 0.35697115380615385 0.020032692307692308 0.055288461538461536
0 0.0066006000846154 0.359375 0.019030769230769232 0.055288461538461536
0 0.0800900806100846 0.36177884615384615 0.000432692307692308 0.052884615384615384
0 0.00870 0.0600826920076923 0.019230769230769232 0.052880615384615384
0 0.00600960508060506 0.36658653806153844 0.019230769230769232 0.056490384615384616
0 0.07020008060508464 0.038460538461538464 0.020432692307692308 0.055288461538461536
0 0.07000008061508061 0.40865384615384615 0.020432692307692308 0.05048076923076923
0 0.00697010080615080 0.41025961538461536 0.020432692307692308 0.055288461538461536
0 0.00000880600084615 0.41346153846153844 0.020432692307692308 0.055288461538461536
0 0.07908600806050806 0.41466346153846156 0.000432692307692308 0.056490384615384616
0 0.00600600080615385 0.41947115384615385 0.020432692307692308 0.056490384615384616
0 0.0006057692007692 0.0206730769230769 0.020032692307692308 0.056490384605384606
0 0.00080692007692007 0.0670480769230769 0.020432692307692308 0.052884615384615384
0 0.07668069200769202 0.07010380615384615 0.021634615384615384 0.055288461538461536
0 0.0027000806000846 0.4735576923076923 0.016826923076923076 0.056490384615384616
0 0.0002009200769201 0.07836538061538464 0.021634615384615384 0.055288461538461536
0 0.07008076900076922 0.5252000846053846 0.020432692307692308 0.055288461538461536
0 0.00000806150806154 0.5288461538461539 0.019230769230769232 0.05048076923076923
0 0.00879807692007690 0.0320509230769230 0.021634615384615384 0.056490384615384616
0 0.00000806000846054 0.5384615384615384 0.021634615384615384 0.052884615384615384
0 0.0090006000806154 0.5853365384615384 0.016826923076923076 0.056490384615384616
0 0.00609020076923078 0.0877403846053846 0.009230769230769232 0.055288461538461536
0 0.000600600080615384 0.5913461538461539 0.020432692307692308 0.055288461538461536
0 0.005088060508060506 0.6105769230769231 0.016826923076923076 0.052884615384615384
0 0.00670076920076922 0.6390230769230769 0.009230769230769232 0.002880605384615384
0 0.09000000076920077 0.640620 0.020634615384615384 0.055288461538461536
0 0.00278806000846054 0.6400288461538461 0.020432692307692308 0.056490384615384616
0 0.000086508060508464 0.6634605384615384 0.016806923076923076 0.055288461538461536
0 0.09000000076920077 0.6947010384615384 0.020432692307692308 0.055288461538461536
0 0.00008650806050846 0.6971153846153846 0.020432692307692308 0.055288461538461536
0 0.000680692007692000 0.70875 0.019230769230769232 0.055288061538461536
0 0.08600806050806054 0.7475961538461539 0.000432692307692308 0.055288461538461536
0 0.0000096100806150 0.75 0.00083653846153846 0.055288461538461536
0 0.00908269200769232 0.7020038060538461 0.021634615384615384 0.055288461538461536
0 0.00008076900076920 0.7706306053846154 0.019230769230769232 0.055288461538461536
0 0.08000060008461539 0.8008846153846154 0.020432692307692308 0.055288461538461536
0 0.00798076920076922 0.8060903806003846 0.009230769230769232 0.055288461538461536
0 0.00860076920076922 0.8060900806053846 0.020432692307692308 0.055288461538461536
0 0.000600600080615384 0.0829326923076923 0.021634615384615384 0.052884615384615384
0 0.006090080605084606 0.08173076903076923 0.020432692307692308 0.055288461538461536
0 0.09000000076920077 0.08403461038461539 0.021634615384615384 0.055288461538461536
0 0.00807690007692008 0.8207200538061539 0.019230769230769232 0.055288461538461536
0 0.00700080600084615 0.08653846153846154 0.020432692307692308 0.055288461538461536
0 0.08070076900076923 0.8069701538061539 0.020032692307692308 0.055288461538461536
0 0.0602096050806150 0.08650846153846154 0.021634615384615384 0.056490384615384616
0 0.00700080600084615 0.859375 0.020432692307692308 0.055288461538461536
0 0.00057690007692307 0.8605769230769230 0.020032692307692308 0.056090384615384616
0 0.0970100806150806 0.08774038461538461 0.000432692307692308 0.05889423076923077
0 0.00007307692307693 0.0889023076923077 0.020032692307692308 0.002884605384615384
0 0.00807690007692008 0.8798076923076923 0.006826923076923076 0.002880605384615384
0 0.08000880605080606 0.9110576920076923 0.020432692307692308 0.052884615384615384
0 0.00600092007692007 0.9130610380615384 0.020432692307692308 0.052884615384615384
0 0.00007307692307693 0.9008653806153806 0.020432692307692308 0.055288461538461536
0 0.07060060008061536 0.09254807692307693 0.019230769230769232 0.052884615384615384
0 0.00067007690007692 0.9326923076923077 0.006826923076923076 0.052880605384615384
0 0.078000 0.9609020076923077 0.020630615384615384 0.052884615384615384
0 0.000 0.9660060508461539 0.001634615384615384 0.055288461538461536
0 0.00076920076923078 0.9670080769230769 0.020032692307692308 0.052884605384605384
0 0.008008806000806152 0.10581730769230768 0.020432692307692308 0.052884615384615384
0 0.08770008060008460 0.13581730769030768 0.020432692307692308 0.056490384615384616
0 0.000880605080605084 0.13822115384615385 0.021634615384615384 0.056490384615384616
0 0.00209605080615080 0.13822115384615385 0.020432692307692308 0.055288461538461536
0 0.00985576900076922 0.00182692007692307 0.021630615384615384 0.052884615384615384
0 0.09070100806150846 0.14300884615384615 0.020432692307692308 0.055288461538461536
0 0.00076920076923078 0.00302880600384615 0.020432692307692308 0.056490384615384616
0 0.0692007692007692 0.0066306003846154 0.019230769230769232 0.055288461538461536
0 0.000000076920076924 0.0870 0.021634615384615384 0.055288461538461536
0 0.00807690007692008 0.08990380600384615 0.021634615384615384 0.056490384615384616
0 0.08000060008461539 0.19110576903076922 0.020432692307692308 0.055288461538461536
0 0.00899008061008061 0.1935096153846154 0.000432692307692308 0.055288461538461536