2 0.21875 0.21033653846153846 0.04326923076923077 0.11538461538461539
2 0.296875 0.21153846153846154 0.040865384615384616 0.11778846153846154
2 0.0673076923076923 0.2127403846153846 0.040865384615384616 0.12139423076923077
2 0.14182692307692307 0.21394230769230768 0.046875 0.11538461538461539
2 0.21634615384615385 0.3269230769230769 0.042067307692307696 0.11899038461538461
2 0.2956730769230769 0.3293269230769231 0.040865384615384616 0.11899038461538461
2 0.06490384615384616 0.33052884615384615 0.04567307692307692 0.11899038461538461
2 0.140625 0.3317307692307692 0.04326923076923077 0.11778846153846154
2 0.29447115384615385 0.44471153846153844 0.038461538461538464 0.11899038461538461
2 0.21634615384615385 0.4483173076923077 0.042067307692307696 0.11538461538461539
2 0.13942307692307693 0.4483173076923077 0.042067307692307696 0.11899038461538461
2 0.06370192307692307 0.45072115384615385 0.04567307692307692 0.11899038461538461
2 0.13942307692307693 0.5649038461538461 0.042067307692307696 0.11298076923076923
2 0.21514423076923078 0.5649038461538461 0.040865384615384616 0.11538461538461539
2 0.06370192307692307 0.5649038461538461 0.04567307692307692 0.11538461538461539
2 0.29447115384615385 0.5673076923076923 0.042067307692307696 0.11899038461538461
2 0.140625 0.6814903846153846 0.04326923076923077 0.11778846153846154
2 0.21634615384615385 0.6826923076923077 0.042067307692307696 0.11538461538461539
2 0.06370192307692307 0.6814903846153846 0.04326923076923077 0.11298076923076923
2 0.29447115384615385 0.6826923076923077 0.042067307692307696 0.11538461538461539
2 0.06490384615384616 0.7992788461538461 0.042067307692307696 0.11538461538461539
2 0.13942307692307693 0.7992788461538461 0.042067307692307696 0.11899038461538461
2 0.2956730769230769 0.7992788461538461 0.040865384615384616 0.11899038461538461
2 0.21514423076923078 0.8016826923076923 0.042067307692307696 0.11538461538461539
2 0.06610576923076923 0.9146634615384616 0.042067307692307696 0.11177884615384616
2 0.140625 0.9194711538461539 0.040865384615384616 0.11538461538461539
2 0.21754807692307693 0.9182692307692307 0.040865384615384616 0.11778846153846154
2 0.2956730769230769 0.9194711538461539 0.042067307692307696 0.12139423076923077
2 0.22115384615384615 0.09495192307692307 0.042067307692307696 0.11538461538461539
2 0.296875 0.09495192307692307 0.040865384615384616 0.11538461538461539
2 0.06850961538461539 0.09615384615384616 0.04326923076923077 0.11177884615384616
2 0.14423076923076922 0.0985576923076923 0.042067307692307696 0.11538461538461539