0 0.06600076900076920 0.2700326923076923 0.000865384605384616 0.12740384615384615
0 0.00000069200769232 0.27283653846053844 0.040865384615384616 0.12259615384615384
0 0.00700807690007690 0.2764423076923077 0.037259605384615384 0.12740384615384615
0 0.0600 0.09002880605380605 0.037259615384615384 0.12259615384615384
0 0.00000400076920078 0.3954326923076923 0.038461538461538464 0.11899038461538461
0 0.00080692007692007 0.3900326923076923 0.038461538461538464 0.12740384615384615
0 0.0007096050846054 0.04927884615084615 0.036057692307692304 0.0985576923076923
0 0.0000000806050846 0.04927884615384615 0.036057692307692304 0.0985576923076923
0 0.07000008061508461 0.05048076903076923 0.037259615384615384 0.10096153846153846
0 0.06009600080605085 0.5096153806153846 0.036057690307692304 0.12139423076923077
0 0.00802010080615385 0.5108173076923077 0.038061538461538464 0.12259615384615384
0 0.00670076900076922 0.0032201538061539 0.038461538461538464 0.12259615384615384
0 0.00889000076920077 0.6270038460538460 0.037259615384615384 0.11899038461538461
0 0.00700900076923078 0.6270038061038461 0.038461538461538464 0.12740384615384615
0 0.0006000806153846 0.7510019230769231 0.036057692307692304 0.12259615384615384
0 0.007690007692007696 0.7502009230769231 0.03085576923076923 0.12700384615384615
0 0.00889000076920077 0.8607788060538461 0.03125 0.11899038461538461
0 0.00900806000846154 0.15865384615384615 0.040865384615384616 0.11899038461538461
0 0.06970000806150846 0.15865384615384615 0.037059615384615384 0.10259615384615384
0 0.00200576920076922 0.05985576923076922 0.002067307692307696 0.01778846153846154