2 0.35216346153846156 0.23076923076923078 0.042067307692307696 0.11778846153846154
4 0.27524038461538464 0.234375 0.04326923076923077 0.11778846153846154
2 0.5588942307692307 0.25240384615384615 0.03485576923076923 0.11899038461538461
2 0.8822115384615384 0.2776442307692308 0.03245192307692308 0.125
2 0.9567307692307693 0.28725961538461536 0.03245192307692308 0.12139423076923077
2 0.6334134615384616 0.31009615384615385 0.038461538461538464 0.13221153846153846
2 0.35336538461538464 0.3473557692307692 0.04326923076923077 0.12860576923076922
4 0.27283653846153844 0.3473557692307692 0.042067307692307696 0.12139423076923077
2 0.5588942307692307 0.3737980769230769 0.037259615384615384 0.11538461538461539
2 0.8822115384615384 0.3942307692307692 0.036057692307692304 0.125
2 0.9591346153846154 0.39783653846153844 0.03125 0.11177884615384616
2 0.1935096153846154 0.40625 0.04326923076923077 0.12139423076923077
2 0.6322115384615384 0.43149038461538464 0.037259615384615384 0.125
2 0.35096153846153844 0.46634615384615385 0.040865384615384616 0.125
4 0.27403846153846156 0.47115384615384615 0.040865384615384616 0.11778846153846154
2 0.19471153846153846 0.5264423076923077 0.04326923076923077 0.11899038461538461
2 0.8786057692307693 0.055288461538461536 0.036057692307692304 0.11057692307692307
2 0.9507211538461539 0.055288461538461536 0.03125 0.11057692307692307
2 0.3473557692307692 0.5877403846153846 0.038461538461538464 0.12139423076923077
2 0.27163461538461536 0.5877403846153846 0.04326923076923077 0.11778846153846154
4 0.4170673076923077 0.6237980769230769 0.04326923076923077 0.11538461538461539
2 0.1141826923076923 0.6418269230769231 0.04326923076923077 0.11899038461538461
2 0.19471153846153846 0.6454326923076923 0.042067307692307696 0.11899038461538461
2 0.4987980769230769 0.6706730769230769 0.04326923076923077 0.11538461538461539
0 0.27403846153846156 0.7079326923076923 0.04326923076923077 0.11538461538461539
2 0.3473557692307692 0.7103365384615384 0.038461538461538464 0.11899038461538461
4 0.41586538461538464 0.7427884615384616 0.04567307692307692 0.12139423076923077
2 0.11538461538461539 0.7596153846153846 0.046875 0.11778846153846154
2 0.6310096153846154 0.07572115384615384 0.042067307692307696 0.11778846153846154
2 0.19591346153846154 0.7620192307692307 0.04567307692307692 0.11778846153846154
2 0.49759615384615385 0.7872596153846154 0.042067307692307696 0.125
2 0.27524038461538464 0.8269230769230769 0.040865384615384616 0.11899038461538461
2 0.3473557692307692 0.8269230769230769 0.036057692307692304 0.11899038461538461
4 0.4170673076923077 0.8617788461538461 0.04326923076923077 0.11778846153846154
2 0.11778846153846154 0.8725961538461539 0.046875 0.11778846153846154
2 0.19831730769230768 0.8786057692307693 0.040865384615384616 0.11778846153846154
2 0.4987980769230769 0.9074519230769231 0.04326923076923077 0.11899038461538461
2 0.34975961538461536 0.9423076923076923 0.038461538461538464 0.11538461538461539
2 0.5588942307692307 0.13581730769230768 0.03485576923076923 0.12259615384615384
2 0.8810096153846154 0.15865384615384615 0.036057692307692304 0.12259615384615384
2 0.9543269230769231 0.16466346153846154 0.036057692307692304 0.12259615384615384
2 0.6334134615384616 0.1935096153846154 0.036057692307692304 0.12139423076923077