2 0.6899038461538461 0.3004807692307692 0.057692307692307696 0.03125
2 0.7475961538461539 0.3016826923076923 0.06009615384615385 0.030048076923076924
2 0.8076923076923077 0.30288461538461536 0.06009615384615385 0.027644230769230768
0 0.8665865384615384 0.30528846153846156 0.05889423076923077 0.027644230769230768
2 0.9266826923076923 0.3137019230769231 0.05889423076923077 0.030048076923076924
2 0.6887019230769231 0.33052884615384615 0.05889423076923077 0.036057692307692304
2 0.8076923076923077 0.33413461538461536 0.0625 0.03125
1 0.7475961538461539 0.33413461538461536 0.06129807692307692 0.03485576923076923
2 0.8689903846153846 0.33653846153846156 0.06009615384615385 0.037259615384615384
2 0.9266826923076923 0.3449519230769231 0.06129807692307692 0.03365384615384615
2 0.6887019230769231 0.3641826923076923 0.06009615384615385 0.03365384615384615
2 0.7487980769230769 0.36658653846153844 0.0625 0.03485576923076923
2 0.8088942307692307 0.36899038461538464 0.06129807692307692 0.03485576923076923
2 0.8677884615384616 0.3713942307692308 0.06009615384615385 0.03245192307692308
2 0.9290865384615384 0.3786057692307692 0.06009615384615385 0.036057692307692304
2 0.8978365384615384 0.1141826923076923 0.057692307692307696 0.03245192307692308
2 0.9567307692307693 0.11658653846153846 0.05889423076923077 0.03125
2 0.8978365384615384 0.14302884615384615 0.057692307692307696 0.025240384615384616
2 0.9579326923076923 0.14543269230769232 0.0625 0.028846153846153848
2 0.9002403846153846 0.171875 0.056490384615384616 0.03125
0 0.9603365384615384 0.1778846153846154 0.06370192307692307 0.03485576923076923