2 0.11057692307692307 0.019230769230769232 0.05889423076923077 0.038461538461538464
2 0.31490384615384615 0.19591346153846154 0.06009615384615385 0.040865384615384616
2 0.375 0.1971153846153846 0.06009615384615385 0.038461538461538464
2 0.43509615384615385 0.19951923076923078 0.06129807692307692 0.036057692307692304
2 0.4963942307692308 0.20072115384615385 0.0625 0.038461538461538464
2 0.5564903846153846 0.20432692307692307 0.06009615384615385 0.038461538461538464
2 0.6165865384615384 0.20793269230769232 0.057692307692307696 0.037259615384615384
2 0.6766826923076923 0.21153846153846154 0.06370192307692307 0.037259615384615384
2 0.16947115384615385 0.021634615384615384 0.05889423076923077 0.04326923076923077
2 0.7391826923076923 0.21514423076923078 0.0625 0.03485576923076923
2 0.7980769230769231 0.21875 0.057692307692307696 0.038461538461538464
2 0.02403846153846154 0.21995192307692307 0.04807692307692308 0.03245192307692308
2 0.07572115384615384 0.22115384615384615 0.05889423076923077 0.03125
2 0.13581730769230768 0.22235576923076922 0.0625 0.03485576923076923
2 0.19471153846153846 0.2247596153846154 0.05889423076923077 0.036057692307692304
0 0.2536057692307692 0.22716346153846154 0.06009615384615385 0.036057692307692304
2 0.3137019230769231 0.23317307692307693 0.06009615384615385 0.03365384615384615
2 0.375 0.234375 0.06009615384615385 0.03485576923076923
0 0.43509615384615385 0.23557692307692307 0.06009615384615385 0.03485576923076923
2 0.4963942307692308 0.23798076923076922 0.06129807692307692 0.037259615384615384
2 0.5564903846153846 0.23918269230769232 0.06009615384615385 0.03365384615384615
2 0.6153846153846154 0.2439903846153846 0.05889423076923077 0.036057692307692304
2 0.6754807692307693 0.24759615384615385 0.06129807692307692 0.03485576923076923
2 0.7367788461538461 0.2512019230769231 0.05889423076923077 0.037259615384615384
2 0.7956730769230769 0.2536057692307692 0.057692307692307696 0.038461538461538464
2 0.22956730769230768 0.027644230769230768 0.06129807692307692 0.038461538461538464
2 0.02403846153846154 0.2548076923076923 0.046875 0.037259615384615384
2 0.07692307692307693 0.2548076923076923 0.06129807692307692 0.037259615384615384
2 0.13701923076923078 0.25961538461538464 0.06009615384615385 0.03485576923076923
2 0.19471153846153846 0.2608173076923077 0.05889423076923077 0.037259615384615384
2 0.2548076923076923 0.2644230769230769 0.06009615384615385 0.039663461538461536
0 0.3161057692307692 0.26802884615384615 0.06009615384615385 0.036057692307692304
2 0.375 0.2692307692307692 0.06009615384615385 0.03365384615384615
2 0.43509615384615385 0.2704326923076923 0.06009615384615385 0.037259615384615384
2 0.28846153846153844 0.027644230769230768 0.05889423076923077 0.036057692307692304
2 0.4951923076923077 0.27403846153846156 0.05889423076923077 0.036057692307692304
1 0.5540865384615384 0.2764423076923077 0.06129807692307692 0.037259615384615384
2 0.6153846153846154 0.2800480769230769 0.06129807692307692 0.036057692307692304
2 0.6754807692307693 0.2824519230769231 0.06129807692307692 0.03365384615384615
2 0.734375 0.2860576923076923 0.05889423076923077 0.03245192307692308
2 0.7920673076923077 0.28966346153846156 0.056490384615384616 0.036057692307692304
2 0.3485576923076923 0.03245192307692308 0.06009615384615385 0.038461538461538464
2 0.4074519230769231 0.037259615384615384 0.06009615384615385 0.03485576923076923
2 0.4675480769230769 0.038461538461538464 0.05889423076923077 0.037259615384615384
2 0.03125 0.3894230769230769 0.05889423076923077 0.037259615384615384
2 0.5276442307692307 0.040865384615384616 0.06129807692307692 0.03125
2 0.09134615384615384 0.39302884615384615 0.06009615384615385 0.03485576923076923
2 0.1502403846153846 0.3942307692307692 0.06009615384615385 0.03485576923076923
2 0.21153846153846154 0.39663461538461536 0.06009615384615385 0.03245192307692308
2 0.2704326923076923 0.4014423076923077 0.06009615384615385 0.03245192307692308
2 0.33052884615384615 0.40384615384615385 0.05889423076923077 0.03365384615384615
2 0.390625 0.4050480769230769 0.0625 0.03365384615384615
2 0.453125 0.40865384615384615 0.06009615384615385 0.036057692307692304
2 0.5144230769230769 0.40865384615384615 0.0625 0.03485576923076923
2 0.5745192307692307 0.41225961538461536 0.06129807692307692 0.03485576923076923
2 0.6370192307692307 0.4182692307692308 0.06129807692307692 0.03485576923076923
2 0.6971153846153846 0.41947115384615385 0.06009615384615385 0.03365384615384615
2 0.7560096153846154 0.421875 0.05889423076923077 0.036057692307692304
2 0.03245192307692308 0.42427884615384615 0.0625 0.03125
2 0.09254807692307693 0.42427884615384615 0.05889423076923077 0.03245192307692308
2 0.15144230769230768 0.42788461538461536 0.06009615384615385 0.03245192307692308
2 0.21153846153846154 0.42908653846153844 0.06009615384615385 0.03245192307692308
2 0.5877403846153846 0.04326923076923077 0.05889423076923077 0.03485576923076923
2 0.27283653846153844 0.4338942307692308 0.06009615384615385 0.03485576923076923
2 0.33052884615384615 0.4362980769230769 0.05889423076923077 0.03245192307692308
0 0.3918269230769231 0.43990384615384615 0.06129807692307692 0.03485576923076923
2 0.4519230769230769 0.4423076923076923 0.06129807692307692 0.03365384615384615
2 0.5132211538461539 0.44471153846153844 0.06009615384615385 0.037259615384615384
2 0.5745192307692307 0.44711538461538464 0.06129807692307692 0.03485576923076923
1 0.6346153846153846 0.4519230769230769 0.05889423076923077 0.03245192307692308
2 0.6947115384615384 0.4543269230769231 0.06129807692307692 0.03365384615384615
2 0.7536057692307693 0.4543269230769231 0.06009615384615385 0.03245192307692308
2 0.036057692307692304 0.4567307692307692 0.06129807692307692 0.03365384615384615
2 0.09495192307692307 0.4579326923076923 0.05889423076923077 0.03245192307692308
2 0.15384615384615385 0.46033653846153844 0.05889423076923077 0.03365384615384615
2 0.21394230769230768 0.4639423076923077 0.06129807692307692 0.037259615384615384
2 0.27163461538461536 0.46634615384615385 0.05889423076923077 0.03485576923076923
2 0.6466346153846154 0.04807692307692308 0.06009615384615385 0.03365384615384615
0 0.3293269230769231 0.47115384615384615 0.05889423076923077 0.03125
2 0.390625 0.4723557692307692 0.06009615384615385 0.036057692307692304
2 0.45072115384615385 0.47475961538461536 0.05889423076923077 0.03245192307692308
2 0.5709134615384616 0.4795673076923077 0.057692307692307696 0.03245192307692308
2 0.5120192307692307 0.4807692307692308 0.06009615384615385 0.03245192307692308
2 0.6310096153846154 0.4831730769230769 0.05889423076923077 0.03365384615384615
0 0.6899038461538461 0.4855769230769231 0.06129807692307692 0.03365384615384615
2 0.75 0.4855769230769231 0.057692307692307696 0.03365384615384615
2 0.7091346153846154 0.051682692307692304 0.06129807692307692 0.037259615384615384
2 0.7668269230769231 0.055288461538461536 0.056490384615384616 0.03485576923076923
2 0.052884615384615384 0.057692307692307696 0.05889423076923077 0.037259615384615384
1 0.11177884615384616 0.05889423076923077 0.057692307692307696 0.036057692307692304
2 0.015625 0.5889423076923077 0.03125 0.036057692307692304
2 0.06129807692307692 0.5901442307692307 0.05889423076923077 0.038461538461538464
2 0.1201923076923077 0.5949519230769231 0.056490384615384616 0.040865384615384616
2 0.17908653846153846 0.5949519230769231 0.06009615384615385 0.037259615384615384
2 0.23677884615384615 0.5973557692307693 0.06129807692307692 0.03485576923076923
2 0.29927884615384615 0.6009615384615384 0.06009615384615385 0.037259615384615384
2 0.3581730769230769 0.6033653846153846 0.06009615384615385 0.036057692307692304
1 0.4182692307692308 0.6069711538461539 0.06129807692307692 0.03485576923076923
2 0.48197115384615385 0.6081730769230769 0.06009615384615385 0.03365384615384615
2 0.5420673076923077 0.6117788461538461 0.06129807692307692 0.03245192307692308
2 0.6009615384615384 0.6129807692307693 0.05889423076923077 0.03485576923076923
2 0.6598557692307693 0.6177884615384616 0.057692307692307696 0.03245192307692308
2 0.016826923076923076 0.6237980769230769 0.03365384615384615 0.03125
2 0.22956730769230768 0.06370192307692307 0.0625 0.03365384615384615
2 0.16947115384615385 0.0625 0.05889423076923077 0.039663461538461536
2 0.0625 0.6262019230769231 0.06009615384615385 0.03125
2 0.18028846153846154 0.6298076923076923 0.06009615384615385 0.03365384615384615
2 0.1201923076923077 0.6310096153846154 0.05889423076923077 0.030048076923076924
2 0.23798076923076922 0.6334134615384616 0.06009615384615385 0.036057692307692304
2 0.2980769230769231 0.6358173076923077 0.06009615384615385 0.03365384615384615
4 0.3581730769230769 0.6382211538461539 0.06009615384615385 0.03365384615384615
2 0.4182692307692308 0.6430288461538461 0.05889423076923077 0.036057692307692304
2 0.28846153846153844 0.06610576923076923 0.057692307692307696 0.038461538461538464
2 0.47836538461538464 0.6454326923076923 0.06009615384615385 0.037259615384615384
2 0.5384615384615384 0.6454326923076923 0.05889423076923077 0.036057692307692304
2 0.5985576923076923 0.6490384615384616 0.06009615384615385 0.037259615384615384
2 0.6574519230769231 0.6514423076923077 0.05889423076923077 0.03245192307692308
2 0.018028846153846152 0.65625 0.036057692307692304 0.03125
2 0.06370192307692307 0.6574519230769231 0.05889423076923077 0.03365384615384615
2 0.17908653846153846 0.6610576923076923 0.05889423076923077 0.03365384615384615
0 0.12139423076923077 0.6610576923076923 0.056490384615384616 0.03365384615384615
2 0.23918269230769232 0.6658653846153846 0.06009615384615385 0.03365384615384615
0 0.2980769230769231 0.6694711538461539 0.05889423076923077 0.03485576923076923
2 0.359375 0.6730769230769231 0.05889423076923077 0.037259615384615384
2 0.4182692307692308 0.6766826923076923 0.06129807692307692 0.03245192307692308
2 0.4795673076923077 0.6778846153846154 0.06129807692307692 0.03485576923076923
2 0.5372596153846154 0.6814903846153846 0.06009615384615385 0.03485576923076923
2 0.3473557692307692 0.06971153846153846 0.06129807692307692 0.03365384615384615
2 0.5973557692307693 0.6838942307692307 0.06009615384615385 0.03245192307692308
2 0.65625 0.6850961538461539 0.056490384615384616 0.03365384615384615
2 0.40865384615384615 0.07211538461538461 0.06009615384615385 0.038461538461538464
2 0.5264423076923077 0.07572115384615384 0.06009615384615385 0.037259615384615384
2 0.4675480769230769 0.07692307692307693 0.05889423076923077 0.036057692307692304
2 0.5877403846153846 0.08052884615384616 0.06009615384615385 0.039663461538461536
2 0.028846153846153848 0.7944711538461539 0.056490384615384616 0.037259615384615384
2 0.08533653846153846 0.7956730769230769 0.05889423076923077 0.037259615384615384
2 0.14423076923076922 0.8004807692307693 0.05889423076923077 0.037259615384615384
2 0.203125 0.8028846153846154 0.05889423076923077 0.036057692307692304
2 0.26322115384615385 0.8064903846153846 0.06129807692307692 0.038461538461538464
2 0.3233173076923077 0.8112980769230769 0.05889423076923077 0.036057692307692304
2 0.38341346153846156 0.8112980769230769 0.06009615384615385 0.037259615384615384
2 0.44350961538461536 0.8149038461538461 0.06129807692307692 0.03245192307692308
2 0.5048076923076923 0.8185096153846154 0.05889423076923077 0.03245192307692308
2 0.6466346153846154 0.0829326923076923 0.05889423076923077 0.037259615384615384
2 0.5625 0.8221153846153846 0.05889423076923077 0.03245192307692308
2 0.028846153846153848 0.8257211538461539 0.057692307692307696 0.027644230769230768
2 0.08533653846153846 0.828125 0.056490384615384616 0.028846153846153848
2 0.14423076923076922 0.8329326923076923 0.06129807692307692 0.028846153846153848
2 0.203125 0.8353365384615384 0.05889423076923077 0.03125
2 0.2620192307692308 0.8401442307692307 0.06009615384615385 0.028846153846153848
2 0.32211538461538464 0.8425480769230769 0.06009615384615385 0.028846153846153848
2 0.38341346153846156 0.8449519230769231 0.06009615384615385 0.030048076923076924
0 0.4423076923076923 0.8473557692307693 0.06009615384615385 0.030048076923076924
2 0.5036057692307693 0.8485576923076923 0.06009615384615385 0.030048076923076924
2 0.5625 0.8557692307692307 0.057692307692307696 0.03125
2 0.028846153846153848 0.8545673076923077 0.057692307692307696 0.03125
2 0.08774038461538461 0.859375 0.06009615384615385 0.03245192307692308
2 0.1466346153846154 0.8629807692307693 0.055288461538461536 0.03125
2 0.20432692307692307 0.8665865384615384 0.05889423076923077 0.030048076923076924
2 0.26322115384615385 0.8713942307692307 0.057692307692307696 0.03485576923076923
2 0.3233173076923077 0.8713942307692307 0.05889423076923077 0.03125
2 0.38221153846153844 0.875 0.06009615384615385 0.03125
2 0.4423076923076923 0.8786057692307693 0.06009615384615385 0.03485576923076923
2 0.7067307692307693 0.0889423076923077 0.06009615384615385 0.036057692307692304
2 0.765625 0.09014423076923077 0.057692307692307696 0.03485576923076923
2 0.5036057692307693 0.8810096153846154 0.06009615384615385 0.03245192307692308
2 0.5612980769230769 0.8846153846153846 0.057692307692307696 0.03125
2 0.7103365384615384 0.016826923076923076 0.06129807692307692 0.03245192307692308
0 0.7692307692307693 0.018028846153846152 0.057692307692307696 0.036057692307692304
2 0.052884615384615384 0.019230769230769232 0.06129807692307692 0.037259615384615384
2 0.02283653846153846 0.1875 0.04567307692307692 0.03365384615384615
2 0.07451923076923077 0.18629807692307693 0.05889423076923077 0.037259615384615384
2 0.13341346153846154 0.18870192307692307 0.06009615384615385 0.036057692307692304
2 0.1935096153846154 0.18990384615384615 0.06009615384615385 0.036057692307692304
2 0.2536057692307692 0.18990384615384615 0.06129807692307692 0.036057692307692304