0 0.53984375 0.8265625 0.009375 0.0453125
0 0.5265625 0.828125 0.0140625 0.04296875
0 0.51171875 0.8265625 0.0140625 0.04296875
0 0.4953125 0.8265625 0.0140625 0.0484375
0 0.47734375 0.8265625 0.009375 0.04296875
0 0.46171875 0.83046875 0.0140625 0.04296875
0 0.44453125 0.83203125 0.0140625 0.040625
0 0.42890625 0.83515625 0.0140625 0.04296875
0 0.4109375 0.834375 0.0140625 0.04296875
0 0.39765625 0.83671875 0.0171875 0.03828125
0 0.38359375 0.8390625 0.0140625 0.04296875
0 0.3640625 0.83984375 0.0140625 0.04296875
0 0.1703125 0.8609375 0.009375 0.0484375
0 0.3484375 0.83984375 0.009375 0.04296875
0 0.2640625 0.8484375 0.01953125 0.0484375
0 0.28359375 0.84609375 0.01171875 0.04296875
0 0.2984375 0.84609375 0.0140625 0.04296875
0 0.3171875 0.8421875 0.0140625 0.040625
0 0.334375 0.83984375 0.0140625 0.04296875
0 0.54921875 0.759375 0.00703125 0.04296875
0 0.53984375 0.759375 0.0140625 0.040625
0 0.5265625 0.759375 0.01171875 0.03828125
0 0.51328125 0.7609375 0.0140625 0.03828125
0 0.49765625 0.76171875 0.0140625 0.03828125
0 0.48828125 0.76328125 0.00703125 0.03828125
0 0.47265625 0.76328125 0.0140625 0.03828125
0 0.459375 0.76328125 0.0140625 0.040625
0 0.44375 0.7640625 0.0140625 0.03828125
0 0.42890625 0.76328125 0.0140625 0.03828125
0 0.415625 0.7640625 0.0140625 0.04296875
0 0.40625 0.7671875 0.0140625 0.0484375
0 0.15390625 0.740625 0.01171875 0.03828125
0 0.15 0.7921875 0.0046875 0.04296875
0 0.16796875 0.7390625 0.0140625 0.04296875
0 0.18515625 0.74140625 0.01953125 0.03828125
0 0.19921875 0.73828125 0.01953125 0.03828125
0 0.21640625 0.734375 0.0171875 0.0359375
0 0.23203125 0.7359375 0.01953125 0.03828125
0 0.24609375 0.734375 0.0171875 0.0359375
0 0.265625 0.73203125 0.0171875 0.03828125
0 0.390625 0.35 0.01171875 0.02890625
0 0.4015625 0.3484375 0.009375 0.02890625
0 0.4125 0.3484375 0.009375 0.0265625
0 0.28828125 0.55546875 0.0140625 0.02890625
0 0.27421875 0.55546875 0.009375 0.03125
0 0.2609375 0.5515625 0.009375 0.03359375
0 0.390625 0.7671875 0.01171875 0.0453125
0 0.3640625 0.7703125 0.009375 0.04296875
0 0.35078125 0.7703125 0.009375 0.04296875
0 0.3375 0.77265625 0.0140625 0.0453125
0 0.27265625 0.7765625 0.01171875 0.04296875
0 0.303125 0.775 0.01171875 0.04296875
0 0.28828125 0.7765625 0.0140625 0.04296875
0 0.25625 0.78125 0.01171875 0.04296875
0 0.1625 0.7875 0.0171875 0.03828125
0 0.1765625 0.78515625 0.02421875 0.04296875
0 0.196875 0.7859375 0.0140625 0.0359375
0 0.21015625 0.78359375 0.009375 0.04296875
0 0.37734375 0.7703125 0.0171875 0.04296875
0 0.22265625 0.78359375 0.0140625 0.040625
0 0.24140625 0.7796875 0.01171875 0.04296875
0 0.421875 0.35 0.0046875 0.021875
0 0.3796875 0.35078125 0.01171875 0.021875
0 0.4328125 0.34765625 0.00703125 0.02421875
0 0.4421875 0.34609375 0.009375 0.02421875
0 0.4546875 0.3453125 0.01171875 0.0265625
0 0.46484375 0.34609375 0.0140625 0.02890625
0 0.478125 0.34375 0.0140625 0.0265625
0 0.48828125 0.3453125 0.009375 0.02421875
0 0.365625 0.3546875 0.00703125 0.02890625
0 0.4984375 0.3421875 0.00703125 0.02421875
0 0.52265625 0.34375 0.01171875 0.02421875
0 0.8484375 0.375 0.00234375 0.021875
0 0.509375 0.3421875 0.009375 0.01953125
0 0.53125 0.3453125 0.00703125 0.021875
0 0.53984375 0.34140625 0.009375 0.01953125
0 0.15234375 0.55078125 0.009375 0.03359375
0 0.16328125 0.553125 0.0140625 0.03359375
0 0.19453125 0.553125 0.0140625 0.0359375
0 0.18046875 0.55390625 0.0140625 0.02890625
0 0.209375 0.55390625 0.009375 0.0359375
0 0.2203125 0.553125 0.01171875 0.03359375
0 0.2328125 0.55390625 0.009375 0.03359375
0 0.24609375 0.553125 0.01171875 0.02890625
0 0.30078125 0.553125 0.01171875 0.02890625
0 0.31640625 0.5515625 0.01171875 0.03359375
0 0.3390625 0.5484375 0.00703125 0.02890625
0 0.3296875 0.553125 0.01171875 0.02890625
0 0.35234375 0.55078125 0.01171875 0.02890625
0 0.4109375 0.540625 0.0171875 0.03359375
0 0.38125 0.54921875 0.009375 0.03359375
0 0.42421875 0.540625 0.0140625 0.03359375
0 0.396875 0.5453125 0.01171875 0.0265625
0 0.4390625 0.53984375 0.01171875 0.02890625
0 0.4640625 0.53828125 0.0140625 0.02890625
0 0.49765625 0.54296875 0.009375 0.02890625
0 0.45078125 0.5421875 0.009375 0.03359375
0 0.51796875 0.5421875 0.009375 0.02890625
0 0.52890625 0.540625 0.01171875 0.03359375
0 0.36640625 0.546875 0.009375 0.02890625
0 0.53984375 0.53828125 0.009375 0.02890625
0 0.553125 0.540625 0.0140625 0.02890625
0 0.56640625 0.540625 0.0140625 0.0265625
0 0.58203125 0.53515625 0.00703125 0.0265625
0 0.60234375 0.5375 0.009375 0.03359375
0 0.58984375 0.5375 0.0140625 0.02890625
0 0.615625 0.5359375 0.009375 0.03359375
0 0.640625 0.5328125 0.009375 0.02890625
0 0.62890625 0.5328125 0.009375 0.02421875
0 0.66484375 0.52421875 0.0140625 0.02890625
0 0.65 0.52890625 0.0140625 0.02890625
0 0.6765625 0.525 0.01171875 0.02890625
0 0.69140625 0.5265625 0.01171875 0.03359375
0 0.7171875 0.52421875 0.0140625 0.03359375
0 0.70546875 0.525 0.009375 0.02890625
0 0.73203125 0.521875 0.0140625 0.02890625
0 0.7453125 0.52421875 0.01171875 0.02890625
0 0.80625 0.5203125 0.0140625 0.03359375
0 0.8234375 0.521875 0.0140625 0.03359375
0 0.83671875 0.51796875 0.009375 0.02890625
0 0.55859375 0.57421875 0.0140625 0.03359375
0 0.58671875 0.57109375 0.0140625 0.02890625
0 0.60234375 0.56953125 0.0140625 0.03359375
0 0.571875 0.5734375 0.0140625 0.02890625
0 0.6140625 0.571875 0.01171875 0.03359375
0 0.62890625 0.56875 0.01171875 0.02890625
0 0.63671875 0.56640625 0.009375 0.02890625
0 0.64765625 0.56640625 0.009375 0.02890625
0 0.6609375 0.5640625 0.01171875 0.02890625
0 0.67421875 0.5609375 0.01171875 0.03359375
0 0.69375 0.56484375 0.0140625 0.02890625
0 0.7046875 0.56015625 0.01171875 0.03359375
0 0.7171875 0.5609375 0.0140625 0.03359375
0 0.73046875 0.5640625 0.01171875 0.03359375
0 0.7453125 0.5609375 0.0140625 0.02890625
0 0.75859375 0.5609375 0.009375 0.03359375
0 0.7828125 0.5640625 0.0140625 0.02890625
0 0.7703125 0.5609375 0.0140625 0.02421875
0 0.66484375 0.38671875 0.01171875 0.02421875
0 0.68984375 0.3859375 0.01171875 0.0265625
0 0.678125 0.38828125 0.009375 0.0265625
0 0.70703125 0.3859375 0.009375 0.02421875
0 0.71875 0.384375 0.009375 0.02421875
0 0.74609375 0.38203125 0.01171875 0.02421875
0 0.73046875 0.38203125 0.009375 0.01953125
0 0.7546875 0.38125 0.01171875 0.02890625
0 0.76953125 0.38125 0.009375 0.0265625
0 0.7921875 0.37890625 0.009375 0.0265625
0 0.7796875 0.38359375 0.009375 0.02421875
0 0.80546875 0.37734375 0.01171875 0.02421875
0 0.265625 0.41484375 0.009375 0.0265625
0 0.275 0.415625 0.00703125 0.0265625
0 0.81953125 0.3765625 0.009375 0.02421875
0 0.5453125 0.5765625 0.009375 0.03359375
1 0.25390625 0.41015625 0.00703125 0.0140625
0 0.75703125 0.525 0.00703125 0.03359375
0 0.78359375 0.52421875 0.0140625 0.0359375
0 0.76796875 0.521875 0.0140625 0.03359375
0 0.79296875 0.521875 0.01171875 0.03359375
0 0.484375 0.540625 0.01171875 0.03359375
0 0.79921875 0.56015625 0.01171875 0.03359375
0 0.8484375 0.5171875 0.009375 0.03359375
0 0.31875 0.77734375 0.01171875 0.0453125
0 0.5109375 0.53984375 0.009375 0.02890625
0 0.828125 0.3765625 0.01171875 0.0265625
0 0.8421875 0.37734375 0.00703125 0.0265625
0 0.353125 0.3546875 0.009375 0.02421875
0 0.82578125 0.55625 0.01171875 0.02421875
0 0.8125 0.55859375 0.0140625 0.02890625
0 0.84140625 0.5578125 0.01171875 0.0265625