0 0.24296875 0.14921875 0.0453125 0.0046875
0 0.24375 0.15625 0.0359375 0.0140625
0 0.2453125 0.17421875 0.040625 0.0171875
0 0.56953125 0.2078125 0.0265625 0.009375
0 0.5734375 0.21875 0.02890625 0.0140625
0 0.63828125 0.321875 0.02421875 0.01171875
0 0.19375 0.15625 0.040625 0.0140625
0 0.19453125 0.16953125 0.03828125 0.0140625
0 0.1984375 0.18984375 0.04296875 0.0171875
0 0.203125 0.209375 0.04296875 0.0171875
0 0.24609375 0.209375 0.04296875 0.0140625
0 0.24765625 0.19375 0.04296875 0.0140625
0 0.2078125 0.225 0.04296875 0.0140625
0 0.21015625 0.24296875 0.040625 0.0140625
0 0.209375 0.25703125 0.03828125 0.0140625
0 0.209375 0.27265625 0.04296875 0.0140625
0 0.2125 0.28984375 0.0359375 0.01171875
0 0.2140625 0.30390625 0.03828125 0.0140625
0 0.21640625 0.31953125 0.04296875 0.01171875
0 0.2171875 0.33515625 0.03828125 0.0140625
0 0.2171875 0.35 0.03828125 0.0140625
0 0.22109375 0.3609375 0.03359375 0.0140625
0 0.22734375 0.375 0.03828125 0.0140625
0 0.228125 0.3921875 0.03828125 0.0140625
0 0.23046875 0.40625 0.040625 0.0140625
0 0.23046875 0.41796875 0.04296875 0.0171875
0 0.234375 0.4546875 0.03828125 0.01171875
0 0.2359375 0.46875 0.040625 0.0140625
0 0.23828125 0.4828125 0.03828125 0.0140625
0 0.23828125 0.50390625 0.040625 0.01171875
0 0.1359375 0.21015625 0.053125 0.0171875
0 0.13671875 0.228125 0.053125 0.0140625
0 0.13671875 0.24296875 0.0484375 0.0140625
0 0.14296875 0.26328125 0.0484375 0.01953125
0 0.140625 0.27890625 0.040625 0.0171875
0 0.1453125 0.2953125 0.04296875 0.0140625
0 0.15 0.3140625 0.0484375 0.0140625
0 0.14765625 0.33046875 0.04296875 0.01171875
0 0.1515625 0.3453125 0.0484375 0.0140625
0 0.15390625 0.36171875 0.04296875 0.0140625
0 0.15390625 0.3765625 0.0484375 0.0140625
0 0.16015625 0.39453125 0.04296875 0.0140625
0 0.1625 0.4109375 0.04296875 0.01171875
0 0.165625 0.42421875 0.03828125 0.0140625
0 0.165625 0.44453125 0.04296875 0.0140625
0 0.16796875 0.46015625 0.04296875 0.0140625
0 0.1703125 0.47265625 0.04296875 0.0140625
0 0.171875 0.49140625 0.040625 0.0140625
0 0.6390625 0.334375 0.02421875 0.00703125
0 0.64296875 0.3453125 0.021875 0.009375
0 0.6453125 0.36640625 0.01953125 0.009375
0 0.64921875 0.38828125 0.02890625 0.009375
0 0.6453125 0.37890625 0.02421875 0.009375
0 0.65 0.4109375 0.021875 0.00703125
0 0.65 0.421875 0.01953125 0.009375
0 0.65234375 0.43359375 0.01953125 0.00703125
0 0.65 0.44375 0.0265625 0.009375
0 0.65390625 0.45546875 0.021875 0.009375
0 0.6546875 0.4703125 0.02421875 0.009375
0 0.65390625 0.4828125 0.021875 0.01171875
0 0.6359375 0.31015625 0.021875 0.009375
0 0.428125 0.16015625 0.0359375 0.01171875
0 0.43125 0.17578125 0.03828125 0.0140625
0 0.42578125 0.19140625 0.0484375 0.0140625
0 0.4328125 0.2046875 0.03359375 0.01171875
0 0.43359375 0.2171875 0.03359375 0.009375
0 0.43515625 0.23203125 0.03359375 0.009375
0 0.4359375 0.24765625 0.03359375 0.0140625
0 0.4375 0.25859375 0.03359375 0.009375
0 0.4390625 0.27265625 0.03828125 0.0140625
0 0.43984375 0.2859375 0.03359375 0.009375
0 0.43984375 0.29921875 0.03359375 0.009375
0 0.44375 0.3109375 0.02890625 0.009375
0 0.44140625 0.3265625 0.03359375 0.009375
0 0.44375 0.33984375 0.03359375 0.01171875
0 0.44609375 0.3546875 0.02890625 0.01171875
0 0.44921875 0.36875 0.02890625 0.009375
0 0.44609375 0.38203125 0.02890625 0.01171875
0 0.4515625 0.396875 0.03359375 0.01171875
0 0.4515625 0.4109375 0.03359375 0.0140625
0 0.4515625 0.42421875 0.02890625 0.009375
0 0.453125 0.4359375 0.02890625 0.01171875
0 0.45546875 0.44453125 0.03359375 0.0140625
0 0.453125 0.46015625 0.02890625 0.01171875
0 0.4546875 0.475 0.0265625 0.009375
0 0.4578125 0.48671875 0.0359375 0.009375
0 0.46171875 0.49765625 0.02890625 0.00703125
0 0.4625 0.509375 0.03359375 0.01171875
0 0.4640625 0.525 0.02890625 0.009375
0 0.4640625 0.5375 0.02890625 0.009375
0 0.46640625 0.54921875 0.0265625 0.009375
0 0.4640625 0.56484375 0.03359375 0.0140625
0 0.46875 0.57578125 0.03359375 0.01171875
0 0.4671875 0.59140625 0.03359375 0.0140625
0 0.4234375 0.5140625 0.03359375 0.009375
0 0.4265625 0.52421875 0.03359375 0.0140625
0 0.43046875 0.5453125 0.03359375 0.0140625
0 0.42890625 0.55390625 0.02890625 0.009375
0 0.4328125 0.58203125 0.0265625 0.0140625
0 0.43125 0.56953125 0.02890625 0.0140625
0 0.43515625 0.5890625 0.02890625 0.0140625
0 0.46875 0.603125 0.0265625 0.01171875
0 0.47265625 0.6140625 0.02421875 0.01171875
0 0.4390625 0.603125 0.03359375 0.01953125
0 0.47265625 0.6265625 0.0265625 0.0140625
0 0.43984375 0.61796875 0.03359375 0.009375
0 0.47578125 0.6390625 0.03359375 0.01171875
0 0.4796875 0.65234375 0.03359375 0.0140625
0 0.4390625 0.6296875 0.03359375 0.01171875
0 0.48203125 0.66484375 0.02890625 0.01171875
0 0.48203125 0.67890625 0.02890625 0.0140625
0 0.44375 0.6578125 0.02890625 0.0140625
0 0.44609375 0.6703125 0.02890625 0.0171875
0 0.48046875 0.6921875 0.03359375 0.009375
0 0.4859375 0.7046875 0.03359375 0.009375
0 0.44609375 0.68359375 0.03359375 0.01171875
0 0.446875 0.7078125 0.02890625 0.01171875
0 0.453125 0.72109375 0.03359375 0.0140625
0 0.490625 0.7171875 0.02890625 0.0140625
0 0.4890625 0.728125 0.03359375 0.01171875
0 0.490625 0.74296875 0.02890625 0.0140625
0 0.490625 0.75625 0.02890625 0.01171875
0 0.4515625 0.73046875 0.02890625 0.01953125
0 0.45703125 0.80859375 0.02890625 0.0140625
0 0.48671875 0.76953125 0.03828125 0.0140625
0 0.490625 0.78125 0.03828125 0.0140625
0 0.49375 0.7953125 0.02890625 0.0140625
0 0.49375 0.81015625 0.02890625 0.0140625
0 0.49609375 0.821875 0.02890625 0.0140625
0 0.23046875 0.43984375 0.04296875 0.0140625
0 0.45078125 0.74765625 0.02890625 0.01171875
0 0.453125 0.759375 0.03359375 0.0140625
0 0.453125 0.771875 0.03359375 0.0171875
0 0.45703125 0.796875 0.02890625 0.0140625
0 0.4234375 0.5015625 0.03359375 0.0140625
0 0.61328125 0.61328125 0.0265625 0.009375
0 0.615625 0.625 0.02421875 0.009375
0 0.61875 0.63671875 0.021875 0.009375
0 0.6203125 0.6625 0.0265625 0.009375
0 0.62265625 0.67421875 0.02421875 0.009375
0 0.62265625 0.6875 0.02421875 0.01171875
0 0.62265625 0.69921875 0.02890625 0.009375
0 0.625 0.7125 0.02890625 0.009375
0 0.62734375 0.72734375 0.02890625 0.009375
0 0.62890625 0.74140625 0.0265625 0.01171875
0 0.6296875 0.75390625 0.02421875 0.01171875
0 0.634375 0.7671875 0.02890625 0.009375
0 0.63125 0.7765625 0.03359375 0.009375
0 0.64921875 0.4015625 0.02421875 0.01171875
1 0.58203125 0.19609375 0.00703125 0.009375
0 0.61796875 0.65 0.02421875 0.009375
0 0.6390625 0.30078125 0.02421875 0.009375
0 0.64453125 0.35546875 0.01953125 0.009375
0 0.44375 0.6453125 0.02890625 0.0140625
0 0.45546875 0.7859375 0.02890625 0.0140625
0 0.634375 0.7875 0.0265625 0.009375
0 0.63671875 0.7984375 0.03359375 0.0140625
0 0.446875 0.69453125 0.03828125 0.009375