0 0.85 0.134375 0.00703125 0.0453125
0 0.84765625 0.2515625 0.0046875 0.0453125
0 0.8421875 0.20546875 0.0140625 0.0359375
0 0.83984375 0.25 0.0140625 0.04296875
0 0.82421875 0.25234375 0.0171875 0.040625
0 0.75859375 0.58203125 0.01171875 0.0265625
0 0.7484375 0.58203125 0.0140625 0.02890625
0 0.66484375 0.640625 0.01171875 0.02421875
0 0.8265625 0.21015625 0.0140625 0.040625
0 0.8109375 0.209375 0.0140625 0.03828125
0 0.796875 0.21171875 0.0140625 0.040625
0 0.7765625 0.2125 0.0171875 0.04296875
0 0.77421875 0.25703125 0.0140625 0.04296875
0 0.8078125 0.25625 0.0140625 0.03828125
0 0.7921875 0.25625 0.0140625 0.040625
0 0.75859375 0.259375 0.0140625 0.04296875
0 0.76171875 0.21484375 0.0140625 0.04296875
0 0.7453125 0.21484375 0.0140625 0.040625
0 0.73046875 0.21640625 0.0140625 0.03828125
0 0.7140625 0.2171875 0.0140625 0.04296875
0 0.69921875 0.22109375 0.01171875 0.0359375
0 0.68359375 0.2234375 0.0140625 0.03828125
0 0.66796875 0.22265625 0.01171875 0.04296875
0 0.64921875 0.22265625 0.0140625 0.03828125
0 0.634375 0.22578125 0.0140625 0.03828125
0 0.6203125 0.22734375 0.0140625 0.03359375
0 0.60546875 0.22734375 0.0140625 0.03828125
0 0.59140625 0.23046875 0.0171875 0.03828125
0 0.5765625 0.23203125 0.01171875 0.0359375
0 0.5609375 0.234375 0.0140625 0.0359375
0 0.5484375 0.234375 0.0140625 0.04296875
0 0.5296875 0.2359375 0.01171875 0.03828125
0 0.5140625 0.2390625 0.01171875 0.0359375
0 0.5 0.2390625 0.0140625 0.03828125
0 0.4859375 0.240625 0.01171875 0.03359375
0 0.47109375 0.2390625 0.0140625 0.03828125
0 0.75625 0.14453125 0.0171875 0.053125
0 0.7390625 0.14765625 0.0140625 0.053125
0 0.725 0.14921875 0.0140625 0.03828125
0 0.70703125 0.15 0.01171875 0.04296875
0 0.68984375 0.15234375 0.01171875 0.03828125
0 0.67421875 0.15234375 0.009375 0.03828125
0 0.65390625 0.1546875 0.0140625 0.0484375
0 0.6390625 0.16015625 0.01171875 0.03828125
0 0.6234375 0.16015625 0.009375 0.03828125
0 0.60703125 0.1625 0.0140625 0.03828125
0 0.59140625 0.16328125 0.0140625 0.0484375
0 0.57578125 0.16328125 0.01171875 0.03828125
0 0.56015625 0.165625 0.0140625 0.0359375
0 0.546875 0.1671875 0.01171875 0.03828125
0 0.5265625 0.16953125 0.0140625 0.04296875
0 0.5109375 0.1734375 0.0140625 0.04296875
0 0.49609375 0.1734375 0.01171875 0.0359375
0 0.48046875 0.1734375 0.01171875 0.040625
0 0.6546875 0.64453125 0.009375 0.02890625
0 0.6453125 0.64453125 0.00703125 0.01953125
0 0.634375 0.646875 0.0046875 0.01953125
0 0.6234375 0.64765625 0.009375 0.0265625
0 0.61328125 0.64921875 0.009375 0.0265625
0 0.60234375 0.646875 0.01171875 0.03359375
0 0.5890625 0.65 0.00703125 0.021875
0 0.578125 0.65 0.009375 0.01953125
0 0.56640625 0.65234375 0.00703125 0.01953125
0 0.55625 0.65 0.009375 0.0265625
0 0.54453125 0.65390625 0.009375 0.021875
0 0.53515625 0.65625 0.009375 0.01953125
0 0.52421875 0.65390625 0.009375 0.021875
0 0.5140625 0.6546875 0.0046875 0.02890625
0 0.5015625 0.6546875 0.01171875 0.021875
0 0.490625 0.6578125 0.009375 0.01953125
0 0.48046875 0.66015625 0.0046875 0.02421875
0 0.8453125 0.43515625 0.009375 0.03359375
0 0.8328125 0.4390625 0.0140625 0.03828125
0 0.81953125 0.43984375 0.009375 0.03359375
0 0.80625 0.43984375 0.009375 0.02890625
0 0.7921875 0.4421875 0.01171875 0.03359375
0 0.7765625 0.43984375 0.009375 0.03359375
0 0.7640625 0.43984375 0.009375 0.03359375
0 0.74765625 0.44375 0.0140625 0.03359375
0 0.7359375 0.44375 0.009375 0.02890625
0 0.72109375 0.44609375 0.01171875 0.02890625
0 0.7078125 0.44453125 0.00703125 0.02890625
0 0.696875 0.44609375 0.009375 0.02890625
0 0.6828125 0.4484375 0.009375 0.02890625
0 0.66796875 0.44921875 0.009375 0.0265625
0 0.65625 0.44921875 0.009375 0.03359375
0 0.640625 0.44921875 0.01171875 0.0265625
0 0.62890625 0.44921875 0.0140625 0.02890625
0 0.61328125 0.453125 0.01171875 0.02890625
0 0.603125 0.4515625 0.01171875 0.03359375
0 0.5890625 0.4515625 0.0140625 0.03359375
0 0.57578125 0.4515625 0.009375 0.02890625
0 0.5640625 0.453125 0.01171875 0.02890625
0 0.55546875 0.45546875 0.0140625 0.03359375
0 0.5359375 0.459375 0.01171875 0.02890625
0 0.525 0.4546875 0.009375 0.0265625
0 0.51328125 0.4578125 0.009375 0.0359375
0 0.4984375 0.46015625 0.00703125 0.02421875
0 0.4859375 0.459375 0.009375 0.02421875
0 0.475 0.4640625 0.009375 0.02890625
0 0.4625 0.4640625 0.009375 0.02890625
0 0.45078125 0.46640625 0.009375 0.0265625
0 0.43515625 0.4640625 0.0140625 0.03359375
0 0.42421875 0.46875 0.01171875 0.03359375
0 0.40859375 0.4671875 0.0140625 0.03359375
0 0.47109375 0.43046875 0.009375 0.03359375
0 0.459375 0.43046875 0.01171875 0.03359375
0 0.446875 0.43125 0.009375 0.0265625
0 0.4328125 0.43125 0.009375 0.02890625
0 0.41796875 0.43046875 0.0140625 0.0265625
0 0.4078125 0.4328125 0.009375 0.02421875
0 0.3953125 0.4390625 0.01171875 0.02421875
0 0.396875 0.46875 0.01171875 0.0265625
0 0.3859375 0.47265625 0.01171875 0.02421875
0 0.38203125 0.43984375 0.009375 0.02890625
0 0.3734375 0.47265625 0.0140625 0.0265625
0 0.3703125 0.4421875 0.01171875 0.03359375
0 0.3609375 0.47265625 0.01171875 0.03359375
0 0.35703125 0.44140625 0.0140625 0.02890625
0 0.34765625 0.475 0.0140625 0.03359375
0 0.3421875 0.44375 0.01953125 0.02890625
0 0.33203125 0.478125 0.01171875 0.02890625
0 0.31875 0.4796875 0.009375 0.0265625
0 0.3265625 0.44375 0.0140625 0.0265625
0 0.31484375 0.44453125 0.009375 0.02421875
0 0.3078125 0.4796875 0.009375 0.03359375
0 0.29453125 0.478125 0.009375 0.03359375
0 0.303125 0.44453125 0.009375 0.03359375
0 0.290625 0.44140625 0.009375 0.02421875
0 0.27734375 0.44375 0.009375 0.02890625
0 0.28125 0.478125 0.0140625 0.02890625
0 0.26953125 0.48046875 0.009375 0.02421875
0 0.25703125 0.484375 0.0140625 0.02890625
0 0.24375 0.48046875 0.009375 0.02890625
0 0.26328125 0.446875 0.0140625 0.02890625
0 0.2484375 0.44375 0.009375 0.03359375
0 0.23671875 0.44375 0.0140625 0.02890625
0 0.228125 0.4828125 0.0140625 0.04296875
0 0.2125 0.48203125 0.009375 0.02890625
0 0.19921875 0.4859375 0.0140625 0.02890625
0 0.1875 0.4859375 0.0140625 0.02890625
0 0.17578125 0.48671875 0.0140625 0.02890625
0 0.16328125 0.48828125 0.0140625 0.0265625
0 0.15 0.490625 0.00703125 0.03359375
0 0.22109375 0.44453125 0.0140625 0.0265625
0 0.209375 0.44921875 0.0140625 0.02890625
0 0.1921875 0.44921875 0.0140625 0.03359375
0 0.18046875 0.44921875 0.009375 0.02890625
0 0.16796875 0.453125 0.0140625 0.02890625
0 0.1546875 0.4515625 0.009375 0.03359375
0 0.353125 0.6140625 0.01171875 0.02890625
0 0.3421875 0.6140625 0.009375 0.0265625
0 0.33046875 0.61640625 0.01171875 0.02890625
0 0.3171875 0.615625 0.009375 0.0265625
0 0.30625 0.61875 0.009375 0.02421875
0 0.296875 0.62109375 0.01171875 0.02421875
0 0.28359375 0.62265625 0.009375 0.02890625
0 0.27265625 0.62109375 0.00703125 0.03359375
0 0.26171875 0.6234375 0.009375 0.02890625
0 0.2515625 0.62265625 0.009375 0.02890625
0 0.23671875 0.6234375 0.01171875 0.02421875
0 0.225 0.6265625 0.01171875 0.02421875
0 0.21015625 0.62734375 0.01171875 0.02421875
0 0.19921875 0.62890625 0.0140625 0.0265625
0 0.1859375 0.62734375 0.01171875 0.02890625
0 0.17578125 0.63125 0.0140625 0.02421875
0 0.15625 0.63203125 0.01171875 0.02890625
0 0.1625 0.63203125 0.009375 0.021875
1 0.76953125 0.58515625 0.0046875 0.02421875