0 0.86796875 0.14765625 0.0453125 0.00703125
0 0.7484375 0.15234375 0.0453125 0.0046875
0 0.796875 0.15234375 0.0359375 0.0140625
0 0.75 0.16015625 0.04296875 0.0140625
0 0.74765625 0.17578125 0.040625 0.0171875
0 0.4203125 0.240625 0.0265625 0.01171875
0 0.41953125 0.2484375 0.02890625 0.0140625
0 0.359375 0.33203125 0.02421875 0.01171875
0 0.796875 0.1671875 0.040625 0.0140625
0 0.7921875 0.18515625 0.03828125 0.0140625
0 0.790625 0.2015625 0.040625 0.0140625
0 0.790625 0.2171875 0.04296875 0.0171875
0 0.74296875 0.22578125 0.04296875 0.0140625
0 0.74375 0.1921875 0.03828125 0.0140625
0 0.74375 0.2078125 0.040625 0.0140625
0 0.740625 0.24140625 0.04296875 0.0140625
0 0.78515625 0.23828125 0.04296875 0.0140625
0 0.78515625 0.2546875 0.040625 0.0140625
0 0.78359375 0.26953125 0.03828125 0.0140625
0 0.7828125 0.2859375 0.04296875 0.0140625
0 0.77890625 0.30078125 0.0359375 0.01171875
0 0.7765625 0.31640625 0.03828125 0.0140625
0 0.77734375 0.33203125 0.04296875 0.01171875
0 0.77734375 0.35078125 0.03828125 0.0140625
0 0.77421875 0.365625 0.03828125 0.0140625
0 0.77265625 0.3796875 0.03359375 0.0140625
0 0.77265625 0.39453125 0.03828125 0.0140625
0 0.76953125 0.40859375 0.03828125 0.0171875
0 0.76796875 0.4234375 0.0359375 0.01171875
0 0.765625 0.4390625 0.0359375 0.0140625
0 0.765625 0.4515625 0.04296875 0.0140625
0 0.7640625 0.4703125 0.03828125 0.01171875
0 0.7609375 0.4859375 0.0359375 0.01171875
0 0.7609375 0.5 0.03828125 0.0140625
0 0.759375 0.5140625 0.03359375 0.01171875
0 0.7609375 0.52890625 0.03828125 0.0140625
0 0.8546875 0.240625 0.053125 0.0171875
0 0.85234375 0.25859375 0.053125 0.0140625
0 0.85078125 0.275 0.03828125 0.0140625
0 0.85 0.29296875 0.04296875 0.01171875
0 0.84765625 0.31015625 0.03828125 0.01171875
0 0.84765625 0.32578125 0.03828125 0.009375
0 0.8453125 0.34609375 0.0484375 0.0140625
0 0.83984375 0.3609375 0.03828125 0.01171875
0 0.83984375 0.3765625 0.03828125 0.009375
0 0.8375 0.39296875 0.03828125 0.0140625
0 0.83671875 0.40859375 0.0484375 0.0140625
0 0.83671875 0.42421875 0.03828125 0.01171875
0 0.834375 0.43984375 0.0359375 0.0140625
0 0.8328125 0.453125 0.03828125 0.01171875
0 0.83046875 0.4734375 0.04296875 0.0140625
0 0.8265625 0.4890625 0.04296875 0.0140625
0 0.8265625 0.50390625 0.0359375 0.01171875
0 0.8265625 0.5171875 0.040625 0.01171875
0 0.35546875 0.3421875 0.02890625 0.009375
0 0.35546875 0.3546875 0.01953125 0.00703125
0 0.353125 0.365625 0.01953125 0.0046875
0 0.35234375 0.3765625 0.0265625 0.009375
0 0.35078125 0.38671875 0.0265625 0.009375
0 0.3546875 0.39453125 0.03359375 0.01171875
0 0.35 0.4109375 0.021875 0.00703125
0 0.35 0.421875 0.01953125 0.009375
0 0.34765625 0.43359375 0.01953125 0.00703125
0 0.35 0.44375 0.0265625 0.009375
0 0.34609375 0.45546875 0.021875 0.009375
0 0.34375 0.46484375 0.01953125 0.009375
0 0.34609375 0.47578125 0.021875 0.009375
0 0.3453125 0.4859375 0.02890625 0.0046875
0 0.3453125 0.4984375 0.021875 0.01171875
0 0.3421875 0.509375 0.01953125 0.009375
0 0.33984375 0.51953125 0.02421875 0.0046875
0 0.56484375 0.1546875 0.03359375 0.009375
0 0.5609375 0.1671875 0.03828125 0.0140625
0 0.56015625 0.18046875 0.03359375 0.009375
0 0.56015625 0.19375 0.02890625 0.009375
0 0.5578125 0.2078125 0.03359375 0.01171875
0 0.56015625 0.2234375 0.03359375 0.009375
0 0.56015625 0.2359375 0.03359375 0.009375
0 0.55625 0.25234375 0.03359375 0.0140625
0 0.55625 0.2640625 0.02890625 0.009375
0 0.55390625 0.27890625 0.02890625 0.01171875
0 0.55546875 0.2921875 0.02890625 0.00703125
0 0.55390625 0.303125 0.02890625 0.009375
0 0.5515625 0.3171875 0.02890625 0.009375
0 0.55078125 0.33203125 0.0265625 0.009375
0 0.55078125 0.34375 0.03359375 0.009375
0 0.55078125 0.359375 0.0265625 0.01171875
0 0.55078125 0.37109375 0.02890625 0.0140625
0 0.546875 0.38671875 0.02890625 0.01171875
0 0.5484375 0.396875 0.03359375 0.01171875
0 0.5484375 0.4109375 0.03359375 0.0140625
0 0.5484375 0.42421875 0.02890625 0.009375
0 0.546875 0.4359375 0.02890625 0.01171875
0 0.54453125 0.44453125 0.03359375 0.0140625
0 0.540625 0.4640625 0.02890625 0.01171875
0 0.5453125 0.475 0.0265625 0.009375
0 0.5421875 0.48671875 0.0359375 0.009375
0 0.5421875 0.49765625 0.02421875 0.00703125
0 0.5421875 0.5109375 0.02421875 0.009375
0 0.5359375 0.525 0.02890625 0.009375
0 0.5359375 0.5375 0.02890625 0.009375
0 0.53359375 0.54921875 0.0265625 0.009375
0 0.5359375 0.56484375 0.03359375 0.0140625
0 0.53125 0.57578125 0.03359375 0.01171875
0 0.5328125 0.59140625 0.03359375 0.0140625
0 0.56953125 0.52421875 0.03359375 0.009375
0 0.56953125 0.540625 0.03359375 0.01171875
0 0.56875 0.553125 0.0265625 0.009375
0 0.56875 0.5671875 0.02890625 0.009375
0 0.56953125 0.58203125 0.0265625 0.0140625
0 0.5671875 0.5921875 0.02421875 0.009375
0 0.5609375 0.6046875 0.02421875 0.01171875
0 0.53125 0.603125 0.0265625 0.01171875
0 0.52734375 0.6140625 0.02421875 0.01171875
0 0.56015625 0.61796875 0.02890625 0.009375
0 0.52734375 0.6265625 0.0265625 0.0140625
0 0.5578125 0.6296875 0.03359375 0.01171875
0 0.52734375 0.6390625 0.03359375 0.01171875
0 0.55859375 0.64296875 0.02890625 0.0140625
0 0.525 0.65234375 0.03359375 0.0140625
0 0.55625 0.6578125 0.02890625 0.01953125
0 0.521875 0.66796875 0.02890625 0.01171875
0 0.5203125 0.68125 0.0265625 0.009375
0 0.55625 0.6734375 0.0265625 0.0140625
0 0.55546875 0.68515625 0.02421875 0.009375
0 0.5203125 0.6921875 0.03359375 0.009375
0 0.521875 0.70546875 0.03359375 0.009375
0 0.55546875 0.696875 0.03359375 0.009375
0 0.55859375 0.709375 0.02421875 0.009375
0 0.55625 0.72265625 0.02890625 0.009375
0 0.521875 0.71875 0.02890625 0.0140625
0 0.51953125 0.73046875 0.02421875 0.009375
0 0.515625 0.74296875 0.02890625 0.0140625
0 0.51953125 0.75625 0.02890625 0.009375
0 0.553125 0.73671875 0.02890625 0.0140625
0 0.55625 0.7515625 0.03359375 0.009375
0 0.55625 0.76328125 0.02890625 0.0140625
0 0.5171875 0.771875 0.04296875 0.0140625
0 0.51796875 0.7875 0.02890625 0.009375
0 0.5140625 0.80078125 0.02890625 0.0140625
0 0.5140625 0.8125 0.02890625 0.0140625
0 0.51328125 0.82421875 0.02890625 0.0140625
0 0.51171875 0.83671875 0.0265625 0.0140625
0 0.509375 0.85 0.03359375 0.00703125
0 0.55546875 0.77890625 0.0265625 0.0140625
0 0.55078125 0.790625 0.02890625 0.0140625
0 0.55078125 0.8078125 0.03359375 0.0140625
0 0.55078125 0.81953125 0.02890625 0.009375
0 0.546875 0.83203125 0.02890625 0.0140625
0 0.5484375 0.8453125 0.03359375 0.009375
0 0.3859375 0.6453125 0.02890625 0.01171875
0 0.3859375 0.6578125 0.0265625 0.009375
0 0.38359375 0.66953125 0.02890625 0.01171875
0 0.384375 0.6828125 0.0265625 0.009375
0 0.38125 0.69375 0.02421875 0.009375
0 0.37890625 0.703125 0.02421875 0.01171875
0 0.37734375 0.71640625 0.02890625 0.009375
0 0.37890625 0.72734375 0.03359375 0.00703125
0 0.3765625 0.73828125 0.02890625 0.009375
0 0.37734375 0.7484375 0.02890625 0.009375
0 0.3765625 0.76328125 0.02421875 0.01171875
0 0.3734375 0.775 0.02421875 0.01171875
0 0.37265625 0.78984375 0.02421875 0.01171875
0 0.37109375 0.80078125 0.0265625 0.0140625
0 0.37265625 0.8140625 0.02890625 0.01171875
0 0.36875 0.82421875 0.02421875 0.0140625
0 0.36796875 0.84375 0.02890625 0.01171875
0 0.36796875 0.8375 0.021875 0.009375
1 0.4109375 0.22734375 0.009375 0.0046875