0 0.15625 0.75859375 0.0171875 0.0359375
0 0.1703125 0.7546875 0.0171875 0.040625
0 0.196875 0.43125 0.01171875 0.0265625
0 0.21015625 0.428125 0.0140625 0.0265625
0 0.31875 0.36328125 0.01171875 0.02421875
0 0.15234375 0.80546875 0.009375 0.03828125
0 0.16484375 0.80625 0.0171875 0.03828125
0 0.18125 0.80390625 0.0171875 0.04296875
0 0.2015625 0.80078125 0.0171875 0.04296875
0 0.209375 0.75390625 0.0171875 0.04296875
0 0.18984375 0.75390625 0.0140625 0.04296875
0 0.2171875 0.7984375 0.0171875 0.04296875
0 0.2359375 0.796875 0.0140625 0.040625
0 0.25234375 0.7953125 0.0140625 0.03828125
0 0.26953125 0.7921875 0.0140625 0.04296875
0 0.27890625 0.79296875 0.01171875 0.0359375
0 0.2953125 0.78828125 0.0140625 0.03828125
0 0.3125 0.7875 0.01171875 0.04296875
0 0.33203125 0.78515625 0.0140625 0.03828125
0 0.3484375 0.78359375 0.0140625 0.03828125
0 0.3609375 0.77890625 0.0140625 0.0359375
0 0.375 0.77265625 0.0140625 0.03828125
0 0.3921875 0.771875 0.0171875 0.03828125
0 0.40625 0.76953125 0.0140625 0.040625
0 0.41796875 0.76953125 0.0171875 0.04296875
0 0.4546875 0.765625 0.01171875 0.03828125
0 0.46875 0.7640625 0.0140625 0.040625
0 0.4828125 0.76171875 0.0140625 0.03828125
0 0.4953125 0.7609375 0.01171875 0.040625
0 0.20703125 0.86875 0.0171875 0.053125
0 0.2234375 0.86875 0.0140625 0.053125
0 0.240625 0.8640625 0.0171875 0.0484375
0 0.259375 0.8609375 0.0171875 0.0484375
0 0.27890625 0.859375 0.0171875 0.040625
0 0.29296875 0.85546875 0.0140625 0.04296875
0 0.3078125 0.8546875 0.0140625 0.0484375
0 0.32421875 0.853125 0.01171875 0.04296875
0 0.34140625 0.85 0.0140625 0.0484375
0 0.3609375 0.84609375 0.0140625 0.04296875
0 0.3765625 0.84609375 0.0140625 0.0484375
0 0.39453125 0.83984375 0.0140625 0.04296875
0 0.4109375 0.8375 0.01171875 0.04296875
0 0.42421875 0.834375 0.0140625 0.03828125
0 0.44453125 0.834375 0.0171875 0.04296875
0 0.46015625 0.83203125 0.0140625 0.04296875
0 0.47265625 0.8296875 0.0171875 0.04296875
0 0.48828125 0.828125 0.0140625 0.040625
0 0.33046875 0.3578125 0.00703125 0.03125
0 0.34140625 0.359375 0.009375 0.021875
0 0.3609375 0.35546875 0.0140625 0.02890625
0 0.384375 0.35078125 0.009375 0.0265625
0 0.3734375 0.35546875 0.009375 0.02421875
0 0.40859375 0.35078125 0.009375 0.02421875
0 0.41953125 0.34765625 0.009375 0.02421875
0 0.43125 0.35 0.009375 0.02421875
0 0.44375 0.35 0.009375 0.0265625
0 0.4546875 0.34765625 0.009375 0.021875
0 0.4640625 0.34609375 0.01171875 0.0265625
0 0.47578125 0.34609375 0.01171875 0.021875
0 0.30546875 0.36328125 0.009375 0.021875
0 0.1546875 0.5765625 0.01171875 0.0359375
0 0.16953125 0.57421875 0.0140625 0.03828125
0 0.18046875 0.57109375 0.01171875 0.0359375
0 0.19609375 0.56875 0.01171875 0.03359375
0 0.2125 0.5671875 0.009375 0.03359375
0 0.22578125 0.56953125 0.009375 0.03359375
0 0.24140625 0.56875 0.0140625 0.03359375
0 0.2546875 0.56875 0.009375 0.03359375
0 0.2671875 0.56640625 0.0140625 0.03828125
0 0.28125 0.5640625 0.01171875 0.03359375
0 0.29296875 0.56484375 0.01171875 0.03359375
0 0.30625 0.55859375 0.01171875 0.03828125
0 0.321875 0.55859375 0.01171875 0.03359375
0 0.33515625 0.55390625 0.01171875 0.03359375
0 0.34609375 0.55390625 0.01171875 0.02890625
0 0.3609375 0.55546875 0.01171875 0.02890625
0 0.38203125 0.55390625 0.01171875 0.02890625
0 0.396875 0.5484375 0.01171875 0.03359375
0 0.4109375 0.5484375 0.0140625 0.03359375
0 0.42421875 0.5484375 0.01171875 0.02890625
0 0.4359375 0.546875 0.01171875 0.02890625
0 0.44453125 0.54453125 0.0140625 0.03359375
0 0.4625 0.5453125 0.01171875 0.02890625
0 0.475 0.5453125 0.01171875 0.0265625
0 0.48671875 0.5421875 0.009375 0.0359375
0 0.49765625 0.53828125 0.00703125 0.02890625
0 0.509375 0.5375 0.01171875 0.03359375
0 0.525 0.5359375 0.01171875 0.02890625
0 0.5375 0.5359375 0.009375 0.02890625
0 0.54921875 0.53359375 0.01171875 0.0265625
0 0.56484375 0.5359375 0.01171875 0.03359375
0 0.58046875 0.53125 0.01171875 0.03359375
0 0.59375 0.525 0.0171875 0.03359375
0 0.50859375 0.5765625 0.01171875 0.03359375
0 0.5328125 0.571875 0.01171875 0.0359375
0 0.5171875 0.57578125 0.0140625 0.03359375
0 0.546875 0.57109375 0.009375 0.02890625
0 0.57109375 0.56484375 0.0140625 0.03359375
0 0.56015625 0.56953125 0.0140625 0.02890625
0 0.5890625 0.56484375 0.0171875 0.02890625
0 0.6046875 0.52421875 0.01171875 0.0265625
0 0.61796875 0.525 0.0140625 0.03359375
0 0.603125 0.5609375 0.01953125 0.03359375
0 0.6203125 0.52421875 0.01171875 0.0265625
0 0.63125 0.52421875 0.01171875 0.03359375
0 0.64296875 0.521875 0.0140625 0.03359375
0 0.62109375 0.55625 0.01171875 0.03359375
0 0.6578125 0.51796875 0.01171875 0.03125
0 0.6703125 0.51953125 0.0140625 0.02890625
0 0.646875 0.55390625 0.0171875 0.02890625
0 0.6609375 0.553125 0.0140625 0.03359375
0 0.68125 0.515625 0.009375 0.03359375
0 0.69375 0.5171875 0.01171875 0.03359375
0 0.67421875 0.553125 0.01171875 0.03359375
0 0.6984375 0.553125 0.01171875 0.02890625
0 0.72109375 0.546875 0.0140625 0.03359375
0 0.7078125 0.515625 0.0140625 0.02890625
0 0.72109375 0.51171875 0.01171875 0.03359375
0 0.734375 0.509375 0.0140625 0.02890625
0 0.7484375 0.509375 0.01171875 0.02890625
0 0.7078125 0.5515625 0.0140625 0.02890625
0 0.8078125 0.54296875 0.0140625 0.02890625
0 0.759375 0.51171875 0.0140625 0.03828125
0 0.771875 0.50859375 0.0140625 0.0359375
0 0.7859375 0.50703125 0.0140625 0.02890625
0 0.80078125 0.50390625 0.0140625 0.02890625
0 0.81640625 0.50625 0.01171875 0.02890625
0 0.43984375 0.76953125 0.0171875 0.04296875
0 0.74140625 0.546875 0.0171875 0.03125
0 0.75703125 0.546875 0.0140625 0.0359375
0 0.7640625 0.546875 0.0171875 0.0359375
0 0.79296875 0.54453125 0.01171875 0.03125
0 0.49296875 0.57421875 0.0140625 0.03359375
0 0.6078125 0.3859375 0.009375 0.0265625
0 0.6203125 0.384375 0.01171875 0.02421875
0 0.62734375 0.38359375 0.009375 0.021875
0 0.6578125 0.3796875 0.00703125 0.0265625
0 0.66953125 0.3765625 0.009375 0.02421875
0 0.68125 0.37734375 0.01171875 0.0265625
0 0.69140625 0.3765625 0.009375 0.02890625
0 0.7015625 0.3734375 0.009375 0.02890625
0 0.7140625 0.3765625 0.01171875 0.02890625
0 0.72265625 0.3734375 0.01171875 0.0265625
0 0.73671875 0.36875 0.01171875 0.02421875
0 0.74765625 0.3703125 0.009375 0.02890625
0 0.75703125 0.3703125 0.009375 0.03359375
0 0.3953125 0.35234375 0.01171875 0.02421875
1 0.18984375 0.421875 0.009375 0.00703125
0 0.6453125 0.38203125 0.009375 0.02421875
0 0.29453125 0.36171875 0.009375 0.02421875
0 0.35 0.35546875 0.0140625 0.0265625
0 0.6359375 0.55859375 0.01171875 0.02890625
0 0.78125 0.546875 0.0140625 0.03125
0 0.7671875 0.36875 0.009375 0.0265625
0 0.7796875 0.36640625 0.0140625 0.0265625
0 0.68359375 0.5515625 0.009375 0.03828125
0 0.37109375 0.55546875 0.009375 0.03359375