0 0.84375 0.24140625 0.0140625 0.0359375
0 0.834375 0.240625 0.0171875 0.040625
0 0.803125 0.56875 0.009375 0.0265625
0 0.78984375 0.56875 0.0140625 0.02890625
0 0.68125 0.63671875 0.01171875 0.02421875
0 0.84765625 0.19453125 0.009375 0.03828125
0 0.83515625 0.19375 0.0140625 0.03828125
0 0.81875 0.19609375 0.0171875 0.04296875
0 0.7984375 0.19921875 0.0171875 0.04296875
0 0.79921875 0.24609375 0.0140625 0.04296875
0 0.8140625 0.24296875 0.0140625 0.04296875
0 0.7828125 0.2015625 0.0140625 0.04296875
0 0.7640625 0.203125 0.0140625 0.040625
0 0.74765625 0.2046875 0.0140625 0.03828125
0 0.73046875 0.2078125 0.0140625 0.04296875
0 0.72109375 0.20703125 0.01171875 0.0359375
0 0.7046875 0.21171875 0.0140625 0.03828125
0 0.6875 0.2125 0.01171875 0.04296875
0 0.66796875 0.21484375 0.0140625 0.03828125
0 0.6515625 0.21640625 0.0140625 0.03828125
0 0.6390625 0.22109375 0.0140625 0.03359375
0 0.625 0.22734375 0.0140625 0.03828125
0 0.6078125 0.228125 0.0140625 0.03828125
0 0.59375 0.23046875 0.0140625 0.040625
0 0.58203125 0.23046875 0.0171875 0.04296875
0 0.54921875 0.2359375 0.01171875 0.03828125
0 0.5359375 0.2359375 0.0140625 0.040625
0 0.5171875 0.23828125 0.0140625 0.03828125
0 0.5046875 0.2390625 0.01171875 0.040625
0 0.7953125 0.1296875 0.0171875 0.053125
0 0.77890625 0.13125 0.0140625 0.053125
0 0.76171875 0.134375 0.0140625 0.0484375
0 0.740625 0.1390625 0.01953125 0.0484375
0 0.72109375 0.140625 0.0171875 0.040625
0 0.70703125 0.14453125 0.0140625 0.04296875
0 0.6921875 0.1453125 0.0140625 0.0484375
0 0.67578125 0.146875 0.01171875 0.04296875
0 0.65859375 0.15 0.0140625 0.0484375
0 0.64453125 0.15234375 0.0140625 0.04296875
0 0.6265625 0.1546875 0.0140625 0.0484375
0 0.609375 0.16015625 0.0140625 0.04296875
0 0.5953125 0.16015625 0.01171875 0.04296875
0 0.5796875 0.165625 0.0140625 0.03828125
0 0.5625 0.16328125 0.0140625 0.04296875
0 0.5453125 0.165625 0.0140625 0.04296875
0 0.5296875 0.1703125 0.0140625 0.04296875
0 0.5140625 0.16796875 0.0140625 0.040625
0 0.6671875 0.63828125 0.009375 0.02890625
0 0.65859375 0.640625 0.009375 0.021875
0 0.6390625 0.64453125 0.0140625 0.02890625
0 0.615625 0.64921875 0.009375 0.02890625
0 0.6265625 0.64453125 0.009375 0.02421875
0 0.59140625 0.64921875 0.009375 0.02421875
0 0.58046875 0.65234375 0.009375 0.02421875
0 0.56875 0.65 0.009375 0.02421875
0 0.55625 0.65 0.009375 0.0265625
0 0.5453125 0.65234375 0.009375 0.021875
0 0.5359375 0.65390625 0.009375 0.02421875
0 0.52421875 0.65390625 0.01171875 0.021875
0 0.696875 0.6359375 0.009375 0.021875
0 0.8453125 0.4234375 0.01171875 0.0359375
0 0.83046875 0.42578125 0.0140625 0.03828125
0 0.81953125 0.42890625 0.01171875 0.0359375
0 0.80390625 0.43125 0.01171875 0.03359375
0 0.7875 0.4328125 0.009375 0.03359375
0 0.77421875 0.43046875 0.009375 0.03359375
0 0.75859375 0.43125 0.0140625 0.03359375
0 0.7453125 0.43125 0.009375 0.03359375
0 0.7328125 0.43359375 0.0140625 0.03828125
0 0.71875 0.4359375 0.009375 0.03359375
0 0.70703125 0.43515625 0.009375 0.03359375
0 0.69375 0.44140625 0.009375 0.03828125
0 0.678125 0.44140625 0.009375 0.03359375
0 0.66484375 0.44609375 0.01171875 0.03359375
0 0.65390625 0.44609375 0.01171875 0.02890625
0 0.6390625 0.44453125 0.009375 0.02890625
0 0.62890625 0.446875 0.01171875 0.02890625
0 0.615625 0.446875 0.01171875 0.03359375
0 0.60234375 0.44921875 0.0140625 0.03359375
0 0.57578125 0.4515625 0.009375 0.02890625
0 0.5640625 0.453125 0.01171875 0.02890625
0 0.55546875 0.45546875 0.0140625 0.03359375
0 0.5375 0.4546875 0.01171875 0.02890625
0 0.525 0.459375 0.01171875 0.03359375
0 0.51328125 0.4578125 0.009375 0.0359375
0 0.50234375 0.46171875 0.00703125 0.02890625
0 0.490625 0.4625 0.01171875 0.03359375
0 0.475 0.4640625 0.009375 0.02890625
0 0.4625 0.4640625 0.009375 0.02890625
0 0.45078125 0.46640625 0.009375 0.0265625
0 0.43515625 0.4640625 0.0140625 0.03359375
0 0.41953125 0.46875 0.01171875 0.03359375
0 0.40625 0.475 0.0140625 0.03359375
0 0.4984375 0.42578125 0.009375 0.03359375
0 0.4671875 0.4375 0.01171875 0.0359375
0 0.4859375 0.43046875 0.0140625 0.03359375
0 0.453125 0.42890625 0.009375 0.02890625
0 0.42890625 0.43515625 0.0140625 0.03359375
0 0.43984375 0.43046875 0.0140625 0.02890625
0 0.4109375 0.43515625 0.0140625 0.02890625
0 0.3953125 0.47578125 0.01171875 0.0265625
0 0.38203125 0.475 0.0140625 0.03359375
0 0.396875 0.4390625 0.01953125 0.03359375
0 0.59140625 0.446875 0.01171875 0.02890625
0 0.36875 0.47578125 0.01171875 0.03359375
0 0.35703125 0.478125 0.0140625 0.03359375
0 0.37890625 0.44375 0.009375 0.03359375
0 0.3421875 0.48203125 0.01171875 0.02890625
0 0.3296875 0.48046875 0.0140625 0.02890625
0 0.353125 0.44609375 0.0140625 0.02890625
0 0.3390625 0.446875 0.0140625 0.03359375
0 0.31875 0.484375 0.009375 0.03359375
0 0.30625 0.4828125 0.009375 0.03359375
0 0.32578125 0.446875 0.01171875 0.03359375
0 0.3015625 0.446875 0.01171875 0.02890625
0 0.27890625 0.453125 0.0140625 0.03359375
0 0.2921875 0.484375 0.0140625 0.02890625
0 0.27890625 0.48828125 0.01171875 0.03359375
0 0.265625 0.490625 0.0140625 0.02890625
0 0.2515625 0.490625 0.01171875 0.02890625
0 0.2921875 0.4484375 0.0140625 0.02890625
0 0.1921875 0.45703125 0.0140625 0.02890625
0 0.240625 0.48828125 0.0140625 0.03828125
0 0.228125 0.49140625 0.0140625 0.0359375
0 0.2140625 0.49296875 0.0140625 0.02890625
0 0.19921875 0.49609375 0.0140625 0.02890625
0 0.18359375 0.49375 0.0140625 0.02890625
0 0.56484375 0.23046875 0.0140625 0.04296875
0 0.2640625 0.45703125 0.0140625 0.02890625
0 0.24296875 0.453125 0.0140625 0.0359375
0 0.2359375 0.453125 0.0171875 0.03359375
0 0.20703125 0.45546875 0.0140625 0.02890625
0 0.509375 0.421875 0.0140625 0.03359375
0 0.39296875 0.6140625 0.009375 0.0265625
0 0.3796875 0.615625 0.009375 0.02421875
0 0.37265625 0.61640625 0.009375 0.021875
0 0.34609375 0.62265625 0.009375 0.0265625
0 0.33046875 0.6234375 0.009375 0.02421875
0 0.31875 0.62265625 0.01171875 0.02421875
0 0.30859375 0.6234375 0.009375 0.02890625
0 0.2984375 0.6265625 0.009375 0.02890625
0 0.2859375 0.6234375 0.009375 0.02890625
0 0.27734375 0.6265625 0.01171875 0.0265625
0 0.26328125 0.63125 0.01171875 0.02421875
0 0.25234375 0.6296875 0.009375 0.02890625
0 0.24296875 0.6296875 0.009375 0.03359375
0 0.6046875 0.64765625 0.01171875 0.02421875
1 0.8109375 0.578125 0.009375 0.00703125
0 0.359375 0.61875 0.009375 0.02421875
0 0.709375 0.634375 0.009375 0.02421875
0 0.65 0.64453125 0.0140625 0.0265625
0 0.3640625 0.44140625 0.01171875 0.02890625
0 0.21875 0.453125 0.0140625 0.02890625
0 0.2328125 0.63125 0.009375 0.0265625
0 0.2203125 0.63359375 0.0140625 0.02890625
0 0.31640625 0.4484375 0.009375 0.03828125