0 0.8265625 0.43125 0.0484375 0.0140625
0 0.82421875 0.446875 0.04296875 0.0140625
0 0.8265625 0.4625 0.04296875 0.0140625
0 0.8265625 0.478125 0.0484375 0.0140625
0 0.8265625 0.49765625 0.04296875 0.0140625
0 0.8296875 0.51171875 0.0484375 0.0140625
0 0.8296875 0.52734375 0.0484375 0.0140625
0 0.83203125 0.5421875 0.04296875 0.0140625
0 0.8328125 0.55859375 0.04296875 0.0140625
0 0.83046875 0.57421875 0.0453125 0.0140625
0 0.83203125 0.5890625 0.04296875 0.0140625
0 0.83203125 0.60546875 0.04296875 0.0140625
0 0.84375 0.790625 0.04296875 0.0046875
0 0.83515625 0.6234375 0.0453125 0.01171875
0 0.83671875 0.7015625 0.040625 0.0140625
0 0.83515625 0.6875 0.04296875 0.0140625
0 0.83515625 0.6703125 0.04296875 0.0140625
0 0.83515625 0.6546875 0.040625 0.0140625
0 0.834375 0.6390625 0.04296875 0.0140625
0 0.759375 0.421875 0.04296875 0.0140625
0 0.759375 0.4359375 0.04296875 0.0140625
0 0.75859375 0.4515625 0.04296875 0.0140625
0 0.75859375 0.46484375 0.040625 0.01953125
0 0.759375 0.48046875 0.03828125 0.0140625
0 0.76171875 0.49765625 0.04296875 0.0140625
0 0.76171875 0.51328125 0.04296875 0.0140625
0 0.76328125 0.52734375 0.03828125 0.0140625
0 0.76328125 0.540625 0.040625 0.0140625
0 0.7640625 0.55625 0.03828125 0.0140625
0 0.76328125 0.57109375 0.03828125 0.0140625
0 0.7640625 0.584375 0.04296875 0.0140625
0 0.7640625 0.6 0.0484375 0.0140625
0 0.7296875 0.8453125 0.04296875 0.01171875
0 0.775 0.84765625 0.04296875 0.00703125
0 0.7296875 0.828125 0.04296875 0.01953125
0 0.728125 0.8125 0.03828125 0.01953125
0 0.728125 0.796875 0.03828125 0.01953125
0 0.728125 0.78125 0.0359375 0.0171875
0 0.72734375 0.765625 0.03828125 0.01953125
0 0.72578125 0.7515625 0.0359375 0.0171875
0 0.725 0.73671875 0.03828125 0.0171875
0 0.35 0.609375 0.02890625 0.01171875
0 0.3484375 0.5984375 0.02890625 0.009375
0 0.3484375 0.5875 0.0265625 0.009375
0 0.5453125 0.70703125 0.02890625 0.0140625
0 0.54453125 0.71875 0.03359375 0.01171875
0 0.7234375 0.71875 0.03828125 0.0140625
0 0.7234375 0.703125 0.03828125 0.0140625
0 0.5453125 0.73203125 0.03359375 0.009375
0 0.765625 0.61796875 0.04296875 0.0140625
0 0.76796875 0.6296875 0.0484375 0.0140625
0 0.76953125 0.646875 0.04296875 0.0140625
0 0.76796875 0.6609375 0.0484375 0.0140625
0 0.7703125 0.6765625 0.04296875 0.0140625
0 0.76953125 0.6921875 0.0453125 0.01171875
0 0.76953125 0.7046875 0.0484375 0.0140625
0 0.76953125 0.71875 0.0453125 0.01171875
0 0.7765625 0.8328125 0.03828125 0.0140625
0 0.775 0.8171875 0.0453125 0.01171875
0 0.775 0.803125 0.0359375 0.0140625
0 0.77421875 0.7859375 0.04296875 0.0140625
0 0.77421875 0.771875 0.04296875 0.0171875
0 0.771875 0.77265625 0.0359375 0.0140625
0 0.771875 0.7546875 0.040625 0.01171875
0 0.76953125 0.73828125 0.04296875 0.0171875
0 0.35078125 0.57421875 0.02421875 0.009375
0 0.3375 0.4265625 0.021875 0.01171875
0 0.3453125 0.56640625 0.02890625 0.00703125
0 0.34609375 0.5578125 0.02421875 0.009375
0 0.3453125 0.5453125 0.0265625 0.01171875
0 0.34609375 0.53515625 0.02890625 0.0140625
0 0.34375 0.521875 0.0265625 0.0140625
0 0.3453125 0.51171875 0.02421875 0.009375
0 0.34140625 0.43359375 0.021875 0.009375
0 0.3421875 0.5015625 0.02421875 0.00703125
0 0.34375 0.47734375 0.02421875 0.01171875
0 0.33984375 0.44609375 0.01953125 0.009375
0 0.3421875 0.490625 0.01953125 0.009375
0 0.3453125 0.46875 0.021875 0.00703125
0 0.3421875 0.46015625 0.01953125 0.009375
0 0.54453125 0.8421875 0.03359375 0.009375
0 0.54453125 0.83203125 0.04296875 0.0140625
0 0.54453125 0.8015625 0.0359375 0.0140625
0 0.5421875 0.81640625 0.02890625 0.009375
0 0.546875 0.78515625 0.0359375 0.009375
0 0.54296875 0.77265625 0.03828125 0.0140625
0 0.54296875 0.759375 0.03359375 0.009375
0 0.5421875 0.74609375 0.02890625 0.009375
0 0.5421875 0.6921875 0.03828125 0.0171875
0 0.54296875 0.678125 0.03359375 0.01171875
0 0.54453125 0.65390625 0.02890625 0.00703125
0 0.5421875 0.6671875 0.02890625 0.01171875
0 0.54296875 0.6390625 0.02421875 0.009375
0 0.540625 0.5890625 0.03359375 0.0171875
0 0.540625 0.615625 0.0265625 0.01171875
0 0.540625 0.57578125 0.03359375 0.0140625
0 0.5421875 0.60234375 0.0265625 0.01171875
0 0.53984375 0.5609375 0.02890625 0.01171875
0 0.53828125 0.5359375 0.02890625 0.0140625
0 0.53984375 0.4984375 0.02890625 0.0140625
0 0.54296875 0.5109375 0.03359375 0.009375
0 0.540625 0.52421875 0.01953125 0.009375
0 0.5421875 0.5375 0.02421875 0.009375
0 0.5421875 0.54921875 0.03359375 0.009375
0 0.5421875 0.48203125 0.02890625 0.009375
0 0.540625 0.47109375 0.03359375 0.01171875
0 0.5453125 0.62734375 0.02890625 0.009375
0 0.53984375 0.52265625 0.03359375 0.01171875
0 0.53828125 0.46015625 0.02890625 0.009375
0 0.540625 0.446875 0.02890625 0.0140625
0 0.540625 0.43359375 0.0265625 0.0140625
0 0.53828125 0.41953125 0.03359375 0.009375
0 0.5375 0.396875 0.03359375 0.01171875
0 0.5375 0.41015625 0.02890625 0.0140625
0 0.5359375 0.38125 0.03359375 0.009375
0 0.53515625 0.35546875 0.02890625 0.009375
0 0.5375 0.3703125 0.0265625 0.01171875
0 0.5375 0.33046875 0.02890625 0.0140625
0 0.53359375 0.3421875 0.02890625 0.0140625
0 0.5296875 0.31640625 0.02890625 0.0140625
0 0.5296875 0.303125 0.03359375 0.01171875
0 0.52734375 0.27734375 0.03359375 0.0140625
0 0.5296875 0.29296875 0.03359375 0.01171875
0 0.52734375 0.26328125 0.02421875 0.0140625
0 0.52890625 0.2484375 0.02890625 0.01171875
0 0.52734375 0.225 0.02421875 0.0140625
0 0.52890625 0.19921875 0.02890625 0.01953125
0 0.52734375 0.23828125 0.0140625 0.01171875
0 0.5296875 0.1828125 0.03359375 0.0140625
0 0.52890625 0.16796875 0.03359375 0.0140625
0 0.52890625 0.15625 0.02890625 0.009375
0 0.5734375 0.4203125 0.03359375 0.009375
0 0.5734375 0.4078125 0.02890625 0.0140625
0 0.57578125 0.37890625 0.02890625 0.0140625
0 0.57421875 0.396875 0.02890625 0.0140625
0 0.5734375 0.3640625 0.02890625 0.01171875
0 0.56953125 0.353125 0.03359375 0.0140625
0 0.56875 0.33984375 0.0265625 0.0171875
0 0.56875 0.328125 0.02890625 0.0140625
0 0.56953125 0.3140625 0.02890625 0.0140625
0 0.5671875 0.303125 0.03359375 0.01953125
0 0.56484375 0.28828125 0.02890625 0.0140625
0 0.56640625 0.271875 0.02890625 0.0140625
0 0.56484375 0.259375 0.03359375 0.0140625
0 0.56484375 0.24765625 0.02890625 0.01953125
0 0.56484375 0.2328125 0.02890625 0.0140625
0 0.56640625 0.2203125 0.0265625 0.0140625
0 0.5640625 0.2078125 0.02890625 0.0140625
0 0.56484375 0.19453125 0.02890625 0.0171875
0 0.56640625 0.17890625 0.03359375 0.01953125
0 0.56640625 0.1609375 0.02890625 0.0140625
0 0.3921875 0.2953125 0.01953125 0.01171875
0 0.3890625 0.27265625 0.01953125 0.01171875
0 0.38828125 0.28515625 0.02421875 0.00703125
0 0.3890625 0.259375 0.02421875 0.009375
0 0.38671875 0.24765625 0.02421875 0.009375
0 0.38671875 0.2234375 0.0265625 0.0140625
0 0.38671875 0.2359375 0.02421875 0.0140625
0 0.384375 0.21171875 0.02890625 0.0140625
0 0.38671875 0.1984375 0.0265625 0.009375
0 0.384375 0.1859375 0.021875 0.01171875
0 0.384375 0.17578125 0.02421875 0.009375
0 0.38359375 0.1625 0.01953125 0.01171875
0 0.4078125 0.70078125 0.02421875 0.00703125
0 0.4078125 0.6890625 0.02421875 0.01171875
0 0.38203125 0.15234375 0.021875 0.0046875
0 0.5640625 0.15234375 0.03359375 0.009375
1 0.39921875 0.71015625 0.0140625 0.00703125