0 0.75859375 0.15625 0.0359375 0.0140625
0 0.759375 0.165625 0.040625 0.0171875
0 0.43125 0.196875 0.0265625 0.009375
0 0.43125 0.21015625 0.02890625 0.0140625
0 0.36328125 0.31875 0.02421875 0.01171875
0 0.80546875 0.15234375 0.03828125 0.009375
0 0.80625 0.16484375 0.03828125 0.0140625
0 0.80390625 0.18125 0.04296875 0.0171875
0 0.80078125 0.2015625 0.04296875 0.0171875
0 0.75390625 0.20078125 0.04296875 0.0140625
0 0.75703125 0.1859375 0.04296875 0.0140625
0 0.7984375 0.2171875 0.04296875 0.0140625
0 0.796875 0.2359375 0.040625 0.0140625
0 0.7953125 0.25234375 0.03828125 0.0140625
0 0.7921875 0.26953125 0.04296875 0.0140625
0 0.79296875 0.27890625 0.0359375 0.01171875
0 0.78828125 0.2953125 0.03828125 0.0140625
0 0.7875 0.3125 0.04296875 0.01171875
0 0.78515625 0.33203125 0.03828125 0.0140625
0 0.78359375 0.3484375 0.03828125 0.0140625
0 0.77890625 0.3609375 0.03359375 0.0140625
0 0.77265625 0.375 0.03828125 0.0140625
0 0.771875 0.3921875 0.03828125 0.0140625
0 0.76953125 0.40625 0.040625 0.0140625
0 0.76953125 0.41796875 0.04296875 0.0171875
0 0.7640625 0.45078125 0.03828125 0.01171875
0 0.7640625 0.4640625 0.040625 0.0140625
0 0.76171875 0.4828125 0.03828125 0.0140625
0 0.7609375 0.4953125 0.040625 0.01171875
0 0.8703125 0.2046875 0.053125 0.0171875
0 0.86875 0.22109375 0.053125 0.0140625
0 0.865625 0.23828125 0.0484375 0.0140625
0 0.8609375 0.259375 0.0484375 0.01953125
0 0.859375 0.27890625 0.040625 0.0171875
0 0.85546875 0.29296875 0.04296875 0.0140625
0 0.8546875 0.3078125 0.0484375 0.0140625
0 0.853125 0.32421875 0.04296875 0.01171875
0 0.85 0.34140625 0.0484375 0.0140625
0 0.84765625 0.35546875 0.04296875 0.0140625
0 0.8453125 0.3734375 0.0484375 0.0140625
0 0.83984375 0.390625 0.04296875 0.0140625
0 0.83984375 0.4046875 0.04296875 0.01171875
0 0.834375 0.4203125 0.03828125 0.0140625
0 0.83671875 0.4375 0.04296875 0.0140625
0 0.834375 0.4546875 0.04296875 0.0140625
0 0.8296875 0.4703125 0.04296875 0.0140625
0 0.83203125 0.4859375 0.040625 0.0140625
0 0.36171875 0.3328125 0.02890625 0.009375
0 0.359375 0.34140625 0.021875 0.009375
0 0.35546875 0.3609375 0.02890625 0.0140625
0 0.35078125 0.384375 0.02890625 0.009375
0 0.35546875 0.3734375 0.02421875 0.009375
0 0.35078125 0.40859375 0.02421875 0.009375
0 0.34765625 0.41953125 0.02421875 0.009375
0 0.35 0.43125 0.02421875 0.009375
0 0.35 0.44375 0.0265625 0.009375
0 0.34765625 0.4546875 0.021875 0.009375
0 0.34609375 0.4640625 0.02421875 0.009375
0 0.34609375 0.47578125 0.021875 0.01171875
0 0.3640625 0.303125 0.021875 0.009375
0 0.5765625 0.1546875 0.0359375 0.01171875
0 0.57421875 0.16953125 0.03828125 0.0140625
0 0.57109375 0.18046875 0.0359375 0.01171875
0 0.56875 0.19609375 0.03359375 0.01171875
0 0.5671875 0.2125 0.03359375 0.009375
0 0.56953125 0.22578125 0.03359375 0.009375
0 0.56875 0.24140625 0.03359375 0.0140625
0 0.56875 0.2546875 0.03359375 0.009375
0 0.56640625 0.2671875 0.03828125 0.0140625
0 0.5640625 0.28125 0.03359375 0.009375
0 0.56484375 0.29296875 0.03359375 0.009375
0 0.55859375 0.30625 0.03828125 0.009375
0 0.55859375 0.321875 0.03359375 0.009375
0 0.55390625 0.33515625 0.03359375 0.01171875
0 0.55390625 0.34609375 0.02890625 0.01171875
0 0.55546875 0.3609375 0.02890625 0.009375
0 0.553125 0.37109375 0.02890625 0.01171875
0 0.553125 0.384375 0.03359375 0.01171875
0 0.55078125 0.39765625 0.03359375 0.0140625
0 0.5484375 0.42421875 0.02890625 0.009375
0 0.546875 0.4359375 0.02890625 0.01171875
0 0.54453125 0.44453125 0.03359375 0.0140625
0 0.5453125 0.4625 0.02890625 0.01171875
0 0.540625 0.475 0.03359375 0.01171875
0 0.5421875 0.48671875 0.0359375 0.009375
0 0.53828125 0.49765625 0.02890625 0.00703125
0 0.5375 0.509375 0.03359375 0.01171875
0 0.5359375 0.525 0.02890625 0.009375
0 0.5359375 0.5375 0.02890625 0.009375
0 0.53359375 0.54921875 0.0265625 0.009375
0 0.5359375 0.56484375 0.03359375 0.0140625
0 0.53125 0.58046875 0.03359375 0.01171875
0 0.525 0.59375 0.03359375 0.0140625
0 0.57421875 0.5015625 0.03359375 0.009375
0 0.5625 0.5328125 0.0359375 0.01171875
0 0.56953125 0.5140625 0.03359375 0.0140625
0 0.57109375 0.546875 0.02890625 0.009375
0 0.56484375 0.57109375 0.03359375 0.0140625
0 0.56953125 0.56015625 0.02890625 0.0140625
0 0.56484375 0.5890625 0.02890625 0.0140625
0 0.52421875 0.6046875 0.0265625 0.01171875
0 0.525 0.61796875 0.03359375 0.0140625
0 0.5609375 0.603125 0.03359375 0.01953125
0 0.553125 0.40859375 0.02890625 0.01171875
0 0.52421875 0.63125 0.03359375 0.01171875
0 0.521875 0.64296875 0.03359375 0.0140625
0 0.55625 0.62109375 0.03359375 0.009375
0 0.51796875 0.6578125 0.02890625 0.01171875
0 0.51953125 0.6703125 0.02890625 0.0140625
0 0.55390625 0.646875 0.02890625 0.0140625
0 0.553125 0.6609375 0.03359375 0.0140625
0 0.515625 0.68125 0.03359375 0.009375
0 0.5171875 0.69375 0.03359375 0.009375
0 0.553125 0.67421875 0.03359375 0.01171875
0 0.553125 0.6984375 0.02890625 0.01171875
0 0.546875 0.72109375 0.03359375 0.0140625
0 0.515625 0.7078125 0.02890625 0.0140625
0 0.51171875 0.72109375 0.03359375 0.01171875
0 0.509375 0.734375 0.02890625 0.0140625
0 0.509375 0.7484375 0.02890625 0.01171875
0 0.5515625 0.7078125 0.02890625 0.0140625
0 0.54296875 0.8078125 0.02890625 0.0140625
0 0.51171875 0.759375 0.03828125 0.0140625
0 0.50859375 0.771875 0.0359375 0.0140625
0 0.50703125 0.7859375 0.02890625 0.0140625
0 0.50390625 0.80078125 0.02890625 0.0140625
0 0.50625 0.81640625 0.02890625 0.0140625
0 0.76953125 0.43515625 0.04296875 0.0140625
0 0.54296875 0.7359375 0.02890625 0.0140625
0 0.546875 0.75703125 0.0359375 0.0140625
0 0.546875 0.7640625 0.03359375 0.0171875
0 0.54453125 0.79296875 0.02890625 0.0140625
0 0.578125 0.490625 0.03359375 0.0140625
0 0.3859375 0.60703125 0.0265625 0.009375
0 0.384375 0.6203125 0.02421875 0.009375
0 0.38359375 0.62734375 0.021875 0.009375
0 0.37734375 0.65390625 0.0265625 0.009375
0 0.3765625 0.66953125 0.02421875 0.009375
0 0.37734375 0.68125 0.02421875 0.01171875
0 0.3765625 0.69140625 0.02890625 0.009375
0 0.3734375 0.7015625 0.02890625 0.009375
0 0.3765625 0.7140625 0.02890625 0.009375
0 0.3734375 0.72265625 0.0265625 0.01171875
0 0.36875 0.73671875 0.02421875 0.01171875
0 0.3703125 0.74765625 0.02890625 0.009375
0 0.3703125 0.75703125 0.03359375 0.009375
0 0.35234375 0.3953125 0.02421875 0.01171875
1 0.421875 0.1890625 0.00703125 0.009375
0 0.38125 0.640625 0.02421875 0.009375
0 0.365625 0.290625 0.02421875 0.009375
0 0.35546875 0.35 0.0265625 0.0140625
0 0.55859375 0.6359375 0.02890625 0.01171875
0 0.546875 0.78125 0.02890625 0.0140625
0 0.36875 0.7671875 0.0265625 0.009375
0 0.36640625 0.7796875 0.02890625 0.0140625
0 0.5515625 0.68359375 0.03828125 0.009375