0 0.5171875 0.16953125 0.0140625 0.04296875
0 0.5015625 0.171875 0.0140625 0.04296875
0 0.4859375 0.1703125 0.0140625 0.0484375
0 0.46640625 0.16953125 0.0140625 0.053125
0 0.453125 0.16953125 0.0140625 0.04296875
0 0.4359375 0.16796875 0.0140625 0.040625
0 0.41953125 0.1609375 0.0140625 0.04296875
0 0.4015625 0.1609375 0.0140625 0.04296875
0 0.3890625 0.16015625 0.0171875 0.03828125
0 0.3734375 0.15625 0.0140625 0.04296875
0 0.35546875 0.15390625 0.0140625 0.04296875
0 0.1625 0.1359375 0.009375 0.0484375
0 0.33671875 0.15625 0.009375 0.04296875
0 0.25703125 0.15 0.01953125 0.0484375
0 0.27421875 0.15 0.01171875 0.04296875
0 0.28828125 0.15234375 0.0140625 0.04296875
0 0.3078125 0.1546875 0.0140625 0.040625
0 0.3234375 0.1578125 0.0140625 0.04296875
0 0.53984375 0.240625 0.0140625 0.040625
0 0.5265625 0.240625 0.01171875 0.03828125
0 0.51328125 0.2390625 0.0140625 0.03828125
0 0.49765625 0.23828125 0.0140625 0.03828125
0 0.4828125 0.2390625 0.01171875 0.03828125
0 0.4703125 0.23671875 0.009375 0.03828125
0 0.459375 0.23671875 0.0140625 0.040625
0 0.44375 0.2359375 0.0140625 0.03828125
0 0.42890625 0.23671875 0.0140625 0.03828125
0 0.415625 0.2359375 0.0140625 0.04296875
0 0.40625 0.2328125 0.0171875 0.0484375
0 0.15390625 0.259375 0.01171875 0.03828125
0 0.15 0.2078125 0.0046875 0.04296875
0 0.16953125 0.25625 0.0140625 0.0359375
0 0.1875 0.25859375 0.01953125 0.03828125
0 0.20546875 0.25859375 0.01953125 0.03828125
0 0.22109375 0.2609375 0.0171875 0.0359375
0 0.240625 0.26328125 0.01953125 0.03828125
0 0.25390625 0.26328125 0.0171875 0.0359375
0 0.390625 0.65 0.01171875 0.02890625
0 0.4015625 0.6515625 0.009375 0.02890625
0 0.4125 0.6515625 0.009375 0.0265625
0 0.28828125 0.44453125 0.0140625 0.02890625
0 0.27421875 0.44453125 0.009375 0.03125
0 0.2609375 0.4484375 0.009375 0.03359375
0 0.390625 0.2328125 0.01171875 0.0453125
0 0.3609375 0.22578125 0.009375 0.04296875
0 0.3453125 0.2203125 0.009375 0.04296875
0 0.33046875 0.2203125 0.0140625 0.0453125
0 0.26953125 0.2171875 0.01171875 0.04296875
0 0.30078125 0.21640625 0.01171875 0.04296875
0 0.28359375 0.2171875 0.0140625 0.04296875
0 0.2515625 0.2171875 0.01171875 0.04296875
0 0.1625 0.2125 0.0171875 0.03828125
0 0.1765625 0.21484375 0.02421875 0.04296875
0 0.196875 0.2140625 0.0140625 0.0359375
0 0.21015625 0.21640625 0.009375 0.04296875
0 0.37734375 0.2296875 0.0171875 0.04296875
0 0.22109375 0.2171875 0.009375 0.040625
0 0.2359375 0.2171875 0.01171875 0.04296875
0 0.421875 0.65 0.0046875 0.021875
0 0.3796875 0.64921875 0.01171875 0.021875
0 0.4328125 0.65234375 0.00703125 0.02421875
0 0.4421875 0.65390625 0.009375 0.02421875
0 0.4546875 0.6546875 0.01171875 0.0265625
0 0.46484375 0.65390625 0.0140625 0.02890625
0 0.478125 0.65625 0.0140625 0.0265625
0 0.48828125 0.6546875 0.009375 0.02421875
0 0.365625 0.6453125 0.00703125 0.02890625
0 0.4984375 0.6578125 0.00703125 0.02421875
0 0.52265625 0.65625 0.01171875 0.02421875
0 0.8484375 0.625 0.00234375 0.021875
0 0.509375 0.6578125 0.009375 0.01953125
0 0.53125 0.6546875 0.00703125 0.021875
0 0.3578125 0.6453125 0.009375 0.021875
0 0.15234375 0.44921875 0.009375 0.03359375
0 0.16328125 0.446875 0.0140625 0.03359375
0 0.19453125 0.446875 0.0140625 0.0359375
0 0.18046875 0.44609375 0.0140625 0.02890625
0 0.209375 0.44609375 0.009375 0.0359375
0 0.2203125 0.446875 0.01171875 0.03359375
0 0.2328125 0.44609375 0.009375 0.03359375
0 0.24609375 0.446875 0.01171875 0.02890625
0 0.30078125 0.446875 0.01171875 0.02890625
0 0.31640625 0.4484375 0.01171875 0.03359375
0 0.3390625 0.4515625 0.00703125 0.02890625
0 0.3296875 0.446875 0.01171875 0.02890625
0 0.35234375 0.44921875 0.01171875 0.02890625
0 0.4109375 0.459375 0.0171875 0.03359375
0 0.38125 0.45078125 0.009375 0.03359375
0 0.42421875 0.459375 0.0140625 0.03359375
0 0.396875 0.4546875 0.01171875 0.0265625
0 0.4390625 0.46015625 0.01171875 0.02890625
0 0.4640625 0.46171875 0.0140625 0.02890625
0 0.49765625 0.45703125 0.009375 0.02890625
0 0.45078125 0.4578125 0.009375 0.03359375
0 0.51796875 0.4578125 0.009375 0.02890625
0 0.52890625 0.459375 0.01171875 0.03359375
0 0.36640625 0.453125 0.009375 0.02890625
0 0.53984375 0.46171875 0.009375 0.02890625
0 0.553125 0.459375 0.0140625 0.02890625
0 0.56640625 0.459375 0.0140625 0.0265625
0 0.58203125 0.46484375 0.00703125 0.0265625
0 0.60234375 0.4625 0.009375 0.03359375
0 0.58984375 0.4625 0.0140625 0.02890625
0 0.615625 0.4640625 0.009375 0.03359375
0 0.640625 0.4671875 0.009375 0.02890625
0 0.62890625 0.4671875 0.009375 0.02421875
0 0.66484375 0.47578125 0.0140625 0.02890625
0 0.65 0.47109375 0.0140625 0.02890625
0 0.6765625 0.475 0.01171875 0.02890625
0 0.69140625 0.4734375 0.01171875 0.03359375
0 0.7171875 0.47578125 0.0140625 0.03359375
0 0.70546875 0.475 0.009375 0.02890625
0 0.73203125 0.478125 0.0140625 0.02890625
0 0.7453125 0.47578125 0.01171875 0.02890625
0 0.80625 0.4796875 0.0140625 0.03359375
0 0.8234375 0.478125 0.0140625 0.03359375
0 0.83671875 0.48203125 0.009375 0.02890625
0 0.55390625 0.42578125 0.0140625 0.03359375
0 0.58046875 0.42578125 0.0140625 0.02890625
0 0.6078125 0.4328125 0.0140625 0.03359375
0 0.56640625 0.428125 0.01171875 0.02890625
0 0.59375 0.4328125 0.01171875 0.03359375
0 0.61796875 0.43046875 0.01171875 0.02890625
0 0.63125 0.43515625 0.009375 0.02890625
0 0.64296875 0.43515625 0.009375 0.02890625
0 0.6578125 0.4359375 0.01171875 0.02890625
0 0.66953125 0.4390625 0.0140625 0.03828125
0 0.6859375 0.43984375 0.0140625 0.03359375
0 0.696875 0.44140625 0.01171875 0.03359375
0 0.7125 0.43984375 0.0140625 0.03359375
0 0.725 0.43984375 0.0140625 0.02890625
0 0.73671875 0.4390625 0.0140625 0.0359375
0 0.75 0.44140625 0.009375 0.03359375
0 0.77734375 0.44453125 0.01171875 0.03125
0 0.76171875 0.4421875 0.0140625 0.03828125
0 0.65625 0.61171875 0.01171875 0.02421875
0 0.68125 0.61171875 0.01171875 0.0265625
0 0.66953125 0.6109375 0.009375 0.0265625
0 0.6984375 0.61640625 0.009375 0.02421875
0 0.709375 0.61875 0.009375 0.02421875
0 0.73046875 0.61875 0.01171875 0.02421875
0 0.7203125 0.61796875 0.009375 0.01953125
0 0.74609375 0.62109375 0.01171875 0.02890625
0 0.759375 0.62109375 0.009375 0.0265625
0 0.7921875 0.62109375 0.009375 0.0265625
0 0.77421875 0.62109375 0.0140625 0.02890625
0 0.80546875 0.62265625 0.01171875 0.0265625
0 0.25703125 0.58203125 0.009375 0.0265625
0 0.265625 0.5828125 0.00703125 0.0265625
0 0.81953125 0.6234375 0.009375 0.02421875
0 0.5375 0.42421875 0.009375 0.03359375
1 0.2484375 0.58984375 0.00703125 0.0140625
0 0.75703125 0.475 0.00703125 0.03359375
0 0.78359375 0.47578125 0.0140625 0.0359375
0 0.76796875 0.478125 0.0140625 0.03359375
0 0.79296875 0.478125 0.01171875 0.03359375
0 0.484375 0.459375 0.01171875 0.03359375
0 0.79296875 0.44453125 0.0140625 0.03828125
0 0.8484375 0.4828125 0.009375 0.03359375
0 0.31484375 0.2171875 0.01171875 0.0453125
0 0.5109375 0.46015625 0.009375 0.02890625
0 0.828125 0.6234375 0.01171875 0.0265625
0 0.8421875 0.62265625 0.00703125 0.0265625
0 0.3484375 0.64453125 0.009375 0.02421875
0 0.82109375 0.446875 0.0140625 0.03828125
0 0.80625 0.44375 0.0140625 0.02890625
0 0.8328125 0.4484375 0.0140625 0.03359375
0 0.5296875 0.17421875 0.0140625 0.040625
0 0.8453125 0.44921875 0.009375 0.03828125