0 0.5609375 0.82578125 0.0171875 0.0484375
0 0.54453125 0.828125 0.0171875 0.0453125
0 0.5296875 0.8265625 0.0171875 0.04296875
0 0.51328125 0.828125 0.01171875 0.0484375
0 0.49375 0.828125 0.0140625 0.0453125
0 0.478125 0.828125 0.0171875 0.04296875
0 0.4625 0.83046875 0.0140625 0.040625
0 0.45078125 0.83046875 0.0140625 0.04296875
0 0.43125 0.8328125 0.0140625 0.04296875
0 0.415625 0.83203125 0.0140625 0.0453125
0 0.40234375 0.8328125 0.0140625 0.0453125
0 0.384375 0.83515625 0.0140625 0.04296875
0 0.1984375 0.8453125 0.0046875 0.04296875
0 0.3703125 0.83515625 0.01171875 0.0453125
0 0.2875 0.84140625 0.0140625 0.040625
0 0.30390625 0.83984375 0.01171875 0.04296875
0 0.31875 0.8375 0.0171875 0.04296875
0 0.33515625 0.83515625 0.0171875 0.040625
0 0.353125 0.8375 0.0140625 0.04296875
0 0.571875 0.76171875 0.0140625 0.04296875
0 0.553125 0.759375 0.0140625 0.04296875
0 0.53984375 0.759375 0.01171875 0.040625
0 0.5265625 0.759375 0.01171875 0.03828125
0 0.51328125 0.7609375 0.0140625 0.040625
0 0.49765625 0.76171875 0.0140625 0.03828125
0 0.48671875 0.76171875 0.0140625 0.04296875
0 0.47265625 0.76328125 0.0140625 0.040625
0 0.459375 0.76328125 0.0140625 0.040625
0 0.44375 0.7640625 0.0140625 0.03828125
0 0.42890625 0.76328125 0.0140625 0.03828125
0 0.415625 0.7640625 0.0140625 0.04296875
0 0.40625 0.7671875 0.0171875 0.0484375
0 0.1546875 0.7296875 0.01171875 0.04296875
0 0.15625 0.77734375 0.01171875 0.04296875
0 0.171875 0.7296875 0.01953125 0.04296875
0 0.1875 0.728125 0.01953125 0.03828125
0 0.203125 0.728125 0.01953125 0.03828125
0 0.21875 0.728125 0.0171875 0.0359375
0 0.234375 0.72734375 0.01953125 0.03828125
0 0.2484375 0.72578125 0.0171875 0.0359375
0 0.26328125 0.725 0.0171875 0.03828125
0 0.390625 0.35 0.01171875 0.0265625
0 0.4015625 0.3484375 0.009375 0.02890625
0 0.4125 0.3484375 0.01171875 0.0265625
0 0.29296875 0.5453125 0.0140625 0.02890625
0 0.28125 0.54453125 0.01171875 0.03359375
0 0.28125 0.7234375 0.0140625 0.03828125
0 0.296875 0.7234375 0.0140625 0.040625
0 0.26796875 0.5453125 0.01171875 0.03359375
0 0.390625 0.7671875 0.01171875 0.0453125
0 0.36171875 0.76953125 0.0140625 0.0453125
0 0.35 0.7671875 0.009375 0.04296875
0 0.334375 0.76953125 0.0140625 0.0453125
0 0.28984375 0.76953125 0.01171875 0.04296875
0 0.3078125 0.76953125 0.01171875 0.0453125
0 0.303125 0.7703125 0.01953125 0.04296875
0 0.27265625 0.7703125 0.01171875 0.0484375
0 0.1703125 0.77734375 0.01171875 0.03828125
0 0.18515625 0.77421875 0.0171875 0.0359375
0 0.2046875 0.7765625 0.0140625 0.0359375
0 0.21640625 0.77421875 0.009375 0.04296875
0 0.3703125 0.76796875 0.0171875 0.0453125
0 0.22734375 0.771875 0.0140625 0.0359375
0 0.2453125 0.771875 0.01171875 0.040625
0 0.259375 0.76953125 0.01171875 0.04296875
0 0.421875 0.35 0.00703125 0.021875
0 0.38125 0.35 0.01171875 0.021875
0 0.43359375 0.34765625 0.00703125 0.02421875
0 0.4421875 0.34609375 0.01171875 0.0265625
0 0.4546875 0.3453125 0.01171875 0.0265625
0 0.46484375 0.34609375 0.0140625 0.02890625
0 0.478125 0.34375 0.0140625 0.0265625
0 0.48828125 0.3453125 0.01171875 0.02421875
0 0.56640625 0.34140625 0.009375 0.021875
0 0.4984375 0.3421875 0.00703125 0.02421875
0 0.52265625 0.34375 0.01171875 0.02421875
0 0.55390625 0.33984375 0.00703125 0.021875
0 0.509375 0.3421875 0.01171875 0.01953125
0 0.53125 0.3453125 0.00703125 0.021875
0 0.5421875 0.3421875 0.01171875 0.021875
0 0.1578125 0.54453125 0.009375 0.03359375
0 0.1734375 0.5484375 0.0140625 0.03359375
0 0.1984375 0.54453125 0.0140625 0.0359375
0 0.1875 0.5453125 0.01171875 0.02890625
0 0.21484375 0.546875 0.01171875 0.0359375
0 0.22734375 0.54296875 0.0171875 0.03828125
0 0.240625 0.54296875 0.01171875 0.03359375
0 0.25390625 0.5421875 0.009375 0.02890625
0 0.3078125 0.5421875 0.0171875 0.03359375
0 0.321875 0.54296875 0.01171875 0.03359375
0 0.34609375 0.54453125 0.00703125 0.03125
0 0.3328125 0.5421875 0.01171875 0.02890625
0 0.3609375 0.54296875 0.009375 0.02421875
0 0.4109375 0.540625 0.0171875 0.03359375
0 0.384375 0.540625 0.01171875 0.0265625
0 0.42421875 0.540625 0.0140625 0.03359375
0 0.39765625 0.5421875 0.01171875 0.0265625
0 0.4390625 0.53984375 0.01171875 0.02890625
0 0.4640625 0.53828125 0.0171875 0.02890625
0 0.4984375 0.540625 0.009375 0.02890625
0 0.45078125 0.5421875 0.01171875 0.03359375
0 0.51796875 0.5421875 0.01171875 0.02890625
0 0.52890625 0.540625 0.01171875 0.03359375
0 0.37265625 0.5453125 0.01171875 0.02890625
0 0.53984375 0.53828125 0.01171875 0.02890625
0 0.553125 0.540625 0.0140625 0.02890625
0 0.56640625 0.540625 0.0140625 0.0265625
0 0.58046875 0.53828125 0.009375 0.03359375
0 0.60234375 0.5375 0.009375 0.03359375
0 0.58984375 0.5375 0.01171875 0.02890625
0 0.61875 0.5359375 0.01171875 0.03359375
0 0.64453125 0.53515625 0.009375 0.02890625
0 0.6296875 0.5375 0.01171875 0.0265625
0 0.66953125 0.5375 0.0140625 0.02890625
0 0.6578125 0.53359375 0.01171875 0.03125
0 0.68359375 0.5296875 0.0171875 0.02890625
0 0.696875 0.52890625 0.01171875 0.03359375
0 0.72265625 0.52734375 0.0140625 0.03359375
0 0.71171875 0.52890625 0.009375 0.02890625
0 0.73671875 0.52734375 0.0140625 0.02421875
0 0.7515625 0.52890625 0.01171875 0.02890625
0 0.8109375 0.52890625 0.01171875 0.03359375
0 0.83203125 0.52890625 0.0171875 0.03359375
0 0.84375 0.52890625 0.009375 0.03125
0 0.56953125 0.57421875 0.00703125 0.03359375
0 0.5921875 0.5734375 0.01171875 0.02890625
0 0.6109375 0.571875 0.0140625 0.03359375
0 0.584375 0.5734375 0.01171875 0.02890625
0 0.62265625 0.571875 0.01171875 0.03359375
0 0.63828125 0.56953125 0.01171875 0.02890625
0 0.65234375 0.56953125 0.01171875 0.02890625
0 0.66484375 0.56875 0.01171875 0.02890625
0 0.67890625 0.56640625 0.01171875 0.02890625
0 0.69140625 0.56640625 0.01171875 0.03359375
0 0.7046875 0.56484375 0.01171875 0.02890625
0 0.7171875 0.5609375 0.01171875 0.03359375
0 0.73046875 0.56484375 0.01171875 0.03359375
0 0.74375 0.5640625 0.01171875 0.03359375
0 0.75703125 0.5609375 0.01171875 0.02890625
0 0.771875 0.5640625 0.01171875 0.03359375
0 0.7828125 0.5640625 0.0171875 0.02890625
0 0.7953125 0.5640625 0.01171875 0.02890625
0 0.8296875 0.5640625 0.0140625 0.02890625
0 0.696875 0.3890625 0.01171875 0.0265625
0 0.71640625 0.384375 0.01171875 0.01953125
0 0.70703125 0.384375 0.009375 0.0265625
0 0.7296875 0.3859375 0.01171875 0.0265625
0 0.74140625 0.38671875 0.01171875 0.02421875
0 0.77265625 0.38671875 0.0140625 0.0265625
0 0.7546875 0.3859375 0.0140625 0.02421875
0 0.78828125 0.384375 0.01171875 0.0265625
0 0.8015625 0.38671875 0.01171875 0.0265625
0 0.8140625 0.384375 0.01171875 0.021875
0 0.82421875 0.384375 0.009375 0.02421875
0 0.8375 0.38359375 0.01171875 0.01953125
0 0.29921875 0.4078125 0.00703125 0.02421875
0 0.3109375 0.4078125 0.01171875 0.02421875
0 0.84765625 0.38203125 0.00703125 0.021875
0 0.84609375 0.5609375 0.009375 0.03359375
1 0.28984375 0.39921875 0.00703125 0.0140625
0 0.76328125 0.53125 0.00703125 0.03359375
0 0.7859375 0.525 0.0171875 0.03359375
0 0.77421875 0.52890625 0.0140625 0.03359375
0 0.8015625 0.52734375 0.01171875 0.03359375
0 0.4859375 0.5421875 0.00703125 0.02890625
0 0.81015625 0.5640625 0.0171875 0.03359375
0 0.47578125 0.5421875 0.009375 0.03359375
0 0.31953125 0.76953125 0.009375 0.03828125
0 0.5109375 0.53984375 0.009375 0.02890625