0 0.1734375 0.48828125 0.04296875 0.0140625
0 0.16796875 0.50390625 0.04296875 0.0140625
0 0.1671875 0.52265625 0.0484375 0.0140625
0 0.165625 0.53828125 0.053125 0.0140625
0 0.16953125 0.546875 0.04296875 0.0140625
0 0.16796875 0.5640625 0.040625 0.0140625
0 0.1609375 0.58046875 0.04296875 0.0140625
0 0.1609375 0.5984375 0.04296875 0.0140625
0 0.16015625 0.6109375 0.03828125 0.0171875
0 0.15625 0.6265625 0.04296875 0.0140625
0 0.15390625 0.64453125 0.04296875 0.0140625
0 0.13125 0.84375 0.0484375 0.009375
0 0.15390625 0.6671875 0.04296875 0.009375
0 0.15 0.74765625 0.0484375 0.01953125
0 0.1515625 0.73046875 0.04296875 0.01171875
0 0.15 0.71640625 0.04296875 0.0140625
0 0.1515625 0.696875 0.040625 0.0140625
0 0.15390625 0.68046875 0.04296875 0.0140625
0 0.24140625 0.4671875 0.040625 0.0140625
0 0.240625 0.4734375 0.03828125 0.01171875
0 0.2390625 0.48671875 0.03828125 0.0140625
0 0.23828125 0.50234375 0.03828125 0.0140625
0 0.2390625 0.5171875 0.03828125 0.009375
0 0.23671875 0.5296875 0.03828125 0.009375
0 0.23671875 0.540625 0.040625 0.0140625
0 0.2359375 0.55625 0.03828125 0.0140625
0 0.23671875 0.57109375 0.03828125 0.0140625
0 0.2359375 0.584375 0.04296875 0.0140625
0 0.23203125 0.6 0.0484375 0.0140625
0 0.25625 0.84765625 0.03828125 0.01171875
0 0.2078125 0.85 0.04296875 0.0046875
0 0.25625 0.83046875 0.0359375 0.0140625
0 0.25859375 0.8125 0.03828125 0.01953125
0 0.25859375 0.79453125 0.03828125 0.01953125
0 0.2609375 0.77890625 0.0359375 0.0171875
0 0.26328125 0.759375 0.03828125 0.01953125
0 0.26328125 0.7484375 0.0359375 0.009375
0 0.65 0.609375 0.02890625 0.01171875
0 0.6515625 0.5984375 0.02890625 0.009375
0 0.6515625 0.5875 0.0265625 0.009375
0 0.44453125 0.71171875 0.02890625 0.0140625
0 0.44453125 0.72578125 0.03125 0.009375
0 0.4484375 0.7390625 0.03359375 0.009375
0 0.2328125 0.6140625 0.0453125 0.01171875
0 0.22265625 0.64453125 0.04296875 0.009375
0 0.2203125 0.6546875 0.04296875 0.009375
0 0.2203125 0.66953125 0.0453125 0.0140625
0 0.2171875 0.73046875 0.04296875 0.01171875
0 0.21640625 0.69921875 0.04296875 0.01171875
0 0.2171875 0.71640625 0.04296875 0.0140625
0 0.2171875 0.7484375 0.04296875 0.01171875
0 0.2125 0.8375 0.03828125 0.0171875
0 0.21484375 0.8234375 0.04296875 0.02421875
0 0.2140625 0.803125 0.0359375 0.0140625
0 0.21640625 0.78984375 0.04296875 0.009375
0 0.22578125 0.6296875 0.04296875 0.01171875
0 0.2171875 0.77890625 0.040625 0.01171875
0 0.2171875 0.7640625 0.04296875 0.01171875
0 0.65 0.578125 0.021875 0.0046875
0 0.64921875 0.6203125 0.021875 0.01171875
0 0.65234375 0.5671875 0.02421875 0.00703125
0 0.65390625 0.5578125 0.02421875 0.009375
0 0.6546875 0.5453125 0.0265625 0.01171875
0 0.65390625 0.53515625 0.02890625 0.0140625
0 0.65625 0.521875 0.0265625 0.0140625
0 0.6546875 0.51171875 0.02421875 0.009375
0 0.6453125 0.634375 0.02890625 0.00703125
0 0.6578125 0.5015625 0.02421875 0.00703125
0 0.65625 0.47734375 0.02421875 0.01171875
0 0.625 0.1515625 0.021875 0.00234375
0 0.6578125 0.490625 0.01953125 0.009375
0 0.64453125 0.65 0.02421875 0.01171875
0 0.44921875 0.84765625 0.03359375 0.009375
0 0.446875 0.83671875 0.03359375 0.0140625
0 0.446875 0.80546875 0.0359375 0.0140625
0 0.44609375 0.81953125 0.02890625 0.0140625
0 0.44609375 0.790625 0.0359375 0.009375
0 0.446875 0.7796875 0.03359375 0.01171875
0 0.44609375 0.7671875 0.03359375 0.009375
0 0.446875 0.75390625 0.02890625 0.01171875
0 0.446875 0.69921875 0.02890625 0.01171875
0 0.4484375 0.68359375 0.03359375 0.01171875
0 0.4515625 0.6609375 0.02890625 0.00703125
0 0.446875 0.6703125 0.02890625 0.01171875
0 0.44921875 0.64765625 0.02890625 0.01171875
0 0.459375 0.5890625 0.03359375 0.0171875
0 0.45078125 0.61875 0.03359375 0.009375
0 0.459375 0.57578125 0.03359375 0.0140625
0 0.4546875 0.603125 0.0265625 0.01171875
0 0.46015625 0.5609375 0.02890625 0.01171875
0 0.45703125 0.53359375 0.02890625 0.0140625
0 0.45703125 0.50234375 0.02890625 0.009375
0 0.4578125 0.54921875 0.03359375 0.009375
0 0.4578125 0.48203125 0.02890625 0.009375
0 0.459375 0.47109375 0.03359375 0.01171875
0 0.453125 0.63359375 0.02890625 0.009375
0 0.46171875 0.46015625 0.02890625 0.009375
0 0.459375 0.446875 0.02890625 0.0140625
0 0.46484375 0.4328125 0.0265625 0.0140625
0 0.46484375 0.41796875 0.02890625 0.009375
0 0.4671875 0.3921875 0.03359375 0.01171875
0 0.46875 0.40390625 0.02890625 0.0140625
0 0.47109375 0.3796875 0.03359375 0.009375
0 0.4671875 0.359375 0.02890625 0.009375
0 0.47109375 0.36875 0.02421875 0.009375
0 0.47578125 0.33515625 0.02890625 0.0140625
0 0.47109375 0.35 0.02890625 0.0140625
0 0.475 0.3234375 0.02890625 0.01171875
0 0.4734375 0.30859375 0.03359375 0.01171875
0 0.47578125 0.2828125 0.03359375 0.0140625
0 0.475 0.29453125 0.02890625 0.009375
0 0.478125 0.26796875 0.02890625 0.0140625
0 0.47578125 0.2546875 0.02890625 0.01171875
0 0.4796875 0.19375 0.03359375 0.0140625
0 0.478125 0.1765625 0.03359375 0.0140625
0 0.48203125 0.16328125 0.02890625 0.009375
0 0.42578125 0.4515625 0.03359375 0.009375
0 0.43046875 0.42578125 0.02890625 0.0140625
0 0.4328125 0.4015625 0.03359375 0.0140625
0 0.428125 0.4421875 0.02890625 0.01171875
0 0.43046875 0.41328125 0.03359375 0.01171875
0 0.43515625 0.3890625 0.02890625 0.0140625
0 0.43359375 0.3765625 0.02890625 0.009375
0 0.43515625 0.3640625 0.02890625 0.009375
0 0.4359375 0.35078125 0.02890625 0.01171875
0 0.4359375 0.33671875 0.03828125 0.0140625
0 0.43984375 0.31875 0.03359375 0.0140625
0 0.44140625 0.303125 0.03359375 0.01171875
0 0.43984375 0.2875 0.03359375 0.0140625
0 0.43984375 0.275 0.02890625 0.0140625
0 0.4390625 0.26328125 0.0359375 0.0140625
0 0.44140625 0.25 0.03359375 0.009375
0 0.44375 0.234375 0.03828125 0.0140625
0 0.61328125 0.34609375 0.02421875 0.01171875
0 0.61171875 0.31875 0.0265625 0.01171875
0 0.6109375 0.33046875 0.0265625 0.009375
0 0.61640625 0.3015625 0.02421875 0.009375
0 0.61875 0.290625 0.02421875 0.009375
0 0.61875 0.26953125 0.02421875 0.01171875
0 0.61796875 0.2796875 0.01953125 0.009375
0 0.62109375 0.25390625 0.02890625 0.01171875
0 0.62109375 0.240625 0.0265625 0.009375
0 0.62109375 0.2078125 0.0265625 0.009375
0 0.62109375 0.22578125 0.02890625 0.0140625
0 0.62265625 0.19453125 0.02421875 0.01171875
0 0.5828125 0.7515625 0.0265625 0.009375
0 0.5796875 0.740625 0.0265625 0.00703125
0 0.6234375 0.18046875 0.02421875 0.009375
0 0.42578125 0.4640625 0.03359375 0.0140625
1 0.5875 0.7609375 0.0140625 0.00703125
0 0.475 0.24296875 0.03359375 0.00703125
0 0.4796875 0.22109375 0.0359375 0.0140625
0 0.4796875 0.234375 0.0359375 0.009375
0 0.478125 0.20703125 0.03359375 0.01171875
0 0.459375 0.51796875 0.03359375 0.01171875
0 0.44375 0.2171875 0.03828125 0.0140625
0 0.4828125 0.1515625 0.03359375 0.009375
0 0.2171875 0.68515625 0.0453125 0.01171875
0 0.46015625 0.4890625 0.02890625 0.009375
0 0.6234375 0.171875 0.0265625 0.01171875
0 0.62265625 0.1578125 0.0265625 0.00703125
0 0.64296875 0.6609375 0.02421875 0.009375
0 0.446875 0.1890625 0.03359375 0.0140625
0 0.44375 0.203125 0.02890625 0.0140625
0 0.446875 0.1765625 0.03359375 0.0140625
0 0.17421875 0.4734375 0.040625 0.0140625
0 0.44921875 0.16484375 0.03359375 0.0140625