0 0.85078125 0.75703125 0.0046875 0.0453125
0 0.84375 0.75625 0.0140625 0.0359375
0 0.82578125 0.7546875 0.0171875 0.040625
0 0.796875 0.43046875 0.009375 0.0265625
0 0.78515625 0.42890625 0.0140625 0.02890625
0 0.678125 0.36171875 0.01171875 0.02421875
0 0.84375 0.80625 0.0140625 0.040625
0 0.83046875 0.80546875 0.0140625 0.03828125
0 0.81015625 0.8015625 0.0171875 0.04296875
0 0.790625 0.796875 0.0171875 0.04296875
0 0.790625 0.75390625 0.0140625 0.04296875
0 0.80625 0.75234375 0.0140625 0.04296875
0 0.775 0.7921875 0.0140625 0.04296875
0 0.75703125 0.78984375 0.0140625 0.040625
0 0.74296875 0.790625 0.0140625 0.03828125
0 0.72734375 0.790625 0.0140625 0.04296875
0 0.71015625 0.7875 0.01171875 0.0359375
0 0.69609375 0.7859375 0.0140625 0.03828125
0 0.68046875 0.78359375 0.01171875 0.04296875
0 0.66484375 0.7828125 0.0140625 0.03828125
0 0.65 0.7828125 0.0140625 0.03828125
0 0.6390625 0.77890625 0.0140625 0.03359375
0 0.625 0.77265625 0.0140625 0.03828125
0 0.6078125 0.771875 0.0140625 0.03828125
0 0.59375 0.76953125 0.0140625 0.040625
0 0.58203125 0.76953125 0.0171875 0.04296875
0 0.5453125 0.765625 0.01171875 0.03828125
0 0.53125 0.7640625 0.0140625 0.040625
0 0.5171875 0.76171875 0.0140625 0.03828125
0 0.5046875 0.7609375 0.01171875 0.040625
0 0.78984375 0.8640625 0.0171875 0.053125
0 0.771875 0.86328125 0.0140625 0.053125
0 0.75703125 0.86328125 0.0140625 0.0484375
0 0.73671875 0.85703125 0.01953125 0.0484375
0 0.72109375 0.859375 0.0171875 0.040625
0 0.7046875 0.8546875 0.0140625 0.04296875
0 0.6859375 0.85 0.0140625 0.0484375
0 0.66953125 0.85234375 0.01171875 0.04296875
0 0.6546875 0.8484375 0.0140625 0.0484375
0 0.63828125 0.84609375 0.0140625 0.04296875
0 0.6234375 0.84609375 0.0140625 0.0484375
0 0.60546875 0.83984375 0.0140625 0.04296875
0 0.5890625 0.8375 0.01171875 0.04296875
0 0.57578125 0.834375 0.0140625 0.03828125
0 0.55546875 0.834375 0.0140625 0.04296875
0 0.53984375 0.83203125 0.0140625 0.04296875
0 0.52734375 0.8296875 0.0140625 0.04296875
0 0.51171875 0.828125 0.0140625 0.040625
0 0.665625 0.3609375 0.00703125 0.02421875
0 0.6546875 0.35703125 0.009375 0.021875
0 0.63359375 0.3546875 0.009375 0.01953125
0 0.61171875 0.35078125 0.009375 0.02890625
0 0.62109375 0.3546875 0.009375 0.02421875
0 0.5890625 0.35 0.00703125 0.021875
0 0.578125 0.35 0.009375 0.01953125
0 0.56640625 0.34765625 0.00703125 0.01953125
0 0.55625 0.35 0.009375 0.0265625
0 0.5453125 0.34765625 0.009375 0.021875
0 0.5359375 0.34609375 0.009375 0.02421875
0 0.52421875 0.34609375 0.01171875 0.021875
0 0.68984375 0.3640625 0.009375 0.021875
0 0.83984375 0.571875 0.01171875 0.0359375
0 0.82421875 0.56875 0.0140625 0.03828125
0 0.80859375 0.57421875 0.0140625 0.0484375
0 0.7953125 0.5671875 0.01171875 0.03359375
0 0.7828125 0.56640625 0.009375 0.03359375
0 0.76796875 0.56484375 0.009375 0.03359375
0 0.75234375 0.5640625 0.0140625 0.03359375
0 0.74140625 0.5625 0.009375 0.03359375
0 0.72734375 0.5609375 0.0140625 0.03828125
0 0.7140625 0.56015625 0.009375 0.03359375
0 0.70078125 0.56015625 0.009375 0.03359375
0 0.6890625 0.55625 0.009375 0.02890625
0 0.6734375 0.55859375 0.009375 0.03359375
0 0.66015625 0.55625 0.01171875 0.03359375
0 0.6453125 0.55390625 0.01171875 0.02890625
0 0.63125 0.55078125 0.009375 0.02890625
0 0.61796875 0.55390625 0.01171875 0.02890625
0 0.603125 0.5484375 0.01171875 0.03359375
0 0.5890625 0.5484375 0.0140625 0.03359375
0 0.57578125 0.5484375 0.009375 0.02890625
0 0.5640625 0.546875 0.01171875 0.02890625
0 0.55546875 0.54453125 0.0140625 0.03359375
0 0.53984375 0.546875 0.01171875 0.02890625
0 0.525 0.5453125 0.009375 0.0265625
0 0.51328125 0.5421875 0.009375 0.0359375
0 0.50234375 0.53828125 0.00703125 0.02890625
0 0.490625 0.5375 0.01171875 0.03359375
0 0.475 0.5359375 0.009375 0.02890625
0 0.4625 0.5359375 0.009375 0.02890625
0 0.45078125 0.53359375 0.009375 0.0265625
0 0.43515625 0.5359375 0.0140625 0.03359375
0 0.41953125 0.53125 0.01171875 0.03359375
0 0.40625 0.525 0.0140625 0.03359375
0 0.4859375 0.5765625 0.009375 0.03359375
0 0.47734375 0.571875 0.01171875 0.0359375
0 0.4546875 0.56953125 0.0140625 0.03359375
0 0.44609375 0.57109375 0.009375 0.02890625
0 0.41796875 0.5671875 0.0140625 0.0265625
0 0.43046875 0.56875 0.0140625 0.02890625
0 0.4109375 0.56484375 0.0140625 0.02890625
0 0.3953125 0.52421875 0.01171875 0.0265625
0 0.38125 0.5265625 0.0140625 0.03359375
0 0.396875 0.5609375 0.01953125 0.03359375
0 0.3796875 0.52421875 0.009375 0.0265625
0 0.38203125 0.56015625 0.009375 0.03359375
0 0.3609375 0.52421875 0.01171875 0.03359375
0 0.34765625 0.5203125 0.0140625 0.03359375
0 0.3734375 0.5625 0.01171875 0.03359375
0 0.33515625 0.51796875 0.01171875 0.02890625
0 0.32109375 0.51796875 0.0140625 0.02890625
0 0.3421875 0.55625 0.0140625 0.02890625
0 0.3296875 0.55390625 0.0171875 0.02890625
0 0.3078125 0.51953125 0.009375 0.03359375
0 0.2953125 0.5140625 0.009375 0.03359375
0 0.31640625 0.55390625 0.01171875 0.03359375
0 0.2921875 0.553125 0.01171875 0.02890625
0 0.27890625 0.546875 0.0140625 0.03359375
0 0.2828125 0.509375 0.0140625 0.02890625
0 0.271875 0.5109375 0.01171875 0.03359375
0 0.25703125 0.509375 0.0140625 0.02890625
0 0.24375 0.509375 0.01171875 0.02890625
0 0.27265625 0.54921875 0.0140625 0.02890625
0 0.1921875 0.54296875 0.0140625 0.02890625
0 0.23046875 0.51328125 0.0140625 0.03828125
0 0.21875 0.509375 0.0140625 0.03828125
0 0.2046875 0.50625 0.0140625 0.02890625
0 0.18984375 0.50625 0.0140625 0.02890625
0 0.178125 0.50390625 0.0140625 0.02890625
0 0.56015625 0.76953125 0.0140625 0.04296875
0 0.25703125 0.5453125 0.01171875 0.02890625
0 0.24296875 0.546875 0.0140625 0.0359375
0 0.2359375 0.546875 0.0171875 0.03359375
0 0.20703125 0.54453125 0.0140625 0.02890625
0 0.4984375 0.5765625 0.0140625 0.03359375
0 0.38828125 0.38671875 0.009375 0.0265625
0 0.375 0.384375 0.009375 0.02421875
0 0.36328125 0.38125 0.009375 0.021875
0 0.3375 0.3796875 0.009375 0.0265625
0 0.32578125 0.37734375 0.009375 0.02421875
0 0.3125 0.37734375 0.01171875 0.02421875
0 0.30078125 0.37734375 0.009375 0.02890625
0 0.2875 0.375 0.009375 0.02890625
0 0.27265625 0.37265625 0.009375 0.02890625
0 0.25859375 0.37109375 0.01171875 0.0265625
0 0.24609375 0.3703125 0.01171875 0.02421875
0 0.2328125 0.365625 0.009375 0.02890625
0 0.2234375 0.36875 0.009375 0.03359375
0 0.5984375 0.35078125 0.01171875 0.02421875
1 0.80390625 0.41796875 0.009375 0.00703125
0 0.35 0.38203125 0.009375 0.02421875
0 0.703125 0.36875 0.009375 0.02421875
0 0.64453125 0.35546875 0.009375 0.01953125
0 0.3546875 0.55625 0.0140625 0.02890625
0 0.21875 0.546875 0.0140625 0.02890625
0 0.2125 0.365625 0.009375 0.0265625
0 0.2015625 0.36328125 0.0140625 0.03359375
0 0.30546875 0.553125 0.009375 0.03828125