0 0.75703125 0.14921875 0.0453125 0.0046875
0 0.75625 0.15625 0.0359375 0.0140625
0 0.7546875 0.17421875 0.040625 0.0171875
0 0.43046875 0.203125 0.0265625 0.009375
0 0.42890625 0.21484375 0.02890625 0.0140625
0 0.36171875 0.321875 0.02421875 0.01171875
0 0.80625 0.15625 0.040625 0.0140625
0 0.80546875 0.16953125 0.03828125 0.0140625
0 0.8015625 0.18984375 0.04296875 0.0171875
0 0.796875 0.209375 0.04296875 0.0171875
0 0.75390625 0.209375 0.04296875 0.0140625
0 0.75234375 0.19375 0.04296875 0.0140625
0 0.7921875 0.225 0.04296875 0.0140625
0 0.78984375 0.24296875 0.040625 0.0140625
0 0.790625 0.25703125 0.03828125 0.0140625
0 0.790625 0.27265625 0.04296875 0.0140625
0 0.7875 0.28984375 0.0359375 0.01171875
0 0.7859375 0.30390625 0.03828125 0.0140625
0 0.78359375 0.31953125 0.04296875 0.01171875
0 0.7828125 0.33515625 0.03828125 0.0140625
0 0.7828125 0.35 0.03828125 0.0140625
0 0.77890625 0.3609375 0.03359375 0.0140625
0 0.77265625 0.375 0.03828125 0.0140625
0 0.771875 0.3921875 0.03828125 0.0140625
0 0.76953125 0.40625 0.040625 0.0140625
0 0.76953125 0.41796875 0.04296875 0.0171875
0 0.765625 0.4546875 0.03828125 0.01171875
0 0.7640625 0.46875 0.040625 0.0140625
0 0.76171875 0.4828125 0.03828125 0.0140625
0 0.7609375 0.4953125 0.040625 0.01171875
0 0.8640625 0.21015625 0.053125 0.0171875
0 0.86328125 0.228125 0.053125 0.0140625
0 0.86328125 0.24296875 0.0484375 0.0140625
0 0.85703125 0.26328125 0.0484375 0.01953125
0 0.859375 0.27890625 0.040625 0.0171875
0 0.8546875 0.2953125 0.04296875 0.0140625
0 0.85 0.3140625 0.0484375 0.0140625
0 0.85234375 0.33046875 0.04296875 0.01171875
0 0.8484375 0.3453125 0.0484375 0.0140625
0 0.84609375 0.36171875 0.04296875 0.0140625
0 0.84609375 0.3765625 0.0484375 0.0140625
0 0.83984375 0.39453125 0.04296875 0.0140625
0 0.8375 0.4109375 0.04296875 0.01171875
0 0.834375 0.42421875 0.03828125 0.0140625
0 0.834375 0.44453125 0.04296875 0.0140625
0 0.83203125 0.46015625 0.04296875 0.0140625
0 0.8296875 0.47265625 0.04296875 0.0140625
0 0.828125 0.48828125 0.040625 0.0140625
0 0.3609375 0.334375 0.02421875 0.00703125
0 0.35703125 0.3453125 0.021875 0.009375
0 0.3546875 0.36640625 0.01953125 0.009375
0 0.35078125 0.38828125 0.02890625 0.009375
0 0.3546875 0.37890625 0.02421875 0.009375
0 0.35 0.4109375 0.021875 0.00703125
0 0.35 0.421875 0.01953125 0.009375
0 0.34765625 0.43359375 0.01953125 0.00703125
0 0.35 0.44375 0.0265625 0.009375
0 0.34765625 0.4546875 0.021875 0.009375
0 0.34609375 0.4640625 0.02421875 0.009375
0 0.34609375 0.47578125 0.021875 0.01171875
0 0.3640625 0.31015625 0.021875 0.009375
0 0.571875 0.16015625 0.0359375 0.01171875
0 0.56875 0.17578125 0.03828125 0.0140625
0 0.57421875 0.19140625 0.0484375 0.0140625
0 0.5671875 0.2046875 0.03359375 0.01171875
0 0.56640625 0.2171875 0.03359375 0.009375
0 0.56484375 0.23203125 0.03359375 0.009375
0 0.5640625 0.24765625 0.03359375 0.0140625
0 0.5625 0.25859375 0.03359375 0.009375
0 0.5609375 0.27265625 0.03828125 0.0140625
0 0.56015625 0.2859375 0.03359375 0.009375
0 0.56015625 0.29921875 0.03359375 0.009375
0 0.55625 0.3109375 0.02890625 0.009375
0 0.55859375 0.3265625 0.03359375 0.009375
0 0.55625 0.33984375 0.03359375 0.01171875
0 0.55390625 0.3546875 0.02890625 0.01171875
0 0.55078125 0.36875 0.02890625 0.009375
0 0.55390625 0.38203125 0.02890625 0.01171875
0 0.5484375 0.396875 0.03359375 0.01171875
0 0.5484375 0.4109375 0.03359375 0.0140625
0 0.5484375 0.42421875 0.02890625 0.009375
0 0.546875 0.4359375 0.02890625 0.01171875
0 0.54453125 0.44453125 0.03359375 0.0140625
0 0.546875 0.46015625 0.02890625 0.01171875
0 0.5453125 0.475 0.0265625 0.009375
0 0.5421875 0.48671875 0.0359375 0.009375
0 0.53828125 0.49765625 0.02890625 0.00703125
0 0.5375 0.509375 0.03359375 0.01171875
0 0.5359375 0.525 0.02890625 0.009375
0 0.5359375 0.5375 0.02890625 0.009375
0 0.53359375 0.54921875 0.0265625 0.009375
0 0.5359375 0.56484375 0.03359375 0.0140625
0 0.53125 0.58046875 0.03359375 0.01171875
0 0.525 0.59375 0.03359375 0.0140625
0 0.5765625 0.5140625 0.03359375 0.009375
0 0.571875 0.52265625 0.0359375 0.01171875
0 0.56953125 0.5453125 0.03359375 0.0140625
0 0.57109375 0.55390625 0.02890625 0.009375
0 0.5671875 0.58203125 0.0265625 0.0140625
0 0.56875 0.56953125 0.02890625 0.0140625
0 0.56484375 0.5890625 0.02890625 0.0140625
0 0.52421875 0.6046875 0.0265625 0.01171875
0 0.5265625 0.61875 0.03359375 0.0140625
0 0.5609375 0.603125 0.03359375 0.01953125
0 0.52421875 0.6203125 0.0265625 0.009375
0 0.56015625 0.61796875 0.03359375 0.009375
0 0.52421875 0.6390625 0.03359375 0.01171875
0 0.5203125 0.65234375 0.03359375 0.0140625
0 0.5625 0.6265625 0.03359375 0.01171875
0 0.51796875 0.66484375 0.02890625 0.01171875
0 0.51796875 0.67890625 0.02890625 0.0140625
0 0.55625 0.6578125 0.02890625 0.0140625
0 0.55390625 0.6703125 0.02890625 0.0171875
0 0.51953125 0.6921875 0.03359375 0.009375
0 0.5140625 0.7046875 0.03359375 0.009375
0 0.55390625 0.68359375 0.03359375 0.01171875
0 0.553125 0.7078125 0.02890625 0.01171875
0 0.546875 0.72109375 0.03359375 0.0140625
0 0.509375 0.7171875 0.02890625 0.0140625
0 0.5109375 0.728125 0.03359375 0.01171875
0 0.509375 0.74296875 0.02890625 0.0140625
0 0.509375 0.75625 0.02890625 0.01171875
0 0.54921875 0.72734375 0.02890625 0.0140625
0 0.54296875 0.8078125 0.02890625 0.0140625
0 0.51328125 0.76953125 0.03828125 0.0140625
0 0.509375 0.78125 0.03828125 0.0140625
0 0.50625 0.7953125 0.02890625 0.0140625
0 0.50625 0.81015625 0.02890625 0.0140625
0 0.50390625 0.821875 0.02890625 0.0140625
0 0.76953125 0.43984375 0.04296875 0.0140625
0 0.5453125 0.74296875 0.02890625 0.01171875
0 0.546875 0.75703125 0.0359375 0.0140625
0 0.546875 0.7640625 0.03359375 0.0171875
0 0.54453125 0.79296875 0.02890625 0.0140625
0 0.5765625 0.5015625 0.03359375 0.0140625
0 0.38671875 0.61171875 0.0265625 0.009375
0 0.384375 0.625 0.02421875 0.009375
0 0.38125 0.63671875 0.021875 0.009375
0 0.3796875 0.6625 0.0265625 0.009375
0 0.37734375 0.67421875 0.02421875 0.009375
0 0.37734375 0.6875 0.02421875 0.01171875
0 0.37734375 0.69921875 0.02890625 0.009375
0 0.375 0.7125 0.02890625 0.009375
0 0.37265625 0.72734375 0.02890625 0.009375
0 0.37109375 0.74140625 0.0265625 0.01171875
0 0.3703125 0.75390625 0.02421875 0.01171875
0 0.365625 0.7671875 0.02890625 0.009375
0 0.36875 0.7765625 0.03359375 0.009375
0 0.35078125 0.4015625 0.02421875 0.01171875
1 0.41796875 0.19609375 0.00703125 0.009375
0 0.38203125 0.65 0.02421875 0.009375
0 0.36875 0.296875 0.02421875 0.009375
0 0.35546875 0.35546875 0.01953125 0.009375
0 0.55625 0.6453125 0.02890625 0.0140625
0 0.546875 0.78125 0.02890625 0.0140625
0 0.365625 0.7875 0.0265625 0.009375
0 0.36328125 0.7984375 0.03359375 0.0140625
0 0.553125 0.69453125 0.03828125 0.009375