0 0.14921875 0.75703125 0.0046875 0.0453125
0 0.15 0.796875 0.0046875 0.0359375
0 0.16328125 0.75625 0.0171875 0.04296875
0 0.18046875 0.7515625 0.0171875 0.040625
0 0.2140625 0.428125 0.01171875 0.0265625
0 0.225 0.42890625 0.0140625 0.0265625
0 0.321875 0.36171875 0.01171875 0.02421875
0 0.1625 0.7984375 0.0171875 0.040625
0 0.178125 0.79296875 0.0171875 0.03828125
0 0.18984375 0.7953125 0.01171875 0.040625
0 0.2078125 0.7921875 0.0171875 0.0453125
0 0.21640625 0.7484375 0.0171875 0.04296875
0 0.19921875 0.75234375 0.0140625 0.04296875
0 0.225 0.7921875 0.0171875 0.04296875
0 0.24296875 0.78984375 0.0140625 0.040625
0 0.25703125 0.790625 0.0140625 0.03828125
0 0.27265625 0.790625 0.0140625 0.04296875
0 0.28984375 0.7875 0.01171875 0.0359375
0 0.30390625 0.7859375 0.0140625 0.03828125
0 0.321875 0.78359375 0.01171875 0.04296875
0 0.33984375 0.7828125 0.0140625 0.03828125
0 0.35546875 0.7796875 0.0140625 0.03828125
0 0.37109375 0.77734375 0.0140625 0.03359375
0 0.38671875 0.77421875 0.0140625 0.03828125
0 0.4046875 0.771875 0.0171875 0.03828125
0 0.41953125 0.771875 0.0140625 0.040625
0 0.428125 0.77265625 0.0171875 0.04296875
0 0.46015625 0.76953125 0.01171875 0.03828125
0 0.475 0.765625 0.01171875 0.0359375
0 0.48828125 0.76171875 0.0140625 0.03828125
0 0.50390625 0.76171875 0.01171875 0.040625
0 0.21875 0.86328125 0.0171875 0.053125
0 0.23046875 0.86328125 0.0140625 0.053125
0 0.2484375 0.8578125 0.0171875 0.0484375
0 0.2671875 0.8546875 0.01171875 0.04296875
0 0.2828125 0.8546875 0.01171875 0.03828125
0 0.29921875 0.8546875 0.0140625 0.0453125
0 0.32109375 0.85078125 0.0140625 0.0484375
0 0.3375 0.85078125 0.01171875 0.04296875
0 0.35078125 0.8484375 0.0140625 0.0484375
0 0.36875 0.8453125 0.0140625 0.04296875
0 0.384375 0.84140625 0.0140625 0.0484375
0 0.4015625 0.8421875 0.0140625 0.04296875
0 0.41328125 0.83984375 0.01171875 0.0453125
0 0.42890625 0.834375 0.0140625 0.03828125
0 0.4484375 0.83203125 0.0171875 0.04296875
0 0.4671875 0.83203125 0.0140625 0.04296875
0 0.48203125 0.8296875 0.0171875 0.04296875
0 0.49375 0.828125 0.0140625 0.040625
0 0.334375 0.3609375 0.00703125 0.02421875
0 0.34765625 0.35703125 0.009375 0.021875
0 0.36640625 0.3546875 0.009375 0.021875
0 0.3734375 0.3546875 0.0046875 0.021875
0 0.3859375 0.35078125 0.00703125 0.0265625
0 0.390625 0.35234375 0.009375 0.02421875
0 0.4109375 0.35 0.00703125 0.021875
0 0.421875 0.35 0.009375 0.021875
0 0.43359375 0.34765625 0.00703125 0.01953125
0 0.44375 0.35 0.009375 0.0265625
0 0.45546875 0.34609375 0.009375 0.021875
0 0.4703125 0.3453125 0.01171875 0.0265625
0 0.4828125 0.34609375 0.01171875 0.021875
0 0.4953125 0.3421875 0.009375 0.021875
0 0.31640625 0.36328125 0.009375 0.021875
0 0.15390625 0.56875 0.01171875 0.03359375
0 0.1671875 0.5734375 0.0140625 0.03828125
0 0.18046875 0.5671875 0.0140625 0.03828125
0 0.19375 0.56484375 0.009375 0.02890625
0 0.20703125 0.5671875 0.01171875 0.03359375
0 0.2234375 0.56015625 0.009375 0.03359375
0 0.2359375 0.56015625 0.009375 0.03359375
0 0.25234375 0.55625 0.0140625 0.03359375
0 0.2640625 0.55625 0.009375 0.02890625
0 0.27890625 0.55390625 0.01171875 0.02890625
0 0.2921875 0.55546875 0.00703125 0.02890625
0 0.303125 0.55390625 0.009375 0.02890625
0 0.3171875 0.5515625 0.009375 0.02890625
0 0.33046875 0.5515625 0.009375 0.0265625
0 0.34375 0.55078125 0.009375 0.03359375
0 0.359375 0.55078125 0.01171875 0.0265625
0 0.37109375 0.55078125 0.0171875 0.02890625
0 0.38671875 0.546875 0.01171875 0.03125
0 0.396875 0.5484375 0.01171875 0.03359375
0 0.4109375 0.5484375 0.0140625 0.03359375
0 0.42421875 0.5484375 0.01171875 0.02890625
0 0.4359375 0.546875 0.01171875 0.02890625
0 0.44453125 0.54453125 0.0140625 0.03359375
0 0.46015625 0.546875 0.01171875 0.02890625
0 0.475 0.5453125 0.01171875 0.0265625
0 0.48671875 0.5421875 0.009375 0.0359375
0 0.49765625 0.5421875 0.00703125 0.02421875
0 0.5109375 0.5421875 0.01171875 0.0265625
0 0.525 0.5359375 0.01171875 0.02890625
0 0.5375 0.5359375 0.009375 0.02890625
0 0.54921875 0.53359375 0.01171875 0.0265625
0 0.56484375 0.5359375 0.01171875 0.03359375
0 0.57578125 0.53125 0.01171875 0.03359375
0 0.59140625 0.5328125 0.0171875 0.03359375
0 0.5140625 0.5765625 0.01171875 0.03359375
0 0.52890625 0.57421875 0.01171875 0.03359375
0 0.5453125 0.56953125 0.0140625 0.03359375
0 0.55390625 0.57109375 0.009375 0.02890625
0 0.58203125 0.5671875 0.0140625 0.0265625
0 0.56953125 0.56875 0.0140625 0.02890625
0 0.5890625 0.56484375 0.0171875 0.02890625
0 0.603125 0.53125 0.01171875 0.0265625
0 0.6140625 0.52734375 0.01171875 0.02421875
0 0.603125 0.5609375 0.01953125 0.03359375
0 0.6265625 0.52734375 0.0140625 0.0265625
0 0.61796875 0.56015625 0.01171875 0.03359375
0 0.6390625 0.52421875 0.01171875 0.03359375
0 0.65234375 0.5203125 0.0140625 0.03359375
0 0.6296875 0.5609375 0.01171875 0.03359375
0 0.66484375 0.51796875 0.01171875 0.03125
0 0.67890625 0.51796875 0.0140625 0.02890625
0 0.6578125 0.55625 0.0171875 0.02890625
0 0.6703125 0.55390625 0.0171875 0.02890625
0 0.6921875 0.51953125 0.009375 0.03359375
0 0.7046875 0.5140625 0.01171875 0.03359375
0 0.68359375 0.55390625 0.01171875 0.03359375
0 0.7078125 0.553125 0.01171875 0.02890625
0 0.72109375 0.546875 0.0140625 0.03359375
0 0.7171875 0.509375 0.01171875 0.02890625
0 0.728125 0.5109375 0.01171875 0.03359375
0 0.74296875 0.509375 0.0171875 0.02890625
0 0.75625 0.509375 0.01171875 0.02890625
0 0.734375 0.5484375 0.0171875 0.02890625
0 0.81875 0.5453125 0.01171875 0.02890625
0 0.76953125 0.51328125 0.0140625 0.03828125
0 0.78125 0.509375 0.0171875 0.03828125
0 0.7953125 0.50625 0.01171875 0.02890625
0 0.81015625 0.50625 0.0140625 0.02890625
0 0.821875 0.50390625 0.01171875 0.02890625
0 0.8328125 0.5015625 0.01171875 0.03359375
0 0.44453125 0.76953125 0.0171875 0.04296875
0 0.7546875 0.5515625 0.0171875 0.02890625
0 0.765625 0.546875 0.0140625 0.0359375
0 0.77890625 0.5484375 0.01171875 0.03359375
0 0.803125 0.54296875 0.01171875 0.02890625
0 0.5015625 0.5765625 0.01171875 0.03359375
0 0.61796875 0.38203125 0.009375 0.0265625
0 0.63125 0.3859375 0.01171875 0.02421875
0 0.64296875 0.38203125 0.009375 0.021875
0 0.665625 0.3796875 0.00703125 0.0265625
0 0.67421875 0.37734375 0.009375 0.02421875
0 0.6875 0.37734375 0.01171875 0.0265625
0 0.69921875 0.37734375 0.009375 0.02890625
0 0.7125 0.375 0.009375 0.02890625
0 0.72265625 0.3734375 0.009375 0.0265625
0 0.7296875 0.37265625 0.009375 0.0265625
0 0.74765625 0.3703125 0.0140625 0.02421875
0 0.75703125 0.36875 0.01171875 0.02421875
0 0.76796875 0.36875 0.01171875 0.02421875
0 0.78125 0.365625 0.01171875 0.0265625
0 0.40234375 0.35078125 0.01171875 0.02421875
1 0.19921875 0.421875 0.009375 0.00703125
0 0.65625 0.37890625 0.009375 0.0265625
0 0.30390625 0.36328125 0.009375 0.02421875
0 0.3578125 0.35546875 0.00703125 0.021875
0 0.6453125 0.55625 0.0140625 0.02890625
0 0.79296875 0.54453125 0.01171875 0.03125
0 0.79296875 0.365625 0.0140625 0.0265625
0 0.80390625 0.3640625 0.0140625 0.03359375
0 0.69453125 0.553125 0.009375 0.03828125