0 0.8265625 0.45546875 0.0453125 0.009375
0 0.828125 0.47265625 0.04296875 0.0140625
0 0.8265625 0.48828125 0.04296875 0.0140625
0 0.8265625 0.5046875 0.0484375 0.0140625
0 0.8265625 0.521875 0.04296875 0.009375
0 0.83046875 0.53828125 0.04296875 0.0140625
0 0.83203125 0.55546875 0.040625 0.0140625
0 0.83515625 0.56953125 0.04296875 0.0140625
0 0.8328125 0.584375 0.04296875 0.0140625
0 0.83515625 0.6 0.03828125 0.0171875
0 0.83671875 0.61328125 0.04296875 0.0140625
0 0.8390625 0.6296875 0.04296875 0.0140625
0 0.85703125 0.821875 0.0484375 0.009375
0 0.84140625 0.64921875 0.0453125 0.01171875
0 0.84375 0.7296875 0.040625 0.0140625
0 0.8421875 0.7140625 0.04296875 0.01171875
0 0.84140625 0.696875 0.04296875 0.0171875
0 0.84140625 0.6828125 0.040625 0.0140625
0 0.83984375 0.665625 0.04296875 0.0140625
0 0.759375 0.446875 0.04296875 0.0140625
0 0.759375 0.46015625 0.040625 0.0140625
0 0.759375 0.4734375 0.03828125 0.01171875
0 0.7609375 0.48671875 0.03828125 0.0140625
0 0.76171875 0.50234375 0.03828125 0.0140625
0 0.76328125 0.5171875 0.03828125 0.00703125
0 0.76328125 0.52734375 0.03828125 0.0140625
0 0.76328125 0.540625 0.040625 0.0140625
0 0.7640625 0.55625 0.03828125 0.0140625
0 0.76328125 0.57109375 0.03828125 0.0140625
0 0.7640625 0.584375 0.04296875 0.0140625
0 0.7671875 0.59375 0.0484375 0.0140625
0 0.7296875 0.8453125 0.04296875 0.01171875
0 0.77734375 0.84765625 0.04296875 0.00703125
0 0.7296875 0.828125 0.04296875 0.01953125
0 0.728125 0.8125 0.03828125 0.01953125
0 0.728125 0.796875 0.03828125 0.01953125
0 0.728125 0.78125 0.0359375 0.0171875
0 0.72734375 0.765625 0.03828125 0.01953125
0 0.72578125 0.7515625 0.0359375 0.0171875
0 0.725 0.73671875 0.03828125 0.0171875
0 0.35 0.609375 0.02890625 0.01171875
0 0.3484375 0.5984375 0.02890625 0.009375
0 0.3484375 0.5875 0.0265625 0.009375
0 0.5453125 0.70703125 0.02890625 0.0140625
0 0.5453125 0.72109375 0.03125 0.009375
0 0.5453125 0.73203125 0.03359375 0.009375
0 0.7671875 0.609375 0.0453125 0.01171875
0 0.76953125 0.63828125 0.0453125 0.0140625
0 0.7671875 0.65 0.04296875 0.009375
0 0.76953125 0.665625 0.0453125 0.0140625
0 0.7765625 0.7171875 0.04296875 0.01171875
0 0.76953125 0.6921875 0.0453125 0.01171875
0 0.77421875 0.703125 0.04296875 0.0140625
0 0.77890625 0.7359375 0.0484375 0.01171875
0 0.77734375 0.83671875 0.03828125 0.0171875
0 0.77734375 0.81953125 0.03359375 0.0171875
0 0.7765625 0.8015625 0.0359375 0.0140625
0 0.775 0.7875 0.04296875 0.009375
0 0.7703125 0.62265625 0.04296875 0.0171875
0 0.775 0.77265625 0.040625 0.0140625
0 0.77734375 0.76171875 0.04296875 0.01171875
0 0.77890625 0.7484375 0.04296875 0.01171875
0 0.35 0.578125 0.021875 0.0046875
0 0.35078125 0.6203125 0.021875 0.01171875
0 0.34765625 0.5671875 0.02421875 0.00703125
0 0.34609375 0.5578125 0.02421875 0.009375
0 0.3453125 0.5453125 0.0265625 0.01171875
0 0.34609375 0.53515625 0.02890625 0.0140625
0 0.34375 0.521875 0.0265625 0.0140625
0 0.3453125 0.51171875 0.02421875 0.009375
0 0.353125 0.62734375 0.02890625 0.00703125
0 0.3421875 0.5015625 0.02421875 0.00703125
0 0.34375 0.47734375 0.02421875 0.01171875
0 0.375 0.1515625 0.021875 0.00234375
0 0.3421875 0.490625 0.01953125 0.009375
0 0.3453125 0.46875 0.021875 0.00703125
0 0.3421875 0.4578125 0.021875 0.01171875
0 0.5453125 0.84765625 0.03359375 0.009375
0 0.5484375 0.834375 0.03359375 0.0140625
0 0.54453125 0.8015625 0.0359375 0.0140625
0 0.5484375 0.81875 0.02890625 0.0140625
0 0.546875 0.78515625 0.0359375 0.009375
0 0.54296875 0.77265625 0.03828125 0.0140625
0 0.54296875 0.759375 0.03359375 0.009375
0 0.5421875 0.74609375 0.02890625 0.009375
0 0.5421875 0.6921875 0.03359375 0.0140625
0 0.54296875 0.678125 0.03359375 0.01171875
0 0.54453125 0.65390625 0.02890625 0.00703125
0 0.5421875 0.6671875 0.02890625 0.01171875
0 0.54296875 0.6390625 0.02421875 0.009375
0 0.540625 0.5890625 0.03359375 0.0171875
0 0.546875 0.61171875 0.03359375 0.009375
0 0.540625 0.57578125 0.03359375 0.0140625
0 0.5421875 0.60234375 0.0265625 0.01171875
0 0.53984375 0.5609375 0.02890625 0.01171875
0 0.53828125 0.5359375 0.02890625 0.0140625
0 0.540625 0.5015625 0.02890625 0.009375
0 0.5421875 0.54921875 0.03359375 0.009375
0 0.5421875 0.48203125 0.02890625 0.009375
0 0.540625 0.47109375 0.03359375 0.01171875
0 0.5453125 0.62734375 0.02890625 0.009375
0 0.53828125 0.46015625 0.02890625 0.009375
0 0.540625 0.446875 0.02890625 0.0140625
0 0.540625 0.43359375 0.0265625 0.0140625
0 0.53828125 0.41953125 0.03359375 0.009375
0 0.5375 0.39765625 0.03359375 0.009375
0 0.5375 0.41015625 0.02890625 0.0140625
0 0.5359375 0.38125 0.03359375 0.009375
0 0.53515625 0.35546875 0.02890625 0.009375
0 0.5375 0.3703125 0.0265625 0.01171875
0 0.5375 0.33046875 0.02890625 0.0140625
0 0.53359375 0.3421875 0.02890625 0.0140625
0 0.5296875 0.31640625 0.02890625 0.0140625
0 0.52890625 0.303125 0.03359375 0.01171875
0 0.52734375 0.27734375 0.03359375 0.0140625
0 0.52890625 0.28828125 0.02890625 0.009375
0 0.52734375 0.26328125 0.02421875 0.0140625
0 0.52890625 0.2484375 0.02890625 0.01171875
0 0.52890625 0.1890625 0.03359375 0.0140625
0 0.52890625 0.16796875 0.03359375 0.0140625
0 0.52890625 0.15625 0.02890625 0.009375
0 0.5734375 0.4359375 0.03359375 0.0140625
0 0.5734375 0.4078125 0.02890625 0.0140625
0 0.56953125 0.390625 0.03359375 0.0140625
0 0.57421875 0.41953125 0.02890625 0.0140625
0 0.571875 0.37734375 0.03359375 0.01171875
0 0.56953125 0.36171875 0.02890625 0.01171875
0 0.56953125 0.34765625 0.02890625 0.009375
0 0.56875 0.33515625 0.02890625 0.009375
0 0.56640625 0.32109375 0.02890625 0.01171875
0 0.56640625 0.30859375 0.03359375 0.01171875
0 0.56484375 0.2953125 0.02890625 0.0140625
0 0.5609375 0.2828125 0.03359375 0.01171875
0 0.56484375 0.26953125 0.03359375 0.0140625
0 0.5640625 0.25625 0.03359375 0.01171875
0 0.5609375 0.24296875 0.02890625 0.0140625
0 0.5640625 0.228125 0.03359375 0.0140625
0 0.5640625 0.2171875 0.02890625 0.0140625
0 0.5640625 0.2046875 0.02890625 0.0140625
0 0.38828125 0.3234375 0.02421875 0.01171875
0 0.384375 0.30546875 0.0265625 0.01171875
0 0.38671875 0.31484375 0.0265625 0.009375
0 0.384375 0.28984375 0.02421875 0.009375
0 0.384375 0.27734375 0.02421875 0.009375
0 0.38203125 0.25390625 0.02421875 0.01171875
0 0.384375 0.265625 0.01953125 0.009375
0 0.38125 0.2453125 0.02890625 0.01171875
0 0.38125 0.23046875 0.0265625 0.009375
0 0.38203125 0.21015625 0.0265625 0.009375
0 0.38359375 0.2203125 0.02421875 0.009375
0 0.3765625 0.19375 0.02421875 0.01171875
0 0.41484375 0.728125 0.0265625 0.009375
0 0.4125 0.7171875 0.02890625 0.01171875
0 0.37890625 0.18125 0.02890625 0.009375
0 0.57421875 0.4484375 0.03359375 0.009375
1 0.4078125 0.7390625 0.0140625 0.00703125
0 0.53125 0.23671875 0.03359375 0.00703125
0 0.525 0.2140625 0.03359375 0.0171875
0 0.52890625 0.22578125 0.03359375 0.0140625
0 0.52734375 0.1984375 0.03359375 0.01171875
0 0.5421875 0.5140625 0.02890625 0.00703125
0 0.5640625 0.1921875 0.03359375 0.009375
0 0.5421875 0.52421875 0.03359375 0.009375
0 0.76953125 0.68046875 0.03828125 0.009375
0 0.53984375 0.4890625 0.02890625 0.009375
0 0.3765625 0.171875 0.0265625 0.01171875
0 0.37734375 0.1578125 0.0265625 0.00703125
0 0.3546875 0.63671875 0.02890625 0.009375
0 0.5578125 0.165625 0.02421875 0.0140625
0 0.5609375 0.18046875 0.03359375 0.0140625
0 0.55859375 0.15234375 0.0265625 0.01171875