0 0.1734375 0.56875 0.0484375 0.0140625
0 0.17578125 0.553125 0.04296875 0.0140625
0 0.1734375 0.5375 0.04296875 0.0140625
0 0.1734375 0.521875 0.0484375 0.0140625
0 0.1734375 0.50234375 0.04296875 0.0140625
0 0.1703125 0.48828125 0.0484375 0.0140625
0 0.1703125 0.47265625 0.0484375 0.0140625
0 0.16796875 0.4578125 0.04296875 0.0140625
0 0.1671875 0.44140625 0.04296875 0.0140625
0 0.16953125 0.42578125 0.0453125 0.0140625
0 0.16796875 0.4109375 0.04296875 0.0140625
0 0.16796875 0.39453125 0.04296875 0.0140625
0 0.15234375 0.203125 0.04296875 0.0046875
0 0.16484375 0.3765625 0.0453125 0.01171875
0 0.16328125 0.2984375 0.040625 0.0140625
0 0.16484375 0.3125 0.04296875 0.0140625
0 0.16484375 0.3296875 0.04296875 0.0140625
0 0.16484375 0.3453125 0.040625 0.0140625
0 0.165625 0.3609375 0.04296875 0.0140625
0 0.240625 0.578125 0.04296875 0.0140625
0 0.240625 0.5640625 0.04296875 0.0140625
0 0.24140625 0.5484375 0.04296875 0.0140625
0 0.24140625 0.53515625 0.040625 0.01953125
0 0.240625 0.51953125 0.03828125 0.0140625
0 0.2390625 0.5 0.03828125 0.0140625
0 0.23828125 0.48671875 0.04296875 0.0140625
0 0.23671875 0.47265625 0.03828125 0.0140625
0 0.23671875 0.459375 0.040625 0.0140625
0 0.2359375 0.44375 0.03828125 0.0140625
0 0.23671875 0.42890625 0.03828125 0.0140625
0 0.2359375 0.415625 0.04296875 0.0140625
0 0.2359375 0.4 0.0484375 0.0140625
0 0.2703125 0.1546875 0.04296875 0.01171875
0 0.225 0.15234375 0.04296875 0.0046875
0 0.2703125 0.171875 0.04296875 0.01953125
0 0.271875 0.1875 0.03828125 0.01953125
0 0.271875 0.203125 0.03828125 0.01953125
0 0.271875 0.21875 0.0359375 0.0171875
0 0.27265625 0.234375 0.03828125 0.01953125
0 0.27421875 0.2484375 0.0359375 0.0171875
0 0.275 0.26328125 0.03828125 0.0171875
0 0.65 0.390625 0.02890625 0.01171875
0 0.6515625 0.4015625 0.02890625 0.009375
0 0.6515625 0.4125 0.0265625 0.009375
0 0.4546875 0.29296875 0.02890625 0.0140625
0 0.45546875 0.28125 0.03359375 0.01171875
0 0.2765625 0.28125 0.03828125 0.0140625
0 0.2765625 0.296875 0.03828125 0.0140625
0 0.4546875 0.26796875 0.03359375 0.009375
0 0.23046875 0.38125 0.0453125 0.01171875
0 0.23046875 0.3640625 0.0453125 0.0171875
0 0.2328125 0.35 0.04296875 0.009375
0 0.23046875 0.334375 0.0453125 0.0140625
0 0.23046875 0.28984375 0.04296875 0.01171875
0 0.23046875 0.3078125 0.0453125 0.01171875
0 0.2296875 0.303125 0.04296875 0.01953125
0 0.2296875 0.27265625 0.0484375 0.01171875
0 0.2234375 0.1671875 0.03828125 0.0140625
0 0.228125 0.18125 0.03828125 0.009375
0 0.225 0.196875 0.0359375 0.0140625
0 0.22578125 0.2140625 0.04296875 0.0140625
0 0.22578125 0.228125 0.04296875 0.0171875
0 0.228125 0.22734375 0.0359375 0.0140625
0 0.228125 0.2453125 0.040625 0.01171875
0 0.23046875 0.259375 0.04296875 0.01171875
0 0.65 0.421875 0.021875 0.0046875
0 0.6625 0.5734375 0.021875 0.01171875
0 0.65234375 0.43359375 0.02421875 0.00703125
0 0.65390625 0.4421875 0.02421875 0.009375
0 0.6546875 0.4546875 0.0265625 0.01171875
0 0.65390625 0.46484375 0.02890625 0.0140625
0 0.65625 0.478125 0.0265625 0.0140625
0 0.6546875 0.48828125 0.02421875 0.009375
0 0.65859375 0.56640625 0.021875 0.009375
0 0.6578125 0.4984375 0.02421875 0.00703125
0 0.65625 0.52265625 0.02421875 0.01171875
0 0.66015625 0.55390625 0.01953125 0.009375
0 0.6578125 0.509375 0.01953125 0.009375
0 0.6546875 0.53125 0.021875 0.00703125
0 0.6578125 0.53984375 0.01953125 0.009375
0 0.45546875 0.1578125 0.03359375 0.009375
0 0.45546875 0.16796875 0.04296875 0.0140625
0 0.45546875 0.1984375 0.0359375 0.0140625
0 0.4578125 0.18359375 0.02890625 0.009375
0 0.453125 0.21484375 0.0359375 0.009375
0 0.45703125 0.22734375 0.03828125 0.0140625
0 0.45703125 0.240625 0.03359375 0.009375
0 0.4578125 0.25390625 0.02890625 0.009375
0 0.4578125 0.3078125 0.03359375 0.0140625
0 0.45703125 0.321875 0.03359375 0.01171875
0 0.45546875 0.34609375 0.02890625 0.00703125
0 0.4578125 0.3328125 0.02890625 0.01171875
0 0.45703125 0.3609375 0.02421875 0.009375
0 0.459375 0.4109375 0.03359375 0.0171875
0 0.459375 0.384375 0.0265625 0.01171875
0 0.459375 0.42421875 0.03359375 0.0140625
0 0.4578125 0.39765625 0.0265625 0.01171875
0 0.46015625 0.4390625 0.02890625 0.01171875
0 0.46171875 0.4640625 0.02890625 0.0140625
0 0.459375 0.4984375 0.02890625 0.009375
0 0.4578125 0.45078125 0.03359375 0.009375
0 0.4578125 0.51796875 0.02890625 0.009375
0 0.459375 0.52890625 0.03359375 0.01171875
0 0.4546875 0.37265625 0.02890625 0.009375
0 0.46171875 0.53984375 0.02890625 0.009375
0 0.459375 0.553125 0.02890625 0.0140625
0 0.459375 0.56640625 0.0265625 0.0140625
0 0.46171875 0.58046875 0.03359375 0.009375
0 0.4625 0.60234375 0.03359375 0.009375
0 0.4625 0.58984375 0.02890625 0.0140625
0 0.4640625 0.61875 0.03359375 0.009375
0 0.46484375 0.64453125 0.02890625 0.009375
0 0.4625 0.6296875 0.0265625 0.01171875
0 0.4625 0.66953125 0.02890625 0.0140625
0 0.46640625 0.6578125 0.02890625 0.0140625
0 0.4703125 0.68359375 0.02890625 0.0140625
0 0.47109375 0.696875 0.03359375 0.01171875
0 0.47265625 0.72265625 0.03359375 0.0140625
0 0.47109375 0.7046875 0.02890625 0.009375
0 0.47265625 0.73671875 0.02421875 0.0140625
0 0.47109375 0.7515625 0.02890625 0.01171875
0 0.47109375 0.8109375 0.03359375 0.0140625
0 0.47109375 0.83203125 0.03359375 0.0140625
0 0.47109375 0.84375 0.02890625 0.009375
0 0.4265625 0.5796875 0.03359375 0.009375
0 0.4265625 0.5921875 0.02890625 0.0140625
0 0.42421875 0.62109375 0.02890625 0.0140625
0 0.42578125 0.603125 0.02890625 0.0140625
0 0.4265625 0.6359375 0.02890625 0.01171875
0 0.43046875 0.646875 0.03359375 0.0140625
0 0.43125 0.66015625 0.0265625 0.0171875
0 0.43125 0.671875 0.02890625 0.0140625
0 0.43046875 0.6859375 0.02890625 0.0140625
0 0.4328125 0.696875 0.03359375 0.01953125
0 0.43515625 0.71171875 0.02890625 0.0140625
0 0.43359375 0.728125 0.02890625 0.0140625
0 0.43515625 0.740625 0.03359375 0.0140625
0 0.43515625 0.75234375 0.02890625 0.01953125
0 0.43515625 0.7671875 0.02890625 0.0140625
0 0.43359375 0.7796875 0.0265625 0.0140625
0 0.4359375 0.7921875 0.02890625 0.0140625
0 0.43515625 0.80546875 0.02890625 0.0171875
0 0.43359375 0.8390625 0.02890625 0.0140625
0 0.6109375 0.7046875 0.02421875 0.0140625
0 0.6109375 0.72734375 0.01953125 0.01171875
0 0.61171875 0.71484375 0.02421875 0.00703125
0 0.6109375 0.740625 0.02421875 0.009375
0 0.61328125 0.75234375 0.02421875 0.009375
0 0.61328125 0.7765625 0.0265625 0.0140625
0 0.61328125 0.7640625 0.02421875 0.0140625
0 0.615625 0.78828125 0.02890625 0.0140625
0 0.61328125 0.8015625 0.0265625 0.009375
0 0.615625 0.8140625 0.021875 0.01171875
0 0.615625 0.82421875 0.02421875 0.009375
0 0.61640625 0.8375 0.01953125 0.01171875
0 0.5921875 0.29921875 0.02421875 0.00703125
0 0.5921875 0.3109375 0.02421875 0.01171875
0 0.61796875 0.84765625 0.021875 0.0046875
0 0.4359375 0.84765625 0.03359375 0.009375
1 0.60078125 0.28984375 0.0140625 0.00703125
0 0.46875 0.76328125 0.03359375 0.00703125
0 0.475 0.7859375 0.03359375 0.0171875
0 0.47109375 0.77421875 0.03359375 0.0140625
0 0.47265625 0.8015625 0.03359375 0.01171875
0 0.4578125 0.4859375 0.02890625 0.00703125
0 0.43515625 0.81875 0.02890625 0.0140625
0 0.4578125 0.47578125 0.03359375 0.009375
0 0.23046875 0.31953125 0.03828125 0.009375
0 0.46015625 0.5109375 0.02890625 0.009375