0 0.85078125 0.24296875 0.0046875 0.0453125
0 0.84375 0.24375 0.0140625 0.0359375
0 0.82578125 0.2453125 0.0171875 0.040625
0 0.7921875 0.56953125 0.009375 0.0265625
0 0.78125 0.5734375 0.0140625 0.02890625
0 0.678125 0.63828125 0.01171875 0.02421875
0 0.84375 0.19375 0.0140625 0.040625
0 0.83046875 0.19453125 0.0140625 0.03828125
0 0.81015625 0.1984375 0.0171875 0.04296875
0 0.790625 0.203125 0.0171875 0.04296875
0 0.790625 0.24609375 0.0140625 0.04296875
0 0.80625 0.24765625 0.0140625 0.04296875
0 0.775 0.2078125 0.0140625 0.04296875
0 0.75703125 0.21015625 0.0140625 0.040625
0 0.74296875 0.209375 0.0140625 0.03828125
0 0.72734375 0.209375 0.0140625 0.04296875
0 0.71015625 0.2125 0.01171875 0.0359375
0 0.69609375 0.2140625 0.0140625 0.03828125
0 0.68046875 0.21640625 0.01171875 0.04296875
0 0.66484375 0.2171875 0.0140625 0.03828125
0 0.65 0.2171875 0.0140625 0.03828125
0 0.6390625 0.22109375 0.0140625 0.03359375
0 0.625 0.22734375 0.0140625 0.03828125
0 0.6078125 0.228125 0.0171875 0.03828125
0 0.59375 0.23046875 0.0140625 0.040625
0 0.58203125 0.23046875 0.0171875 0.04296875
0 0.5453125 0.234375 0.01171875 0.03828125
0 0.53125 0.2359375 0.0140625 0.040625
0 0.5171875 0.23828125 0.0140625 0.03828125
0 0.49609375 0.23828125 0.01171875 0.040625
0 0.78984375 0.1359375 0.0171875 0.053125
0 0.771875 0.13671875 0.0140625 0.053125
0 0.75703125 0.13671875 0.0140625 0.0484375
0 0.73671875 0.14296875 0.01953125 0.0484375
0 0.72109375 0.140625 0.0171875 0.040625
0 0.7046875 0.1453125 0.0140625 0.04296875
0 0.6859375 0.15 0.0140625 0.0484375
0 0.66953125 0.14765625 0.01171875 0.04296875
0 0.6546875 0.1515625 0.0140625 0.0484375
0 0.63828125 0.15390625 0.0140625 0.04296875
0 0.6234375 0.15390625 0.0140625 0.0484375
0 0.60546875 0.16015625 0.0140625 0.04296875
0 0.5890625 0.1625 0.01171875 0.04296875
0 0.57578125 0.165625 0.0140625 0.03828125
0 0.55546875 0.165625 0.0140625 0.04296875
0 0.53984375 0.16796875 0.0140625 0.04296875
0 0.52734375 0.1703125 0.0140625 0.04296875
0 0.50859375 0.171875 0.0140625 0.040625
0 0.665625 0.6390625 0.00703125 0.02421875
0 0.6546875 0.64296875 0.009375 0.021875
0 0.63359375 0.6453125 0.009375 0.01953125
0 0.61171875 0.64921875 0.009375 0.02890625
0 0.62109375 0.6453125 0.009375 0.02421875
0 0.5890625 0.65 0.00703125 0.021875
0 0.578125 0.65 0.009375 0.01953125
0 0.56640625 0.65234375 0.00703125 0.01953125
0 0.55625 0.65 0.009375 0.0265625
0 0.54453125 0.65390625 0.009375 0.021875
0 0.5296875 0.6546875 0.009375 0.02421875
0 0.5171875 0.65390625 0.01171875 0.021875
0 0.68984375 0.6359375 0.009375 0.021875
0 0.83984375 0.428125 0.01171875 0.0359375
0 0.82421875 0.43125 0.0140625 0.03828125
0 0.80859375 0.42578125 0.0140625 0.0484375
0 0.7953125 0.4328125 0.01171875 0.03359375
0 0.7828125 0.43359375 0.009375 0.0359375
0 0.76796875 0.43515625 0.009375 0.03359375
0 0.75234375 0.4359375 0.0140625 0.03359375
0 0.74140625 0.4375 0.009375 0.03359375
0 0.72734375 0.4390625 0.0140625 0.03828125
0 0.7140625 0.43984375 0.009375 0.03359375
0 0.70078125 0.43984375 0.009375 0.03359375
0 0.6890625 0.44375 0.009375 0.02890625
0 0.6734375 0.44140625 0.009375 0.03359375
0 0.66015625 0.44375 0.01171875 0.03359375
0 0.6453125 0.44609375 0.01171875 0.02890625
0 0.63125 0.44921875 0.009375 0.02890625
0 0.61796875 0.44609375 0.01171875 0.02890625
0 0.603125 0.4515625 0.01171875 0.03359375
0 0.5890625 0.4515625 0.0140625 0.03359375
0 0.57578125 0.4515625 0.009375 0.02890625
0 0.5640625 0.453125 0.01171875 0.02890625
0 0.55546875 0.45546875 0.0140625 0.03359375
0 0.53984375 0.453125 0.01171875 0.02890625
0 0.525 0.4546875 0.009375 0.0265625
0 0.51328125 0.4578125 0.009375 0.0359375
0 0.50234375 0.46171875 0.00703125 0.02890625
0 0.490625 0.4625 0.01171875 0.03359375
0 0.475 0.4640625 0.009375 0.02890625
0 0.4625 0.4640625 0.009375 0.02890625
0 0.45078125 0.46640625 0.009375 0.0265625
0 0.43515625 0.4640625 0.0140625 0.03359375
0 0.42421875 0.46875 0.01171875 0.03359375
0 0.40859375 0.4671875 0.0140625 0.03359375
0 0.4859375 0.4234375 0.009375 0.03359375
0 0.47578125 0.4265625 0.0140625 0.03359375
0 0.4546875 0.43046875 0.0140625 0.03359375
0 0.44609375 0.42890625 0.009375 0.02890625
0 0.41796875 0.4328125 0.0140625 0.0265625
0 0.43046875 0.43125 0.0140625 0.02890625
0 0.4109375 0.43515625 0.0140625 0.02890625
0 0.396875 0.46875 0.01171875 0.0265625
0 0.3859375 0.47265625 0.01171875 0.02421875
0 0.396875 0.4390625 0.01953125 0.03359375
0 0.3734375 0.47265625 0.0140625 0.0265625
0 0.38203125 0.43984375 0.009375 0.03359375
0 0.3609375 0.47578125 0.01171875 0.03359375
0 0.34765625 0.4796875 0.0140625 0.03359375
0 0.3703125 0.4390625 0.01171875 0.03359375
0 0.33515625 0.48203125 0.01171875 0.02890625
0 0.32109375 0.48203125 0.0140625 0.02890625
0 0.3421875 0.44375 0.0140625 0.02890625
0 0.3296875 0.44609375 0.0171875 0.02890625
0 0.3078125 0.48046875 0.009375 0.03359375
0 0.2953125 0.4859375 0.009375 0.03359375
0 0.31640625 0.44609375 0.01171875 0.03359375
0 0.2921875 0.446875 0.01171875 0.02890625
0 0.27890625 0.453125 0.0140625 0.03359375
0 0.2828125 0.490625 0.0140625 0.02890625
0 0.271875 0.4890625 0.01171875 0.03359375
0 0.25703125 0.490625 0.0140625 0.02890625
0 0.24375 0.490625 0.01171875 0.02890625
0 0.26953125 0.4515625 0.01953125 0.02890625
0 0.19140625 0.45703125 0.0140625 0.02890625
0 0.23046875 0.48671875 0.0140625 0.03828125
0 0.21875 0.490625 0.0140625 0.03828125
0 0.2046875 0.49375 0.0140625 0.02890625
0 0.18984375 0.49375 0.0140625 0.02890625
0 0.178125 0.49609375 0.0140625 0.02890625
0 0.56015625 0.23046875 0.0171875 0.04296875
0 0.25234375 0.45078125 0.01171875 0.02890625
0 0.240625 0.453125 0.0140625 0.03359375
0 0.228125 0.453125 0.0171875 0.0359375
0 0.203125 0.45703125 0.0140625 0.02890625
0 0.4984375 0.4234375 0.0140625 0.03359375
0 0.38671875 0.61328125 0.009375 0.0265625
0 0.375 0.615625 0.009375 0.02421875
0 0.36328125 0.61875 0.009375 0.021875
0 0.3375 0.6203125 0.009375 0.0265625
0 0.32578125 0.62265625 0.009375 0.02421875
0 0.3125 0.62265625 0.01171875 0.02421875
0 0.30078125 0.62265625 0.009375 0.02890625
0 0.2875 0.625 0.009375 0.02890625
0 0.27265625 0.62734375 0.01171875 0.02890625
0 0.25859375 0.62890625 0.01171875 0.0265625
0 0.24609375 0.6296875 0.01171875 0.02421875
0 0.2328125 0.634375 0.009375 0.02890625
0 0.2234375 0.63125 0.009375 0.03359375
0 0.5984375 0.64921875 0.01171875 0.02421875
1 0.80390625 0.58203125 0.009375 0.00703125
0 0.35 0.61796875 0.009375 0.02421875
0 0.69921875 0.6390625 0.009375 0.02421875
0 0.64453125 0.64453125 0.009375 0.01953125
0 0.3546875 0.44375 0.0140625 0.02890625
0 0.2140625 0.45546875 0.0140625 0.02890625
0 0.2125 0.634375 0.009375 0.0265625
0 0.2015625 0.63671875 0.0140625 0.03359375
0 0.30546875 0.446875 0.009375 0.03828125