0 0.8265625 0.54453125 0.0453125 0.009375
0 0.828125 0.52734375 0.04296875 0.0140625
0 0.8265625 0.51171875 0.04296875 0.0140625
0 0.8265625 0.4953125 0.0484375 0.0140625
0 0.8265625 0.478125 0.04296875 0.009375
0 0.83046875 0.46171875 0.04296875 0.0140625
0 0.83203125 0.44453125 0.040625 0.0140625
0 0.83515625 0.43046875 0.04296875 0.0140625
0 0.8328125 0.415625 0.04296875 0.0140625
0 0.83515625 0.4 0.03828125 0.0171875
0 0.83671875 0.38671875 0.04296875 0.0140625
0 0.8390625 0.3703125 0.04296875 0.0140625
0 0.85703125 0.178125 0.0484375 0.009375
0 0.84140625 0.35078125 0.0453125 0.01171875
0 0.84375 0.2703125 0.040625 0.0140625
0 0.8421875 0.2859375 0.04296875 0.01171875
0 0.84140625 0.303125 0.04296875 0.0140625
0 0.84140625 0.3171875 0.040625 0.0140625
0 0.83984375 0.334375 0.04296875 0.0140625
0 0.759375 0.553125 0.04296875 0.0140625
0 0.759375 0.53984375 0.040625 0.0140625
0 0.759375 0.5265625 0.03828125 0.01171875
0 0.7609375 0.51328125 0.03828125 0.0140625
0 0.76171875 0.49765625 0.03828125 0.0140625
0 0.76328125 0.4828125 0.03828125 0.00703125
0 0.76328125 0.47265625 0.03828125 0.0140625
0 0.76328125 0.459375 0.040625 0.0140625
0 0.7640625 0.44375 0.03828125 0.0140625
0 0.76328125 0.42890625 0.03828125 0.0140625
0 0.7640625 0.415625 0.04296875 0.0140625
0 0.7671875 0.40625 0.0484375 0.0140625
0 0.7296875 0.1546875 0.04296875 0.01171875
0 0.77734375 0.15234375 0.04296875 0.0046875
0 0.7296875 0.171875 0.04296875 0.01953125
0 0.728125 0.1875 0.03828125 0.01953125
0 0.728125 0.203125 0.03828125 0.01953125
0 0.728125 0.21875 0.0359375 0.0171875
0 0.72734375 0.234375 0.03828125 0.01953125
0 0.72578125 0.2484375 0.0359375 0.0171875
0 0.725 0.26328125 0.03828125 0.0171875
0 0.35 0.390625 0.02890625 0.01171875
0 0.3484375 0.4015625 0.02890625 0.009375
0 0.3484375 0.4125 0.0265625 0.009375
0 0.5453125 0.29296875 0.02890625 0.0140625
0 0.5453125 0.27890625 0.03125 0.009375
0 0.5453125 0.26796875 0.03359375 0.009375
0 0.7671875 0.390625 0.0453125 0.01171875
0 0.76953125 0.36171875 0.0453125 0.0140625
0 0.7671875 0.35 0.04296875 0.009375
0 0.76953125 0.334375 0.0453125 0.0140625
0 0.7765625 0.2828125 0.04296875 0.01171875
0 0.76953125 0.3078125 0.0453125 0.01171875
0 0.77421875 0.296875 0.04296875 0.0140625
0 0.77890625 0.2640625 0.0484375 0.01171875
0 0.77734375 0.16328125 0.03828125 0.0171875
0 0.77734375 0.18046875 0.03359375 0.0140625
0 0.7765625 0.1984375 0.0359375 0.0140625
0 0.775 0.2125 0.04296875 0.009375
0 0.7703125 0.37734375 0.04296875 0.0171875
0 0.775 0.22734375 0.040625 0.0140625
0 0.77734375 0.23828125 0.04296875 0.01171875
0 0.77890625 0.2515625 0.04296875 0.01171875
0 0.35 0.421875 0.021875 0.0046875
0 0.35078125 0.3796875 0.021875 0.01171875
0 0.34765625 0.4328125 0.02421875 0.00703125
0 0.34609375 0.4421875 0.02421875 0.009375
0 0.3453125 0.4546875 0.0265625 0.01171875
0 0.34609375 0.46484375 0.02890625 0.0140625
0 0.34375 0.478125 0.0265625 0.0140625
0 0.3453125 0.48828125 0.02421875 0.009375
0 0.353125 0.37265625 0.02890625 0.00703125
0 0.3421875 0.4984375 0.02421875 0.00703125
0 0.34375 0.52265625 0.02421875 0.01171875
0 0.375 0.8484375 0.021875 0.00234375
0 0.3421875 0.509375 0.01953125 0.009375
0 0.3453125 0.53125 0.021875 0.00703125
0 0.3421875 0.5421875 0.021875 0.01171875
0 0.5453125 0.15234375 0.03359375 0.009375
0 0.5484375 0.165625 0.03359375 0.0140625
0 0.54453125 0.1984375 0.0359375 0.0140625
0 0.5484375 0.18125 0.02890625 0.0140625
0 0.546875 0.21484375 0.0359375 0.009375
0 0.54296875 0.22734375 0.03828125 0.0140625
0 0.54296875 0.240625 0.03359375 0.009375
0 0.5421875 0.25390625 0.02890625 0.009375
0 0.5421875 0.3078125 0.03359375 0.0140625
0 0.54296875 0.321875 0.03359375 0.01171875
0 0.54453125 0.34609375 0.02890625 0.00703125
0 0.5421875 0.3328125 0.02890625 0.01171875
0 0.54296875 0.3609375 0.02421875 0.009375
0 0.540625 0.4109375 0.03359375 0.0171875
0 0.546875 0.38828125 0.03359375 0.009375
0 0.540625 0.42421875 0.03359375 0.0140625
0 0.5421875 0.39765625 0.0265625 0.01171875
0 0.53984375 0.4390625 0.02890625 0.01171875
0 0.53828125 0.4640625 0.02890625 0.0140625
0 0.540625 0.4984375 0.02890625 0.009375
0 0.5421875 0.45078125 0.03359375 0.009375
0 0.5421875 0.51796875 0.02890625 0.009375
0 0.540625 0.52890625 0.03359375 0.01171875
0 0.5453125 0.37265625 0.02890625 0.009375
0 0.53828125 0.53984375 0.02890625 0.009375
0 0.540625 0.553125 0.02890625 0.0140625
0 0.540625 0.56640625 0.0265625 0.0140625
0 0.53828125 0.58046875 0.03359375 0.009375
0 0.5375 0.60234375 0.03359375 0.009375
0 0.5375 0.58984375 0.02890625 0.0140625
0 0.5359375 0.61875 0.03359375 0.009375
0 0.53515625 0.64453125 0.02890625 0.009375
0 0.5375 0.6296875 0.0265625 0.01171875
0 0.5375 0.66953125 0.02890625 0.0140625
0 0.53359375 0.6578125 0.02890625 0.0140625
0 0.5296875 0.68359375 0.02890625 0.0140625
0 0.52890625 0.696875 0.03359375 0.01171875
0 0.52734375 0.72265625 0.03359375 0.0140625
0 0.52890625 0.71171875 0.02890625 0.009375
0 0.52734375 0.73671875 0.02421875 0.0140625
0 0.52890625 0.7515625 0.02890625 0.01171875
0 0.52890625 0.8109375 0.03359375 0.0140625
0 0.52890625 0.83203125 0.03359375 0.0140625
0 0.52890625 0.84375 0.02890625 0.009375
0 0.5734375 0.5640625 0.03359375 0.0140625
0 0.5734375 0.5921875 0.02890625 0.0140625
0 0.56953125 0.609375 0.03359375 0.0140625
0 0.57421875 0.58046875 0.02890625 0.0140625
0 0.571875 0.62265625 0.03359375 0.01171875
0 0.56953125 0.63828125 0.02890625 0.01171875
0 0.56953125 0.65234375 0.02890625 0.009375
0 0.56875 0.66484375 0.02890625 0.009375
0 0.56640625 0.67890625 0.02890625 0.01171875
0 0.56640625 0.69140625 0.03359375 0.01171875
0 0.56484375 0.7046875 0.02890625 0.0140625
0 0.5609375 0.7171875 0.03359375 0.01171875
0 0.56484375 0.73046875 0.03359375 0.0140625
0 0.5640625 0.74375 0.03359375 0.01171875
0 0.5609375 0.75703125 0.02890625 0.0140625
0 0.5640625 0.771875 0.03359375 0.0140625
0 0.5640625 0.7828125 0.02890625 0.0140625
0 0.5640625 0.7953125 0.02890625 0.0140625
0 0.38828125 0.6765625 0.02421875 0.01171875
0 0.384375 0.69453125 0.0265625 0.01171875
0 0.38671875 0.68515625 0.0265625 0.009375
0 0.384375 0.71015625 0.02421875 0.009375
0 0.384375 0.72265625 0.02421875 0.009375
0 0.38203125 0.74609375 0.02421875 0.01171875
0 0.384375 0.734375 0.01953125 0.009375
0 0.38125 0.7546875 0.02890625 0.01171875
0 0.38125 0.76953125 0.0265625 0.009375
0 0.38203125 0.78984375 0.0265625 0.009375
0 0.38359375 0.7796875 0.02421875 0.009375
0 0.3765625 0.80625 0.02421875 0.01171875
0 0.41484375 0.271875 0.0265625 0.009375
0 0.4125 0.2828125 0.02890625 0.01171875
0 0.37890625 0.81875 0.02890625 0.009375
0 0.57421875 0.5515625 0.03359375 0.009375
1 0.4078125 0.2609375 0.0140625 0.00703125
0 0.53125 0.76328125 0.03359375 0.00703125
0 0.525 0.7859375 0.03359375 0.0171875
0 0.52890625 0.77421875 0.03359375 0.0140625
0 0.52734375 0.8015625 0.03359375 0.01171875
0 0.5421875 0.4859375 0.02890625 0.00703125
0 0.5640625 0.8078125 0.03359375 0.009375
0 0.5421875 0.47578125 0.03359375 0.009375
0 0.76953125 0.31953125 0.03828125 0.009375
0 0.53984375 0.5109375 0.02890625 0.009375
0 0.3765625 0.828125 0.0265625 0.01171875
0 0.37734375 0.8421875 0.0265625 0.00703125
0 0.3546875 0.36328125 0.02890625 0.009375
0 0.5578125 0.834375 0.02421875 0.0140625
0 0.5609375 0.81953125 0.03359375 0.0140625
0 0.55859375 0.84765625 0.0265625 0.01171875