0 0.2515625 0.15234375 0.0453125 0.0046875
0 0.203125 0.15 0.0359375 0.0046875
0 0.2484375 0.1625 0.04296875 0.0140625
0 0.25234375 0.17578125 0.040625 0.0171875
0 0.578125 0.234375 0.0265625 0.01171875
0 0.578125 0.24609375 0.02890625 0.0140625
0 0.6421875 0.3234375 0.02421875 0.01171875
0 0.203125 0.165625 0.040625 0.0140625
0 0.20703125 0.18125 0.03828125 0.0140625
0 0.20703125 0.19609375 0.040625 0.0140625
0 0.2078125 0.2125 0.04296875 0.0171875
0 0.2546875 0.21640625 0.04296875 0.0140625
0 0.25625 0.1921875 0.03828125 0.0140625
0 0.25390625 0.2046875 0.04296875 0.0046875
0 0.25625 0.23203125 0.04296875 0.0140625
0 0.209375 0.2296875 0.04296875 0.0140625
0 0.21484375 0.2453125 0.040625 0.0140625
0 0.2125 0.259375 0.03828125 0.0140625
0 0.21640625 0.2765625 0.04296875 0.0140625
0 0.21484375 0.290625 0.0359375 0.01171875
0 0.21640625 0.30390625 0.03828125 0.0140625
0 0.21640625 0.32109375 0.04296875 0.01171875
0 0.2203125 0.3421875 0.03828125 0.0140625
0 0.22109375 0.35703125 0.03828125 0.0140625
0 0.22265625 0.37109375 0.03359375 0.0140625
0 0.22734375 0.38828125 0.03828125 0.0140625
0 0.2296875 0.40625 0.03828125 0.0171875
0 0.23046875 0.41796875 0.0359375 0.01171875
0 0.23046875 0.4328125 0.0359375 0.0140625
0 0.2328125 0.44609375 0.04296875 0.0140625
0 0.2359375 0.4640625 0.03828125 0.01171875
0 0.2359375 0.4796875 0.0359375 0.01171875
0 0.23828125 0.49296875 0.03828125 0.0140625
0 0.23828125 0.50703125 0.04296875 0.01171875
0 0.2390625 0.52265625 0.03828125 0.0140625
0 0.1453125 0.23671875 0.053125 0.0171875
0 0.1421875 0.25234375 0.053125 0.0140625
0 0.14765625 0.271875 0.03828125 0.0140625
0 0.15 0.2875 0.04296875 0.01171875
0 0.15 0.3015625 0.03828125 0.01171875
0 0.15234375 0.31875 0.04296875 0.01171875
0 0.1578125 0.3390625 0.0484375 0.0140625
0 0.15625 0.35546875 0.04296875 0.01171875
0 0.15859375 0.36875 0.03828125 0.009375
0 0.15859375 0.384375 0.03828125 0.0140625
0 0.16015625 0.4 0.0484375 0.0140625
0 0.1625 0.4171875 0.03828125 0.01171875
0 0.165625 0.4328125 0.0359375 0.0140625
0 0.1671875 0.446875 0.03828125 0.01171875
0 0.16796875 0.46640625 0.04296875 0.0140625
0 0.16796875 0.4828125 0.04296875 0.0140625
0 0.1703125 0.4984375 0.0359375 0.01171875
0 0.1703125 0.51328125 0.040625 0.01171875
0 0.64453125 0.3421875 0.02890625 0.009375
0 0.64453125 0.3546875 0.01953125 0.00703125
0 0.646875 0.365625 0.01953125 0.0046875
0 0.64765625 0.3765625 0.0265625 0.009375
0 0.64921875 0.38671875 0.0265625 0.009375
0 0.64765625 0.390625 0.02421875 0.009375
0 0.65 0.4109375 0.021875 0.00703125
0 0.65 0.421875 0.01953125 0.009375
0 0.65234375 0.43359375 0.01953125 0.00703125
0 0.65 0.44375 0.0265625 0.009375
0 0.65390625 0.45546875 0.021875 0.009375
0 0.65625 0.46484375 0.01953125 0.009375
0 0.65390625 0.47578125 0.021875 0.009375
0 0.65234375 0.4890625 0.021875 0.01171875
0 0.6546875 0.5 0.01953125 0.009375
0 0.640625 0.334375 0.021875 0.009375
0 0.43515625 0.1546875 0.03359375 0.009375
0 0.4390625 0.1671875 0.03828125 0.0140625
0 0.43984375 0.18046875 0.03359375 0.009375
0 0.43984375 0.19375 0.02890625 0.009375
0 0.4421875 0.2078125 0.03359375 0.01171875
0 0.43984375 0.2234375 0.03359375 0.009375
0 0.43984375 0.2359375 0.03359375 0.009375
0 0.44375 0.25234375 0.03359375 0.0140625
0 0.44375 0.2640625 0.02890625 0.009375
0 0.44609375 0.27890625 0.02890625 0.01171875
0 0.44453125 0.2921875 0.02890625 0.00703125
0 0.44609375 0.303125 0.02890625 0.009375
0 0.4484375 0.3171875 0.02890625 0.009375
0 0.44921875 0.33203125 0.0265625 0.009375
0 0.44921875 0.34375 0.03359375 0.009375
0 0.44921875 0.359375 0.0265625 0.01171875
0 0.44921875 0.37109375 0.02890625 0.0140625
0 0.453125 0.38671875 0.02890625 0.01171875
0 0.4515625 0.396875 0.03359375 0.01171875
0 0.4515625 0.4109375 0.03359375 0.0140625
0 0.4515625 0.42421875 0.02890625 0.009375
0 0.453125 0.4359375 0.02890625 0.01171875
0 0.45546875 0.44453125 0.03359375 0.0140625
0 0.453125 0.46015625 0.02890625 0.01171875
0 0.4546875 0.475 0.0265625 0.009375
0 0.4578125 0.48671875 0.0359375 0.009375
0 0.4578125 0.49765625 0.02421875 0.00703125
0 0.4578125 0.5109375 0.02421875 0.009375
0 0.4640625 0.525 0.02890625 0.009375
0 0.4640625 0.5375 0.02890625 0.009375
0 0.46640625 0.54921875 0.0265625 0.009375
0 0.4640625 0.56484375 0.03359375 0.0140625
0 0.46875 0.57578125 0.03359375 0.01171875
0 0.4671875 0.59140625 0.03359375 0.0140625
0 0.428125 0.52265625 0.03359375 0.009375
0 0.4265625 0.5359375 0.03359375 0.01171875
0 0.42890625 0.5484375 0.02890625 0.009375
0 0.43125 0.5671875 0.02890625 0.009375
0 0.43046875 0.58203125 0.0265625 0.0140625
0 0.4328125 0.5921875 0.02421875 0.009375
0 0.4390625 0.6046875 0.02421875 0.01171875
0 0.46875 0.603125 0.0265625 0.01171875
0 0.47265625 0.6140625 0.02421875 0.01171875
0 0.43984375 0.61796875 0.02890625 0.009375
0 0.47265625 0.6265625 0.0265625 0.0140625
0 0.4421875 0.6296875 0.03359375 0.01171875
0 0.47265625 0.6390625 0.03359375 0.01171875
0 0.44140625 0.64296875 0.02890625 0.0140625
0 0.475 0.65234375 0.03359375 0.0140625
0 0.44375 0.65859375 0.03359375 0.0140625
0 0.478125 0.66796875 0.02890625 0.01171875
0 0.4796875 0.68125 0.0265625 0.009375
0 0.44375 0.6734375 0.0265625 0.0140625
0 0.44453125 0.68515625 0.02421875 0.009375
0 0.4796875 0.6921875 0.03359375 0.009375
0 0.478125 0.70546875 0.03359375 0.009375
0 0.44453125 0.696875 0.03359375 0.009375
0 0.44140625 0.709375 0.02421875 0.009375
0 0.44375 0.72265625 0.02890625 0.009375
0 0.478125 0.71875 0.02890625 0.0140625
0 0.48046875 0.73046875 0.02421875 0.009375
0 0.484375 0.74296875 0.02890625 0.0140625
0 0.48046875 0.75625 0.02890625 0.009375
0 0.446875 0.73671875 0.02890625 0.0140625
0 0.44375 0.7515625 0.03359375 0.009375
0 0.446875 0.765625 0.02421875 0.01171875
0 0.4828125 0.76953125 0.03828125 0.0140625
0 0.48203125 0.7875 0.02890625 0.009375
0 0.4859375 0.80078125 0.02890625 0.0140625
0 0.4859375 0.8125 0.02890625 0.0140625
0 0.48671875 0.82421875 0.02890625 0.0140625
0 0.48828125 0.83671875 0.0265625 0.0140625
0 0.490625 0.85 0.03359375 0.00703125
0 0.44453125 0.77890625 0.0265625 0.0140625
0 0.44921875 0.790625 0.02890625 0.0140625
0 0.44921875 0.8078125 0.03359375 0.0140625
0 0.44921875 0.81953125 0.02890625 0.009375
0 0.453125 0.83203125 0.02890625 0.0140625
0 0.4515625 0.8453125 0.03359375 0.009375
0 0.6140625 0.63671875 0.01953125 0.009375
0 0.615625 0.6515625 0.0265625 0.009375
0 0.615625 0.6625 0.02890625 0.01171875
0 0.61875 0.6765625 0.0265625 0.009375
0 0.61875 0.6875 0.02421875 0.009375
0 0.61875 0.69921875 0.02421875 0.01171875
0 0.62109375 0.7125 0.02890625 0.009375
0 0.62109375 0.72265625 0.03359375 0.00703125
0 0.62109375 0.7359375 0.02890625 0.009375
0 0.62265625 0.7484375 0.02890625 0.009375
0 0.6234375 0.76328125 0.02421875 0.01171875
0 0.6265625 0.775 0.02421875 0.01171875
0 0.62734375 0.78984375 0.02421875 0.01171875
0 0.62890625 0.80078125 0.0265625 0.0140625
0 0.62734375 0.8140625 0.02890625 0.01171875
0 0.63125 0.82421875 0.02421875 0.0140625
0 0.64921875 0.40234375 0.02421875 0.01171875
1 0.5890625 0.22578125 0.009375 0.009375