0 0.15625 0.24140625 0.0140625 0.0359375
0 0.165625 0.240625 0.0171875 0.040625
0 0.196875 0.56875 0.009375 0.0265625
0 0.21015625 0.56875 0.0140625 0.02890625
0 0.31875 0.63671875 0.01171875 0.02421875
0 0.15234375 0.19453125 0.009375 0.03828125
0 0.16484375 0.19375 0.0140625 0.03828125
0 0.18125 0.19609375 0.0171875 0.04296875
0 0.2015625 0.19921875 0.0171875 0.04296875
0 0.20078125 0.24609375 0.0140625 0.04296875
0 0.1859375 0.24296875 0.0140625 0.04296875
0 0.2171875 0.2015625 0.0140625 0.04296875
0 0.2359375 0.203125 0.0140625 0.040625
0 0.25234375 0.2046875 0.0140625 0.03828125
0 0.26953125 0.2078125 0.0140625 0.04296875
0 0.27890625 0.20703125 0.01171875 0.0359375
0 0.2953125 0.21171875 0.0140625 0.03828125
0 0.3125 0.2125 0.01171875 0.04296875
0 0.33203125 0.21484375 0.0140625 0.03828125
0 0.3484375 0.21640625 0.0140625 0.03828125
0 0.3609375 0.22109375 0.0140625 0.03359375
0 0.375 0.22734375 0.0140625 0.03828125
0 0.3921875 0.228125 0.0140625 0.03828125
0 0.40625 0.23046875 0.0140625 0.040625
0 0.41796875 0.23046875 0.0171875 0.04296875
0 0.45078125 0.2359375 0.01171875 0.03828125
0 0.4640625 0.2359375 0.0140625 0.040625
0 0.4828125 0.23828125 0.0140625 0.03828125
0 0.4953125 0.2390625 0.01171875 0.040625
0 0.2046875 0.1296875 0.0171875 0.053125
0 0.22109375 0.13125 0.0140625 0.053125
0 0.23828125 0.134375 0.0140625 0.0484375
0 0.259375 0.1390625 0.01953125 0.0484375
0 0.27890625 0.140625 0.0171875 0.040625
0 0.29296875 0.14453125 0.0140625 0.04296875
0 0.3078125 0.1453125 0.0140625 0.0484375
0 0.32421875 0.146875 0.01171875 0.04296875
0 0.34140625 0.15 0.0140625 0.0484375
0 0.35546875 0.15234375 0.0140625 0.04296875
0 0.3734375 0.1546875 0.0140625 0.0484375
0 0.390625 0.16015625 0.0140625 0.04296875
0 0.4046875 0.16015625 0.01171875 0.04296875
0 0.4203125 0.165625 0.0140625 0.03828125
0 0.4375 0.16328125 0.0140625 0.04296875
0 0.4546875 0.165625 0.0140625 0.04296875
0 0.4703125 0.1703125 0.0140625 0.04296875
0 0.4859375 0.16796875 0.0140625 0.040625
0 0.3328125 0.63828125 0.009375 0.02890625
0 0.34140625 0.640625 0.009375 0.021875
0 0.3609375 0.64453125 0.0140625 0.02890625
0 0.384375 0.64921875 0.009375 0.02890625
0 0.3734375 0.64453125 0.009375 0.02421875
0 0.40859375 0.64921875 0.009375 0.02421875
0 0.41953125 0.65234375 0.009375 0.02421875
0 0.43125 0.65 0.009375 0.02421875
0 0.44375 0.65 0.009375 0.0265625
0 0.4546875 0.65234375 0.009375 0.021875
0 0.4640625 0.65390625 0.009375 0.02421875
0 0.47578125 0.65390625 0.01171875 0.021875
0 0.303125 0.6359375 0.009375 0.021875
0 0.1546875 0.4234375 0.01171875 0.0359375
0 0.16953125 0.42578125 0.0140625 0.03828125
0 0.18046875 0.42890625 0.01171875 0.0359375
0 0.19609375 0.43125 0.01171875 0.03359375
0 0.2125 0.4328125 0.009375 0.03359375
0 0.22578125 0.43046875 0.009375 0.03359375
0 0.24140625 0.43125 0.0140625 0.03359375
0 0.2546875 0.43125 0.009375 0.03359375
0 0.2671875 0.43359375 0.0140625 0.03828125
0 0.28125 0.4359375 0.009375 0.03359375
0 0.29296875 0.43515625 0.009375 0.03359375
0 0.30625 0.44140625 0.009375 0.03828125
0 0.321875 0.44140625 0.009375 0.03359375
0 0.33515625 0.44609375 0.01171875 0.03359375
0 0.34609375 0.44609375 0.01171875 0.02890625
0 0.3609375 0.44453125 0.009375 0.02890625
0 0.37109375 0.446875 0.01171875 0.02890625
0 0.384375 0.446875 0.01171875 0.03359375
0 0.39765625 0.44921875 0.0140625 0.03359375
0 0.42421875 0.4515625 0.009375 0.02890625
0 0.4359375 0.453125 0.01171875 0.02890625
0 0.44453125 0.45546875 0.0140625 0.03359375
0 0.4625 0.4546875 0.01171875 0.02890625
0 0.475 0.459375 0.01171875 0.03359375
0 0.48671875 0.4578125 0.009375 0.0359375
0 0.49765625 0.46171875 0.00703125 0.02890625
0 0.509375 0.4625 0.01171875 0.03359375
0 0.525 0.4640625 0.009375 0.02890625
0 0.5375 0.4640625 0.009375 0.02890625
0 0.54921875 0.46640625 0.009375 0.0265625
0 0.56484375 0.4640625 0.0140625 0.03359375
0 0.58046875 0.46875 0.01171875 0.03359375
0 0.59375 0.475 0.0140625 0.03359375
0 0.5015625 0.42578125 0.009375 0.03359375
0 0.5328125 0.4375 0.01171875 0.0359375
0 0.5140625 0.43046875 0.0140625 0.03359375
0 0.546875 0.42890625 0.009375 0.02890625
0 0.57109375 0.43515625 0.0140625 0.03359375
0 0.56015625 0.43046875 0.0140625 0.02890625
0 0.5890625 0.43515625 0.0140625 0.02890625
0 0.6046875 0.47578125 0.01171875 0.0265625
0 0.61796875 0.475 0.0140625 0.03359375
0 0.603125 0.4390625 0.01953125 0.03359375
0 0.40859375 0.446875 0.01171875 0.02890625
0 0.63125 0.47578125 0.01171875 0.03359375
0 0.64296875 0.478125 0.0140625 0.03359375
0 0.62109375 0.44375 0.009375 0.03359375
0 0.6578125 0.48203125 0.01171875 0.02890625
0 0.6703125 0.48046875 0.0140625 0.02890625
0 0.646875 0.44609375 0.0140625 0.02890625
0 0.6609375 0.446875 0.0140625 0.03359375
0 0.68125 0.484375 0.009375 0.03359375
0 0.69375 0.4828125 0.009375 0.03359375
0 0.67421875 0.446875 0.01171875 0.03359375
0 0.6984375 0.446875 0.01171875 0.02890625
0 0.72109375 0.453125 0.0140625 0.03359375
0 0.7078125 0.484375 0.0140625 0.02890625
0 0.72109375 0.48828125 0.01171875 0.03359375
0 0.734375 0.490625 0.0140625 0.02890625
0 0.7484375 0.490625 0.01171875 0.02890625
0 0.7078125 0.4484375 0.0140625 0.02890625
0 0.8078125 0.45703125 0.0140625 0.02890625
0 0.759375 0.48828125 0.0140625 0.03828125
0 0.771875 0.49140625 0.0140625 0.0359375
0 0.7859375 0.49296875 0.0140625 0.02890625
0 0.80078125 0.49609375 0.0140625 0.02890625
0 0.81640625 0.49375 0.0140625 0.02890625
0 0.43515625 0.23046875 0.0140625 0.04296875
0 0.7359375 0.45703125 0.0140625 0.02890625
0 0.75703125 0.453125 0.0140625 0.0359375
0 0.7640625 0.453125 0.0171875 0.03359375
0 0.79296875 0.45546875 0.0140625 0.02890625
0 0.490625 0.421875 0.0140625 0.03359375
0 0.60703125 0.6140625 0.009375 0.0265625
0 0.6203125 0.615625 0.009375 0.02421875
0 0.62734375 0.61640625 0.009375 0.021875
0 0.65390625 0.62265625 0.009375 0.0265625
0 0.66953125 0.6234375 0.009375 0.02421875
0 0.68125 0.62265625 0.01171875 0.02421875
0 0.69140625 0.6234375 0.009375 0.02890625
0 0.7015625 0.6265625 0.009375 0.02890625
0 0.7140625 0.6234375 0.009375 0.02890625
0 0.72265625 0.6265625 0.01171875 0.0265625
0 0.73671875 0.63125 0.01171875 0.02421875
0 0.74765625 0.6296875 0.009375 0.02890625
0 0.75703125 0.6296875 0.009375 0.03359375
0 0.3953125 0.64765625 0.01171875 0.02421875
1 0.1890625 0.578125 0.009375 0.00703125
0 0.640625 0.61875 0.009375 0.02421875
0 0.290625 0.634375 0.009375 0.02421875
0 0.35 0.64453125 0.0140625 0.0265625
0 0.6359375 0.44140625 0.01171875 0.02890625
0 0.78125 0.453125 0.0140625 0.02890625
0 0.7671875 0.63125 0.009375 0.0265625
0 0.7796875 0.63359375 0.0140625 0.02890625
0 0.68359375 0.4484375 0.009375 0.03828125