0 0.56875 0.8265625 0.0140625 0.0484375
0 0.553125 0.82421875 0.0140625 0.04296875
0 0.5375 0.8265625 0.0140625 0.04296875
0 0.521875 0.8265625 0.0140625 0.0484375
0 0.50234375 0.8265625 0.0140625 0.04296875
0 0.48828125 0.8296875 0.0140625 0.0484375
0 0.47265625 0.8296875 0.0140625 0.0484375
0 0.4578125 0.83203125 0.0140625 0.04296875
0 0.44140625 0.8328125 0.0140625 0.04296875
0 0.42578125 0.83046875 0.0140625 0.0453125
0 0.4109375 0.83203125 0.0140625 0.04296875
0 0.39453125 0.83203125 0.0140625 0.04296875
0 0.209375 0.84375 0.0046875 0.04296875
0 0.3765625 0.83515625 0.01171875 0.0453125
0 0.2984375 0.83671875 0.0140625 0.040625
0 0.3125 0.83515625 0.0140625 0.04296875
0 0.3296875 0.83515625 0.0140625 0.04296875
0 0.3453125 0.83515625 0.0140625 0.040625
0 0.3609375 0.834375 0.0140625 0.04296875
0 0.578125 0.759375 0.0140625 0.04296875
0 0.5640625 0.759375 0.0140625 0.04296875
0 0.5484375 0.75859375 0.0140625 0.04296875
0 0.53515625 0.75859375 0.01953125 0.040625
0 0.51953125 0.759375 0.0140625 0.03828125
0 0.50234375 0.76171875 0.0140625 0.04296875
0 0.48671875 0.76171875 0.0140625 0.04296875
0 0.47265625 0.76328125 0.0140625 0.03828125
0 0.459375 0.76328125 0.0140625 0.040625
0 0.44375 0.7640625 0.0140625 0.03828125
0 0.42890625 0.76328125 0.0140625 0.03828125
0 0.415625 0.7640625 0.0140625 0.04296875
0 0.4 0.7640625 0.0140625 0.0484375
0 0.1546875 0.7296875 0.01171875 0.04296875
0 0.15234375 0.775 0.0046875 0.04296875
0 0.171875 0.7296875 0.01953125 0.04296875
0 0.1875 0.728125 0.01953125 0.03828125
0 0.203125 0.728125 0.01953125 0.03828125
0 0.21875 0.728125 0.0171875 0.0359375
0 0.234375 0.72734375 0.01953125 0.03828125
0 0.2484375 0.72578125 0.0171875 0.0359375
0 0.26328125 0.725 0.0171875 0.03828125
0 0.390625 0.35 0.01171875 0.02890625
0 0.4015625 0.3484375 0.009375 0.02890625
0 0.4125 0.3484375 0.009375 0.0265625
0 0.29296875 0.5453125 0.0140625 0.02890625
0 0.28125 0.54453125 0.01171875 0.03359375
0 0.28125 0.7234375 0.0140625 0.03828125
0 0.296875 0.7234375 0.0140625 0.03828125
0 0.26796875 0.5453125 0.009375 0.03359375
0 0.38203125 0.765625 0.0140625 0.04296875
0 0.3703125 0.76796875 0.0140625 0.0484375
0 0.353125 0.76953125 0.0140625 0.04296875
0 0.3390625 0.76796875 0.0140625 0.0484375
0 0.3234375 0.7703125 0.0140625 0.04296875
0 0.3078125 0.76953125 0.01171875 0.0453125
0 0.2953125 0.76953125 0.0140625 0.0484375
0 0.275 0.76953125 0.0171875 0.0484375
0 0.1671875 0.7765625 0.0140625 0.03828125
0 0.18125 0.771875 0.009375 0.03828125
0 0.196875 0.775 0.0140625 0.0359375
0 0.2140625 0.77421875 0.0140625 0.04296875
0 0.228125 0.77421875 0.0171875 0.04296875
0 0.22734375 0.771875 0.0140625 0.0359375
0 0.2453125 0.771875 0.01171875 0.040625
0 0.259375 0.76953125 0.01171875 0.04296875
0 0.421875 0.35 0.0046875 0.021875
0 0.5734375 0.3375 0.01171875 0.021875
0 0.43359375 0.34765625 0.00703125 0.02421875
0 0.4421875 0.34609375 0.009375 0.02421875
0 0.4546875 0.3453125 0.01171875 0.0265625
0 0.46484375 0.34609375 0.0140625 0.02890625
0 0.478125 0.34375 0.0140625 0.0265625
0 0.48828125 0.3453125 0.009375 0.02421875
0 0.56640625 0.34140625 0.009375 0.021875
0 0.4984375 0.3421875 0.00703125 0.02421875
0 0.52265625 0.34375 0.01171875 0.02421875
0 0.55390625 0.33984375 0.009375 0.01953125
0 0.509375 0.3421875 0.009375 0.01953125
0 0.53125 0.3453125 0.00703125 0.021875
0 0.53984375 0.3421875 0.009375 0.01953125
0 0.1578125 0.54453125 0.009375 0.03359375
0 0.16796875 0.54453125 0.0140625 0.04296875
0 0.1984375 0.54453125 0.0140625 0.0359375
0 0.18359375 0.5421875 0.009375 0.02890625
0 0.21484375 0.546875 0.009375 0.0359375
0 0.22734375 0.54296875 0.0140625 0.03828125
0 0.240625 0.54296875 0.009375 0.03359375
0 0.25390625 0.5421875 0.009375 0.02890625
0 0.3078125 0.5421875 0.0140625 0.03359375
0 0.321875 0.54296875 0.01171875 0.03359375
0 0.34609375 0.54453125 0.00703125 0.02890625
0 0.3328125 0.5421875 0.01171875 0.02890625
0 0.3609375 0.54296875 0.009375 0.02421875
0 0.4109375 0.540625 0.0171875 0.03359375
0 0.384375 0.540625 0.01171875 0.0265625
0 0.42421875 0.540625 0.0140625 0.03359375
0 0.39765625 0.5421875 0.01171875 0.0265625
0 0.4390625 0.53984375 0.01171875 0.02890625
0 0.4640625 0.53828125 0.0140625 0.02890625
0 0.5015625 0.53984375 0.0140625 0.02890625
0 0.45078125 0.5421875 0.009375 0.03359375
0 0.51796875 0.5421875 0.009375 0.02890625
0 0.52890625 0.540625 0.01171875 0.03359375
0 0.37265625 0.5453125 0.009375 0.02890625
0 0.53984375 0.53828125 0.009375 0.02890625
0 0.553125 0.540625 0.0140625 0.02890625
0 0.56640625 0.540625 0.0140625 0.0265625
0 0.58046875 0.53828125 0.009375 0.03359375
0 0.603125 0.5375 0.01171875 0.03359375
0 0.58984375 0.5375 0.0140625 0.02890625
0 0.61875 0.5359375 0.009375 0.03359375
0 0.64453125 0.53515625 0.009375 0.02890625
0 0.6296875 0.5375 0.01171875 0.0265625
0 0.66953125 0.5375 0.0140625 0.02890625
0 0.6578125 0.53359375 0.0140625 0.02890625
0 0.68359375 0.5296875 0.0140625 0.02890625
0 0.696875 0.5296875 0.01171875 0.03359375
0 0.72265625 0.52734375 0.0140625 0.03359375
0 0.70703125 0.5296875 0.01171875 0.03359375
0 0.73671875 0.52734375 0.0140625 0.02421875
0 0.7515625 0.52890625 0.01171875 0.02890625
0 0.8171875 0.5296875 0.0140625 0.03359375
0 0.83203125 0.52890625 0.0140625 0.03359375
0 0.84375 0.52890625 0.009375 0.02890625
0 0.5796875 0.5734375 0.009375 0.03359375
0 0.5921875 0.5734375 0.0140625 0.02890625
0 0.62109375 0.57578125 0.0140625 0.02890625
0 0.603125 0.57421875 0.0140625 0.02890625
0 0.6359375 0.5734375 0.01171875 0.02890625
0 0.646875 0.56953125 0.0140625 0.03359375
0 0.66015625 0.56875 0.0171875 0.0265625
0 0.671875 0.56875 0.0140625 0.02890625
0 0.6859375 0.56953125 0.0140625 0.02890625
0 0.696875 0.5671875 0.01953125 0.03359375
0 0.71171875 0.56484375 0.0140625 0.02890625
0 0.728125 0.56640625 0.0140625 0.02890625
0 0.740625 0.56484375 0.0140625 0.03359375
0 0.75234375 0.56484375 0.01953125 0.02890625
0 0.7671875 0.56484375 0.0140625 0.02890625
0 0.7796875 0.56640625 0.0140625 0.0265625
0 0.7921875 0.5640625 0.0140625 0.02890625
0 0.80546875 0.56484375 0.0171875 0.02890625
0 0.8390625 0.56640625 0.0140625 0.02890625
0 0.7046875 0.3890625 0.0140625 0.02421875
0 0.72734375 0.3890625 0.01171875 0.01953125
0 0.71484375 0.38828125 0.00703125 0.02421875
0 0.740625 0.3890625 0.009375 0.02421875
0 0.75234375 0.38671875 0.009375 0.02421875
0 0.7765625 0.38671875 0.0140625 0.0265625
0 0.7640625 0.38671875 0.0140625 0.02421875
0 0.78828125 0.384375 0.0140625 0.02890625
0 0.8015625 0.38671875 0.009375 0.0265625
0 0.8140625 0.384375 0.01171875 0.021875
0 0.82421875 0.384375 0.009375 0.02421875
0 0.8375 0.38359375 0.01171875 0.01953125
0 0.29921875 0.4078125 0.00703125 0.02421875
0 0.3109375 0.4078125 0.01171875 0.02421875
0 0.84765625 0.38203125 0.0046875 0.021875
0 0.84765625 0.5640625 0.009375 0.03359375
1 0.28984375 0.39921875 0.00703125 0.0140625
0 0.76328125 0.53125 0.00703125 0.03359375
0 0.7859375 0.525 0.0171875 0.03359375
0 0.77421875 0.52890625 0.0140625 0.03359375
0 0.8015625 0.52734375 0.01171875 0.03359375
0 0.4859375 0.5421875 0.00703125 0.02890625
0 0.81875 0.56484375 0.0140625 0.02890625
0 0.47578125 0.5421875 0.009375 0.03359375