0 0.86796875 0.85234375 0.0453125 0.00703125
0 0.7484375 0.84765625 0.0453125 0.0046875
0 0.796875 0.84765625 0.0359375 0.0140625
0 0.75 0.83984375 0.04296875 0.0171875
0 0.74765625 0.82421875 0.040625 0.0171875
0 0.4203125 0.759375 0.0265625 0.01171875
0 0.41953125 0.7515625 0.02890625 0.0140625
0 0.359375 0.66796875 0.02421875 0.01171875
0 0.796875 0.8328125 0.040625 0.0171875
0 0.7921875 0.81484375 0.03828125 0.0171875
0 0.790625 0.7984375 0.040625 0.0140625
0 0.790625 0.7828125 0.04296875 0.0171875
0 0.74296875 0.77421875 0.04296875 0.0140625
0 0.74375 0.8078125 0.03828125 0.0140625
0 0.74375 0.7921875 0.040625 0.0140625
0 0.740625 0.75859375 0.04296875 0.0140625
0 0.78515625 0.76171875 0.04296875 0.0171875
0 0.78515625 0.7453125 0.040625 0.0140625
0 0.78359375 0.73046875 0.03828125 0.0140625
0 0.7828125 0.7140625 0.04296875 0.0140625
0 0.77890625 0.69921875 0.0359375 0.01171875
0 0.7765625 0.68359375 0.03828125 0.0140625
0 0.77734375 0.66796875 0.04296875 0.01171875
0 0.77734375 0.64921875 0.03828125 0.0140625
0 0.77421875 0.634375 0.03828125 0.0140625
0 0.77265625 0.6203125 0.03359375 0.0140625
0 0.77265625 0.60546875 0.03828125 0.0140625
0 0.76953125 0.59140625 0.03828125 0.0171875
0 0.76796875 0.5765625 0.0359375 0.01171875
0 0.765625 0.5609375 0.0359375 0.0140625
0 0.765625 0.5484375 0.04296875 0.0140625
0 0.7640625 0.5296875 0.03828125 0.01171875
0 0.7609375 0.5140625 0.0359375 0.01171875
0 0.7609375 0.5 0.03828125 0.0140625
0 0.759375 0.4859375 0.03359375 0.01171875
0 0.7609375 0.47109375 0.03828125 0.0140625
0 0.8546875 0.759375 0.053125 0.0171875
0 0.85234375 0.74140625 0.053125 0.0140625
0 0.85078125 0.725 0.03828125 0.0140625
0 0.85 0.70703125 0.04296875 0.01171875
0 0.84765625 0.68984375 0.03828125 0.01171875
0 0.84765625 0.67421875 0.03828125 0.009375
0 0.8453125 0.65390625 0.0484375 0.0140625
0 0.83984375 0.6390625 0.03828125 0.01171875
0 0.83984375 0.6234375 0.03828125 0.009375
0 0.8375 0.60703125 0.03828125 0.0140625
0 0.83671875 0.59140625 0.0484375 0.0140625
0 0.83671875 0.57578125 0.03828125 0.01171875
0 0.834375 0.56015625 0.0359375 0.0140625
0 0.8328125 0.546875 0.03828125 0.01171875
0 0.83046875 0.5265625 0.04296875 0.0140625
0 0.8265625 0.5109375 0.04296875 0.0140625
0 0.8265625 0.49609375 0.0359375 0.01171875
0 0.8265625 0.4828125 0.040625 0.01171875
0 0.35546875 0.6578125 0.02890625 0.009375
0 0.35546875 0.6453125 0.01953125 0.00703125
0 0.353125 0.634375 0.01953125 0.0046875
0 0.35234375 0.6234375 0.0265625 0.009375
0 0.35078125 0.61328125 0.0265625 0.009375
0 0.3546875 0.60546875 0.03359375 0.01171875
0 0.35 0.5890625 0.021875 0.00703125
0 0.35 0.578125 0.01953125 0.009375
0 0.34765625 0.56640625 0.01953125 0.00703125
0 0.35 0.55625 0.0265625 0.009375
0 0.34609375 0.54453125 0.021875 0.009375
0 0.34375 0.53515625 0.01953125 0.009375
0 0.34609375 0.52421875 0.021875 0.009375
0 0.3453125 0.5140625 0.02890625 0.0046875
0 0.3453125 0.5015625 0.021875 0.01171875
0 0.3421875 0.490625 0.01953125 0.009375
0 0.33984375 0.48046875 0.02421875 0.0046875
0 0.56484375 0.8453125 0.03359375 0.009375
0 0.5609375 0.8328125 0.03828125 0.0140625
0 0.56015625 0.81953125 0.03359375 0.009375
0 0.56015625 0.80625 0.02890625 0.009375
0 0.5578125 0.7921875 0.03359375 0.01171875
0 0.56015625 0.7765625 0.03359375 0.009375
0 0.56015625 0.7640625 0.03359375 0.009375
0 0.55625 0.74765625 0.03359375 0.0140625
0 0.55625 0.7359375 0.02890625 0.009375
0 0.55390625 0.72109375 0.02890625 0.01171875
0 0.55546875 0.7078125 0.02890625 0.00703125
0 0.55390625 0.696875 0.02890625 0.009375
0 0.5515625 0.6828125 0.02890625 0.009375
0 0.55078125 0.66796875 0.0265625 0.009375
0 0.55078125 0.65625 0.03359375 0.009375
0 0.55078125 0.640625 0.0265625 0.01171875
0 0.55078125 0.62890625 0.02890625 0.0140625
0 0.546875 0.61328125 0.02890625 0.01171875
0 0.5484375 0.603125 0.03359375 0.01171875
0 0.5484375 0.5890625 0.03359375 0.0140625
0 0.5484375 0.57578125 0.02890625 0.009375
0 0.546875 0.5640625 0.02890625 0.01171875
0 0.54453125 0.55546875 0.03359375 0.0140625
0 0.540625 0.5359375 0.02890625 0.01171875
0 0.5453125 0.525 0.0265625 0.009375
0 0.5421875 0.51328125 0.0359375 0.009375
0 0.5421875 0.50234375 0.02421875 0.00703125
0 0.5421875 0.4890625 0.02421875 0.009375
0 0.5359375 0.475 0.02890625 0.009375
0 0.5359375 0.4625 0.02890625 0.009375
0 0.53359375 0.45078125 0.0265625 0.009375
0 0.5359375 0.43515625 0.03359375 0.0140625
0 0.53125 0.42421875 0.03359375 0.01171875
0 0.5328125 0.40859375 0.03359375 0.0140625
0 0.56953125 0.47578125 0.03359375 0.009375
0 0.56953125 0.459375 0.03359375 0.01171875
0 0.56875 0.446875 0.0265625 0.009375
0 0.56875 0.4328125 0.02890625 0.009375
0 0.56953125 0.41796875 0.0265625 0.0140625
0 0.5671875 0.4078125 0.02421875 0.009375
0 0.5609375 0.3953125 0.02421875 0.01171875
0 0.53125 0.396875 0.0265625 0.01171875
0 0.52734375 0.3859375 0.02421875 0.01171875
0 0.56015625 0.38203125 0.02890625 0.009375
0 0.52734375 0.3734375 0.0265625 0.0140625
0 0.5578125 0.3703125 0.03359375 0.01171875
0 0.52734375 0.3609375 0.03359375 0.01171875
0 0.55859375 0.35703125 0.02890625 0.0140625
0 0.525 0.34765625 0.03359375 0.0140625
0 0.55625 0.3421875 0.02890625 0.01953125
0 0.521875 0.33203125 0.02890625 0.01171875
0 0.5203125 0.31875 0.0265625 0.009375
0 0.55625 0.3265625 0.0265625 0.0140625
0 0.55546875 0.31484375 0.02421875 0.009375
0 0.5203125 0.3078125 0.03359375 0.009375
0 0.521875 0.29453125 0.03359375 0.009375
0 0.55546875 0.303125 0.03359375 0.009375
0 0.55859375 0.290625 0.02421875 0.009375
0 0.55625 0.27734375 0.02890625 0.009375
0 0.521875 0.28125 0.02890625 0.0140625
0 0.51953125 0.26953125 0.02421875 0.009375
0 0.515625 0.25703125 0.02890625 0.0140625
0 0.51953125 0.24375 0.02890625 0.009375
0 0.553125 0.26328125 0.02890625 0.0140625
0 0.55625 0.2484375 0.03359375 0.009375
0 0.55625 0.23671875 0.02890625 0.0140625
0 0.5171875 0.228125 0.04296875 0.0140625
0 0.51796875 0.2125 0.02890625 0.009375
0 0.5140625 0.19921875 0.02890625 0.0140625
0 0.5140625 0.1875 0.02890625 0.0140625
0 0.51328125 0.17578125 0.02890625 0.0140625
0 0.51171875 0.16328125 0.0265625 0.0140625
0 0.509375 0.15 0.03359375 0.00703125
0 0.55546875 0.22109375 0.0265625 0.0140625
0 0.55078125 0.209375 0.02890625 0.0140625
0 0.55078125 0.1921875 0.03359375 0.0140625
0 0.55078125 0.18046875 0.02890625 0.009375
0 0.546875 0.16796875 0.02890625 0.0140625
0 0.5484375 0.1546875 0.03359375 0.009375
0 0.3859375 0.3546875 0.02890625 0.01171875
0 0.3859375 0.3421875 0.0265625 0.009375
0 0.38359375 0.33046875 0.02890625 0.01171875
0 0.384375 0.3171875 0.0265625 0.009375
0 0.38125 0.30625 0.02421875 0.009375
0 0.37890625 0.296875 0.02421875 0.01171875
0 0.37734375 0.28359375 0.02890625 0.009375
0 0.37890625 0.27265625 0.03359375 0.00703125
0 0.3765625 0.26171875 0.02890625 0.009375
0 0.37734375 0.2515625 0.02890625 0.009375
0 0.3765625 0.23671875 0.02421875 0.01171875
0 0.3734375 0.225 0.02421875 0.01171875
0 0.37265625 0.21015625 0.02421875 0.01171875
0 0.37109375 0.19921875 0.0265625 0.0140625
0 0.37265625 0.1859375 0.02890625 0.01171875
0 0.36875 0.17578125 0.02421875 0.0140625
0 0.36796875 0.15625 0.02890625 0.01171875
0 0.36796875 0.1625 0.021875 0.009375
1 0.4109375 0.77265625 0.009375 0.0046875