0 0.7484375 0.15234375 0.0453125 0.0046875
0 0.796875 0.15 0.0359375 0.0046875
0 0.7515625 0.1625 0.04296875 0.0140625
0 0.74765625 0.17578125 0.040625 0.0171875
0 0.4265625 0.21484375 0.0265625 0.009375
0 0.4265625 0.228125 0.02890625 0.0140625
0 0.36171875 0.321875 0.02421875 0.01171875
0 0.7984375 0.1625 0.040625 0.0140625
0 0.79296875 0.178125 0.03828125 0.0140625
0 0.7953125 0.18984375 0.040625 0.01171875
0 0.7921875 0.2078125 0.04296875 0.0171875
0 0.7453125 0.21640625 0.04296875 0.0140625
0 0.75 0.19140625 0.04296875 0.0140625
0 0.74609375 0.2046875 0.04296875 0.0046875
0 0.7921875 0.225 0.04296875 0.0140625
0 0.78984375 0.24296875 0.040625 0.0140625
0 0.790625 0.25703125 0.03828125 0.0140625
0 0.790625 0.27265625 0.04296875 0.0140625
0 0.7875 0.28984375 0.0359375 0.01171875
0 0.7859375 0.30390625 0.03828125 0.0140625
0 0.7828125 0.3265625 0.04296875 0.01171875
0 0.7796875 0.3421875 0.03828125 0.0140625
0 0.77890625 0.35703125 0.03828125 0.0140625
0 0.77734375 0.37109375 0.03359375 0.0140625
0 0.77421875 0.38671875 0.03828125 0.0140625
0 0.771875 0.4046875 0.03828125 0.0140625
0 0.771875 0.41953125 0.040625 0.0140625
0 0.76953125 0.43515625 0.0359375 0.0140625
0 0.765625 0.46640625 0.03828125 0.01171875
0 0.76171875 0.4796875 0.0359375 0.01171875
0 0.7609375 0.4953125 0.03828125 0.0140625
0 0.7609375 0.50859375 0.040625 0.01171875
0 0.86328125 0.2203125 0.053125 0.0171875
0 0.859375 0.24140625 0.053125 0.0140625
0 0.859375 0.2546875 0.0484375 0.0140625
0 0.859375 0.27265625 0.04296875 0.01171875
0 0.85546875 0.28828125 0.03828125 0.01171875
0 0.85078125 0.30390625 0.04296875 0.0140625
0 0.85078125 0.32109375 0.0484375 0.0140625
0 0.85078125 0.3375 0.04296875 0.01171875
0 0.8484375 0.35078125 0.0484375 0.0140625
0 0.8453125 0.36875 0.04296875 0.0140625
0 0.84140625 0.384375 0.0484375 0.0140625
0 0.8421875 0.4015625 0.04296875 0.0140625
0 0.83984375 0.41328125 0.0453125 0.01171875
0 0.83671875 0.43359375 0.03828125 0.0140625
0 0.8328125 0.4546875 0.04296875 0.0140625
0 0.8328125 0.46875 0.04296875 0.0140625
0 0.8296875 0.4859375 0.04296875 0.0140625
0 0.8265625 0.4984375 0.040625 0.0140625
0 0.3609375 0.3390625 0.02421875 0.00703125
0 0.35703125 0.3484375 0.021875 0.009375
0 0.3578125 0.365625 0.0265625 0.00703125
0 0.35234375 0.3765625 0.0265625 0.009375
0 0.35078125 0.3859375 0.0265625 0.00703125
0 0.35234375 0.390625 0.02421875 0.009375
0 0.35 0.4109375 0.021875 0.00703125
0 0.35 0.421875 0.01953125 0.009375
0 0.34765625 0.43359375 0.01953125 0.00703125
0 0.35 0.44375 0.0265625 0.009375
0 0.34609375 0.45546875 0.021875 0.009375
0 0.3421875 0.4640625 0.021875 0.0046875
0 0.3453125 0.475 0.02421875 0.0046875
0 0.34765625 0.4828125 0.021875 0.01171875
0 0.3453125 0.4953125 0.01953125 0.009375
0 0.3609375 0.328125 0.021875 0.009375
0 0.56484375 0.1546875 0.03359375 0.009375
0 0.5609375 0.1671875 0.03828125 0.0140625
0 0.56015625 0.18046875 0.03359375 0.009375
0 0.56015625 0.19375 0.02890625 0.009375
0 0.5578125 0.2078125 0.03359375 0.01171875
0 0.56015625 0.2234375 0.03359375 0.009375
0 0.56015625 0.2359375 0.03359375 0.009375
0 0.55625 0.25234375 0.03359375 0.0140625
0 0.55625 0.2640625 0.02890625 0.009375
0 0.55390625 0.27890625 0.02890625 0.01171875
0 0.55546875 0.2921875 0.02890625 0.00703125
0 0.55390625 0.303125 0.02890625 0.009375
0 0.5515625 0.3171875 0.02890625 0.009375
0 0.5515625 0.33046875 0.0265625 0.009375
0 0.55078125 0.34375 0.03359375 0.009375
0 0.55078125 0.359375 0.0265625 0.01171875
0 0.55078125 0.37109375 0.02890625 0.0140625
0 0.546875 0.38671875 0.02890625 0.01171875
0 0.5484375 0.396875 0.03359375 0.01171875
0 0.5484375 0.4109375 0.03359375 0.0140625
0 0.5484375 0.42421875 0.02890625 0.009375
0 0.546875 0.4359375 0.02890625 0.01171875
0 0.54453125 0.44453125 0.03359375 0.0140625
0 0.546875 0.46015625 0.02890625 0.01171875
0 0.5453125 0.475 0.0265625 0.009375
0 0.5421875 0.48671875 0.0359375 0.009375
0 0.5421875 0.49765625 0.02421875 0.00703125
0 0.5421875 0.5109375 0.02421875 0.009375
0 0.5359375 0.525 0.02890625 0.009375
0 0.5359375 0.5375 0.02890625 0.009375
0 0.53359375 0.54921875 0.0265625 0.009375
0 0.5359375 0.56484375 0.03359375 0.0140625
0 0.53125 0.57578125 0.03359375 0.01171875
0 0.5328125 0.59140625 0.03359375 0.0140625
0 0.571875 0.52265625 0.03359375 0.009375
0 0.5734375 0.53125 0.03359375 0.0171875
0 0.56953125 0.553125 0.03359375 0.0140625
0 0.56875 0.5671875 0.02890625 0.009375
0 0.56953125 0.58203125 0.0265625 0.0140625
0 0.5671875 0.5921875 0.02421875 0.009375
0 0.5609375 0.6046875 0.02421875 0.01171875
0 0.53125 0.603125 0.0265625 0.01171875
0 0.52734375 0.6140625 0.02421875 0.01171875
0 0.56015625 0.61796875 0.02890625 0.009375
0 0.52734375 0.6265625 0.0265625 0.0140625
0 0.55625 0.63125 0.03359375 0.0140625
0 0.52734375 0.6390625 0.03359375 0.01171875
0 0.525 0.65234375 0.03359375 0.0140625
0 0.5609375 0.64921875 0.03359375 0.01171875
0 0.521875 0.66796875 0.02890625 0.01171875
0 0.5203125 0.68125 0.0265625 0.009375
0 0.55625 0.6734375 0.0265625 0.0140625
0 0.55546875 0.68515625 0.02421875 0.009375
0 0.5203125 0.6921875 0.03359375 0.009375
0 0.521875 0.70546875 0.03359375 0.009375
0 0.55546875 0.696875 0.03359375 0.009375
0 0.55859375 0.709375 0.02421875 0.009375
0 0.55625 0.72265625 0.02890625 0.009375
0 0.521875 0.71875 0.02890625 0.0140625
0 0.51953125 0.73046875 0.02421875 0.009375
0 0.515625 0.74296875 0.02890625 0.0140625
0 0.51953125 0.75625 0.02890625 0.009375
0 0.5484375 0.734375 0.02890625 0.0140625
0 0.5453125 0.81875 0.02890625 0.0140625
0 0.5171875 0.76953125 0.03828125 0.0140625
0 0.51796875 0.7875 0.02890625 0.009375
0 0.5140625 0.80078125 0.02890625 0.0140625
0 0.5140625 0.8125 0.02890625 0.0140625
0 0.51328125 0.82421875 0.02890625 0.0140625
0 0.51171875 0.83671875 0.0265625 0.0140625
0 0.765625 0.45078125 0.04296875 0.0140625
0 0.5515625 0.7546875 0.02890625 0.0140625
0 0.546875 0.765625 0.03359375 0.0140625
0 0.5484375 0.77890625 0.03359375 0.01171875
0 0.54296875 0.803125 0.02890625 0.0140625
0 0.57578125 0.50625 0.03359375 0.0140625
0 0.3859375 0.6234375 0.02890625 0.009375
0 0.3859375 0.63203125 0.02421875 0.009375
0 0.38125 0.64453125 0.02421875 0.009375
0 0.38203125 0.6734375 0.0265625 0.009375
0 0.3796875 0.6828125 0.02421875 0.009375
0 0.37734375 0.69453125 0.02421875 0.01171875
0 0.37890625 0.71015625 0.02890625 0.009375
0 0.3765625 0.7234375 0.02890625 0.009375
0 0.3765625 0.7359375 0.02421875 0.009375
0 0.3734375 0.7484375 0.02421875 0.009375
0 0.3703125 0.76328125 0.02421875 0.01171875
0 0.36875 0.775 0.02421875 0.01171875
0 0.3640625 0.78984375 0.02421875 0.01171875
0 0.3640625 0.80078125 0.0265625 0.0140625
0 0.35078125 0.40234375 0.02421875 0.01171875
1 0.41796875 0.20703125 0.00703125 0.009375
0 0.38125 0.6609375 0.02421875 0.009375
0 0.3609375 0.30625 0.02890625 0.009375
0 0.35546875 0.3578125 0.021875 0.00703125
0 0.55390625 0.66328125 0.02890625 0.0140625
0 0.54453125 0.79296875 0.02890625 0.0140625