0 0.15234375 0.7484375 0.00234375 0.0453125
0 0.15 0.796875 0.0046875 0.0359375
0 0.1625 0.7515625 0.0171875 0.04296875
0 0.17578125 0.74765625 0.0171875 0.040625
0 0.2203125 0.42578125 0.00703125 0.0265625
0 0.2328125 0.4265625 0.0140625 0.0265625
0 0.3171875 0.36171875 0.01171875 0.02421875
0 0.1625 0.7984375 0.0171875 0.040625
0 0.178125 0.79296875 0.0171875 0.03828125
0 0.18984375 0.7953125 0.01171875 0.040625
0 0.2078125 0.7921875 0.0171875 0.0453125
0 0.21640625 0.7453125 0.0171875 0.04296875
0 0.19140625 0.75 0.0140625 0.04296875
0 0.2046875 0.74609375 0.00703125 0.04296875
0 0.23046875 0.7453125 0.0140625 0.04296875
0 0.225 0.7921875 0.0171875 0.04296875
0 0.24296875 0.78984375 0.0140625 0.040625
0 0.25703125 0.790625 0.0140625 0.03828125
0 0.27265625 0.790625 0.0140625 0.04296875
0 0.28984375 0.7875 0.01171875 0.0359375
0 0.30390625 0.7859375 0.0140625 0.03828125
0 0.31953125 0.78515625 0.01171875 0.04296875
0 0.3421875 0.7796875 0.0140625 0.03828125
0 0.35703125 0.77890625 0.0140625 0.03828125
0 0.37109375 0.77734375 0.0140625 0.03359375
0 0.3796875 0.7796875 0.0140625 0.03828125
0 0.3953125 0.775 0.0171875 0.03828125
0 0.4109375 0.775 0.01171875 0.0359375
0 0.428125 0.7703125 0.0140625 0.0359375
0 0.44140625 0.76953125 0.0140625 0.04296875
0 0.459375 0.765625 0.01171875 0.03828125
0 0.47265625 0.7640625 0.01171875 0.0359375
0 0.48828125 0.76171875 0.0140625 0.03828125
0 0.5015625 0.76171875 0.01171875 0.04296875
0 0.5140625 0.76328125 0.01171875 0.03828125
0 0.2234375 0.859375 0.0171875 0.053125
0 0.24609375 0.8578125 0.0140625 0.053125
0 0.2640625 0.85703125 0.0171875 0.0484375
0 0.27734375 0.8546875 0.01171875 0.04296875
0 0.290625 0.85546875 0.01171875 0.03828125
0 0.3109375 0.85 0.0140625 0.04296875
0 0.33046875 0.84765625 0.0140625 0.0484375
0 0.3453125 0.85 0.01171875 0.04296875
0 0.36171875 0.84609375 0.0140625 0.0484375
0 0.37734375 0.8421875 0.0140625 0.04296875
0 0.3953125 0.83984375 0.0140625 0.0484375
0 0.4125 0.8390625 0.0140625 0.04296875
0 0.42578125 0.83515625 0.01171875 0.0453125
0 0.44140625 0.8328125 0.0140625 0.03828125
0 0.459375 0.83203125 0.0171875 0.04296875
0 0.47578125 0.8328125 0.0140625 0.04296875
0 0.49296875 0.8296875 0.0171875 0.04296875
0 0.50234375 0.8265625 0.00703125 0.03828125
0 0.3390625 0.3609375 0.00703125 0.02421875
0 0.3484375 0.35703125 0.009375 0.021875
0 0.365625 0.3578125 0.00703125 0.0265625
0 0.3765625 0.35234375 0.009375 0.0265625
0 0.3859375 0.35078125 0.00703125 0.0265625
0 0.390625 0.35234375 0.009375 0.02421875
0 0.4109375 0.35 0.00703125 0.021875
0 0.421875 0.35 0.009375 0.021875
0 0.43359375 0.34765625 0.00703125 0.01953125
0 0.44375 0.35 0.009375 0.0265625
0 0.45546875 0.34609375 0.009375 0.021875
0 0.46484375 0.34375 0.009375 0.021875
0 0.475 0.3453125 0.00703125 0.02421875
0 0.4828125 0.34765625 0.01171875 0.021875
0 0.4953125 0.3453125 0.009375 0.021875
0 0.328125 0.3609375 0.009375 0.021875
0 0.1546875 0.56484375 0.01171875 0.03359375
0 0.1671875 0.5609375 0.0140625 0.03828125
0 0.18046875 0.56015625 0.009375 0.03359375
0 0.19375 0.56015625 0.009375 0.02890625
0 0.2078125 0.5578125 0.01171875 0.03359375
0 0.2234375 0.56015625 0.009375 0.03359375
0 0.2359375 0.56015625 0.009375 0.03359375
0 0.25234375 0.55625 0.0140625 0.03359375
0 0.2640625 0.55625 0.009375 0.02890625
0 0.27890625 0.55390625 0.01171875 0.02890625
0 0.2921875 0.55546875 0.00703125 0.02890625
0 0.303125 0.55390625 0.009375 0.02890625
0 0.3171875 0.5515625 0.009375 0.02890625
0 0.33046875 0.5515625 0.009375 0.0265625
0 0.34375 0.55078125 0.009375 0.03359375
0 0.359375 0.55078125 0.01171875 0.0265625
0 0.37109375 0.55078125 0.0171875 0.02890625
0 0.38671875 0.546875 0.01171875 0.03125
0 0.396875 0.5484375 0.01171875 0.03359375
0 0.4109375 0.5484375 0.0140625 0.03359375
0 0.42421875 0.5484375 0.01171875 0.02890625
0 0.4359375 0.546875 0.01171875 0.02890625
0 0.44453125 0.54453125 0.0140625 0.03359375
0 0.46015625 0.546875 0.01171875 0.02890625
0 0.475 0.5453125 0.01171875 0.0265625
0 0.48671875 0.5421875 0.009375 0.0359375
0 0.49765625 0.5421875 0.00703125 0.02421875
0 0.5109375 0.5421875 0.01171875 0.0265625
0 0.525 0.5359375 0.01171875 0.02890625
0 0.5375 0.5359375 0.009375 0.02890625
0 0.54921875 0.53359375 0.01171875 0.0265625
0 0.56484375 0.5359375 0.01171875 0.03359375
0 0.57578125 0.53125 0.01171875 0.03359375
0 0.59140625 0.5328125 0.0171875 0.03359375
0 0.52265625 0.571875 0.01171875 0.03359375
0 0.5359375 0.5734375 0.01171875 0.03359375
0 0.553125 0.56953125 0.0140625 0.03359375
0 0.5671875 0.56875 0.009375 0.02890625
0 0.58203125 0.56953125 0.0140625 0.0265625
0 0.5921875 0.5671875 0.009375 0.02421875
0 0.6046875 0.5609375 0.01171875 0.02421875
0 0.603125 0.53125 0.01171875 0.0265625
0 0.6140625 0.52734375 0.01171875 0.02421875
0 0.61796875 0.56015625 0.009375 0.03125
0 0.6265625 0.52734375 0.0140625 0.0265625
0 0.6296875 0.5578125 0.01171875 0.03359375
0 0.6390625 0.52734375 0.01171875 0.03359375
0 0.6390625 0.55859375 0.009375 0.0265625
0 0.65234375 0.525 0.0140625 0.03359375
0 0.65625 0.5578125 0.0140625 0.03359375
0 0.66796875 0.521875 0.01171875 0.02890625
0 0.68125 0.5203125 0.009375 0.0265625
0 0.6734375 0.55625 0.0140625 0.0265625
0 0.68515625 0.55546875 0.01171875 0.02421875
0 0.6921875 0.5203125 0.009375 0.03359375
0 0.70546875 0.521875 0.009375 0.03359375
0 0.696875 0.55546875 0.00703125 0.03359375
0 0.709375 0.55859375 0.01171875 0.02421875
0 0.72265625 0.55625 0.009375 0.02890625
0 0.71875 0.521875 0.0140625 0.02890625
0 0.73046875 0.51953125 0.009375 0.02421875
0 0.74296875 0.515625 0.0171875 0.02890625
0 0.75625 0.51953125 0.009375 0.02890625
0 0.7328125 0.553125 0.00703125 0.02890625
0 0.74375 0.5515625 0.0140625 0.03359375
0 0.76953125 0.5171875 0.0140625 0.03828125
0 0.7875 0.51796875 0.01171875 0.03125
0 0.80078125 0.5140625 0.0140625 0.02890625
0 0.8125 0.5140625 0.0140625 0.02890625
0 0.82421875 0.51328125 0.0171875 0.02890625
0 0.83671875 0.51171875 0.0171875 0.0265625
0 0.85 0.509375 0.00703125 0.03359375
0 0.7609375 0.5515625 0.0171875 0.02890625
0 0.7703125 0.5484375 0.0140625 0.02890625
0 0.8125 0.5515625 0.0171875 0.03359375
0 0.7859375 0.5484375 0.01171875 0.02890625
0 0.79921875 0.5515625 0.0140625 0.02890625
0 0.5140625 0.578125 0.009375 0.03359375
0 0.62890625 0.38671875 0.00703125 0.021875
0 0.64296875 0.3859375 0.01171875 0.02421875
0 0.6546875 0.38203125 0.01171875 0.02421875
0 0.6765625 0.38125 0.009375 0.0265625
0 0.6875 0.38125 0.009375 0.02421875
0 0.69921875 0.38125 0.01171875 0.02421875
0 0.7125 0.37890625 0.009375 0.02890625
0 0.72265625 0.37890625 0.00703125 0.03359375
0 0.7359375 0.37890625 0.009375 0.02890625
0 0.7484375 0.37734375 0.01171875 0.02890625
0 0.76328125 0.3765625 0.01171875 0.02421875
0 0.775 0.3734375 0.01171875 0.02421875
0 0.78984375 0.37265625 0.01171875 0.02421875
0 0.80078125 0.37109375 0.0171875 0.0265625
0 0.8140625 0.37265625 0.01171875 0.02890625
0 0.40234375 0.35078125 0.01171875 0.02421875
1 0.2125 0.41484375 0.009375 0.00703125
0 0.66796875 0.38125 0.009375 0.02421875
0 0.50390625 0.3390625 0.009375 0.0265625
0 0.3578125 0.35546875 0.00703125 0.021875