0 0.2515625 0.84765625 0.0453125 0.00234375
0 0.203125 0.85 0.0359375 0.0046875
0 0.2484375 0.8375 0.04296875 0.0140625
0 0.25234375 0.82421875 0.040625 0.0171875
0 0.5734375 0.78515625 0.0265625 0.009375
0 0.5734375 0.771875 0.02890625 0.0140625
0 0.63828125 0.678125 0.02421875 0.01171875
0 0.2015625 0.8375 0.040625 0.0171875
0 0.20703125 0.821875 0.03828125 0.0171875
0 0.2046875 0.81015625 0.040625 0.01171875
0 0.2078125 0.7921875 0.04296875 0.0171875
0 0.2546875 0.78359375 0.04296875 0.0140625
0 0.25 0.80859375 0.04296875 0.0140625
0 0.25390625 0.7953125 0.04296875 0.0046875
0 0.2078125 0.775 0.04296875 0.0171875
0 0.21015625 0.75703125 0.040625 0.0140625
0 0.209375 0.74296875 0.03828125 0.0140625
0 0.209375 0.72734375 0.04296875 0.0140625
0 0.2125 0.71015625 0.0359375 0.01171875
0 0.2140625 0.69609375 0.03828125 0.0140625
0 0.2171875 0.6734375 0.04296875 0.01171875
0 0.2203125 0.6578125 0.03828125 0.0140625
0 0.22109375 0.64296875 0.03828125 0.0140625
0 0.22265625 0.62890625 0.03359375 0.0140625
0 0.22578125 0.61328125 0.03828125 0.0140625
0 0.228125 0.5953125 0.03828125 0.0140625
0 0.228125 0.58046875 0.040625 0.0140625
0 0.23046875 0.56484375 0.0359375 0.0140625
0 0.234375 0.53359375 0.03828125 0.01171875
0 0.23828125 0.5203125 0.0359375 0.01171875
0 0.2390625 0.5046875 0.03828125 0.0140625
0 0.2390625 0.49140625 0.040625 0.01171875
0 0.13671875 0.7796875 0.053125 0.0171875
0 0.140625 0.75859375 0.053125 0.0140625
0 0.140625 0.7453125 0.0484375 0.0140625
0 0.140625 0.72734375 0.04296875 0.01171875
0 0.14453125 0.71171875 0.03828125 0.01171875
0 0.14921875 0.69609375 0.04296875 0.01171875
0 0.14921875 0.67890625 0.0484375 0.0140625
0 0.14921875 0.6625 0.04296875 0.01171875
0 0.1515625 0.64921875 0.0484375 0.0140625
0 0.1546875 0.63125 0.04296875 0.0140625
0 0.15859375 0.615625 0.0484375 0.0140625
0 0.1578125 0.5984375 0.04296875 0.0140625
0 0.16015625 0.58671875 0.0453125 0.01171875
0 0.16328125 0.56640625 0.03828125 0.0140625
0 0.1671875 0.5453125 0.04296875 0.0140625
0 0.1671875 0.53125 0.04296875 0.0140625
0 0.1703125 0.5140625 0.04296875 0.0140625
0 0.1734375 0.5015625 0.040625 0.0140625
0 0.6390625 0.6609375 0.02421875 0.00703125
0 0.64296875 0.6515625 0.021875 0.009375
0 0.6421875 0.634375 0.0265625 0.00703125
0 0.64765625 0.6234375 0.0265625 0.009375
0 0.64921875 0.6140625 0.0265625 0.00703125
0 0.64765625 0.609375 0.02421875 0.009375
0 0.65 0.5890625 0.021875 0.00703125
0 0.65 0.578125 0.01953125 0.009375
0 0.65234375 0.56640625 0.01953125 0.00703125
0 0.65 0.55625 0.0265625 0.009375
0 0.65390625 0.54453125 0.021875 0.009375
0 0.6578125 0.5359375 0.021875 0.0046875
0 0.6546875 0.525 0.02421875 0.0046875
0 0.65234375 0.5171875 0.021875 0.01171875
0 0.6546875 0.5046875 0.01953125 0.009375
0 0.6390625 0.671875 0.021875 0.009375
0 0.43515625 0.8453125 0.03359375 0.009375
0 0.4390625 0.8328125 0.03828125 0.0140625
0 0.43984375 0.81953125 0.03359375 0.009375
0 0.43984375 0.80625 0.02890625 0.009375
0 0.4421875 0.7921875 0.03359375 0.01171875
0 0.43984375 0.7765625 0.03359375 0.009375
0 0.43984375 0.7640625 0.03359375 0.009375
0 0.44375 0.74765625 0.03359375 0.0140625
0 0.44375 0.7359375 0.02890625 0.009375
0 0.44609375 0.72109375 0.02890625 0.01171875
0 0.44453125 0.7078125 0.02890625 0.00703125
0 0.44609375 0.696875 0.02890625 0.009375
0 0.4484375 0.6828125 0.02890625 0.009375
0 0.4484375 0.66953125 0.0265625 0.009375
0 0.44921875 0.65625 0.03359375 0.009375
0 0.44921875 0.640625 0.0265625 0.01171875
0 0.44921875 0.62890625 0.02890625 0.0140625
0 0.453125 0.61328125 0.02890625 0.01171875
0 0.4515625 0.603125 0.03359375 0.01171875
0 0.4515625 0.5890625 0.03359375 0.0140625
0 0.4515625 0.57578125 0.02890625 0.009375
0 0.453125 0.5640625 0.02890625 0.01171875
0 0.45546875 0.55546875 0.03359375 0.0140625
0 0.453125 0.53984375 0.02890625 0.01171875
0 0.4546875 0.525 0.0265625 0.009375
0 0.4578125 0.51328125 0.0359375 0.009375
0 0.4578125 0.50234375 0.02421875 0.00703125
0 0.4578125 0.4890625 0.02421875 0.009375
0 0.4640625 0.475 0.02890625 0.009375
0 0.4640625 0.4625 0.02890625 0.009375
0 0.46640625 0.45078125 0.0265625 0.009375
0 0.4640625 0.43515625 0.03359375 0.0140625
0 0.46875 0.42421875 0.03359375 0.01171875
0 0.4671875 0.40859375 0.03359375 0.0140625
0 0.428125 0.47734375 0.03359375 0.009375
0 0.4265625 0.46875 0.03359375 0.0171875
0 0.43046875 0.446875 0.03359375 0.0140625
0 0.43125 0.4328125 0.02890625 0.009375
0 0.43046875 0.41796875 0.0265625 0.0140625
0 0.4328125 0.4078125 0.02421875 0.009375
0 0.4390625 0.3953125 0.02421875 0.01171875
0 0.46875 0.396875 0.0265625 0.01171875
0 0.47265625 0.3859375 0.02421875 0.01171875
0 0.43984375 0.38203125 0.02890625 0.009375
0 0.47265625 0.3734375 0.0265625 0.0140625
0 0.44375 0.36875 0.03359375 0.0140625
0 0.47265625 0.3609375 0.03359375 0.01171875
0 0.475 0.34765625 0.03359375 0.0140625
0 0.4390625 0.35078125 0.03359375 0.01171875
0 0.478125 0.33203125 0.02890625 0.01171875
0 0.4796875 0.31875 0.0265625 0.009375
0 0.44375 0.3265625 0.0265625 0.0140625
0 0.44453125 0.31484375 0.02421875 0.009375
0 0.4796875 0.3078125 0.03359375 0.009375
0 0.478125 0.29453125 0.03359375 0.009375
0 0.44453125 0.303125 0.03359375 0.009375
0 0.44140625 0.290625 0.02421875 0.009375
0 0.44375 0.27734375 0.02890625 0.009375
0 0.478125 0.28125 0.02890625 0.0140625
0 0.48046875 0.26953125 0.02421875 0.009375
0 0.484375 0.25703125 0.02890625 0.0140625
0 0.48046875 0.24375 0.02890625 0.009375
0 0.4515625 0.265625 0.02890625 0.0140625
0 0.4546875 0.18125 0.02890625 0.0140625
0 0.4828125 0.23046875 0.03828125 0.0140625
0 0.48203125 0.2125 0.02890625 0.009375
0 0.4859375 0.19921875 0.02890625 0.0140625
0 0.4859375 0.1875 0.02890625 0.0140625
0 0.48671875 0.17578125 0.02890625 0.0140625
0 0.48828125 0.16328125 0.0265625 0.0140625
0 0.234375 0.54921875 0.04296875 0.0140625
0 0.4484375 0.2453125 0.02890625 0.0140625
0 0.453125 0.234375 0.03359375 0.0140625
0 0.4515625 0.22109375 0.03359375 0.01171875
0 0.45703125 0.196875 0.02890625 0.0140625
0 0.42421875 0.49375 0.03359375 0.0140625
0 0.6140625 0.3765625 0.02890625 0.009375
0 0.6140625 0.36796875 0.02421875 0.009375
0 0.61875 0.35546875 0.02421875 0.009375
0 0.61796875 0.3265625 0.0265625 0.009375
0 0.6203125 0.3171875 0.02421875 0.009375
0 0.62265625 0.30546875 0.02421875 0.01171875
0 0.62109375 0.28984375 0.02890625 0.009375
0 0.6234375 0.2765625 0.02890625 0.009375
0 0.6234375 0.2640625 0.02421875 0.009375
0 0.6265625 0.2515625 0.02421875 0.009375
0 0.6296875 0.23671875 0.02421875 0.01171875
0 0.63125 0.225 0.02421875 0.01171875
0 0.6359375 0.21015625 0.02421875 0.01171875
0 0.6359375 0.19921875 0.0265625 0.0140625
0 0.64921875 0.59765625 0.02421875 0.01171875
1 0.58203125 0.79296875 0.00703125 0.009375
0 0.61875 0.3390625 0.02421875 0.009375
0 0.6390625 0.69375 0.02890625 0.009375
0 0.64453125 0.6421875 0.021875 0.00703125
0 0.44609375 0.33671875 0.02890625 0.0140625
0 0.45546875 0.20703125 0.02890625 0.0140625