0 0.46015625 0.8265625 0.009375 0.0453125
0 0.4734375 0.828125 0.0140625 0.04296875
0 0.48828125 0.8265625 0.0140625 0.04296875
0 0.5046875 0.8265625 0.0140625 0.0484375
0 0.52265625 0.8265625 0.009375 0.04296875
0 0.53828125 0.83046875 0.0140625 0.04296875
0 0.55546875 0.83203125 0.0140625 0.040625
0 0.57109375 0.83515625 0.0140625 0.04296875
0 0.5890625 0.834375 0.0140625 0.04296875
0 0.60234375 0.83671875 0.0171875 0.03828125
0 0.61640625 0.8390625 0.01171875 0.04296875
0 0.6359375 0.83984375 0.0140625 0.04296875
0 0.8296875 0.8609375 0.009375 0.0484375
0 0.6515625 0.83984375 0.009375 0.04296875
0 0.7359375 0.8484375 0.01953125 0.0484375
0 0.71640625 0.84609375 0.01171875 0.04296875
0 0.7015625 0.84609375 0.0140625 0.04296875
0 0.6828125 0.8421875 0.0140625 0.040625
0 0.665625 0.83984375 0.0140625 0.04296875
0 0.4484375 0.7609375 0.01171875 0.040625
0 0.46015625 0.759375 0.0140625 0.040625
0 0.4734375 0.759375 0.01171875 0.03828125
0 0.48671875 0.7609375 0.0140625 0.03828125
0 0.50234375 0.76171875 0.0140625 0.03828125
0 0.51171875 0.76328125 0.00703125 0.03828125
0 0.52734375 0.76328125 0.0140625 0.03828125
0 0.540625 0.76328125 0.0140625 0.040625
0 0.55625 0.7640625 0.0140625 0.03828125
0 0.57109375 0.76328125 0.0140625 0.03828125
0 0.584375 0.7640625 0.0140625 0.04296875
0 0.59375 0.7671875 0.0171875 0.0484375
0 0.84609375 0.740625 0.01171875 0.03828125
0 0.85 0.7921875 0.0046875 0.04296875
0 0.83203125 0.7390625 0.0140625 0.04296875
0 0.81484375 0.74140625 0.01953125 0.03828125
0 0.80078125 0.73828125 0.01953125 0.03828125
0 0.78359375 0.734375 0.0171875 0.0359375
0 0.76796875 0.7359375 0.01953125 0.03828125
0 0.75390625 0.734375 0.0171875 0.0359375
0 0.734375 0.73203125 0.0171875 0.03828125
0 0.609375 0.35 0.01171875 0.02890625
0 0.5984375 0.3484375 0.009375 0.02890625
0 0.5875 0.3484375 0.009375 0.0265625
0 0.71171875 0.55546875 0.0140625 0.02890625
0 0.72578125 0.55546875 0.009375 0.03125
0 0.7390625 0.5515625 0.009375 0.03359375
0 0.609375 0.7671875 0.01171875 0.0453125
0 0.6359375 0.7703125 0.009375 0.04296875
0 0.64921875 0.7703125 0.009375 0.04296875
0 0.6625 0.77265625 0.0140625 0.0453125
0 0.72734375 0.7765625 0.01171875 0.04296875
0 0.696875 0.775 0.01171875 0.04296875
0 0.71171875 0.7765625 0.0140625 0.04296875
0 0.74375 0.78125 0.01171875 0.04296875
0 0.8375 0.7875 0.0171875 0.03828125
0 0.8234375 0.78515625 0.02421875 0.04296875
0 0.803125 0.7859375 0.0140625 0.0359375
0 0.78984375 0.78359375 0.009375 0.04296875
0 0.62265625 0.7703125 0.0171875 0.04296875
0 0.77734375 0.78359375 0.0140625 0.040625
0 0.75859375 0.7796875 0.01171875 0.04296875
0 0.578125 0.35 0.0046875 0.021875
0 0.6203125 0.35078125 0.01171875 0.021875
0 0.5671875 0.34765625 0.00703125 0.02421875
0 0.5578125 0.34609375 0.009375 0.02421875
0 0.5453125 0.3453125 0.01171875 0.0265625
0 0.53515625 0.34609375 0.0140625 0.02890625
0 0.521875 0.34375 0.0140625 0.0265625
0 0.51171875 0.3453125 0.009375 0.02421875
0 0.634375 0.3546875 0.00703125 0.02890625
0 0.5015625 0.3421875 0.00703125 0.02421875
0 0.47734375 0.34375 0.01171875 0.02421875
0 0.1515625 0.375 0.00234375 0.021875
0 0.490625 0.3421875 0.009375 0.01953125
0 0.46875 0.3453125 0.00703125 0.021875
0 0.46015625 0.34140625 0.009375 0.01953125
0 0.84765625 0.55078125 0.009375 0.03359375
0 0.83671875 0.553125 0.0140625 0.03359375
0 0.80546875 0.553125 0.0140625 0.0359375
0 0.81953125 0.55390625 0.0140625 0.02890625
0 0.790625 0.55390625 0.009375 0.0359375
0 0.7796875 0.553125 0.01171875 0.03359375
0 0.7671875 0.55390625 0.009375 0.03359375
0 0.75390625 0.553125 0.01171875 0.02890625
0 0.69921875 0.553125 0.01171875 0.02890625
0 0.68359375 0.5515625 0.01171875 0.03359375
0 0.6609375 0.5484375 0.00703125 0.02890625
0 0.6703125 0.553125 0.01171875 0.02890625
0 0.64765625 0.55078125 0.01171875 0.02890625
0 0.5890625 0.540625 0.0171875 0.03359375
0 0.61875 0.54921875 0.009375 0.03359375
0 0.57578125 0.540625 0.0140625 0.03359375
0 0.603125 0.5453125 0.01171875 0.0265625
0 0.5609375 0.53984375 0.01171875 0.02890625
0 0.5359375 0.53828125 0.0140625 0.02890625
0 0.50234375 0.54296875 0.009375 0.02890625
0 0.54921875 0.5421875 0.009375 0.03359375
0 0.48203125 0.5421875 0.009375 0.02890625
0 0.47109375 0.540625 0.01171875 0.03359375
0 0.63359375 0.546875 0.009375 0.02890625
0 0.46015625 0.53828125 0.009375 0.02890625
0 0.446875 0.540625 0.0140625 0.02890625
0 0.43359375 0.540625 0.0140625 0.0265625
0 0.41796875 0.53515625 0.00703125 0.0265625
0 0.39765625 0.5375 0.009375 0.03359375
0 0.41015625 0.5375 0.0140625 0.02890625
0 0.384375 0.5359375 0.009375 0.03359375
0 0.359375 0.5328125 0.009375 0.02890625
0 0.37109375 0.5328125 0.009375 0.02421875
0 0.33515625 0.52421875 0.0140625 0.02890625
0 0.35 0.52890625 0.0140625 0.02890625
0 0.3234375 0.525 0.01171875 0.02890625
0 0.30859375 0.5265625 0.01171875 0.03359375
0 0.2828125 0.52421875 0.0140625 0.03359375
0 0.29453125 0.525 0.009375 0.02890625
0 0.26796875 0.521875 0.0140625 0.02890625
0 0.2546875 0.52421875 0.01171875 0.02890625
0 0.19375 0.5203125 0.0140625 0.03359375
0 0.1765625 0.521875 0.0140625 0.03359375
0 0.16328125 0.51796875 0.009375 0.02890625
0 0.44140625 0.57421875 0.0140625 0.03359375
0 0.41328125 0.57109375 0.0140625 0.02890625
0 0.39765625 0.56953125 0.0140625 0.03359375
0 0.428125 0.5734375 0.0140625 0.02890625
0 0.3859375 0.571875 0.01171875 0.03359375
0 0.37109375 0.56875 0.01171875 0.02890625
0 0.36328125 0.56640625 0.009375 0.02890625
0 0.35234375 0.56640625 0.009375 0.02890625
0 0.3390625 0.5640625 0.01171875 0.02890625
0 0.32578125 0.5609375 0.01171875 0.03359375
0 0.30625 0.56484375 0.0140625 0.02890625
0 0.2953125 0.56015625 0.01171875 0.03359375
0 0.2828125 0.5609375 0.0140625 0.03359375
0 0.26953125 0.5640625 0.01171875 0.03359375
0 0.2546875 0.5609375 0.0140625 0.02890625
0 0.24140625 0.5609375 0.009375 0.03359375
0 0.2171875 0.5640625 0.0140625 0.02890625
0 0.2296875 0.5609375 0.0140625 0.02421875
0 0.3296875 0.38828125 0.01171875 0.02421875
0 0.30625 0.38671875 0.01171875 0.0265625
0 0.3171875 0.38671875 0.009375 0.0265625
0 0.29296875 0.3859375 0.009375 0.02421875
0 0.28125 0.384375 0.009375 0.02421875
0 0.25390625 0.38203125 0.01171875 0.02421875
0 0.26953125 0.38203125 0.009375 0.01953125
0 0.2453125 0.38125 0.01171875 0.02890625
0 0.23046875 0.38125 0.009375 0.0265625
0 0.21015625 0.38203125 0.009375 0.0265625
0 0.2203125 0.38359375 0.009375 0.0265625
0 0.196875 0.38203125 0.01171875 0.02421875
0 0.734375 0.41484375 0.009375 0.0265625
0 0.725 0.415625 0.00703125 0.0265625
0 0.18125 0.37890625 0.009375 0.02890625
0 0.4546875 0.5765625 0.009375 0.03359375
1 0.74609375 0.41015625 0.00703125 0.0140625
0 0.24296875 0.525 0.00703125 0.03359375
0 0.21640625 0.52421875 0.0140625 0.0359375
0 0.23203125 0.521875 0.0140625 0.03359375
0 0.20703125 0.521875 0.01171875 0.03359375
0 0.515625 0.540625 0.01171875 0.03359375
0 0.20078125 0.56015625 0.01171875 0.03359375
0 0.1515625 0.5171875 0.009375 0.03359375
0 0.68125 0.77734375 0.01171875 0.0453125
0 0.4890625 0.53984375 0.009375 0.02890625
0 0.171875 0.3765625 0.01171875 0.0265625
0 0.1578125 0.37734375 0.00703125 0.0265625
0 0.646875 0.3546875 0.009375 0.02421875
0 0.17421875 0.55625 0.01171875 0.02421875
0 0.1875 0.55859375 0.0140625 0.02890625
0 0.15859375 0.5578125 0.01171875 0.0265625