0 0.2515625 0.15234375 0.0453125 0.0046875
0 0.203125 0.15 0.0359375 0.0046875
0 0.2484375 0.1625 0.04296875 0.0140625
0 0.25234375 0.17578125 0.040625 0.0171875
0 0.5734375 0.21640625 0.0265625 0.009375
0 0.5734375 0.2296875 0.02890625 0.0140625
0 0.63828125 0.321875 0.02421875 0.01171875
0 0.2015625 0.1625 0.040625 0.0140625
0 0.20703125 0.178125 0.03828125 0.0140625
0 0.2046875 0.18984375 0.040625 0.01171875
0 0.2078125 0.2078125 0.04296875 0.0171875
0 0.2546875 0.21640625 0.04296875 0.0140625
0 0.25 0.19140625 0.04296875 0.0140625
0 0.25390625 0.2046875 0.04296875 0.0046875
0 0.2078125 0.225 0.04296875 0.0140625
0 0.21015625 0.24296875 0.040625 0.0140625
0 0.209375 0.25703125 0.03828125 0.0140625
0 0.209375 0.27265625 0.04296875 0.0140625
0 0.2125 0.28984375 0.0359375 0.01171875
0 0.2140625 0.30390625 0.03828125 0.0140625
0 0.2171875 0.3265625 0.04296875 0.01171875
0 0.2203125 0.3421875 0.03828125 0.0140625
0 0.22109375 0.35703125 0.03828125 0.0140625
0 0.22265625 0.37109375 0.03359375 0.0140625
0 0.22578125 0.38671875 0.03828125 0.0140625
0 0.228125 0.4046875 0.03828125 0.0140625
0 0.228125 0.41953125 0.040625 0.0140625
0 0.23046875 0.43515625 0.0359375 0.0140625
0 0.234375 0.46640625 0.03828125 0.01171875
0 0.23828125 0.4796875 0.0359375 0.01171875
0 0.2390625 0.4953125 0.03828125 0.0140625
0 0.2390625 0.50859375 0.040625 0.01171875
0 0.1390625 0.22265625 0.053125 0.0171875
0 0.140625 0.24140625 0.053125 0.0140625
0 0.140625 0.2546875 0.0484375 0.0140625
0 0.140625 0.27265625 0.04296875 0.01171875
0 0.14296875 0.28984375 0.03828125 0.01171875
0 0.14921875 0.30625 0.04296875 0.0140625
0 0.15 0.32578125 0.0484375 0.0140625
0 0.15 0.34375 0.04296875 0.01171875
0 0.15234375 0.3578125 0.0484375 0.0140625
0 0.1546875 0.37109375 0.04296875 0.0140625
0 0.15859375 0.38671875 0.0484375 0.0140625
0 0.1625 0.4046875 0.04296875 0.0140625
0 0.16015625 0.4171875 0.0453125 0.01171875
0 0.16328125 0.43359375 0.03828125 0.0140625
0 0.1671875 0.4546875 0.04296875 0.0140625
0 0.1671875 0.46875 0.04296875 0.0140625
0 0.1703125 0.4859375 0.04296875 0.0140625
0 0.16796875 0.4984375 0.040625 0.0140625
0 0.6390625 0.3390625 0.02421875 0.00703125
0 0.64296875 0.3484375 0.021875 0.009375
0 0.6421875 0.365625 0.0265625 0.00703125
0 0.64765625 0.3765625 0.0265625 0.009375
0 0.64921875 0.3859375 0.0265625 0.00703125
0 0.64765625 0.390625 0.02421875 0.009375
0 0.65 0.4109375 0.021875 0.00703125
0 0.65 0.421875 0.01953125 0.009375
0 0.65234375 0.43359375 0.01953125 0.00703125
0 0.65 0.44375 0.0265625 0.009375
0 0.65390625 0.45546875 0.021875 0.009375
0 0.65625 0.46484375 0.01953125 0.009375
0 0.6546875 0.475 0.02421875 0.0046875
0 0.65234375 0.4828125 0.021875 0.01171875
0 0.6546875 0.4953125 0.01953125 0.009375
0 0.6390625 0.328125 0.021875 0.009375
0 0.43515625 0.1546875 0.03359375 0.009375
0 0.4390625 0.1671875 0.03828125 0.0140625
0 0.43984375 0.18046875 0.03359375 0.009375
0 0.43984375 0.19375 0.02890625 0.009375
0 0.4421875 0.2078125 0.03359375 0.01171875
0 0.43984375 0.2234375 0.03359375 0.009375
0 0.43984375 0.2359375 0.03359375 0.009375
0 0.44375 0.25234375 0.03359375 0.0140625
0 0.44375 0.2640625 0.02890625 0.009375
0 0.44609375 0.27890625 0.02890625 0.01171875
0 0.44453125 0.2921875 0.02890625 0.00703125
0 0.44609375 0.303125 0.02890625 0.009375
0 0.4484375 0.3171875 0.02890625 0.009375
0 0.4484375 0.33046875 0.0265625 0.009375
0 0.44921875 0.34375 0.03359375 0.009375
0 0.44921875 0.359375 0.0265625 0.01171875
0 0.44921875 0.37109375 0.02890625 0.0140625
0 0.453125 0.38671875 0.02890625 0.01171875
0 0.4515625 0.396875 0.03359375 0.01171875
0 0.4515625 0.4109375 0.03359375 0.0140625
0 0.4515625 0.42421875 0.02890625 0.009375
0 0.453125 0.4359375 0.02890625 0.01171875
0 0.45546875 0.44453125 0.03359375 0.0140625
0 0.453125 0.46015625 0.02890625 0.01171875
0 0.4546875 0.475 0.0265625 0.009375
0 0.4578125 0.48671875 0.0359375 0.009375
0 0.4578125 0.49765625 0.02421875 0.00703125
0 0.4578125 0.5109375 0.02421875 0.009375
0 0.4640625 0.525 0.02890625 0.009375
0 0.4640625 0.5375 0.02890625 0.009375
0 0.46640625 0.54921875 0.0265625 0.009375
0 0.4640625 0.56484375 0.03359375 0.0140625
0 0.46875 0.57578125 0.03359375 0.01171875
0 0.4671875 0.59140625 0.03359375 0.0140625
0 0.428125 0.52265625 0.03359375 0.009375
0 0.4265625 0.5359375 0.03359375 0.01171875
0 0.43046875 0.553125 0.03359375 0.0140625
0 0.43125 0.5671875 0.02890625 0.009375
0 0.43046875 0.58203125 0.0265625 0.0140625
0 0.4328125 0.5921875 0.02421875 0.009375
0 0.4390625 0.6046875 0.02421875 0.01171875
0 0.46875 0.603125 0.0265625 0.01171875
0 0.47265625 0.6140625 0.02421875 0.01171875
0 0.43984375 0.61796875 0.02890625 0.009375
0 0.47265625 0.6265625 0.0265625 0.0140625
0 0.4421875 0.6296875 0.03359375 0.01171875
0 0.47265625 0.6390625 0.03359375 0.01171875
0 0.44140625 0.6390625 0.0265625 0.009375
0 0.475 0.65234375 0.03359375 0.0140625
0 0.44140625 0.6515625 0.03359375 0.01171875
0 0.478125 0.66796875 0.02890625 0.01171875
0 0.4796875 0.68125 0.0265625 0.009375
0 0.44375 0.6734375 0.0265625 0.0140625
0 0.44453125 0.68515625 0.02421875 0.009375
0 0.4796875 0.6921875 0.03359375 0.009375
0 0.478125 0.70546875 0.03359375 0.009375
0 0.44453125 0.696875 0.03359375 0.009375
0 0.44140625 0.709375 0.02421875 0.009375
0 0.44375 0.72265625 0.02890625 0.009375
0 0.478125 0.71875 0.02890625 0.0140625
0 0.48046875 0.73046875 0.02421875 0.009375
0 0.484375 0.74296875 0.02890625 0.0140625
0 0.48046875 0.75625 0.02890625 0.009375
0 0.446875 0.7328125 0.02890625 0.00703125
0 0.4484375 0.74375 0.03359375 0.0140625
0 0.4828125 0.76953125 0.03828125 0.0140625
0 0.48203125 0.7875 0.02890625 0.009375
0 0.4859375 0.80078125 0.02890625 0.0140625
0 0.4859375 0.8125 0.02890625 0.0140625
0 0.48671875 0.82421875 0.02890625 0.0140625
0 0.48828125 0.83671875 0.0265625 0.0140625
0 0.234375 0.45078125 0.04296875 0.0140625
0 0.4484375 0.7609375 0.02890625 0.0140625
0 0.4515625 0.7703125 0.02890625 0.0140625
0 0.453125 0.80859375 0.02890625 0.0140625
0 0.4515625 0.7859375 0.02890625 0.009375
0 0.4484375 0.79921875 0.02890625 0.0140625
0 0.42578125 0.50703125 0.03359375 0.0140625
0 0.6140625 0.6234375 0.02890625 0.009375
0 0.6140625 0.63203125 0.02421875 0.009375
0 0.61875 0.64453125 0.02421875 0.009375
0 0.61796875 0.6734375 0.0265625 0.009375
0 0.6203125 0.6828125 0.02421875 0.009375
0 0.62265625 0.69453125 0.02421875 0.01171875
0 0.62109375 0.71015625 0.02890625 0.009375
0 0.6234375 0.7234375 0.02890625 0.009375
0 0.62109375 0.7359375 0.02890625 0.009375
0 0.6234375 0.7484375 0.02890625 0.009375
0 0.6296875 0.76328125 0.02421875 0.01171875
0 0.63125 0.775 0.02421875 0.01171875
0 0.6359375 0.78984375 0.02421875 0.01171875
0 0.6359375 0.80078125 0.0265625 0.0140625
0 0.64921875 0.40234375 0.02421875 0.01171875
1 0.5828125 0.21015625 0.00703125 0.009375
0 0.61875 0.6609375 0.02421875 0.009375
0 0.640625 0.30859375 0.02890625 0.009375
0 0.64453125 0.3578125 0.021875 0.00703125
0 0.44609375 0.66328125 0.02890625 0.0140625
0 0.459375 0.82109375 0.03828125 0.0140625