0 0.7484375 0.84765625 0.0453125 0.0046875
0 0.796875 0.85 0.0359375 0.0046875
0 0.7515625 0.8375 0.04296875 0.0140625
0 0.74765625 0.82421875 0.040625 0.0171875
0 0.4265625 0.78359375 0.0265625 0.009375
0 0.4265625 0.7703125 0.02890625 0.0140625
0 0.36171875 0.678125 0.02421875 0.01171875
0 0.7984375 0.8375 0.040625 0.0171875
0 0.79296875 0.821875 0.03828125 0.0171875
0 0.7953125 0.81015625 0.040625 0.01171875
0 0.7921875 0.7921875 0.04296875 0.0171875
0 0.7453125 0.78359375 0.04296875 0.0140625
0 0.75 0.80859375 0.04296875 0.0140625
0 0.74609375 0.7953125 0.04296875 0.0046875
0 0.7921875 0.775 0.04296875 0.0171875
0 0.78984375 0.75703125 0.040625 0.0140625
0 0.790625 0.74296875 0.03828125 0.0140625
0 0.790625 0.72734375 0.04296875 0.0140625
0 0.7875 0.71015625 0.0359375 0.01171875
0 0.7859375 0.69609375 0.03828125 0.0140625
0 0.7828125 0.6734375 0.04296875 0.01171875
0 0.7796875 0.6578125 0.03828125 0.0140625
0 0.77890625 0.64296875 0.03828125 0.0140625
0 0.77734375 0.62890625 0.03359375 0.0140625
0 0.77421875 0.61328125 0.03828125 0.0140625
0 0.771875 0.5953125 0.03828125 0.0140625
0 0.771875 0.58046875 0.040625 0.0140625
0 0.76953125 0.56484375 0.0359375 0.0140625
0 0.765625 0.53359375 0.03828125 0.01171875
0 0.76171875 0.5203125 0.0359375 0.01171875
0 0.7609375 0.5046875 0.03828125 0.0140625
0 0.7609375 0.49140625 0.040625 0.01171875
0 0.8609375 0.77734375 0.053125 0.0171875
0 0.859375 0.75859375 0.053125 0.0140625
0 0.859375 0.7453125 0.0484375 0.0140625
0 0.859375 0.72734375 0.04296875 0.01171875
0 0.85703125 0.71015625 0.03828125 0.01171875
0 0.85078125 0.69375 0.04296875 0.0140625
0 0.85 0.67421875 0.0484375 0.0140625
0 0.85 0.65625 0.04296875 0.01171875
0 0.84765625 0.6421875 0.0484375 0.0140625
0 0.8453125 0.62890625 0.04296875 0.0140625
0 0.84140625 0.61328125 0.0484375 0.0140625
0 0.8375 0.5953125 0.04296875 0.0140625
0 0.83984375 0.5828125 0.0453125 0.01171875
0 0.83671875 0.56640625 0.03828125 0.0140625
0 0.8328125 0.5453125 0.04296875 0.0140625
0 0.8328125 0.53125 0.04296875 0.0140625
0 0.8296875 0.5140625 0.04296875 0.0140625
0 0.83203125 0.5015625 0.040625 0.0140625
0 0.3609375 0.6609375 0.02421875 0.00703125
0 0.35703125 0.6515625 0.021875 0.009375
0 0.3578125 0.634375 0.0265625 0.00703125
0 0.35234375 0.6234375 0.0265625 0.009375
0 0.35078125 0.6140625 0.0265625 0.00703125
0 0.35234375 0.609375 0.02421875 0.009375
0 0.35 0.5890625 0.021875 0.00703125
0 0.35 0.578125 0.01953125 0.009375
0 0.34765625 0.56640625 0.01953125 0.00703125
0 0.35 0.55625 0.0265625 0.009375
0 0.34609375 0.54453125 0.021875 0.009375
0 0.34375 0.53515625 0.01953125 0.009375
0 0.3453125 0.525 0.02421875 0.0046875
0 0.34765625 0.5171875 0.021875 0.01171875
0 0.3453125 0.5046875 0.01953125 0.009375
0 0.3609375 0.671875 0.021875 0.009375
0 0.56484375 0.8453125 0.03359375 0.009375
0 0.5609375 0.8328125 0.03828125 0.0140625
0 0.56015625 0.81953125 0.03359375 0.009375
0 0.56015625 0.80625 0.02890625 0.009375
0 0.5578125 0.7921875 0.03359375 0.01171875
0 0.56015625 0.7765625 0.03359375 0.009375
0 0.56015625 0.7640625 0.03359375 0.009375
0 0.55625 0.74765625 0.03359375 0.0140625
0 0.55625 0.7359375 0.02890625 0.009375
0 0.55390625 0.72109375 0.02890625 0.01171875
0 0.55546875 0.7078125 0.02890625 0.00703125
0 0.55390625 0.696875 0.02890625 0.009375
0 0.5515625 0.6828125 0.02890625 0.009375
0 0.5515625 0.66953125 0.0265625 0.009375
0 0.55078125 0.65625 0.03359375 0.009375
0 0.55078125 0.640625 0.0265625 0.01171875
0 0.55078125 0.62890625 0.02890625 0.0140625
0 0.546875 0.61328125 0.02890625 0.01171875
0 0.5484375 0.603125 0.03359375 0.01171875
0 0.5484375 0.5890625 0.03359375 0.0140625
0 0.5484375 0.57578125 0.02890625 0.009375
0 0.546875 0.5640625 0.02890625 0.01171875
0 0.54453125 0.55546875 0.03359375 0.0140625
0 0.546875 0.53984375 0.02890625 0.01171875
0 0.5453125 0.525 0.0265625 0.009375
0 0.5421875 0.51328125 0.0359375 0.009375
0 0.5421875 0.50234375 0.02421875 0.00703125
0 0.5421875 0.4890625 0.02421875 0.009375
0 0.5359375 0.475 0.02890625 0.009375
0 0.5359375 0.4625 0.02890625 0.009375
0 0.53359375 0.45078125 0.0265625 0.009375
0 0.5359375 0.43515625 0.03359375 0.0140625
0 0.53125 0.42421875 0.03359375 0.01171875
0 0.5328125 0.40859375 0.03359375 0.0140625
0 0.571875 0.47734375 0.03359375 0.009375
0 0.5734375 0.4640625 0.03359375 0.01171875
0 0.56953125 0.446875 0.03359375 0.0140625
0 0.56875 0.4328125 0.02890625 0.009375
0 0.56953125 0.41796875 0.0265625 0.0140625
0 0.5671875 0.4078125 0.02421875 0.009375
0 0.5609375 0.3953125 0.02421875 0.01171875
0 0.53125 0.396875 0.0265625 0.01171875
0 0.52734375 0.3859375 0.02421875 0.01171875
0 0.56015625 0.38203125 0.02890625 0.009375
0 0.52734375 0.3734375 0.0265625 0.0140625
0 0.5578125 0.3703125 0.03359375 0.01171875
0 0.52734375 0.3609375 0.03359375 0.01171875
0 0.55859375 0.3609375 0.0265625 0.009375
0 0.525 0.34765625 0.03359375 0.0140625
0 0.55859375 0.3484375 0.03359375 0.01171875
0 0.521875 0.33203125 0.02890625 0.01171875
0 0.5203125 0.31875 0.0265625 0.009375
0 0.55625 0.3265625 0.0265625 0.0140625
0 0.55546875 0.31484375 0.02421875 0.009375
0 0.5203125 0.3078125 0.03359375 0.009375
0 0.521875 0.29453125 0.03359375 0.009375
0 0.55546875 0.303125 0.03359375 0.009375
0 0.55859375 0.290625 0.02421875 0.009375
0 0.55625 0.27734375 0.02890625 0.009375
0 0.521875 0.28125 0.02890625 0.0140625
0 0.51953125 0.26953125 0.02421875 0.009375
0 0.515625 0.25703125 0.02890625 0.0140625
0 0.51953125 0.24375 0.02890625 0.009375
0 0.553125 0.2671875 0.02890625 0.00703125
0 0.5515625 0.25625 0.03359375 0.0140625
0 0.5171875 0.23046875 0.03828125 0.0140625
0 0.51796875 0.2125 0.02890625 0.009375
0 0.5140625 0.19921875 0.02890625 0.0140625
0 0.5140625 0.1875 0.02890625 0.0140625
0 0.51328125 0.17578125 0.02890625 0.0140625
0 0.51171875 0.16328125 0.0265625 0.0140625
0 0.765625 0.54921875 0.04296875 0.0140625
0 0.5515625 0.2390625 0.02890625 0.0140625
0 0.5484375 0.2296875 0.02890625 0.0140625
0 0.546875 0.19140625 0.02890625 0.0140625
0 0.5484375 0.2140625 0.02890625 0.009375
0 0.5515625 0.20078125 0.02890625 0.0140625
0 0.57421875 0.49296875 0.03359375 0.0140625
0 0.3859375 0.3765625 0.02890625 0.009375
0 0.3859375 0.36796875 0.02421875 0.009375
0 0.38125 0.35546875 0.02421875 0.009375
0 0.38203125 0.3265625 0.0265625 0.009375
0 0.3796875 0.3171875 0.02421875 0.009375
0 0.37734375 0.30546875 0.02421875 0.01171875
0 0.37890625 0.28984375 0.02890625 0.009375
0 0.3765625 0.2765625 0.02890625 0.009375
0 0.37890625 0.2640625 0.02890625 0.009375
0 0.3765625 0.2515625 0.02890625 0.009375
0 0.3703125 0.23671875 0.02421875 0.01171875
0 0.36875 0.225 0.02421875 0.01171875
0 0.3640625 0.21015625 0.02421875 0.01171875
0 0.3640625 0.19921875 0.0265625 0.0140625
0 0.35078125 0.59765625 0.02421875 0.01171875
1 0.4171875 0.78984375 0.00703125 0.009375
0 0.38125 0.3390625 0.02421875 0.009375
0 0.359375 0.69140625 0.02890625 0.009375
0 0.35546875 0.6421875 0.021875 0.00703125
0 0.55390625 0.33671875 0.02890625 0.0140625
0 0.540625 0.17890625 0.03828125 0.0140625