0 0.17908653846153846 0.265625 0.3581730769230769 0.2956730769230769
0 0.5108173076923077 0.2824519230769231 0.4011418269230769 0.2863581730769231
0 0.8305288461538461 0.296875 0.33413461538461536 0.2815504807692308
0 0.17908653846153846 0.5048076923076923 0.3581730769230769 0.27884615384615385
0 0.5072115384615384 0.5084134615384616 0.3993389423076923 0.2815504807692308
0 0.8293269230769231 0.5132211538461539 0.3368389423076923 0.27884615384615385
0 0.17668269230769232 0.734375 0.35336538461538464 0.2863581730769231
0 0.5036057692307693 0.734375 0.3918269230769231 0.27884615384615385
0 0.8305288461538461 0.7427884615384616 0.33413461538461536 0.27403846153846156
0 0.5024038461538461 0.9110576923076923 0.3897235576923077 0.17307692307692307
0 0.828125 0.9146634615384616 0.3389423076923077 0.1661658653846154
0 0.17307692307692307 0.9158653846153846 0.34615384615384615 0.16376201923076922