0 0.18389423076923078 0.24278846153846154 0.36778846153846156 0.27403846153846156
0 0.5120192307692307 0.25961538461538464 0.3707932692307692 0.26893028846153844
0 0.8257211538461539 0.27403846153846156 0.34375 0.26412259615384615
0 0.18389423076923078 0.4651442307692308 0.36778846153846156 0.2575120192307692
0 0.5084134615384616 0.4699519230769231 0.37259615384615385 0.26231971153846156
0 0.8245192307692307 0.47475961538461536 0.3464543269230769 0.25961538461538464
0 0.18269230769230768 0.6814903846153846 0.36508413461538464 0.26712740384615385
0 0.5048076923076923 0.6814903846153846 0.36508413461538464 0.25961538461538464
0 0.8257211538461539 0.6887019230769231 0.34375 0.2569110576923077
0 0.5036057692307693 0.8822115384615384 0.36268028846153844 0.23106971153846154
0 0.8233173076923077 0.8834134615384616 0.3485576923076923 0.22385817307692307
0 0.18028846153846154 0.8858173076923077 0.3605769230769231 0.22355769230769232