0 0.18990384615384615 0.15144230769230768 0.34585336538461536 0.2361778846153846
0 0.4987980769230769 0.16346153846153846 0.35366586538461536 0.2403846153846154
0 0.8149038461538461 0.17427884615384615 0.36959134615384615 0.2569110576923077
0 0.18509615384615385 0.3449519230769231 0.34615384615384615 0.2527043269230769
0 0.4951923076923077 0.35697115384615385 0.3605769230769231 0.2575120192307692
0 0.8137019230769231 0.3701923076923077 0.3680889423076923 0.26893028846153844
0 0.17668269230769232 0.5396634615384616 0.3488581730769231 0.2569110576923077
0 0.4855769230769231 0.5625 0.3605769230769231 0.25961538461538464
0 0.8100961538461539 0.5733173076923077 0.3792067307692308 0.27403846153846156
0 0.17427884615384615 0.7403846153846154 0.3485576923076923 0.26893028846153844
0 0.47836538461538464 0.7644230769230769 0.3602764423076923 0.2644230769230769
0 0.8016826923076923 0.7884615384615384 0.3777043269230769 0.27403846153846156