0 0.19110576923076922 0.13701923076923078 0.3605769230769231 0.24579326923076922
0 0.5132211538461539 0.1502403846153846 0.3701923076923077 0.25
0 0.8245192307692307 0.15985576923076922 0.34615384615384615 0.2668269230769231
0 0.18629807692307693 0.3389423076923077 0.36268028846153844 0.2644230769230769
0 0.5096153846153846 0.35096153846153844 0.3753004807692308 0.2692307692307692
0 0.8245192307692307 0.3641826923076923 0.3503605769230769 0.27884615384615385
0 0.1814903846153846 0.5444711538461539 0.3629807692307692 0.27163461538461536
0 0.5 0.5649038461538461 0.3753004807692308 0.26953125
0 0.8197115384615384 0.5757211538461539 0.35606971153846156 0.28575721153846156
0 0.17908653846153846 0.7512019230769231 0.3581730769230769 0.28125
0 0.49278846153846156 0.7752403846153846 0.375 0.2761418269230769
0 0.8149038461538461 0.8016826923076923 0.36568509615384615 0.2863581730769231