0 0.46634615384615385 0.12620192307692307 0.3993389423076923 0.25240384615384615
0 0.49759615384615385 0.2932692307692308 0.3897235576923077 0.3176081730769231
0 0.1875 0.3641826923076923 0.375 0.3317307692307692
0 0.8112980769230769 0.22596153846153846 0.375 0.3176081730769231
0 0.20673076923076922 0.5697115384615384 0.40865384615384615 0.3368389423076923
0 0.5300480769230769 0.49759615384615385 0.3918269230769231 0.3317307692307692
0 0.22956730769230768 0.7872596153846154 0.40865384615384615 0.3386418269230769
0 0.5637019230769231 0.6983173076923077 0.38671875 0.32481971153846156
0 0.5925480769230769 0.8689903846153846 0.38731971153846156 0.2575120192307692
0 0.8257211538461539 0.4254807692307692 0.3440504807692308 0.33143028846153844
0 0.17307692307692307 0.16826923076923078 0.34615384615384615 0.3317307692307692