0 0.46033653846153844 0.125 0.4209735576923077 0.25
0 0.49399038461538464 0.2932692307692308 0.4113581730769231 0.3362379807692308
0 0.18269230769230768 0.36658653846153844 0.36538461538461536 0.3488581730769231
0 0.8125 0.22235576923076922 0.37049278846153844 0.33443509615384615
0 0.203125 0.5865384615384616 0.40625 0.3605769230769231
0 0.5288461538461539 0.5084134615384616 0.41346153846153844 0.3488581730769231
0 0.21394230769230768 0.8149038461538461 0.42788461538461536 0.35997596153846156
0 0.5637019230769231 0.7199519230769231 0.40625 0.34375
0 0.59375 0.8798076923076923 0.40865384615384615 0.23557692307692307
0 0.828125 0.4326923076923077 0.33924278846153844 0.3464543269230769
0 0.16706730769230768 0.16706730769230768 0.33383413461538464 0.33383413461538464