0 0.25 0.10216346153846154 0.30258413461538464 0.20432692307692307
0 0.5060096153846154 0.11057692307692307 0.31009615384615385 0.22115384615384615
0 0.7740384615384616 0.11538461538461539 0.32211538461538464 0.23076923076923078
0 0.24278846153846154 0.25841346153846156 0.30228365384615385 0.21875
0 0.4987980769230769 0.26802884615384615 0.30078125 0.23287259615384615
0 0.7668269230769231 0.2848557692307692 0.31310096153846156 0.23287259615384615
0 0.23677884615384615 0.42427884615384615 0.30078125 0.22385817307692307
0 0.49158653846153844 0.4375 0.3049879807692308 0.23978365384615385
0 0.7572115384615384 0.4483173076923077 0.3128004807692308 0.23828125
0 0.23076923076923078 0.5877403846153846 0.2977764423076923 0.22385817307692307
0 0.4831730769230769 0.6045673076923077 0.30258413461538464 0.23798076923076922
0 0.7512019230769231 0.6237980769230769 0.31460336538461536 0.23287259615384615
0 0.2247596153846154 0.75 0.30528846153846156 0.24489182692307693
0 0.47475961538461536 0.7764423076923077 0.31009615384615385 0.24489182692307693
0 0.7451923076923077 0.7944711538461539 0.3167067307692308 0.23798076923076922
0 0.21514423076923078 0.8978365384615384 0.30018028846153844 0.19981971153846154
0 0.46875 0.9098557692307693 0.31189903846153844 0.17548076923076922
0 0.7379807692307693 0.9206730769230769 0.31310096153846156 0.1541466346153846