0 0.24639423076923078 0.25 0.27403846153846156 0.19200721153846154
0 0.49278846153846156 0.25841346153846156 0.2926682692307692 0.20402644230769232
0 0.7536057692307693 0.265625 0.3004807692307692 0.21394230769230768
0 0.24158653846153846 0.40625 0.2764423076923077 0.19771634615384615
0 0.49278846153846156 0.4182692307692308 0.2926682692307692 0.2166466346153846
0 0.7512019230769231 0.4182692307692308 0.3049879807692308 0.21604567307692307
0 0.24158653846153846 0.5661057692307693 0.28125 0.1971153846153846
0 0.49158653846153844 0.5745192307692307 0.2860576923076923 0.20733173076923078
0 0.7487980769230769 0.5841346153846154 0.3055889423076923 0.2166466346153846
0 0.23677884615384615 0.7259615384615384 0.2815504807692308 0.2208533653846154
0 0.4891826923076923 0.7403846153846154 0.29086538461538464 0.21604567307692307
0 0.7463942307692307 0.7524038461538461 0.3049879807692308 0.22536057692307693
0 0.23076923076923078 0.8822115384615384 0.2890625 0.23106971153846154
0 0.484375 0.8942307692307693 0.3049879807692308 0.20673076923076922
0 0.7427884615384616 0.9002403846153846 0.3128004807692308 0.19471153846153846