0 0.19110576923076922 0.09495192307692307 0.31490384615384615 0.1896033653846154
0 0.45913461538461536 0.10336538461538461 0.32241586538461536 0.20643028846153846
0 0.7355769230769231 0.10817307692307693 0.33653846153846156 0.21634615384615385
0 0.18389423076923078 0.24519230769230768 0.3125 0.22626201923076922
0 0.45072115384615385 0.2548076923076923 0.31490384615384615 0.2403846153846154
0 0.7295673076923077 0.27283653846153844 0.3290264423076923 0.2403846153846154
0 0.1778846153846154 0.4170673076923077 0.3167067307692308 0.23347355769230768
0 0.44350961538461536 0.43028846153846156 0.3152043269230769 0.24549278846153846
0 0.7199519230769231 0.4423076923076923 0.3269230769230769 0.24969951923076922
0 0.171875 0.5865384615384616 0.3097956730769231 0.23527644230769232
0 0.4338942307692308 0.6045673076923077 0.31490384615384615 0.24729567307692307
0 0.7127403846153846 0.625 0.3269230769230769 0.2403846153846154
0 0.1658653846153846 0.7548076923076923 0.3173076923076923 0.25450721153846156
0 0.4266826923076923 0.7836538461538461 0.32421875 0.25450721153846156
0 0.7067307692307693 0.8016826923076923 0.3272235576923077 0.24729567307692307
0 0.15625 0.9002403846153846 0.3125 0.19471153846153846
0 0.41947115384615385 0.9146634615384616 0.32421875 0.1661658653846154
0 0.7007211538461539 0.9254807692307693 0.3290264423076923 0.14453125