0 0.21394230769230768 0.09975961538461539 0.32271634615384615 0.19951923076923078
0 0.49158653846153844 0.10096153846153846 0.3152043269230769 0.20162259615384615
0 0.7644230769230769 0.1045673076923077 0.30318509615384615 0.2091346153846154
0 0.21634615384615385 0.25841346153846156 0.3173076923076923 0.22596153846153846
0 0.49038461538461536 0.25961538461538464 0.3125 0.23016826923076922
0 0.765625 0.2692307692307692 0.30288461538461536 0.22145432692307693
0 0.21394230769230768 0.4362980769230769 0.3176081730769231 0.21844951923076922
0 0.49038461538461536 0.4375 0.3082932692307692 0.2208533653846154
0 0.7644230769230769 0.4375 0.30288461538461536 0.2208533653846154
0 0.21634615384615385 0.6117788461538461 0.3173076923076923 0.21905048076923078
0 0.49158653846153844 0.6141826923076923 0.3097956730769231 0.21905048076923078
0 0.7620192307692307 0.609375 0.3034855769230769 0.21905048076923078
0 0.21634615384615385 0.7920673076923077 0.31700721153846156 0.22596153846153846
0 0.49158653846153844 0.7920673076923077 0.3097956730769231 0.22355769230769232
0 0.7584134615384616 0.7824519230769231 0.3076923076923077 0.23768028846153846