0 0.18870192307692307 0.08774038461538461 0.31971153846153844 0.17548076923076922
0 0.4699519230769231 0.08413461538461539 0.3200120192307692 0.16796875
0 0.7415865384615384 0.08173076923076923 0.31490384615384615 0.16346153846153846
0 0.19110576923076922 0.23317307692307693 0.31971153846153844 0.21183894230769232
0 0.46875 0.22716346153846154 0.32181490384615385 0.22355769230769232
0 0.7451923076923077 0.23197115384615385 0.30709134615384615 0.22355769230769232
0 0.19591346153846154 0.41466346153846156 0.32421875 0.21875
0 0.47115384615384615 0.41346153846153844 0.31700721153846156 0.22115384615384615
0 0.7487980769230769 0.41466346153846156 0.30528846153846156 0.21875
0 0.19831730769230768 0.59375 0.3245192307692308 0.21183894230769232
0 0.47716346153846156 0.5889423076923077 0.30528846153846156 0.21634615384615385
0 0.7475961538461539 0.5805288461538461 0.3034855769230769 0.21634615384615385
0 0.19591346153846154 0.7728365384615384 0.3152043269230769 0.22355769230769232
0 0.47836538461538464 0.7608173076923077 0.3173076923076923 0.22115384615384615
0 0.7548076923076923 0.7548076923076923 0.30318509615384615 0.2205528846153846