0 0.19591346153846154 0.109375 0.3293269230769231 0.21875
0 0.4795673076923077 0.11057692307692307 0.3200120192307692 0.22115384615384615
0 0.7572115384615384 0.1141826923076923 0.3076923076923077 0.2283653846153846
0 0.20072115384615385 0.2800480769230769 0.32211538461538464 0.2286658653846154
0 0.47836538461538464 0.2800480769230769 0.3173076923076923 0.23287259615384615
0 0.7584134615384616 0.28966346153846156 0.3076923076923077 0.22596153846153846
0 0.1971153846153846 0.46153846153846156 0.32632211538461536 0.22115384615384615
0 0.47836538461538464 0.46153846153846156 0.31700721153846156 0.22175480769230768
0 0.7572115384615384 0.46153846153846156 0.3076923076923077 0.22175480769230768
0 0.20072115384615385 0.6394230769230769 0.32211538461538464 0.22175480769230768
0 0.4795673076923077 0.6418269230769231 0.31460336538461536 0.22536057692307693
0 0.7548076923076923 0.6370192307692307 0.3121995192307692 0.22536057692307693
0 0.19951923076923078 0.8221153846153846 0.32181490384615385 0.23046875
0 0.4795673076923077 0.8233173076923077 0.31460336538461536 0.2283653846153846
0 0.7512019230769231 0.8125 0.3125 0.2403846153846154