0 0.22716346153846154 0.1346153846153846 0.3293269230769231 0.22596153846153846
0 0.5132211538461539 0.13822115384615385 0.3245192307692308 0.2283653846153846
0 0.7956730769230769 0.1502403846153846 0.3125 0.23347355769230768
0 0.22716346153846154 0.3581730769230769 0.3293269230769231 0.22596153846153846
0 0.5120192307692307 0.3629807692307692 0.32241586538461536 0.23527644230769232
0 0.7944711538461539 0.3713942307692308 0.3173076923076923 0.23076923076923078
0 0.2283653846153846 0.546875 0.3317307692307692 0.23768028846153846
0 0.5132211538461539 0.5480769230769231 0.3173076923076923 0.2400841346153846
0 0.7908653846153846 0.5492788461538461 0.3121995192307692 0.22355769230769232
0 0.22596153846153846 0.7331730769230769 0.3410456730769231 0.23497596153846154
0 0.5108173076923077 0.7331730769230769 0.3200120192307692 0.23527644230769232
0 0.7884615384615384 0.7259615384615384 0.3125 0.24489182692307693
0 0.22596153846153846 0.8978365384615384 0.3362379807692308 0.19951923076923078
0 0.5096153846153846 0.8954326923076923 0.32632211538461536 0.20432692307692307
0 0.7932692307692307 0.8810096153846154 0.3269230769230769 0.23317307692307693