0 0.22235576923076922 0.08533653846153846 0.3389423076923077 0.17067307692307693
0 0.47596153846153844 0.11658653846153846 0.3368389423076923 0.23287259615384615
0 0.7451923076923077 0.15384615384615385 0.3506610576923077 0.2881610576923077
0 0.19230769230769232 0.1971153846153846 0.3359375 0.2839543269230769
0 0.44711538461538464 0.26322115384615385 0.34164663461538464 0.2764423076923077
0 0.7211538461538461 0.3269230769230769 0.34585336538461536 0.2881610576923077
0 0.1658653846153846 0.3701923076923077 0.32662259615384615 0.2782451923076923
0 0.4230769230769231 0.43509615384615385 0.3371394230769231 0.28335336538461536
0 0.6947115384615384 0.5012019230769231 0.34585336538461536 0.28575721153846156
0 0.1502403846153846 0.5324519230769231 0.3004807692307692 0.2764423076923077
0 0.39663461538461536 0.5985576923076923 0.3407451923076923 0.27914663461538464
0 0.6694711538461539 0.6706730769230769 0.35336538461538464 0.30318509615384615