0 0.24158653846153846 0.2512019230769231 0.28125 0.19471153846153846
0 0.49399038461538464 0.25961538461538464 0.2959735576923077 0.20703125
0 0.7620192307692307 0.2668269230769231 0.3076923076923077 0.2166466346153846
0 0.23798076923076922 0.4110576923076923 0.28335336538461536 0.20222355769230768
0 0.49399038461538464 0.421875 0.2959735576923077 0.22325721153846154
0 0.7584134615384616 0.4230769230769231 0.31009615384615385 0.2208533653846154
0 0.23677884615384615 0.5733173076923077 0.2863581730769231 0.19981971153846154
0 0.49278846153846156 0.5817307692307693 0.29296875 0.21213942307692307
0 0.7572115384615384 0.5925480769230769 0.3128004807692308 0.22325721153846154
0 0.23197115384615385 0.7367788461538461 0.28846153846153844 0.22355769230769232
0 0.49038461538461536 0.7512019230769231 0.2977764423076923 0.21905048076923078
0 0.7536057692307693 0.7632211538461539 0.31009615384615385 0.2283653846153846
0 0.22716346153846154 0.8882211538461539 0.30018028846153844 0.21905048076923078
0 0.4855769230769231 0.9002403846153846 0.3082932692307692 0.19471153846153846
0 0.75 0.90625 0.32181490384615385 0.18269230769230768