0 0.2776442307692308 0.06971153846153846 0.35336538461538464 0.13942307692307693
0 0.5396634615384616 0.10096153846153846 0.3488581730769231 0.20192307692307693
0 0.8185096153846154 0.13581730769230768 0.3605769230769231 0.27163461538461536
0 0.24639423076923078 0.1658653846153846 0.34615384615384615 0.2938701923076923
0 0.5096153846153846 0.23317307692307693 0.35546875 0.2881610576923077
0 0.7932692307692307 0.3004807692307692 0.35606971153846156 0.2980769230769231
0 0.21995192307692307 0.3449519230769231 0.3386418269230769 0.2863581730769231
0 0.4855769230769231 0.41225961538461536 0.35096153846153844 0.2932692307692308
0 0.765625 0.4807692307692308 0.35787259615384615 0.29747596153846156
0 0.19230769230769232 0.5132211538461539 0.3272235576923077 0.28575721153846156
0 0.4567307692307692 0.5817307692307693 0.35096153846153844 0.29296875
0 0.7403846153846154 0.6574519230769231 0.36538461538461536 0.3152043269230769