0 0.21754807692307693 0.19831730769230768 0.28575721153846156 0.21364182692307693
0 0.4723557692307692 0.20552884615384615 0.3049879807692308 0.21875
0 0.734375 0.21754807692307693 0.30528846153846156 0.21394230769230768
0 0.2127403846153846 0.3629807692307692 0.2860576923076923 0.20703125
0 0.47115384615384615 0.3737980769230769 0.29867788461538464 0.21364182692307693
0 0.7319711538461539 0.37740384615384615 0.31009615384615385 0.2208533653846154
0 0.2091346153846154 0.5276442307692307 0.2926682692307692 0.20943509615384615
0 0.4651442307692308 0.5396634615384616 0.30528846153846156 0.22325721153846154
0 0.7307692307692307 0.5480769230769231 0.3082932692307692 0.23076923076923078
0 0.20673076923076922 0.6838942307692307 0.2878605769230769 0.2283653846153846
0 0.45913461538461536 0.7019230769230769 0.30318509615384615 0.23016826923076922
0 0.7235576923076923 0.7247596153846154 0.31189903846153844 0.21905048076923078
0 0.1971153846153846 0.8858173076923077 0.2887620192307692 0.22385817307692307
0 0.453125 0.8966346153846154 0.30018028846153844 0.20192307692307693
0 0.7151442307692307 0.9050480769230769 0.3194110576923077 0.1853966346153846