0 0.20673076923076922 0.08052884615384616 0.34585336538461536 0.16105769230769232
0 0.4651442307692308 0.11177884615384616 0.34375 0.22355769230769232
0 0.7403846153846154 0.1466346153846154 0.3605769230769231 0.2932692307692308
0 0.17668269230769232 0.1875 0.33924278846153844 0.2887620192307692
0 0.43509615384615385 0.2548076923076923 0.3503605769230769 0.27944711538461536
0 0.7151442307692307 0.31971153846153844 0.35096153846153844 0.29296875
0 0.15865384615384615 0.36538461538461536 0.3173076923076923 0.28365384615384615
0 0.4110576923076923 0.42908653846153844 0.34585336538461536 0.2863581730769231
0 0.6875 0.4963942307692308 0.35096153846153844 0.29056490384615385
0 0.14423076923076922 0.5288461538461539 0.28846153846153844 0.28365384615384615
0 0.38461538461538464 0.5949519230769231 0.34585336538461536 0.28575721153846156
0 0.6622596153846154 0.6694711538461539 0.3584735576923077 0.3097956730769231