0 0.15384615384615385 0.07572115384615384 0.2647235576923077 0.15144230769230768
0 0.37740384615384615 0.0733173076923077 0.25961538461538464 0.1466346153846154
0 0.15144230769230768 0.18870192307692307 0.2644230769230769 0.19921875
0 0.3737980769230769 0.1971153846153846 0.25961538461538464 0.1971153846153846
0 0.1502403846153846 0.33774038461538464 0.26231971153846156 0.20462740384615385
0 0.37259615384615385 0.34375 0.26412259615384615 0.1971153846153846
0 0.14543269230769232 0.48197115384615385 0.2665264423076923 0.21153846153846154
0 0.36538461538461536 0.49038461538461536 0.2647235576923077 0.1974158653846154
0 0.14182692307692307 0.6237980769230769 0.26412259615384615 0.2091346153846154
0 0.3605769230769231 0.6370192307692307 0.2647235576923077 0.20643028846153846
0 0.13822115384615385 0.7692307692307693 0.25961538461538464 0.21213942307692307
0 0.3557692307692308 0.7824519230769231 0.2644230769230769 0.21394230769230768
0 0.1346153846153846 0.9014423076923077 0.2692307692307692 0.19230769230769232
0 0.3545673076923077 0.9110576923076923 0.27193509615384615 0.17307692307692307