0 0.19831730769230768 0.15865384615384615 0.23557692307692307 0.1736778846153846
0 0.39663461538461536 0.171875 0.2503004807692308 0.18058894230769232
0 0.609375 0.18990384615384615 0.2527043269230769 0.18689903846153846
0 0.8257211538461539 0.2091346153846154 0.2644230769230769 0.1971153846153846
0 0.1875 0.2956730769230769 0.23587740384615385 0.18299278846153846
0 0.38822115384615385 0.30649038461538464 0.2569110576923077 0.1971153846153846
0 0.6021634615384616 0.3233173076923077 0.2527043269230769 0.20402644230769232
0 0.8185096153846154 0.3401442307692308 0.2665264423076923 0.2091346153846154
0 0.18028846153846154 0.421875 0.2403846153846154 0.20192307692307693
0 0.38100961538461536 0.4411057692307692 0.2569110576923077 0.20402644230769232
0 0.5961538461538461 0.45913461538461536 0.25961538461538464 0.20703125
0 0.8112980769230769 0.47716346153846156 0.26712740384615385 0.21905048076923078
0 0.16947115384615385 0.5576923076923077 0.2478966346153846 0.19681490384615385
0 0.375 0.578125 0.25450721153846156 0.19951923076923078
0 0.5889423076923077 0.5985576923076923 0.2644230769230769 0.21574519230769232
0 0.8028846153846154 0.6129807692307693 0.27403846153846156 0.20733173076923078
0 0.15865384615384615 0.6826923076923077 0.24549278846153846 0.2013221153846154
0 0.36778846153846156 0.7079326923076923 0.25931490384615385 0.1971153846153846
0 0.5769230769230769 0.7271634615384616 0.26412259615384615 0.2088341346153846
0 0.7956730769230769 0.7512019230769231 0.2743389423076923 0.21424278846153846
0 0.15264423076923078 0.8185096153846154 0.2478966346153846 0.21844951923076922
0 0.359375 0.8377403846153846 0.2569110576923077 0.2088341346153846
0 0.5721153846153846 0.8653846153846154 0.25961538461538464 0.2109375
0 0.7860576923076923 0.8846153846153846 0.27403846153846156 0.21213942307692307