0 0.21995192307692307 0.171875 0.2286658653846154 0.17067307692307693
0 0.41346153846153844 0.18509615384615385 0.24519230769230768 0.1775841346153846
0 0.6201923076923077 0.203125 0.24549278846153846 0.18058894230769232
0 0.8317307692307693 0.22235576923076922 0.25931490384615385 0.19441105769230768
0 0.21033653846153846 0.30649038461538464 0.23076923076923078 0.17998798076923078
0 0.4050480769230769 0.3173076923076923 0.25 0.19260817307692307
0 0.6141826923076923 0.33413461538461536 0.24729567307692307 0.1974158653846154
0 0.8245192307692307 0.35096153846153844 0.25961538461538464 0.20252403846153846
0 0.20192307692307693 0.42908653846153844 0.23527644230769232 0.1971153846153846
0 0.39903846153846156 0.4483173076923077 0.25 0.19921875
0 0.6081730769230769 0.4651442307692308 0.25450721153846156 0.20402644230769232
0 0.8173076923076923 0.4831730769230769 0.25991586538461536 0.21604567307692307
0 0.19230769230769232 0.5625 0.24068509615384615 0.19200721153846154
0 0.3918269230769231 0.5817307692307693 0.24549278846153846 0.19290865384615385
0 0.6009615384615384 0.6021634615384616 0.25931490384615385 0.2091346153846154
0 0.8100961538461539 0.6165865384615384 0.26502403846153844 0.20432692307692307
0 0.1814903846153846 0.6838942307692307 0.2403846153846154 0.19471153846153846
0 0.3858173076923077 0.7091346153846154 0.25210336538461536 0.19260817307692307
0 0.5889423076923077 0.7271634615384616 0.2551081730769231 0.20402644230769232
0 0.8028846153846154 0.7512019230769231 0.2692307692307692 0.20943509615384615
0 0.17668269230769232 0.8173076923076923 0.24248798076923078 0.21183894230769232
0 0.3762019230769231 0.8353365384615384 0.25 0.20402644230769232
0 0.5841346153846154 0.8617788461538461 0.25450721153846156 0.20432692307692307
0 0.7920673076923077 0.8822115384615384 0.2668269230769231 0.20733173076923078