0 0.14543269230769232 0.07932692307692307 0.25240384615384615 0.15865384615384615
0 0.3557692307692308 0.07572115384615384 0.24489182692307693 0.15144230769230768
0 0.14302884615384615 0.19230769230769232 0.25 0.1875
0 0.35336538461538464 0.19951923076923078 0.24519230769230768 0.18689903846153846
0 0.14182692307692307 0.3329326923076923 0.24969951923076922 0.19441105769230768
0 0.35216346153846156 0.3389423076923077 0.2478966346153846 0.18689903846153846
0 0.13701923076923078 0.46875 0.2503004807692308 0.19771634615384615
0 0.3449519230769231 0.47716346153846156 0.25210336538461536 0.1875
0 0.13341346153846154 0.6033653846153846 0.2478966346153846 0.1971153846153846
0 0.3401442307692308 0.6153846153846154 0.25210336538461536 0.19260817307692307
0 0.1310096153846154 0.7403846153846154 0.24519230769230768 0.20192307692307693
0 0.33653846153846156 0.7524038461538461 0.25 0.20192307692307693
0 0.12740384615384615 0.8798076923076923 0.2548076923076923 0.21153846153846154
0 0.33413461538461536 0.8918269230769231 0.2551081730769231 0.19771634615384615