0 0.3798076923076923 0.08052884615384616 0.2400841346153846 0.16105769230769232
0 0.3629807692307692 0.9158653846153846 0.24549278846153846 0.16376201923076922
0 0.36538461538461536 0.7884615384615384 0.24489182692307693 0.18719951923076922
0 0.36899038461538464 0.6514423076923077 0.2478966346153846 0.19200721153846154
0 0.36538461538461536 0.5120192307692307 0.24969951923076922 0.18780048076923078
0 0.3713942307692308 0.37740384615384615 0.24308894230769232 0.17848557692307693
0 0.375 0.22235576923076922 0.24068509615384615 0.22325721153846154
0 0.16346153846153846 0.078125 0.24068509615384615 0.15625
0 0.16466346153846154 0.23798076923076922 0.24278846153846154 0.18719951923076922
0 0.15985576923076922 0.36899038461538464 0.2478966346153846 0.1896033653846154
0 0.14423076923076922 0.9074519230769231 0.24939903846153846 0.18028846153846154
0 0.14903846153846154 0.7752403846153846 0.24549278846153846 0.19230769230769232
0 0.15384615384615385 0.640625 0.25060096153846156 0.18509615384615385
0 0.15504807692307693 0.5084134615384616 0.2478966346153846 0.1896033653846154