0 0.20072115384615385 0.055288461538461536 0.23798076923076922 0.11057692307692307
0 0.4110576923076923 0.06129807692307692 0.25 0.12259615384615384
0 0.625 0.07091346153846154 0.25961538461538464 0.14182692307692307
0 0.8413461538461539 0.07211538461538461 0.2698317307692308 0.14393028846153846
0 0.1971153846153846 0.15384615384615385 0.23076923076923078 0.18299278846153846
0 0.4050480769230769 0.16466346153846154 0.25240384615384615 0.1853966346153846
0 0.6177884615384616 0.17668269230769232 0.25991586538461536 0.19471153846153846
0 0.8341346153846154 0.18870192307692307 0.27403846153846156 0.21364182692307693
0 0.19230769230769232 0.28966346153846156 0.2403846153846154 0.1853966346153846
0 0.39783653846153844 0.29927884615384615 0.25721153846153844 0.1971153846153846
0 0.6105769230769231 0.3112980769230769 0.2644230769230769 0.1971153846153846
0 0.828125 0.3269230769230769 0.2809495192307692 0.21153846153846154
0 0.18629807692307693 0.4206730769230769 0.24278846153846154 0.19230769230769232
0 0.39302884615384615 0.4326923076923077 0.2569110576923077 0.20162259615384615
0 0.6045673076923077 0.4411057692307692 0.2665264423076923 0.2091346153846154
0 0.8209134615384616 0.45913461538461536 0.27163461538461536 0.21183894230769232
0 0.1814903846153846 0.5552884615384616 0.24278846153846154 0.18299278846153846
0 0.3870192307692308 0.5661057692307693 0.2551081730769231 0.19020432692307693
0 0.6009615384615384 0.578125 0.2644230769230769 0.1971153846153846
0 0.8149038461538461 0.5949519230769231 0.2734375 0.20402644230769232
0 0.17668269230769232 0.6850961538461539 0.2403846153846154 0.20222355769230768
0 0.3798076923076923 0.6983173076923077 0.2551081730769231 0.2091346153846154
0 0.5913461538461539 0.7259615384615384 0.25450721153846156 0.21183894230769232
0 0.8100961538461539 0.7379807692307693 0.2692307692307692 0.20612980769230768
0 0.16826923076923078 0.8100961538461539 0.23137019230769232 0.19651442307692307
0 0.375 0.8293269230769231 0.24549278846153846 0.18780048076923078
0 0.5853365384615384 0.8509615384615384 0.24729567307692307 0.20162259615384615
0 0.8100961538461539 0.8774038461538461 0.2644230769230769 0.1971153846153846