0 0.203125 0.07451923076923077 0.25961538461538464 0.14873798076923078
0 0.4110576923076923 0.08173076923076923 0.2692307692307692 0.16346153846153846
0 0.6334134615384616 0.09615384615384616 0.28575721153846156 0.19230769230769232
0 0.859375 0.11057692307692307 0.27674278846153844 0.2208533653846154
0 0.18990384615384615 0.18028846153846154 0.25540865384615385 0.20222355769230768
0 0.40384615384615385 0.20192307692307693 0.2692307692307692 0.21123798076923078
0 0.6274038461538461 0.2247596153846154 0.26893028846153844 0.2088341346153846
0 0.8545673076923077 0.2512019230769231 0.28846153846153844 0.21394230769230768
0 0.17548076923076922 0.31971153846153844 0.25961538461538464 0.20222355769230768
0 0.390625 0.3425480769230769 0.2665264423076923 0.20943509615384615
0 0.6141826923076923 0.36899038461538464 0.2764423076923077 0.21634615384615385
0 0.8425480769230769 0.39663461538461536 0.28575721153846156 0.2265625
0 0.1622596153846154 0.4543269230769231 0.26171875 0.21123798076923078
0 0.37740384615384615 0.4807692307692308 0.2644230769230769 0.21153846153846154
0 0.6021634615384616 0.5060096153846154 0.27163461538461536 0.21905048076923078
0 0.8269230769230769 0.5336538461538461 0.2839543269230769 0.22566105769230768
0 0.15504807692307693 0.5961538461538461 0.2569110576923077 0.21213942307692307
0 0.36658653846153844 0.6201923076923077 0.27193509615384615 0.2208533653846154
0 0.5877403846153846 0.6526442307692307 0.27403846153846156 0.23317307692307693
0 0.8161057692307693 0.6802884615384616 0.2860576923076923 0.23587740384615385
0 0.14543269230769232 0.7247596153846154 0.26712740384615385 0.22385817307692307
0 0.35216346153846156 0.7644230769230769 0.27403846153846156 0.23587740384615385
0 0.5757211538461539 0.796875 0.2815504807692308 0.24248798076923078
0 0.8064903846153846 0.8353365384615384 0.29056490384615385 0.24308894230769232
0 0.1310096153846154 0.8713942307692307 0.26171875 0.22325721153846154
0 0.34375 0.8930288461538461 0.2746394230769231 0.20943509615384615
0 0.5673076923076923 0.9098557692307693 0.2785456730769231 0.17548076923076922