0 0.22355769230769232 0.07451923076923077 0.24459134615384615 0.14903846153846154
0 0.4254807692307692 0.07932692307692307 0.24519230769230768 0.15865384615384615
0 0.640625 0.08653846153846154 0.25961538461538464 0.17307692307692307
0 0.8629807692307693 0.09014423076923077 0.26502403846153844 0.18028846153846154
0 0.21514423076923078 0.19230769230769232 0.24729567307692307 0.1778846153846154
0 0.421875 0.203125 0.2478966346153846 0.18028846153846154
0 0.6382211538461539 0.2127403846153846 0.26171875 0.19471153846153846
0 0.8569711538461539 0.22716346153846154 0.2620192307692308 0.19921875
0 0.21033653846153846 0.32572115384615385 0.2478966346153846 0.18028846153846154
0 0.4182692307692308 0.33533653846153844 0.25961538461538464 0.19230769230769232
0 0.6310096153846154 0.34615384615384615 0.2569110576923077 0.20162259615384615
0 0.8509615384615384 0.3557692307692308 0.26021634615384615 0.20673076923076922
0 0.20432692307692307 0.46033653846153844 0.24489182692307693 0.1853966346153846
0 0.41346153846153844 0.4735576923076923 0.2551081730769231 0.19651442307692307
0 0.6274038461538461 0.4807692307692308 0.25540865384615385 0.19681490384615385
0 0.8461538461538461 0.4987980769230769 0.25961538461538464 0.19230769230769232
0 0.19591346153846154 0.5913461538461539 0.24759615384615385 0.19230769230769232
0 0.4050480769230769 0.609375 0.25240384615384615 0.18990384615384615
0 0.6213942307692307 0.6262019230769231 0.25961538461538464 0.19471153846153846
0 0.8365384615384616 0.6358173076923077 0.2686298076923077 0.19921875
0 0.19110576923076922 0.7259615384615384 0.23828125 0.1875
0 0.4014423076923077 0.7463942307692307 0.25450721153846156 0.19501201923076922
0 0.6141826923076923 0.7608173076923077 0.2569110576923077 0.19921875
0 0.8341346153846154 0.7764423076923077 0.2647235576923077 0.21123798076923078
0 0.18870192307692307 0.859375 0.24308894230769232 0.19921875
0 0.39302884615384615 0.8786057692307693 0.25721153846153844 0.21424278846153846
0 0.609375 0.890625 0.25961538461538464 0.20943509615384615
0 0.828125 0.9038461538461539 0.27133413461538464 0.1875