0 0.19110576923076922 0.1201923076923077 0.2668269230769231 0.19170673076923078
0 0.4110576923076923 0.12139423076923077 0.26502403846153844 0.1875
0 0.6334134615384616 0.12379807692307693 0.2527043269230769 0.1853966346153846
0 0.8485576923076923 0.12620192307692307 0.24549278846153846 0.1853966346153846
0 0.19471153846153846 0.26802884615384615 0.2644230769230769 0.1875
0 0.41466346153846156 0.26802884615384615 0.25721153846153844 0.18990384615384615
0 0.6358173076923077 0.2644230769230769 0.25721153846153844 0.18719951923076922
0 0.8509615384615384 0.2608173076923077 0.24969951923076922 0.18058894230769232
0 0.1935096153846154 0.40625 0.25961538461538464 0.1875
0 0.41466346153846156 0.4026442307692308 0.25721153846153844 0.1853966346153846
0 0.6358173076923077 0.4026442307692308 0.25961538461538464 0.1853966346153846
0 0.8509615384615384 0.40384615384615385 0.25060096153846156 0.19230769230769232
0 0.1935096153846154 0.5456730769230769 0.2644230769230769 0.18810096153846154
0 0.4182692307692308 0.5480769230769231 0.2551081730769231 0.19681490384615385
0 0.1935096153846154 0.6875 0.2620192307692308 0.18299278846153846
0 0.4170673076923077 0.6875 0.25961538461538464 0.1875
0 0.6382211538461539 0.6802884615384616 0.25721153846153844 0.18299278846153846
0 0.8521634615384616 0.6706730769230769 0.24729567307692307 0.19230769230769232
0 0.1971153846153846 0.8329326923076923 0.26021634615384615 0.20192307692307693
0 0.421875 0.8329326923076923 0.25961538461538464 0.20192307692307693
0 0.640625 0.8185096153846154 0.25961538461538464 0.19921875
0 0.8545673076923077 0.8161057692307693 0.24759615384615385 0.20192307692307693
0 0.8509615384615384 0.5372596153846154 0.24969951923076922 0.18058894230769232
0 0.6382211538461539 0.5408653846153846 0.25961538461538464 0.17848557692307693
0 0.19831730769230768 0.9375 0.2644230769230769 0.1201923076923077
0 0.4254807692307692 0.9326923076923077 0.2647235576923077 0.12980769230769232
0 0.6430288461538461 0.9314903846153846 0.26171875 0.13221153846153846
0 0.859375 0.9242788461538461 0.24759615384615385 0.1466346153846154