0 0.375 0.05889423076923077 0.2551081730769231 0.11778846153846154
0 0.35697115384615385 0.9170673076923077 0.26231971153846156 0.16105769230769232
0 0.359375 0.7884615384615384 0.26171875 0.2013221153846154
0 0.3629807692307692 0.6430288461538461 0.26502403846153844 0.20432692307692307
0 0.359375 0.49399038461538464 0.2668269230769231 0.20192307692307693
0 0.36538461538461536 0.34975961538461536 0.25991586538461536 0.19441105769230768
0 0.36899038461538464 0.18389423076923078 0.25721153846153844 0.23798076923076922
0 0.14423076923076922 0.057692307692307696 0.25961538461538464 0.11538461538461539
0 0.14543269230769232 0.20072115384615385 0.25961538461538464 0.19951923076923078
0 0.140625 0.34134615384615385 0.2668269230769231 0.20192307692307693
0 0.12860576923076922 0.9086538461538461 0.2569110576923077 0.1778846153846154
0 0.1310096153846154 0.7752403846153846 0.26171875 0.2088341346153846
0 0.1346153846153846 0.6322115384615384 0.2692307692307692 0.19771634615384615
0 0.1346153846153846 0.4891826923076923 0.2686298076923077 0.20192307692307693