0 0.2247596153846154 0.0829326923076923 0.24308894230769232 0.1658653846153846
0 0.4266826923076923 0.08653846153846154 0.24278846153846154 0.17277644230769232
0 0.6442307692307693 0.09615384615384616 0.25961538461538464 0.18329326923076922
0 0.8665865384615384 0.10216346153846154 0.2644230769230769 0.19020432692307693
0 0.21634615384615385 0.2091346153846154 0.24939903846153846 0.1778846153846154
0 0.42427884615384615 0.22115384615384615 0.25210336538461536 0.18209134615384615
0 0.6430288461538461 0.23076923076923078 0.2620192307692308 0.19290865384615385
0 0.8629807692307693 0.24519230769230768 0.2644230769230769 0.2013221153846154
0 0.21153846153846154 0.34375 0.2503004807692308 0.17848557692307693
0 0.4206730769230769 0.35336538461538464 0.25991586538461536 0.19260817307692307
0 0.6358173076923077 0.3641826923076923 0.25721153846153844 0.19981971153846154
0 0.8557692307692307 0.3737980769230769 0.2644230769230769 0.2088341346153846
0 0.20552884615384615 0.4795673076923077 0.24729567307692307 0.1853966346153846
0 0.41586538461538464 0.49158653846153844 0.25540865384615385 0.19471153846153846
0 0.6310096153846154 0.4987980769230769 0.25961538461538464 0.1971153846153846
0 0.8509615384615384 0.5180288461538461 0.25991586538461536 0.19441105769230768
0 0.1971153846153846 0.6105769230769231 0.24969951923076922 0.19260817307692307
0 0.4074519230769231 0.6286057692307693 0.2527043269230769 0.19020432692307693
0 0.625 0.6454326923076923 0.25991586538461536 0.19471153846153846
0 0.8425480769230769 0.6550480769230769 0.2692307692307692 0.19951923076923078
0 0.19230769230769232 0.7463942307692307 0.2403846153846154 0.1896033653846154
0 0.40384615384615385 0.7668269230769231 0.2551081730769231 0.1971153846153846
0 0.6189903846153846 0.7800480769230769 0.25721153846153844 0.19951923076923078
0 0.8401442307692307 0.796875 0.26712740384615385 0.21153846153846154
0 0.18990384615384615 0.8798076923076923 0.24549278846153846 0.2013221153846154
0 0.39663461538461536 0.8942307692307693 0.25991586538461536 0.20703125
0 0.6141826923076923 0.9014423076923077 0.2620192307692308 0.19260817307692307
0 0.8341346153846154 0.9134615384615384 0.2737379807692308 0.16826923076923078