0 0.18629807692307693 0.14783653846153846 0.24759615384615385 0.18479567307692307
0 0.3954326923076923 0.16105769230769232 0.2644230769230769 0.19200721153846154
0 0.6177884615384616 0.18028846153846154 0.2647235576923077 0.19651442307692307
0 0.8461538461538461 0.20072115384615385 0.2785456730769231 0.2088341346153846
0 0.17548076923076922 0.29086538461538464 0.24969951923076922 0.19230769230769232
0 0.3858173076923077 0.30288461538461536 0.2692307692307692 0.20703125
0 0.6105769230769231 0.32091346153846156 0.2647235576923077 0.21394230769230768
0 0.8377403846153846 0.3389423076923077 0.2809495192307692 0.2208533653846154
0 0.16706730769230768 0.42427884615384615 0.25240384615384615 0.21153846153846154
0 0.3786057692307692 0.44350961538461536 0.2692307692307692 0.21394230769230768
0 0.6045673076923077 0.46274038461538464 0.27193509615384615 0.21875
0 0.8305288461538461 0.48197115384615385 0.28125 0.23076923076923078
0 0.15625 0.5673076923076923 0.25991586538461536 0.20643028846153846
0 0.37259615384615385 0.5877403846153846 0.2647235576923077 0.20943509615384615
0 0.5961538461538461 0.6105769230769231 0.2785456730769231 0.22566105769230768
0 0.8221153846153846 0.625 0.28846153846153844 0.2208533653846154
0 0.14543269230769232 0.6983173076923077 0.25961538461538464 0.20943509615384615
0 0.3641826923076923 0.7247596153846154 0.27163461538461536 0.2088341346153846
0 0.5841346153846154 0.7451923076923077 0.2746394230769231 0.2205528846153846
0 0.8149038461538461 0.7704326923076923 0.2887620192307692 0.22806490384615385
0 0.13942307692307693 0.8413461538461539 0.25991586538461536 0.23016826923076922
0 0.3545673076923077 0.8617788461538461 0.2692307692307692 0.21875
0 0.5793269230769231 0.8882211538461539 0.27403846153846156 0.21875
0 0.8040865384615384 0.8978365384615384 0.29056490384615385 0.19951923076923078