0 0.24639423076923078 0.08413461538461539 0.25721153846153844 0.16826923076923078
0 0.4519230769230769 0.09134615384615384 0.2686298076923077 0.18269230769230768
0 0.6730769230769231 0.10697115384615384 0.28365384615384615 0.21394230769230768
0 0.8786057692307693 0.12620192307692307 0.2403846153846154 0.22806490384615385
0 0.23317307692307693 0.19951923076923078 0.2548076923076923 0.20192307692307693
0 0.44591346153846156 0.22115384615384615 0.2668269230769231 0.20703125
0 0.6658653846153846 0.2439903846153846 0.2647235576923077 0.20462740384615385
0 0.8737980769230769 0.2704326923076923 0.25 0.21394230769230768
0 0.21875 0.33774038461538464 0.25540865384615385 0.20192307692307693
0 0.43149038461538464 0.3605769230769231 0.26231971153846156 0.20703125
0 0.6538461538461539 0.3870192307692308 0.27403846153846156 0.21574519230769232
0 0.8677884615384616 0.41466346153846156 0.25961538461538464 0.2286658653846154
0 0.20673076923076922 0.47115384615384615 0.25931490384615385 0.20703125
0 0.41947115384615385 0.49759615384615385 0.2620192307692308 0.21123798076923078
0 0.640625 0.5228365384615384 0.26712740384615385 0.21875
0 0.8605769230769231 0.5516826923076923 0.2743389423076923 0.22385817307692307
0 0.19831730769230768 0.6129807692307693 0.2527043269230769 0.21183894230769232
0 0.40865384615384615 0.6370192307692307 0.26953125 0.2169471153846154
0 0.6274038461538461 0.6682692307692307 0.2734375 0.23076923076923078
0 0.8533653846153846 0.6959134615384616 0.28365384615384615 0.23557692307692307
0 0.18990384615384615 0.7391826923076923 0.2647235576923077 0.22325721153846154
0 0.3942307692307692 0.7788461538461539 0.2698317307692308 0.23557692307692307
0 0.6153846153846154 0.8112980769230769 0.27914663461538464 0.23828125
0 0.8425480769230769 0.8497596153846154 0.2863581730769231 0.24248798076923078
0 0.17307692307692307 0.8846153846153846 0.25931490384615385 0.2205528846153846
0 0.38461538461538464 0.9002403846153846 0.27403846153846156 0.19501201923076922
0 0.6069711538461539 0.9170673076923077 0.2761418269230769 0.16135817307692307