0 0.2127403846153846 0.07451923076923077 0.26171875 0.14873798076923078
0 0.4326923076923077 0.07572115384615384 0.24939903846153846 0.15144230769230768
0 0.6394230769230769 0.08052884615384616 0.24969951923076922 0.16075721153846154
0 0.84375 0.08173076923076923 0.24519230769230768 0.16346153846153846
0 0.21033653846153846 0.18389423076923078 0.2527043269230769 0.18028846153846154
0 0.43028846153846156 0.1875 0.24459134615384615 0.18239182692307693
0 0.640625 0.19230769230769232 0.24278846153846154 0.1736778846153846
0 0.84375 0.20192307692307693 0.2400841346153846 0.1736778846153846
0 0.21033653846153846 0.33052884615384615 0.25240384615384615 0.18990384615384615
0 0.42788461538461536 0.33052884615384615 0.24939903846153846 0.19230769230769232
0 0.6394230769230769 0.3293269230769231 0.24549278846153846 0.18719951923076922
0 0.8413461538461539 0.33052884615384615 0.24098557692307693 0.18058894230769232
0 0.21033653846153846 0.46634615384615385 0.25240384615384615 0.18299278846153846
0 0.4254807692307692 0.46153846153846156 0.24579326923076922 0.18299278846153846
0 0.6394230769230769 0.46274038461538464 0.24489182692307693 0.1778846153846154
0 0.8413461538461539 0.4675480769230769 0.24489182692307693 0.17518028846153846
0 0.21033653846153846 0.6021634615384616 0.25240384615384615 0.16826923076923078
0 0.4266826923076923 0.5997596153846154 0.2478966346153846 0.17097355769230768
0 0.6370192307692307 0.5973557692307693 0.24459134615384615 0.1658653846153846
0 0.8413461538461539 0.59375 0.2400841346153846 0.15895432692307693
0 0.2127403846153846 0.7680288461538461 0.24729567307692307 0.17097355769230768
0 0.4266826923076923 0.7668269230769231 0.24729567307692307 0.17337740384615385
0 0.6370192307692307 0.7644230769230769 0.24068509615384615 0.17337740384615385
0 0.8473557692307693 0.7620192307692307 0.24248798076923078 0.17728365384615385
0 0.21033653846153846 0.9074519230769231 0.2478966346153846 0.18028846153846154
0 0.42908653846153844 0.9050480769230769 0.24759615384615385 0.17518028846153846
0 0.6370192307692307 0.8954326923076923 0.24459134615384615 0.1875
0 0.8473557692307693 0.8966346153846154 0.23798076923076922 0.18239182692307693