0 0.18269230769230768 0.10096153846153846 0.2686298076923077 0.19170673076923078
0 0.4026442307692308 0.10216346153846154 0.2668269230769231 0.1875
0 0.625 0.10576923076923077 0.25450721153846156 0.18719951923076922
0 0.8413461538461539 0.10697115384615384 0.24549278846153846 0.1853966346153846
0 0.18629807692307693 0.24879807692307693 0.2644230769230769 0.1875
0 0.40625 0.25 0.25540865384615385 0.19170673076923078
0 0.6274038461538461 0.24639423076923078 0.25540865384615385 0.1853966346153846
0 0.8425480769230769 0.24158653846153846 0.2478966346153846 0.18058894230769232
0 0.18509615384615385 0.3870192307692308 0.25961538461538464 0.1875
0 0.40625 0.38461538461538464 0.25540865384615385 0.18719951923076922
0 0.6274038461538461 0.38461538461538464 0.25961538461538464 0.18719951923076922
0 0.8425480769230769 0.3858173076923077 0.25240384615384615 0.19230769230769232
0 0.18509615384615385 0.5264423076923077 0.2644230769230769 0.18810096153846154
0 0.4098557692307692 0.5300480769230769 0.2569110576923077 0.19501201923076922
0 0.18509615384615385 0.6682692307692307 0.26382211538461536 0.18299278846153846
0 0.40865384615384615 0.6682692307692307 0.25961538461538464 0.1875
0 0.6298076923076923 0.6622596153846154 0.2590144230769231 0.18479567307692307
0 0.84375 0.6514423076923077 0.24549278846153846 0.19230769230769232
0 0.18870192307692307 0.8137019230769231 0.2620192307692308 0.20192307692307693
0 0.41346153846153844 0.8137019230769231 0.25961538461538464 0.20192307692307693
0 0.6334134615384616 0.7992788461538461 0.25961538461538464 0.19921875
0 0.8461538461538461 0.7980769230769231 0.24939903846153846 0.20192307692307693
0 0.8425480769230769 0.5180288461538461 0.2478966346153846 0.18058894230769232
0 0.6298076923076923 0.5216346153846154 0.25961538461538464 0.17848557692307693
0 0.18990384615384615 0.9290865384615384 0.2644230769230769 0.13731971153846154
0 0.4170673076923077 0.9230769230769231 0.2665264423076923 0.14903846153846154
0 0.6358173076923077 0.9230769230769231 0.26171875 0.14933894230769232
0 0.8509615384615384 0.9158653846153846 0.24939903846153846 0.16766826923076922