0 0.23918269230769232 0.07692307692307693 0.23798076923076922 0.15384615384615385
0 0.43509615384615385 0.08052884615384616 0.23587740384615385 0.16105769230769232
0 0.6454326923076923 0.0889423076923077 0.25240384615384615 0.1775841346153846
0 0.8617788461538461 0.09134615384615384 0.26171875 0.18269230769230768
0 0.23076923076923078 0.19471153846153846 0.2400841346153846 0.17307692307692307
0 0.43149038461538464 0.20552884615384615 0.24278846153846154 0.17518028846153846
0 0.6430288461538461 0.21514423076923078 0.2527043269230769 0.1896033653846154
0 0.8557692307692307 0.2283653846153846 0.2551081730769231 0.19230769230769232
0 0.22596153846153846 0.3245192307692308 0.24098557692307693 0.17337740384615385
0 0.42788461538461536 0.33413461538461536 0.25060096153846156 0.18719951923076922
0 0.6358173076923077 0.3449519230769231 0.2478966346153846 0.19471153846153846
0 0.8497596153846154 0.35336538461538464 0.2569110576923077 0.20162259615384615
0 0.21995192307692307 0.45552884615384615 0.23798076923076922 0.18028846153846154
0 0.4230769230769231 0.4675480769230769 0.24969951923076922 0.1896033653846154
0 0.6322115384615384 0.47475961538461536 0.2503004807692308 0.19020432692307693
0 0.8449519230769231 0.49278846153846156 0.25240384615384615 0.18719951923076922
0 0.2127403846153846 0.5829326923076923 0.24248798076923078 0.1853966346153846
0 0.41586538461538464 0.6009615384615384 0.24549278846153846 0.18329326923076922
0 0.6262019230769231 0.6165865384615384 0.25240384615384615 0.1896033653846154
0 0.8365384615384616 0.6262019230769231 0.25991586538461536 0.19230769230769232
0 0.20673076923076922 0.7139423076923077 0.23137019230769232 0.18269230769230768
0 0.4110576923076923 0.734375 0.24579326923076922 0.19020432692307693
0 0.6201923076923077 0.7463942307692307 0.24969951923076922 0.19230769230769232
0 0.8341346153846154 0.7632211538461539 0.25931490384615385 0.20432692307692307
0 0.20432692307692307 0.84375 0.2361778846153846 0.19230769230769232
0 0.40384615384615385 0.8617788461538461 0.2503004807692308 0.2091346153846154
0 0.6153846153846154 0.8737980769230769 0.25060096153846156 0.20432692307692307
0 0.828125 0.8966346153846154 0.26231971153846156 0.20222355769230768