0 0.14783653846153846 0.11899038461538461 0.27133413461538464 0.19020432692307693
0 0.3701923076923077 0.1201923076923077 0.26953125 0.19170673076923078
0 0.5949519230769231 0.12259615384615384 0.25721153846153844 0.1875
0 0.8125 0.125 0.24969951923076922 0.1875
0 0.15144230769230768 0.26802884615384615 0.26502403846153844 0.18990384615384615
0 0.3737980769230769 0.2692307692307692 0.25961538461538464 0.19200721153846154
0 0.5961538461538461 0.2644230769230769 0.25961538461538464 0.1875
0 0.8137019230769231 0.2608173076923077 0.25210336538461536 0.18479567307692307
0 0.1502403846153846 0.4074519230769231 0.2620192307692308 0.18990384615384615
0 0.3737980769230769 0.40384615384615385 0.25961538461538464 0.1875
0 0.5973557692307693 0.40384615384615385 0.2620192307692308 0.1875
0 0.8137019230769231 0.4050480769230769 0.2548076923076923 0.19441105769230768
0 0.1502403846153846 0.5480769230769231 0.2668269230769231 0.19200721153846154
0 0.37740384615384615 0.5504807692307693 0.25931490384615385 0.1974158653846154
0 0.1502403846153846 0.6911057692307693 0.2644230769230769 0.18509615384615385
0 0.3762019230769231 0.6911057692307693 0.2620192307692308 0.18990384615384615
0 0.5997596153846154 0.6838942307692307 0.25961538461538464 0.18509615384615385
0 0.8161057692307693 0.6742788461538461 0.2478966346153846 0.19441105769230768
0 0.15384615384615385 0.8377403846153846 0.2644230769230769 0.20432692307692307
0 0.38100961538461536 0.8377403846153846 0.2620192307692308 0.20432692307692307
0 0.6021634615384616 0.8233173076923077 0.2620192307692308 0.19951923076923078
0 0.8185096153846154 0.8209134615384616 0.25 0.20432692307692307
0 0.8137019230769231 0.5396634615384616 0.25210336538461536 0.18479567307692307
0 0.5997596153846154 0.5432692307692307 0.2620192307692308 0.18239182692307693
0 0.15504807692307693 0.9411057692307693 0.2668269230769231 0.11328125
0 0.38461538461538464 0.9350961538461539 0.26893028846153844 0.125
0 0.6045673076923077 0.9338942307692307 0.26231971153846156 0.12740384615384615
0 0.8233173076923077 0.9266826923076923 0.25 0.14182692307692307