0 0.1466346153846154 0.11538461538461539 0.25961538461538464 0.1875
0 0.36658653846153844 0.1141826923076923 0.24519230769230768 0.1875
0 0.14182692307692307 0.2860576923076923 0.24489182692307693 0.18239182692307693
0 0.359375 0.2932692307692308 0.2548076923076923 0.16826923076923078
0 0.14182692307692307 0.4206730769230769 0.25 0.19200721153846154
0 0.3557692307692308 0.421875 0.25931490384615385 0.1896033653846154
0 0.13701923076923078 0.5600961538461539 0.2503004807692308 0.19260817307692307
0 0.35336538461538464 0.5673076923076923 0.25961538461538464 0.18269230769230768
0 0.13581730769230768 0.703125 0.24519230769230768 0.19471153846153846
0 0.34975961538461536 0.7139423076923077 0.2575120192307692 0.19200721153846154
0 0.12860576923076922 0.84375 0.2478966346153846 0.19200721153846154
0 0.35096153846153844 0.8521634615384616 0.25961538461538464 0.1971153846153846