0 0.16105769230769232 0.078125 0.26953125 0.15625
0 0.3870192307692308 0.07451923076923077 0.25991586538461536 0.14903846153846154
0 0.15865384615384615 0.1935096153846154 0.26893028846153844 0.19981971153846154
0 0.38461538461538464 0.20072115384615385 0.26412259615384615 0.19951923076923078
0 0.15745192307692307 0.34375 0.2668269230769231 0.20703125
0 0.38221153846153844 0.35096153846153844 0.26502403846153844 0.2013221153846154
0 0.15264423076923078 0.49038461538461536 0.27133413461538464 0.21213942307692307
0 0.375 0.4987980769230769 0.26953125 0.19981971153846154
0 0.14903846153846154 0.6346153846153846 0.2686298076923077 0.21153846153846154
0 0.3701923076923077 0.6466346153846154 0.26953125 0.20703125
0 0.14543269230769232 0.78125 0.26231971153846156 0.21634615384615385
0 0.36538461538461536 0.7944711538461539 0.26893028846153844 0.21634615384615385
0 0.13942307692307693 0.9074519230769231 0.27884615384615385 0.17998798076923078
0 0.36538461538461536 0.9182692307692307 0.2782451923076923 0.15895432692307693