0 0.1141826923076923 0.20673076923076922 0.19921875 0.37950721153846156
0 0.24519230769230768 0.1875 0.1971153846153846 0.375
0 0.3786057692307692 0.17307692307692307 0.19441105769230768 0.34615384615384615
0 0.5036057692307693 0.16346153846153846 0.20462740384615385 0.3269230769230769
0 0.6346153846153846 0.15144230769230768 0.1971153846153846 0.30258413461538464
0 0.7620192307692307 0.13701923076923078 0.20643028846153846 0.2737379807692308
0 0.14302884615384615 0.5300480769230769 0.20402644230769232 0.3942307692307692
0 0.2776442307692308 0.5036057692307693 0.19471153846153846 0.4011418269230769
0 0.41225961538461536 0.47836538461538464 0.19441105769230768 0.3942307692307692
0 0.5420673076923077 0.453125 0.20462740384615385 0.3894230769230769
0 0.6754807692307693 0.42788461538461536 0.19771634615384615 0.3894230769230769
0 0.8052884615384616 0.40625 0.20703125 0.38882211538461536
0 0.8497596153846154 0.7355769230769231 0.21905048076923078 0.41796875
0 0.7199519230769231 0.7572115384615384 0.21634615384615385 0.4137620192307692
0 0.5829326923076923 0.7896634615384616 0.2088341346153846 0.40384615384615385
0 0.45072115384615385 0.8052884615384616 0.21153846153846154 0.38491586538461536
0 0.3137019230769231 0.8161057692307693 0.21153846153846154 0.3629807692307692
0 0.1814903846153846 0.8257211538461539 0.21364182692307693 0.34375
0 0.07572115384615384 0.8365384615384616 0.15144230769230768 0.32211538461538464