0 0.14182692307692307 0.20552884615384615 0.18810096153846154 0.36328125
0 0.2668269230769231 0.18389423076923078 0.18780048076923078 0.36778846153846156
0 0.3942307692307692 0.17067307692307693 0.1875 0.34134615384615385
0 0.515625 0.16105769230769232 0.19501201923076922 0.32211538461538464
0 0.640625 0.14903846153846154 0.1896033653846154 0.2980769230769231
0 0.7632211538461539 0.13581730769230768 0.19951923076923078 0.27163461538461536
0 0.16947115384615385 0.5168269230769231 0.19471153846153846 0.3792067307692308
0 0.2980769230769231 0.49158653846153844 0.1875 0.3825120192307692
0 0.4266826923076923 0.4675480769230769 0.18509615384615385 0.37740384615384615
0 0.5516826923076923 0.44350961538461536 0.19501201923076922 0.37289663461538464
0 0.6790865384615384 0.41947115384615385 0.19020432692307693 0.37289663461538464
0 0.8040865384615384 0.39783653846153844 0.19951923076923078 0.37259615384615385
0 0.8461538461538461 0.7139423076923077 0.21123798076923078 0.3993389423076923
0 0.7223557692307693 0.7355769230769231 0.2088341346153846 0.3987379807692308
0 0.5901442307692307 0.765625 0.19951923076923078 0.38731971153846156
0 0.46274038461538464 0.7884615384615384 0.19981971153846154 0.38431490384615385
0 0.3329326923076923 0.8076923076923077 0.20402644230769232 0.3798076923076923
0 0.20552884615384615 0.8173076923076923 0.20402644230769232 0.36087740384615385
0 0.0889423076923077 0.8269230769230769 0.1778846153846154 0.34134615384615385