0 0.11057692307692307 0.19110576923076922 0.19290865384615385 0.37259615384615385
0 0.23918269230769232 0.17908653846153846 0.19471153846153846 0.3581730769230769
0 0.3701923076923077 0.16466346153846154 0.19230769230769232 0.3293269230769231
0 0.49399038461538464 0.15504807692307693 0.20192307692307693 0.3097956730769231
0 0.6225961538461539 0.14302884615384615 0.1971153846153846 0.2860576923076923
0 0.7487980769230769 0.12860576923076922 0.20192307692307693 0.2569110576923077
0 0.13942307692307693 0.5096153846153846 0.2013221153846154 0.38521634615384615
0 0.27163461538461536 0.4831730769230769 0.19230769230769232 0.39393028846153844
0 0.40384615384615385 0.4579326923076923 0.19170673076923078 0.3870192307692308
0 0.5324519230769231 0.4338942307692308 0.20192307692307693 0.3825120192307692
0 0.6622596153846154 0.40865384615384615 0.1971153846153846 0.38431490384615385
0 0.7908653846153846 0.3870192307692308 0.20612980769230768 0.3801081730769231
0 0.8341346153846154 0.7115384615384616 0.21634615384615385 0.4089543269230769
0 0.7067307692307693 0.7331730769230769 0.21183894230769232 0.40835336538461536
0 0.5709134615384616 0.7644230769230769 0.20432692307692307 0.3987379807692308
0 0.4411057692307692 0.7872596153846154 0.20673076923076922 0.39212740384615385
0 0.3076923076923077 0.8052884615384616 0.20703125 0.38491586538461536
0 0.17668269230769232 0.8149038461538461 0.20943509615384615 0.36568509615384615
0 0.0733173076923077 0.8257211538461539 0.1463341346153846 0.34375