0 0.06610576923076923 0.26802884615384615 0.13221153846153846 0.3581730769230769
0 0.15985576923076922 0.23798076923076922 0.18990384615384615 0.36538461538461536
0 0.2848557692307692 0.2091346153846154 0.19501201923076922 0.3698918269230769
0 0.4074519230769231 0.18629807692307693 0.19501201923076922 0.3680889423076923
0 0.5348557692307693 0.17427884615384615 0.20462740384615385 0.3485576923076923
0 0.65625 0.1622596153846154 0.19651442307692307 0.3245192307692308
0 0.08413461538461539 0.5709134615384616 0.16826923076923078 0.37740384615384615
0 0.1935096153846154 0.546875 0.19471153846153846 0.375
0 0.31971153846153844 0.5180288461538461 0.19681490384615385 0.3825120192307692
0 0.4483173076923077 0.4951923076923077 0.19981971153846154 0.38491586538461536
0 0.5745192307692307 0.4651442307692308 0.20162259615384615 0.38731971153846156
0 0.6971153846153846 0.44591346153846156 0.2013221153846154 0.38671875
0 0.7415865384615384 0.7680288461538461 0.21364182692307693 0.39693509615384615
0 0.6201923076923077 0.7860576923076923 0.20703125 0.38912259615384615
0 0.4879807692307692 0.8004807692307693 0.20733173076923078 0.3942307692307692
0 0.3629807692307692 0.8197115384615384 0.21574519230769232 0.35606971153846156