0 0.0673076923076923 0.26322115384615385 0.13431490384615385 0.36268028846153844
0 0.16346153846153846 0.23197115384615385 0.19200721153846154 0.3701923076923077
0 0.28846153846153844 0.203125 0.1974158653846154 0.37289663461538464
0 0.41346153846153844 0.18509615384615385 0.2013221153846154 0.3701923076923077
0 0.5408653846153846 0.17307692307692307 0.20703125 0.34585336538461536
0 0.6646634615384616 0.15985576923076922 0.19501201923076922 0.31971153846153844
0 0.08533653846153846 0.5685096153846154 0.17037259615384615 0.3798076923076923
0 0.1971153846153846 0.5456730769230769 0.19681490384615385 0.3798076923076923
0 0.3245192307692308 0.5168269230769231 0.1974158653846154 0.38912259615384615
0 0.4543269230769231 0.49278846153846156 0.20222355769230768 0.3897235576923077
0 0.5817307692307693 0.46274038461538464 0.20222355769230768 0.39212740384615385
0 0.7067307692307693 0.44350961538461536 0.20162259615384615 0.3915264423076923
0 0.7512019230769231 0.7692307692307693 0.21394230769230768 0.4035456730769231
0 0.6274038461538461 0.7872596153846154 0.20733173076923078 0.39212740384615385
0 0.4951923076923077 0.8004807692307693 0.21153846153846154 0.3942307692307692
0 0.36899038461538464 0.8197115384615384 0.21634615384615385 0.35606971153846156