0 0.08173076923076923 0.2956730769230769 0.16346153846153846 0.34585336538461536
0 0.19230769230769232 0.2668269230769231 0.18269230769230768 0.3512620192307692
0 0.3112980769230769 0.23918269230769232 0.1896033653846154 0.3557692307692308
0 0.42908653846153844 0.21754807692307693 0.1896033653846154 0.3557692307692308
0 0.5516826923076923 0.1971153846153846 0.1971153846153846 0.35096153846153844
0 0.6682692307692307 0.17668269230769232 0.18329326923076922 0.3434495192307692
0 0.10336538461538461 0.5853365384615384 0.18689903846153846 0.3605769230769231
0 0.22355769230769232 0.5649038461538461 0.1875 0.36087740384615385
0 0.34615384615384615 0.5372596153846154 0.18780048076923078 0.3701923076923077
0 0.46875 0.5144230769230769 0.19260817307692307 0.37439903846153844
0 0.5901442307692307 0.48677884615384615 0.19441105769230768 0.37289663461538464
0 0.7091346153846154 0.4675480769230769 0.19230769230769232 0.37259615384615385
0 0.7512019230769231 0.7788461538461539 0.20432692307692307 0.38431490384615385
0 0.6346153846153846 0.7956730769230769 0.2013221153846154 0.3746995192307692
0 0.5084134615384616 0.8088942307692307 0.19981971153846154 0.37740384615384615
0 0.3870192307692308 0.8269230769230769 0.20643028846153846 0.34164663461538464