0 0.3329326923076923 0.12379807692307693 0.21153846153846154 0.24729567307692307
0 0.49038461538461536 0.11538461538461539 0.21604567307692307 0.23046875
0 0.6454326923076923 0.109375 0.2088341346153846 0.21875
0 0.8052884615384616 0.09975961538461539 0.21153846153846154 0.19951923076923078
0 0.9278846153846154 0.09375 0.13972355769230768 0.18719951923076922
0 0.3545673076923077 0.39903846153846156 0.22115384615384615 0.44681490384615385
0 0.5084134615384616 0.3858173076923077 0.21634615384615385 0.44981971153846156
0 0.6646634615384616 0.3737980769230769 0.21364182692307693 0.44981971153846156
0 0.8185096153846154 0.36177884615384615 0.21153846153846154 0.44471153846153844
0 0.9326923076923077 0.34375 0.13010817307692307 0.4573317307692308
0 0.38100961538461536 0.78125 0.22115384615384615 0.43299278846153844
0 0.5252403846153846 0.7752403846153846 0.22806490384615385 0.4375
0 0.6875 0.7487980769230769 0.2109375 0.4299879807692308
0 0.8413461538461539 0.7379807692307693 0.21634615384615385 0.4423076923076923
0 0.9411057692307693 0.7223557692307693 0.11538461538461539 0.4567307692307692