0 0.1622596153846154 0.41466346153846156 0.19951923076923078 0.42788461538461536
0 0.3112980769230769 0.4074519230769231 0.20432692307692307 0.4254807692307692
0 0.46153846153846156 0.3894230769230769 0.20222355769230768 0.4230769230769231
0 0.6117788461538461 0.375 0.19921875 0.41856971153846156
0 0.765625 0.3605769230769231 0.19471153846153846 0.41856971153846156
0 0.9026442307692307 0.35336538461538464 0.19020432692307693 0.4375
0 0.18870192307692307 0.7824519230769231 0.2088341346153846 0.4110576923076923
0 0.3329326923076923 0.7728365384615384 0.19951923076923078 0.41346153846153844
0 0.4807692307692308 0.7608173076923077 0.19681490384615385 0.41346153846153844
0 0.6334134615384616 0.75 0.1853966346153846 0.41796875
0 0.7800480769230769 0.7391826923076923 0.19020432692307693 0.41346153846153844