0 0.20072115384615385 0.4014423076923077 0.19981971153846154 0.42818509615384615
0 0.35096153846153844 0.3942307692307692 0.20643028846153846 0.42788461538461536
0 0.5012019230769231 0.3762019230769231 0.20432692307692307 0.4254807692307692
0 0.6526442307692307 0.36177884615384615 0.19951923076923078 0.4206730769230769
0 0.8076923076923077 0.3473557692307692 0.19681490384615385 0.4206730769230769
0 0.9230769230769231 0.34134615384615385 0.14903846153846154 0.4423076923076923
0 0.22596153846153846 0.7704326923076923 0.2109375 0.41346153846153844
0 0.3713942307692308 0.7608173076923077 0.19981971153846154 0.41556490384615385
0 0.5204326923076923 0.7487980769230769 0.1971153846153846 0.41556490384615385
0 0.6730769230769231 0.7391826923076923 0.1875 0.42037259615384615
0 0.8221153846153846 0.7283653846153846 0.19230769230769232 0.4137620192307692