0 0.109375 0.2932692307692308 0.21875 0.41346153846153844
0 0.2536057692307692 0.30649038461538464 0.2091346153846154 0.4014423076923077
0 0.39783653846153844 0.3173076923076923 0.20432692307692307 0.4032451923076923
0 0.5444711538461539 0.3269230769230769 0.19921875 0.41346153846153844
0 0.6814903846153846 0.33653846153846156 0.1875 0.4032451923076923
0 0.8653846153846154 0.35336538461538464 0.19170673076923078 0.40835336538461536
0 0.09615384615384616 0.6586538461538461 0.19230769230769232 0.4332932692307692
0 0.23317307692307693 0.6682692307692307 0.2166466346153846 0.4323918269230769
0 0.38100961538461536 0.6742788461538461 0.2088341346153846 0.4305889423076923
0 0.5264423076923077 0.6887019230769231 0.20703125 0.4299879807692308
0 0.6730769230769231 0.6983173076923077 0.1974158653846154 0.4254807692307692
0 0.8533653846153846 0.7091346153846154 0.19651442307692307 0.4230769230769231