0 0.19591346153846154 0.34615384615384615 0.19230769230769232 0.4375
0 0.3557692307692308 0.34975961538461536 0.19681490384615385 0.4444110576923077
0 0.5228365384615384 0.3485576923076923 0.19441105769230768 0.44200721153846156
0 0.6838942307692307 0.35336538461538464 0.19951923076923078 0.44200721153846156
0 0.8449519230769231 0.3581730769230769 0.19951923076923078 0.43689903846153844
0 0.19230769230769232 0.7439903846153846 0.18780048076923078 0.4299879807692308
0 0.3545673076923077 0.7427884615384616 0.1971153846153846 0.4326923076923077
0 0.5144230769230769 0.7475961538461539 0.18780048076923078 0.43810096153846156
0 0.6778846153846154 0.7512019230769231 0.2013221153846154 0.4402043269230769
0 0.8377403846153846 0.7536057692307693 0.20192307692307693 0.4375
0 0.9483173076923077 0.7608173076923077 0.09885817307692307 0.4444110576923077