0 0.08653846153846154 0.4423076923076923 0.17307692307692307 0.3698918269230769
0 0.2127403846153846 0.4579326923076923 0.1875 0.3722956730769231
0 0.3485576923076923 0.46634615384615385 0.18269230769230768 0.37560096153846156
0 0.484375 0.47596153846153844 0.18058894230769232 0.3801081730769231
0 0.6225961538461539 0.49038461538461536 0.1775841346153846 0.37560096153846156
0 0.7584134615384616 0.5036057692307693 0.17097355769230768 0.37259615384615385
0 0.8942307692307693 0.515625 0.17277644230769232 0.3819110576923077
0 0.1814903846153846 0.7956730769230769 0.20192307692307693 0.39393028846153844
0 0.3233173076923077 0.8016826923076923 0.19230769230769232 0.3894230769230769
0 0.46153846153846156 0.8076923076923077 0.2013221153846154 0.3801081730769231
0 0.6045673076923077 0.8173076923076923 0.18479567307692307 0.3605769230769231