0 0.12620192307692307 0.31850961538461536 0.17998798076923078 0.40174278846153844
0 0.27283653846153844 0.32091346153846156 0.16105769230769232 0.39903846153846156
0 0.4182692307692308 0.31850961538461536 0.16826923076923078 0.39633413461538464
0 0.5625 0.32211538461538464 0.16826923076923078 0.39903846153846156
0 0.7067307692307693 0.3245192307692308 0.17247596153846154 0.39903846153846156
0 0.8882211538461539 0.33052884615384615 0.1896033653846154 0.39903846153846156
0 0.13221153846153846 0.671875 0.17337740384615385 0.3825120192307692
0 0.2704326923076923 0.671875 0.16105769230769232 0.3870192307692308
0 0.4182692307692308 0.6730769230769231 0.17247596153846154 0.38521634615384615
0 0.5552884615384616 0.6802884615384616 0.17307692307692307 0.38461538461538464
0 0.6995192307692307 0.6778846153846154 0.18299278846153846 0.3894230769230769
0 0.8762019230769231 0.6790865384615384 0.1875 0.39903846153846156