0 0.14903846153846154 0.3605769230769231 0.24489182692307693 0.45162259615384615
0 0.30408653846153844 0.38100961538461536 0.22385817307692307 0.4423076923076923
0 0.46033653846153844 0.4014423076923077 0.22325721153846154 0.4465144230769231
0 0.6153846153846154 0.421875 0.21634615384615385 0.44711538461538464
0 0.7716346153846154 0.43990384615384615 0.21604567307692307 0.44741586538461536
0 0.90625 0.4651442307692308 0.18299278846153846 0.45462740384615385
0 0.11658653846153846 0.7463942307692307 0.23287259615384615 0.4807692307692308
0 0.2704326923076923 0.765625 0.23347355769230768 0.4639423076923077
0 0.42908653846153844 0.7764423076923077 0.23347355769230768 0.4423076923076923
0 0.5865384615384616 0.7848557692307693 0.22145432692307693 0.4254807692307692
0 0.7451923076923077 0.796875 0.22566105769230768 0.4014423076923077
0 0.8954326923076923 0.8052884615384616 0.20432692307692307 0.38461538461538464