0 0.5997596153846154 0.7295673076923077 0.3076923076923077 0.25961538461538464
0 0.33774038461538464 0.7884615384615384 0.33383413461538464 0.27403846153846156
0 0.5769230769230769 0.5685096153846154 0.3076923076923077 0.2692307692307692
0 0.3161057692307692 0.6274038461538461 0.33383413461538464 0.2785456730769231
0 0.5516826923076923 0.4026442307692308 0.3125 0.2665264423076923
0 0.29086538461538464 0.45552884615384615 0.3269230769230769 0.2761418269230769
0 0.2692307692307692 0.2920673076923077 0.33203125 0.2761418269230769
0 0.5276442307692307 0.24158653846153846 0.32211538461538464 0.2761418269230769
0 0.24519230769230768 0.1310096153846154 0.3368389423076923 0.2620192307692308
0 0.1201923076923077 0.8401442307692307 0.23978365384615385 0.27674278846153844
0 0.109375 0.6742788461538461 0.21424278846153846 0.27884615384615385
0 0.5108173076923077 0.09735576923076923 0.30528846153846156 0.19471153846153846