0 0.10576923076923077 0.28365384615384615 0.21153846153846154 0.42818509615384615
0 0.24639423076923078 0.296875 0.21634615384615385 0.41556490384615385
0 0.3942307692307692 0.30649038461538464 0.21153846153846154 0.41556490384615385
0 0.5456730769230769 0.3173076923076923 0.20612980769230768 0.42758413461538464
0 0.6875 0.3269230769230769 0.19260817307692307 0.4137620192307692
0 0.8774038461538461 0.3449519230769231 0.19681490384615385 0.4206730769230769
0 0.09134615384615384 0.6598557692307693 0.18239182692307693 0.4495192307692308
0 0.22355769230769232 0.6694711538461539 0.22536057692307693 0.44471153846153844
0 0.3762019230769231 0.6754807692307693 0.21394230769230768 0.4465144230769231
0 0.5276442307692307 0.6911057692307693 0.21394230769230768 0.4444110576923077
0 0.6790865384615384 0.7007211538461539 0.20432692307692307 0.43960336538461536
0 0.8653846153846154 0.7127403846153846 0.20162259615384615 0.4375