0 0.18990384615384615 0.6069711538461539 0.23587740384615385 0.44711538461538464
0 0.3401442307692308 0.6346153846153846 0.22596153846153846 0.4375
0 0.49158653846153844 0.6574519230769231 0.22806490384615385 0.43509615384615385
0 0.6730769230769231 0.6899038461538461 0.22596153846153846 0.43810096153846156
0 0.8209134615384616 0.7151442307692307 0.21905048076923078 0.4402043269230769
0 0.10216346153846154 0.21514423076923078 0.20402644230769232 0.4299879807692308
0 0.23557692307692307 0.234375 0.21634615384615385 0.4347956730769231
0 0.3858173076923077 0.265625 0.21905048076923078 0.4299879807692308
0 0.5276442307692307 0.29086538461538464 0.21844951923076922 0.42788461538461536
0 0.7091346153846154 0.3245192307692308 0.20733173076923078 0.4323918269230769
0 0.8581730769230769 0.35336538461538464 0.20673076923076922 0.4230769230769231