0 0.14423076923076922 0.4567307692307692 0.21183894230769232 0.42247596153846156
0 0.28725961538461536 0.4483173076923077 0.21844951923076922 0.4299879807692308
0 0.44350961538461536 0.42908653846153844 0.22355769230769232 0.4230769230769231
0 0.5889423076923077 0.4182692307692308 0.20612980769230768 0.4332932692307692
0 0.7716346153846154 0.39783653846153844 0.20612980769230768 0.4110576923076923
0 0.9038461538461539 0.3870192307692308 0.18780048076923078 0.4375
0 0.17067307692307693 0.8028846153846154 0.21183894230769232 0.3897235576923077
0 0.3137019230769231 0.7992788461538461 0.20432692307692307 0.39693509615384615
0 0.4639423076923077 0.7908653846153846 0.20703125 0.4137620192307692
0 0.6009615384615384 0.7800480769230769 0.20673076923076922 0.42518028846153844
0 0.7752403846153846 0.7632211538461539 0.23828125 0.4206730769230769
0 0.9146634615384616 0.7572115384615384 0.1661658653846154 0.4188701923076923