0 0.15144230769230768 0.28846153846153844 0.2208533653846154 0.4227764423076923
0 0.3088942307692308 0.296875 0.20432692307692307 0.43028846153846156
0 0.46274038461538464 0.3076923076923077 0.20432692307692307 0.4227764423076923
0 0.6177884615384616 0.3161057692307692 0.19771634615384615 0.42578125
0 0.7668269230769231 0.31850961538461536 0.19651442307692307 0.42578125
0 0.9098557692307693 0.328125 0.17578125 0.4402043269230769
0 0.12740384615384615 0.6730769230769231 0.22566105769230768 0.4426081730769231
0 0.2932692307692308 0.6790865384615384 0.20703125 0.45943509615384615
0 0.4495192307692308 0.6899038461538461 0.21153846153846154 0.45643028846153844
0 0.6069711538461539 0.703125 0.20432692307692307 0.44711538461538464
0 0.765625 0.7043269230769231 0.19951923076923078 0.44681490384615385
0 0.9098557692307693 0.7235576923076923 0.1778846153846154 0.4612379807692308