0 0.18028846153846154 0.3004807692307692 0.20643028846153846 0.39453125
0 0.3269230769230769 0.3076923076923077 0.19230769230769232 0.40384615384615385
0 0.47115384615384615 0.31850961538461536 0.19230769230769232 0.39633413461538464
0 0.6165865384615384 0.32572115384615385 0.1875 0.39903846153846156
0 0.7560096153846154 0.328125 0.18269230769230768 0.39903846153846156
0 0.9038461538461539 0.33533653846153844 0.19170673076923078 0.4110576923076923
0 0.15745192307692307 0.6598557692307693 0.20943509615384615 0.41586538461538464
0 0.3125 0.6658653846153846 0.19290865384615385 0.4323918269230769
0 0.45913461538461536 0.6766826923076923 0.1974158653846154 0.42578125
0 0.6069711538461539 0.6875 0.19230769230769232 0.41856971153846156
0 0.7560096153846154 0.6887019230769231 0.1875 0.41616586538461536
0 0.9014423076923077 0.7067307692307693 0.18810096153846154 0.42818509615384615