0 0.203125 0.6141826923076923 0.16556490384615385 0.37710336538461536
0 0.34134615384615385 0.6177884615384616 0.16826923076923078 0.3753004807692308
0 0.4855769230769231 0.6213942307692307 0.17277644230769232 0.38461538461538464
0 0.6286057692307693 0.6213942307692307 0.17097355769230768 0.38461538461538464
0 0.7728365384615384 0.6262019230769231 0.17578125 0.38461538461538464
0 0.9122596153846154 0.6334134615384616 0.17097355769230768 0.39903846153846156
0 0.19831730769230768 0.2620192307692308 0.17578125 0.40414663461538464
0 0.34615384615384615 0.26322115384615385 0.18209134615384615 0.4065504807692308
0 0.4891826923076923 0.2692307692307692 0.17578125 0.40835336538461536
0 0.6358173076923077 0.27524038461538464 0.18509615384615385 0.40865384615384615
0 0.7800480769230769 0.27524038461538464 0.1661658653846154 0.4065504807692308
0 0.9158653846153846 0.28365384615384615 0.16376201923076922 0.41856971153846156