0 0.0985576923076923 0.31490384615384615 0.18719951923076922 0.4188701923076923
0 0.25 0.3173076923076923 0.16826923076923078 0.4140625
0 0.4014423076923077 0.31490384615384615 0.17337740384615385 0.4131610576923077
0 0.5516826923076923 0.31971153846153844 0.17518028846153846 0.4176682692307692
0 0.7019230769230769 0.32091346153846156 0.1778846153846154 0.41586538461538464
0 0.890625 0.328125 0.19501201923076922 0.41586538461538464
0 0.1045673076923077 0.6826923076923077 0.18058894230769232 0.39903846153846156
0 0.24879807692307693 0.6826923076923077 0.16826923076923078 0.40384615384615385
0 0.4014423076923077 0.6850961538461539 0.1778846153846154 0.40384615384615385
0 0.5444711538461539 0.6923076923076923 0.17998798076923078 0.4032451923076923
0 0.6947115384615384 0.6899038461538461 0.19200721153846154 0.40414663461538464
0 0.8774038461538461 0.6911057692307693 0.19651442307692307 0.41586538461538464