0 0.07692307692307693 0.3954326923076923 0.15384615384615385 0.44471153846153844
0 0.2127403846153846 0.39663461538461536 0.19230769230769232 0.4423076923076923
0 0.37259615384615385 0.39903846153846156 0.20192307692307693 0.4417067307692308
0 0.5300480769230769 0.40024038461538464 0.19501201923076922 0.4375
0 0.6899038461538461 0.4026442307692308 0.20192307692307693 0.4423076923076923
0 0.8509615384615384 0.40625 0.20222355769230768 0.43810096153846156
0 0.07692307692307693 0.7800480769230769 0.15384615384615385 0.43539663461538464
0 0.2091346153846154 0.78125 0.19681490384615385 0.43299278846153844
0 0.36778846153846156 0.78125 0.19771634615384615 0.43299278846153844
0 0.5252403846153846 0.7848557692307693 0.19471153846153846 0.4254807692307692
0 0.6814903846153846 0.7848557692307693 0.19951923076923078 0.4254807692307692
0 0.8401442307692307 0.7836538461538461 0.2088341346153846 0.42788461538461536