0 0.14302884615384615 0.4567307692307692 0.2286658653846154 0.45252403846153844
0 0.296875 0.4483173076923077 0.23347355769230768 0.4636418269230769
0 0.4651442307692308 0.42788461538461536 0.24248798076923078 0.4567307692307692
0 0.6225961538461539 0.4170673076923077 0.2208533653846154 0.46875
0 0.8185096153846154 0.3942307692307692 0.21905048076923078 0.4426081730769231
0 0.9290865384615384 0.38221153846153844 0.13731971153846154 0.47115384615384615
0 0.171875 0.8088942307692307 0.2286658653846154 0.37740384615384615
0 0.32572115384615385 0.8052884615384616 0.21905048076923078 0.38491586538461536
0 0.4879807692307692 0.7956730769230769 0.22536057692307693 0.40384615384615385
0 0.6358173076923077 0.7872596153846154 0.22355769230769232 0.4206730769230769
0 0.8233173076923077 0.7800480769230769 0.2575120192307692 0.43539663461538464
0 0.9411057692307693 0.7764423076923077 0.11538461538461539 0.4426081730769231