0 0.17668269230769232 0.25961538461538464 0.23287259615384615 0.4323918269230769
0 0.32211538461538464 0.2824519230769231 0.23016826923076922 0.4209735576923077
0 0.46875 0.3125 0.22566105769230768 0.42788461538461536
0 0.6165865384615384 0.34134615384615385 0.21394230769230768 0.43209134615384615
0 0.7608173076923077 0.36658653846153844 0.21424278846153846 0.42037259615384615
0 0.9026442307692307 0.39302884615384615 0.19020432692307693 0.4254807692307692
0 0.12740384615384615 0.6213942307692307 0.22626201923076922 0.4375
0 0.2776442307692308 0.6502403846153846 0.23287259615384615 0.42788461538461536
0 0.4254807692307692 0.671875 0.2265625 0.42518028846153844
0 0.578125 0.7007211538461539 0.21905048076923078 0.4347956730769231
0 0.7247596153846154 0.7295673076923077 0.21905048076923078 0.42788461538461536
0 0.8774038461538461 0.7632211538461539 0.2166466346153846 0.4495192307692308