0 0.23677884615384615 0.7536057692307693 0.22325721153846154 0.40625
0 0.3713942307692308 0.7211538461538461 0.22115384615384615 0.4035456730769231
0 0.171875 0.4110576923076923 0.23076923076923078 0.42818509615384615
0 0.3161057692307692 0.37259615384615385 0.2283653846153846 0.42337740384615385
0 0.46033653846153844 0.3389423076923077 0.22596153846153846 0.42337740384615385
0 0.6069711538461539 0.30288461538461536 0.21844951923076922 0.4332932692307692
0 0.7475961538461539 0.2692307692307692 0.22145432692307693 0.4326923076923077
0 0.8882211538461539 0.23557692307692307 0.21875 0.4332932692307692
0 0.5168269230769231 0.6935096153846154 0.22596153846153846 0.4110576923076923
0 0.6514423076923077 0.6550480769230769 0.22536057692307693 0.4182692307692308
0 0.7980769230769231 0.6213942307692307 0.2205528846153846 0.41616586538461536