0 0.22355769230769232 0.2608173076923077 0.25991586538461536 0.4567307692307692
0 0.3737980769230769 0.2932692307692308 0.24308894230769232 0.4522235576923077
0 0.5228365384615384 0.3245192307692308 0.24308894230769232 0.4567307692307692
0 0.6742788461538461 0.34975961538461536 0.22806490384615385 0.44711538461538464
0 0.8557692307692307 0.38341346153846156 0.22596153846153846 0.4540264423076923
0 0.17427884615384615 0.6322115384615384 0.24729567307692307 0.46664663461538464
0 0.32572115384615385 0.6622596153846154 0.24308894230769232 0.4684495192307692
0 0.4807692307692308 0.6947115384615384 0.23587740384615385 0.4657451923076923
0 0.6358173076923077 0.7235576923076923 0.2283653846153846 0.4657451923076923
0 0.8233173076923077 0.7596153846153846 0.22806490384615385 0.4522235576923077
0 0.09495192307692307 0.24278846153846154 0.18990384615384615 0.4375