0 0.21033653846153846 0.6165865384615384 0.23076923076923078 0.4375
0 0.35697115384615385 0.6430288461538461 0.21905048076923078 0.42578125
0 0.5036057692307693 0.6658653846153846 0.22115384615384615 0.42728365384615385
0 0.6802884615384616 0.6971153846153846 0.2208533653846154 0.42818509615384615
0 0.8257211538461539 0.7211538461538461 0.21394230769230768 0.4323918269230769
0 0.11177884615384616 0.22596153846153846 0.22355769230769232 0.4332932692307692
0 0.2548076923076923 0.25240384615384615 0.21123798076923078 0.4230769230769231
0 0.4014423076923077 0.2824519230769231 0.21574519230769232 0.42037259615384615
0 0.5396634615384616 0.30649038461538464 0.21364182692307693 0.41616586538461536
0 0.7175480769230769 0.3401442307692308 0.20432692307692307 0.4206730769230769
0 0.8617788461538461 0.36778846153846156 0.19981971153846154 0.41346153846153844