0 0.09975961538461539 0.49158653846153844 0.19951923076923078 0.43509615384615385
0 0.21514423076923078 0.4567307692307692 0.24729567307692307 0.4371995192307692
0 0.3581730769230769 0.42427884615384615 0.23587740384615385 0.43539663461538464
0 0.4987980769230769 0.39302884615384615 0.23798076923076922 0.4444110576923077
0 0.6430288461538461 0.3629807692307692 0.23347355769230768 0.4375
0 0.7860576923076923 0.33052884615384615 0.2265625 0.43539663461538464
0 0.13221153846153846 0.8137019230769231 0.24579326923076922 0.36778846153846156
0 0.27163461538461536 0.7956730769230769 0.23527644230769232 0.40384615384615385
0 0.41225961538461536 0.7728365384615384 0.23768028846153846 0.4209735576923077
0 0.5528846153846154 0.7451923076923077 0.22566105769230768 0.4227764423076923
0 0.6959134615384616 0.7139423076923077 0.22325721153846154 0.41856971153846156
0 0.8389423076923077 0.6838942307692307 0.22626201923076922 0.4305889423076923
0 0.9074519230769231 0.2956730769230769 0.18058894230769232 0.4375