0 0.13822115384615385 0.6141826923076923 0.17578125 0.39903846153846156
0 0.28725961538461536 0.6141826923076923 0.17578125 0.3915264423076923
0 0.43509615384615385 0.6177884615384616 0.18269230769230768 0.39903846153846156
0 0.5853365384615384 0.6201923076923077 0.1875 0.39903846153846156
0 0.7295673076923077 0.6237980769230769 0.18028846153846154 0.4014423076923077
0 0.9098557692307693 0.6262019230769231 0.17578125 0.4065504807692308
0 0.13581730769230768 0.25 0.1896033653846154 0.4230769230769231
0 0.2848557692307692 0.24879807692307693 0.18269230769230768 0.41586538461538464
0 0.4375 0.24879807692307693 0.18299278846153846 0.41586538461538464
0 0.5865384615384616 0.2548076923076923 0.19290865384615385 0.4131610576923077
0 0.7355769230769231 0.25841346153846156 0.18269230769230768 0.41556490384615385
0 0.9134615384615384 0.2644230769230769 0.17247596153846154 0.4230769230769231