0 0.1141826923076923 0.2403846153846154 0.2283653846153846 0.47055288461538464
0 0.2548076923076923 0.265625 0.25931490384615385 0.46875
0 0.41346153846153844 0.2956730769230769 0.25450721153846156 0.46694711538461536
0 0.5721153846153846 0.32211538461538464 0.24068509615384615 0.47085336538461536
0 0.7271634615384616 0.35096153846153844 0.24248798076923078 0.46634615384615385
0 0.8846153846153846 0.3786057692307692 0.23016826923076922 0.4738581730769231
0 0.08774038461538461 0.625 0.17548076923076922 0.4807692307692308
0 0.20673076923076922 0.6514423076923077 0.2548076923076923 0.4807692307692308
0 0.36778846153846156 0.6850961538461539 0.26382211538461536 0.4807692307692308
0 0.5276442307692307 0.7151442307692307 0.24519230769230768 0.4807692307692308
0 0.6875 0.7439903846153846 0.24549278846153846 0.48768028846153844
0 0.8521634615384616 0.7632211538461539 0.24519230769230768 0.46875