0 0.13341346153846154 0.44350961538461536 0.2091346153846154 0.41346153846153844
0 0.27524038461538464 0.43509615384615385 0.21394230769230768 0.4227764423076923
0 0.42788461538461536 0.41586538461538464 0.2208533653846154 0.4176682692307692
0 0.5721153846153846 0.40625 0.20162259615384615 0.42788461538461536
0 0.7512019230769231 0.3858173076923077 0.19981971153846154 0.40384615384615385
0 0.8942307692307693 0.3737980769230769 0.2109375 0.42788461538461536
0 0.16105769230769232 0.7944711538461539 0.20733173076923078 0.40625
0 0.29927884615384615 0.7848557692307693 0.19951923076923078 0.4014423076923077
0 0.4483173076923077 0.7764423076923077 0.20402644230769232 0.4176682692307692
0 0.5841346153846154 0.7608173076923077 0.20222355769230768 0.4182692307692308
0 0.7548076923076923 0.7451923076923077 0.23527644230769232 0.41346153846153844
0 0.9038461538461539 0.7391826923076923 0.18780048076923078 0.41346153846153844