0 0.08653846153846154 0.2620192307692308 0.17307692307692307 0.41796875
0 0.21634615384615385 0.26322115384615385 0.19260817307692307 0.4230769230769231
0 0.3629807692307692 0.265625 0.18719951923076922 0.4230769230769231
0 0.5108173076923077 0.2644230769230769 0.18509615384615385 0.42247596153846156
0 0.6622596153846154 0.2692307692307692 0.18990384615384615 0.41796875
0 0.8100961538461539 0.2692307692307692 0.19771634615384615 0.4230769230769231
0 0.0889423076923077 0.6153846153846154 0.1778846153846154 0.40444711538461536
0 0.21875 0.6177884615384616 0.20192307692307693 0.4089543269230769
0 0.36658653846153844 0.6177884615384616 0.1853966346153846 0.40805288461538464
0 0.5084134615384616 0.625 0.18990384615384615 0.39453125
0 0.6550480769230769 0.6237980769230769 0.1853966346153846 0.41075721153846156
0 0.7980769230769231 0.625 0.1971153846153846 0.42247596153846156