0 0.21394230769230768 0.6033653846153846 0.15865384615384615 0.3602764423076923
0 0.34615384615384615 0.6069711538461539 0.16286057692307693 0.3584735576923077
0 0.484375 0.6105769230769231 0.16556490384615385 0.3659855769230769
0 0.6213942307692307 0.6105769230769231 0.16556490384615385 0.3659855769230769
0 0.7608173076923077 0.6141826923076923 0.17037259615384615 0.36778846153846156
0 0.8966346153846154 0.6201923076923077 0.16887019230769232 0.3798076923076923
0 0.2091346153846154 0.2668269230769231 0.16856971153846154 0.38882211538461536
0 0.35096153846153844 0.26802884615384615 0.17277644230769232 0.3894230769230769
0 0.4879807692307692 0.27403846153846156 0.16856971153846154 0.3894230769230769
0 0.6286057692307693 0.27884615384615385 0.17578125 0.3936298076923077
0 0.7668269230769231 0.2800480769230769 0.15895432692307693 0.3894230769230769
0 0.9086538461538461 0.2860576923076923 0.18209134615384615 0.39903846153846156