0 0.078125 0.4495192307692308 0.15625 0.3894230769230769
0 0.1971153846153846 0.4639423076923077 0.1971153846153846 0.3894230769230769
0 0.3389423076923077 0.4723557692307692 0.19200721153846154 0.39633413461538464
0 0.48197115384615385 0.4831730769230769 0.18990384615384615 0.3993389423076923
0 0.6274038461538461 0.49759615384615385 0.18689903846153846 0.39453125
0 0.7704326923076923 0.5120192307692307 0.18028846153846154 0.39002403846153844
0 0.9098557692307693 0.5264423076923077 0.17578125 0.4035456730769231
0 0.16466346153846154 0.8052884615384616 0.21364182692307693 0.38491586538461536
0 0.3137019230769231 0.8088942307692307 0.20402644230769232 0.37740384615384615
0 0.4579326923076923 0.8149038461538461 0.20943509615384615 0.36568509615384615
0 0.609375 0.8245192307692307 0.19471153846153846 0.34615384615384615