0 0.125 0.2704326923076923 0.22175480769230768 0.4299879807692308
0 0.2848557692307692 0.27884615384615385 0.2088341346153846 0.4375
0 0.4423076923076923 0.28966346153846156 0.20703125 0.4299879807692308
0 0.5997596153846154 0.2980769230769231 0.20402644230769232 0.43299278846153844
0 0.7512019230769231 0.3004807692307692 0.19921875 0.43299278846153844
0 0.9026442307692307 0.31009615384615385 0.19020432692307693 0.44741586538461536
0 0.10817307692307693 0.6622596153846154 0.21634615384615385 0.4540264423076923
0 0.2692307692307692 0.6682692307692307 0.21153846153846154 0.46664663461538464
0 0.42788461538461536 0.6778846153846154 0.21604567307692307 0.4621394230769231
0 0.5889423076923077 0.6911057692307693 0.20703125 0.45462740384615385
0 0.75 0.6923076923076923 0.20222355769230768 0.4522235576923077
0 0.9014423076923077 0.7127403846153846 0.19230769230769232 0.4684495192307692