0 0.0829326923076923 0.2644230769230769 0.1658653846153846 0.42337740384615385
0 0.21033653846153846 0.265625 0.1971153846153846 0.43028846153846156
0 0.359375 0.26802884615384615 0.18990384615384615 0.43028846153846156
0 0.5096153846153846 0.2668269230769231 0.18780048076923078 0.42788461538461536
0 0.6622596153846154 0.27163461538461536 0.19441105769230768 0.42337740384615385
0 0.8137019230769231 0.27283653846153844 0.20402644230769232 0.43028846153846156
0 0.08533653846153846 0.6237980769230769 0.17067307692307693 0.41346153846153844
0 0.2127403846153846 0.6262019230769231 0.20462740384615385 0.41616586538461536
0 0.3629807692307692 0.6262019230769231 0.18810096153846154 0.41346153846153844
0 0.5072115384615384 0.6334134615384616 0.19260817307692307 0.40174278846153844
0 0.65625 0.6322115384615384 0.18810096153846154 0.41796875
0 0.8016826923076923 0.6334134615384616 0.19951923076923078 0.42788461538461536