0 0.11177884615384616 0.3161057692307692 0.18269230769230768 0.41346153846153844
0 0.2608173076923077 0.31850961538461536 0.16556490384615385 0.40865384615384615
0 0.40865384615384615 0.3161057692307692 0.17277644230769232 0.4059495192307692
0 0.5576923076923077 0.31971153846153844 0.17277644230769232 0.40865384615384615
0 0.7043269230769231 0.32211538461538464 0.17728365384615385 0.40865384615384615
0 0.890625 0.328125 0.19441105769230768 0.40865384615384615
0 0.11658653846153846 0.6778846153846154 0.1778846153846154 0.39393028846153844
0 0.25961538461538464 0.6778846153846154 0.16376201923076922 0.3948317307692308
0 0.40865384615384615 0.6802884615384616 0.1736778846153846 0.3984375
0 0.5504807692307693 0.6875 0.1775841346153846 0.3942307692307692
0 0.6983173076923077 0.6850961538461539 0.1896033653846154 0.39903846153846156
0 0.8774038461538461 0.6862980769230769 0.19200721153846154 0.40865384615384615