0 0.16706730769230768 0.6370192307692307 0.17037259615384615 0.38431490384615385
0 0.3088942307692308 0.6418269230769231 0.17097355769230768 0.38431490384615385
0 0.45552884615384615 0.6454326923076923 0.17548076923076922 0.3918269230769231
0 0.6033653846153846 0.6454326923076923 0.17728365384615385 0.3918269230769231
0 0.7512019230769231 0.6502403846153846 0.18028846153846154 0.3918269230769231
0 0.8966346153846154 0.65625 0.18269230769230768 0.40414663461538464
0 0.16346153846153846 0.27884615384615385 0.18209134615384615 0.41346153846153844
0 0.3137019230769231 0.2800480769230769 0.18479567307692307 0.41586538461538464
0 0.46033653846153844 0.2860576923076923 0.18028846153846154 0.4176682692307692
0 0.609375 0.29086538461538464 0.1896033653846154 0.4182692307692308
0 0.7572115384615384 0.2920673076923077 0.16887019230769232 0.41586538461538464
0 0.9050480769230769 0.3004807692307692 0.1853966346153846 0.42788461538461536