0 0.14182692307692307 0.4855769230769231 0.23497596153846154 0.4140625
0 0.28125 0.4543269230769231 0.23527644230769232 0.4188701923076923
0 0.4206730769230769 0.421875 0.2265625 0.42578125
0 0.5576923076923077 0.3942307692307692 0.23046875 0.42367788461538464
0 0.7271634615384616 0.3401442307692308 0.21875 0.41616586538461536
0 0.859375 0.3137019230769231 0.2283653846153846 0.42578125
0 0.6021634615384616 0.7283653846153846 0.21844951923076922 0.4089543269230769
0 0.4723557692307692 0.7608173076923077 0.22385817307692307 0.4065504807692308
0 0.7692307692307693 0.6862980769230769 0.22175480769230768 0.40384615384615385
0 0.8990384615384616 0.6586538461538461 0.2013221153846154 0.4140625
0 0.33653846153846156 0.7872596153846154 0.2400841346153846 0.41075721153846156
0 0.1971153846153846 0.8052884615384616 0.23016826923076922 0.3746995192307692