0 0.16466346153846154 0.42908653846153844 0.2091346153846154 0.44921875
0 0.32211538461538464 0.421875 0.21213942307692307 0.4450120192307692
0 0.47836538461538464 0.40384615384615385 0.21183894230769232 0.4426081730769231
0 0.6370192307692307 0.38822115384615385 0.20703125 0.43990384615384615
0 0.7980769230769231 0.3737980769230769 0.20252403846153846 0.43990384615384615
0 0.9194711538461539 0.36658653846153844 0.15655048076923078 0.46153846153846156
0 0.19230769230769232 0.7992788461538461 0.2208533653846154 0.39693509615384615
0 0.34375 0.7932692307692307 0.21153846153846154 0.40865384615384615
0 0.5 0.7872596153846154 0.20703125 0.4209735576923077
0 0.6586538461538461 0.7800480769230769 0.1971153846153846 0.43509615384615385
0 0.8137019230769231 0.7704326923076923 0.19981971153846154 0.4326923076923077