0 0.18269230769230768 0.3233173076923077 0.24939903846153846 0.4567307692307692
0 0.3389423076923077 0.3449519230769231 0.2265625 0.44921875
0 0.4987980769230769 0.36538461538461536 0.22385817307692307 0.45162259615384615
0 0.6550480769230769 0.3858173076923077 0.21905048076923078 0.4519230769230769
0 0.8137019230769231 0.4050480769230769 0.21844951923076922 0.4543269230769231
0 0.9278846153846154 0.42908653846153844 0.14362980769230768 0.46153846153846156
0 0.13701923076923078 0.7139423076923077 0.2551081730769231 0.4852764423076923
0 0.30408653846153844 0.7427884615384616 0.23557692307692307 0.4852764423076923
0 0.4651442307692308 0.7584134615384616 0.23557692307692307 0.4735576923076923
0 0.6262019230769231 0.7680288461538461 0.22385817307692307 0.45913461538461536
0 0.7872596153846154 0.7800480769230769 0.2283653846153846 0.43509615384615385
0 0.9170673076923077 0.7884615384615384 0.16135817307692307 0.4182692307692308