0 0.17307692307692307 0.23557692307692307 0.23978365384615385 0.4423076923076923
0 0.32211538461538464 0.25961538461538464 0.23527644230769232 0.4326923076923077
0 0.4723557692307692 0.28846153846153844 0.23076923076923078 0.4378004807692308
0 0.625 0.31850961538461536 0.2208533653846154 0.4402043269230769
0 0.7728365384615384 0.34375 0.22115384615384615 0.4284855769230769
0 0.9086538461538461 0.3713942307692308 0.17818509615384615 0.43539663461538464
0 0.12259615384615384 0.6057692307692307 0.23497596153846154 0.44741586538461536
0 0.2764423076923077 0.6358173076923077 0.2361778846153846 0.43960336538461536
0 0.42908653846153844 0.6574519230769231 0.23347355769230768 0.4347956730769231
0 0.5853365384615384 0.6875 0.22596153846153846 0.44290865384615385
0 0.7355769230769231 0.7175480769230769 0.22596153846153846 0.43960336538461536
0 0.8894230769230769 0.7524038461538461 0.2166466346153846 0.4618389423076923