0 0.11658653846153846 0.2704326923076923 0.20402644230769232 0.4182692307692308
0 0.26322115384615385 0.27163461538461536 0.19471153846153846 0.42758413461538464
0 0.4110576923076923 0.27403846153846156 0.1875 0.42758413461538464
0 0.5600961538461539 0.27283653846153844 0.18719951923076922 0.42518028846153844
0 0.7115384615384616 0.2776442307692308 0.19200721153846154 0.4206730769230769
0 0.8605769230769231 0.27884615384615385 0.20192307692307693 0.42758413461538464
0 0.12620192307692307 0.6262019230769231 0.19471153846153846 0.4065504807692308
0 0.265625 0.6286057692307693 0.20402644230769232 0.41346153846153844
0 0.41466346153846156 0.6286057692307693 0.1875 0.41075721153846156
0 0.5564903846153846 0.6370192307692307 0.19020432692307693 0.39903846153846156
0 0.7043269230769231 0.6358173076923077 0.1875 0.41346153846153844
0 0.8485576923076923 0.6370192307692307 0.1974158653846154 0.42337740384615385