0 0.234375 0.7536057692307693 0.22325721153846154 0.40625
0 0.3701923076923077 0.7211538461538461 0.22115384615384615 0.4035456730769231
0 0.17067307692307693 0.4110576923076923 0.23076923076923078 0.42818509615384615
0 0.3137019230769231 0.37259615384615385 0.2283653846153846 0.42337740384615385
0 0.45913461538461536 0.3389423076923077 0.22596153846153846 0.42337740384615385
0 0.6057692307692307 0.30288461538461536 0.2166466346153846 0.4332932692307692
0 0.7463942307692307 0.2692307692307692 0.22325721153846154 0.4326923076923077
0 0.8882211538461539 0.234375 0.22115384615384615 0.4326923076923077
0 0.515625 0.6935096153846154 0.22596153846153846 0.4110576923076923
0 0.6490384615384616 0.6550480769230769 0.22175480769230768 0.4182692307692308
0 0.7956730769230769 0.6213942307692307 0.2169471153846154 0.41616586538461536