0 0.1045673076923077 0.453125 0.2088341346153846 0.45883413461538464
0 0.22596153846153846 0.41586538461538464 0.25961538461538464 0.4612379807692308
0 0.37740384615384615 0.38221153846153844 0.24969951923076922 0.4612379807692308
0 0.5252403846153846 0.3485576923076923 0.25210336538461536 0.46694711538461536
0 0.6778846153846154 0.3173076923076923 0.24939903846153846 0.46153846153846156
0 0.8293269230769231 0.2824519230769231 0.2403846153846154 0.45943509615384615
0 0.13942307692307693 0.7992788461538461 0.25991586538461536 0.39693509615384615
0 0.2860576923076923 0.7800480769230769 0.24579326923076922 0.43539663461538464
0 0.43509615384615385 0.75 0.24969951923076922 0.44290865384615385
0 0.5829326923076923 0.7199519230769231 0.23768028846153846 0.44471153846153844
0 0.734375 0.6875 0.23347355769230768 0.4423076923076923
0 0.8810096153846154 0.65625 0.23347355769230768 0.45703125
0 0.9290865384615384 0.24519230769230768 0.13701923076923078 0.46153846153846156