0 0.3076923076923077 0.14423076923076922 0.19230769230769232 0.28846153846153844
0 0.4519230769230769 0.13822115384615385 0.19260817307692307 0.26712740384615385
0 0.5925480769230769 0.13221153846153846 0.1875 0.25540865384615385
0 0.7379807692307693 0.12259615384615384 0.19200721153846154 0.24459134615384615
0 0.8810096153846154 0.11658653846153846 0.19020432692307693 0.23287259615384615
0 0.3293269230769231 0.42788461538461536 0.20192307692307693 0.40444711538461536
0 0.46875 0.41586538461538464 0.1971153846153846 0.4089543269230769
0 0.6105769230769231 0.40384615384615385 0.19260817307692307 0.4089543269230769
0 0.7512019230769231 0.39302884615384615 0.19230769230769232 0.40384615384615385
0 0.8942307692307693 0.3762019230769231 0.1971153846153846 0.41586538461538464
0 0.35096153846153844 0.7788461538461539 0.2013221153846154 0.3993389423076923
0 0.484375 0.7692307692307693 0.20673076923076922 0.39903846153846156
0 0.6310096153846154 0.7463942307692307 0.19020432692307693 0.3915264423076923
0 0.7716346153846154 0.7367788461538461 0.1971153846153846 0.40174278846153844
0 0.9038461538461539 0.7211538461538461 0.18780048076923078 0.41346153846153844