0 0.5637019230769231 0.7836538461538461 0.33653846153846156 0.28365384615384615
0 0.27884615384615385 0.8485576923076923 0.36478365384615385 0.29837740384615385
0 0.5396634615384616 0.6069711538461539 0.33653846153846156 0.29537259615384615
0 0.2548076923076923 0.6706730769230769 0.36478365384615385 0.30288461538461536
0 0.5120192307692307 0.4254807692307692 0.34134615384615385 0.2926682692307692
0 0.2283653846153846 0.484375 0.35606971153846156 0.30078125
0 0.20432692307692307 0.30408653846153844 0.36117788461538464 0.30078125
0 0.48677884615384615 0.24879807692307693 0.35096153846153844 0.30078125
0 0.1814903846153846 0.13701923076923078 0.3629807692307692 0.27403846153846156
0 0.08653846153846154 0.875 0.17277644230769232 0.24519230769230768
0 0.07451923076923077 0.7247596153846154 0.14903846153846154 0.3076923076923077
0 0.46634615384615385 0.09975961538461539 0.33203125 0.19921875