0 0.20793269230769232 0.265625 0.2644230769230769 0.46153846153846156
0 0.359375 0.2980769230769231 0.24729567307692307 0.4567307692307692
0 0.5096153846153846 0.3293269230769231 0.24549278846153846 0.46153846153846156
0 0.6622596153846154 0.3545673076923077 0.2286658653846154 0.44981971153846156
0 0.8461538461538461 0.38822115384615385 0.23016826923076922 0.4567307692307692
0 0.15745192307692307 0.6394230769230769 0.2478966346153846 0.47115384615384615
0 0.3112980769230769 0.6706730769230769 0.24729567307692307 0.47115384615384615
0 0.4675480769230769 0.703125 0.23828125 0.4684495192307692
0 0.6237980769230769 0.7319711538461539 0.23076923076923078 0.4684495192307692
0 0.8137019230769231 0.7668269230769231 0.2286658653846154 0.4567307692307692
0 0.08774038461538461 0.24639423076923078 0.17548076923076922 0.44471153846153844