0 0.13701923076923078 0.25 0.25 0.46634615384615385
0 0.28966346153846156 0.2764423076923077 0.2575120192307692 0.46694711538461536
0 0.4495192307692308 0.30649038461538464 0.25450721153846156 0.46875
0 0.6069711538461539 0.3317307692307692 0.24248798076923078 0.47085336538461536
0 0.7632211538461539 0.36177884615384615 0.24248798076923078 0.46634615384615385
0 0.9014423076923077 0.3894230769230769 0.19230769230769232 0.4756610576923077
0 0.10576923076923077 0.6346153846153846 0.21153846153846154 0.4807692307692308
0 0.24278846153846154 0.6622596153846154 0.2548076923076923 0.4807692307692308
0 0.4026442307692308 0.6959134615384616 0.2620192307692308 0.4807692307692308
0 0.5637019230769231 0.7259615384615384 0.24519230769230768 0.4807692307692308
0 0.7235576923076923 0.7548076923076923 0.24549278846153846 0.48587740384615385
0 0.8822115384615384 0.7692307692307693 0.23497596153846154 0.45703125