0 0.31009615384615385 0.6947115384615384 0.06009615384615385 0.05048076923076923
0 0.21033653846153846 0.6646634615384616 0.08173076923076923 0.05048076923076923
0 0.04447115384615385 0.6550480769230769 0.06971153846153846 0.06971153846153846
0 0.375 0.6550480769230769 0.06971153846153846 0.05048076923076923
0 0.22956730769230768 0.6201923076923077 0.08173076923076923 0.038461538461538464
0 0.6947115384615384 0.5745192307692307 0.05048076923076923 0.09134615384615384
0 0.7596153846153846 0.4495192307692308 0.038461538461538464 0.08173076923076923
0 0.4050480769230769 0.41947115384615385 0.09134615384615384 0.038461538461538464
0 0.4495192307692308 0.3798076923076923 0.1201923076923077 0.038461538461538464
0 0.9639423076923077 0.33533653846153844 0.0673076923076923 0.09375
0 0.375 0.3245192307692308 0.06971153846153846 0.05048076923076923
0 0.1346153846153846 0.3245192307692308 0.0889423076923077 0.05048076923076923
0 0.5348557692307693 0.28966346153846156 0.06971153846153846 0.038461538461538464