0 0.5793269230769231 0.5865384615384616 0.0673076923076923 0.09134615384615384
0 0.5901442307692307 0.6947115384615384 0.04807692307692308 0.08653846153846154
0 0.6346153846153846 0.5889423076923077 0.052884615384615384 0.09615384615384616
0 0.6418269230769231 0.6911057692307693 0.07692307692307693 0.10817307692307693
0 0.7091346153846154 0.5805288461538461 0.07692307692307693 0.09615384615384616
0 0.7091346153846154 0.6971153846153846 0.0673076923076923 0.08173076923076923
0 0.18509615384615385 0.41466346153846156 0.040865384615384616 0.07211538461538461
0 0.28125 0.5733173076923077 0.057692307692307696 0.057692307692307696
0 0.28125 0.484375 0.04807692307692308 0.07211538461538461
0 0.3269230769230769 0.6694711538461539 0.057692307692307696 0.0889423076923077
0 0.3293269230769231 0.39783653846153844 0.052884615384615384 0.08653846153846154
0 0.3786057692307692 0.38822115384615385 0.04807692307692308 0.08173076923076923
0 0.38100961538461536 0.4831730769230769 0.0625 0.09134615384615384
0 0.38461538461538464 0.5793269230769231 0.04807692307692308 0.07692307692307693
0 0.43028846153846156 0.5853365384615384 0.057692307692307696 0.09615384615384616
0 0.43028846153846156 0.4831730769230769 0.04807692307692308 0.07692307692307693
0 0.4387019230769231 0.39903846153846156 0.052884615384615384 0.0673076923076923
0 0.4951923076923077 0.38461538461538464 0.040865384615384616 0.07211538461538461
0 0.5 0.5853365384615384 0.052884615384615384 0.10576923076923077