0 0.6887019230769231 0.2920673076923077 0.052884615384615384 0.07692307692307693
0 0.4230769230769231 0.23197115384615385 0.04567307692307692 0.07211538461538461
0 0.4891826923076923 0.140625 0.03125 0.08413461538461539
0 0.4362980769230769 0.13701923076923078 0.04326923076923077 0.07692307692307693
0 0.35096153846153844 0.12620192307692307 0.04326923076923077 0.07211538461538461
0 0.24278846153846154 0.07451923076923077 0.05048076923076923 0.09134615384615384
0 0.41586538461538464 0.0673076923076923 0.036057692307692304 0.0625
0 0.84375 0.0673076923076923 0.052884615384615384 0.07692307692307693
0 0.5144230769230769 0.03125 0.04326923076923077 0.04807692307692308
0 0.36177884615384615 0.7043269230769231 0.036057692307692304 0.04326923076923077
0 0.28846153846153844 0.6790865384615384 0.040865384615384616 0.04807692307692308
0 0.4098557692307692 0.6550480769230769 0.02403846153846154 0.057692307692307696
0 0.15504807692307693 0.640625 0.040865384615384616 0.04326923076923077
0 0.30649038461538464 0.5877403846153846 0.03365384615384615 0.0625