0 0.3004807692307692 0.6899038461538461 0.06009615384615385 0.038461538461538464
0 0.8954326923076923 0.6850961538461539 0.05048076923076923 0.05048076923076923
0 0.21514423076923078 0.6646634615384616 0.09134615384615384 0.05048076923076923
0 0.36538461538461536 0.6598557692307693 0.05048076923076923 0.038461538461538464
0 0.030048076923076924 0.6454326923076923 0.040865384615384616 0.06971153846153846
0 0.2403846153846154 0.6153846153846154 0.08173076923076923 0.05048076923076923
0 0.08533653846153846 0.6153846153846154 0.06971153846153846 0.05048076923076923
0 0.6850961538461539 0.5997596153846154 0.06971153846153846 0.038461538461538464
0 0.7055288461538461 0.5649038461538461 0.05048076923076923 0.028846153846153848
0 0.7596153846153846 0.45552884615384615 0.06009615384615385 0.03125
0 0.40024038461538464 0.4254807692307692 0.08173076923076923 0.05048076923076923
0 0.4795673076923077 0.3798076923076923 0.06009615384615385 0.038461538461538464
0 0.4098557692307692 0.3798076923076923 0.08173076923076923 0.038461538461538464
0 0.29447115384615385 0.3605769230769231 0.06971153846153846 0.06009615384615385
0 0.4651442307692308 0.3401442307692308 0.09134615384615384 0.038461538461538464
0 0.9639423076923077 0.3317307692307692 0.0673076923076923 0.0625
0 0.1346153846153846 0.3245192307692308 0.09134615384615384 0.06971153846153846
0 0.375 0.31971153846153844 0.06971153846153846 0.06009615384615385
0 0.5396634615384616 0.28966346153846156 0.08173076923076923 0.06009615384615385