0 0.5865384615384616 0.4206730769230769 0.09134615384615384 0.0673076923076923
0 0.6947115384615384 0.4098557692307692 0.08653846153846154 0.04807692307692308
0 0.5889423076923077 0.36538461538461536 0.09615384615384616 0.052884615384615384
0 0.6911057692307693 0.3581730769230769 0.10817307692307693 0.07692307692307693
0 0.5805288461538461 0.29086538461538464 0.09615384615384616 0.07692307692307693
0 0.6971153846153846 0.29086538461538464 0.08173076923076923 0.0673076923076923
0 0.41466346153846156 0.8149038461538461 0.07211538461538461 0.040865384615384616
0 0.5733173076923077 0.71875 0.057692307692307696 0.057692307692307696
0 0.484375 0.71875 0.07211538461538461 0.04807692307692308
0 0.6694711538461539 0.6730769230769231 0.0889423076923077 0.057692307692307696
0 0.39783653846153844 0.6706730769230769 0.08653846153846154 0.052884615384615384
0 0.38822115384615385 0.6213942307692307 0.08173076923076923 0.04807692307692308
0 0.4831730769230769 0.6189903846153846 0.09134615384615384 0.0625
0 0.5793269230769231 0.6153846153846154 0.07692307692307693 0.04807692307692308
0 0.5853365384615384 0.5697115384615384 0.09615384615384616 0.057692307692307696
0 0.4831730769230769 0.5697115384615384 0.07692307692307693 0.04807692307692308
0 0.39903846153846156 0.5612980769230769 0.0673076923076923 0.052884615384615384
0 0.38461538461538464 0.5048076923076923 0.07211538461538461 0.040865384615384616
0 0.5853365384615384 0.5 0.10576923076923077 0.052884615384615384