0 0.6947115384615384 0.6899038461538461 0.05048076923076923 0.06009615384615385
0 0.6646634615384616 0.7896634615384616 0.05048076923076923 0.08173076923076923
0 0.6550480769230769 0.9555288461538461 0.06971153846153846 0.06971153846153846
0 0.6550480769230769 0.625 0.05048076923076923 0.06971153846153846
0 0.6201923076923077 0.7704326923076923 0.038461538461538464 0.08173076923076923
0 0.5745192307692307 0.30528846153846156 0.09134615384615384 0.05048076923076923
0 0.4495192307692308 0.2403846153846154 0.08173076923076923 0.038461538461538464
0 0.41947115384615385 0.5949519230769231 0.038461538461538464 0.09134615384615384
0 0.3798076923076923 0.5504807692307693 0.038461538461538464 0.1201923076923077
0 0.33533653846153844 0.03485576923076923 0.09134615384615384 0.06971153846153846
0 0.3245192307692308 0.625 0.05048076923076923 0.06971153846153846
0 0.3245192307692308 0.8653846153846154 0.05048076923076923 0.0889423076923077
0 0.28966346153846156 0.4651442307692308 0.038461538461538464 0.06971153846153846