0 0.6995192307692307 0.31009615384615385 0.06009615384615385 0.038461538461538464
0 0.1045673076923077 0.31490384615384615 0.05048076923076923 0.05048076923076923
0 0.7848557692307693 0.33533653846153844 0.09134615384615384 0.05048076923076923
0 0.6346153846153846 0.3401442307692308 0.05048076923076923 0.038461538461538464
0 0.9699519230769231 0.3545673076923077 0.038461538461538464 0.06971153846153846
0 0.7596153846153846 0.38461538461538464 0.08173076923076923 0.05048076923076923
0 0.9146634615384616 0.38461538461538464 0.06971153846153846 0.05048076923076923
0 0.31490384615384615 0.40024038461538464 0.06971153846153846 0.038461538461538464
0 0.29447115384615385 0.43509615384615385 0.05048076923076923 0.028846153846153848
0 0.2403846153846154 0.5444711538461539 0.06009615384615385 0.028846153846153848
0 0.5997596153846154 0.5745192307692307 0.08173076923076923 0.05048076923076923
0 0.5204326923076923 0.6201923076923077 0.06009615384615385 0.038461538461538464
0 0.5901442307692307 0.6201923076923077 0.08173076923076923 0.038461538461538464
0 0.7055288461538461 0.6394230769230769 0.06971153846153846 0.06009615384615385
0 0.5348557692307693 0.6598557692307693 0.09134615384615384 0.038461538461538464
0 0.03485576923076923 0.6694711538461539 0.06971153846153846 0.06009615384615385
0 0.8653846153846154 0.6754807692307693 0.09134615384615384 0.06971153846153846
0 0.625 0.6802884615384616 0.06971153846153846 0.06009615384615385
0 0.46033653846153844 0.7103365384615384 0.08173076923076923 0.06009615384615385