0 0.2920673076923077 0.3112980769230769 0.07692307692307693 0.052884615384615384
0 0.23197115384615385 0.5769230769230769 0.07211538461538461 0.04326923076923077
0 0.140625 0.5108173076923077 0.08413461538461539 0.03125
0 0.13701923076923078 0.5637019230769231 0.07692307692307693 0.04326923076923077
0 0.12620192307692307 0.6490384615384616 0.07211538461538461 0.04326923076923077
0 0.07451923076923077 0.7572115384615384 0.09134615384615384 0.05048076923076923
0 0.0673076923076923 0.5841346153846154 0.0625 0.036057692307692304
0 0.0673076923076923 0.15625 0.07692307692307693 0.052884615384615384
0 0.03125 0.4855769230769231 0.04807692307692308 0.04326923076923077
0 0.7043269230769231 0.6382211538461539 0.04326923076923077 0.036057692307692304
0 0.6790865384615384 0.7115384615384616 0.04807692307692308 0.04326923076923077
0 0.6550480769230769 0.5901442307692307 0.057692307692307696 0.02403846153846154
0 0.640625 0.8449519230769231 0.04326923076923077 0.040865384615384616
0 0.5877403846153846 0.6935096153846154 0.0625 0.03365384615384615