0 0.665865 0.641827 0.163462 0.057692
0 0.664663 0.596154 0.161058 0.062500
0 0.663462 0.551683 0.168269 0.060096
0 0.664663 0.504808 0.170673 0.067308
0 0.662260 0.457933 0.180288 0.060096
0 0.662260 0.405048 0.170673 0.050481
0 0.661058 0.359375 0.177885 0.060096
0 0.657452 0.305288 0.170673 0.062500
0 0.656250 0.256010 0.168269 0.060096
0 0.518029 0.637019 0.161058 0.057692
0 0.515625 0.591346 0.161058 0.052885
0 0.512019 0.545673 0.153846 0.057692
0 0.508413 0.501202 0.161058 0.060096
0 0.506010 0.451923 0.161058 0.052885
0 0.503606 0.405048 0.170673 0.060096
0 0.500000 0.358173 0.163462 0.052885
0 0.498798 0.310096 0.161058 0.057692
0 0.497596 0.259615 0.168269 0.057692
