0 0.665865 0.641827 0.168269 0.057692
0 0.659856 0.592548 0.165865 0.060096
0 0.661058 0.550481 0.168269 0.062500
0 0.658654 0.498798 0.168269 0.060096
0 0.659856 0.454327 0.170673 0.062500
0 0.657452 0.402644 0.170673 0.055288
0 0.655048 0.355769 0.175481 0.062500
0 0.653846 0.304087 0.173077 0.064904
0 0.651442 0.251202 0.173077 0.060096
0 0.508413 0.635817 0.151442 0.064904
0 0.506010 0.588942 0.156250 0.062500
0 0.503606 0.546875 0.161058 0.050481
0 0.500000 0.500000 0.158654 0.057692
0 0.500000 0.450721 0.163462 0.055288
0 0.497596 0.405048 0.163462 0.055288
0 0.496394 0.358173 0.161058 0.057692
0 0.493990 0.307692 0.161058 0.067308
0 0.489183 0.256010 0.170673 0.060096
