0 0.653846 0.718750 0.033654 0.091346
0 0.627404 0.716346 0.028846 0.086538
0 0.603365 0.718750 0.028846 0.086538
0 0.581731 0.721154 0.028846 0.091346
0 0.557692 0.723558 0.033654 0.091346
0 0.532452 0.724760 0.040865 0.093750
0 0.506010 0.724760 0.031250 0.088942
0 0.481971 0.725962 0.036058 0.086538
0 0.454327 0.729567 0.033654 0.088942
0 0.659856 0.640625 0.031250 0.079327
0 0.635817 0.639423 0.031250 0.081731
0 0.608173 0.641827 0.033654 0.086538
0 0.585337 0.639423 0.031250 0.091346
0 0.561298 0.643029 0.031250 0.088942
0 0.534856 0.643029 0.031250 0.088942
0 0.509615 0.643029 0.033654 0.088942
0 0.483173 0.640625 0.033654 0.088942
0 0.459135 0.644231 0.028846 0.091346
