0 0.762019 0.657452 0.072115 0.175481
0 0.706731 0.658654 0.067308 0.168269
0 0.653846 0.661058 0.062500 0.168269
0 0.603365 0.661058 0.062500 0.168269
0 0.555288 0.661058 0.062500 0.168269
0 0.507212 0.664663 0.057692 0.170673
0 0.457933 0.663462 0.055288 0.163462
0 0.412260 0.662260 0.060096 0.170673
0 0.362981 0.664663 0.048077 0.170673
0 0.752404 0.491587 0.067308 0.161058
0 0.703125 0.498798 0.060096 0.165865
0 0.655048 0.498798 0.060096 0.161058
0 0.603365 0.504808 0.057692 0.158654
0 0.558894 0.506010 0.060096 0.161058
0 0.508413 0.507212 0.055288 0.163462
0 0.463942 0.508413 0.057692 0.161058
0 0.413462 0.504808 0.057692 0.158654
0 0.373798 0.509615 0.055288 0.158654
