0 0.633413 0.490385 0.055288 0.153846
0 0.587740 0.492788 0.055288 0.153846
0 0.543269 0.493990 0.057692 0.156250
0 0.496394 0.496394 0.050481 0.161058
0 0.450721 0.496394 0.055288 0.161058
0 0.401442 0.501202 0.057692 0.165865
0 0.350962 0.503606 0.062500 0.165865
0 0.307692 0.504808 0.062500 0.163462
0 0.254808 0.508413 0.057692 0.161058
0 0.639423 0.340144 0.057692 0.165865
0 0.592548 0.337740 0.055288 0.165865
0 0.545673 0.340144 0.062500 0.165865
0 0.497596 0.342548 0.057692 0.170673
0 0.449519 0.341346 0.062500 0.168269
0 0.401442 0.341346 0.067308 0.173077
0 0.349760 0.343750 0.060096 0.177885
0 0.300481 0.347356 0.067308 0.185096
0 0.250000 0.346154 0.072115 0.177885
