0 0.432692 0.231971 0.033654 0.088942
0 0.406250 0.228365 0.033654 0.086538
0 0.382212 0.229567 0.033654 0.084135
0 0.355769 0.228365 0.033654 0.086538
0 0.330529 0.228365 0.031250 0.086538
0 0.305288 0.229567 0.033654 0.084135
0 0.277644 0.227163 0.031250 0.084135
0 0.253606 0.224760 0.036058 0.088942
0 0.227163 0.224760 0.036058 0.088942
0 0.430288 0.156250 0.033654 0.081731
0 0.405048 0.156250 0.036058 0.081731
0 0.378606 0.155048 0.031250 0.084135
0 0.355769 0.155048 0.033654 0.084135
0 0.329327 0.156250 0.033654 0.086538
0 0.306490 0.150240 0.031250 0.084135
0 0.278846 0.150240 0.038462 0.079327
0 0.253606 0.149038 0.036058 0.086538
0 0.227163 0.145433 0.036058 0.079327
