0 0.663462 0.745192 0.182692 0.067308
0 0.661058 0.692308 0.173077 0.057692
0 0.659856 0.640625 0.170673 0.055288
0 0.662260 0.594952 0.175481 0.064904
0 0.662260 0.543269 0.175481 0.062500
0 0.664663 0.497596 0.170673 0.062500
0 0.667067 0.447115 0.165865 0.052885
0 0.667067 0.402644 0.165865 0.055288
0 0.669471 0.353365 0.170673 0.052885
0 0.493990 0.740385 0.161058 0.067308
0 0.496394 0.688702 0.170673 0.064904
0 0.500000 0.641827 0.163462 0.057692
0 0.504808 0.592548 0.163462 0.055288
0 0.507212 0.544471 0.163462 0.055288
0 0.507212 0.496394 0.163462 0.055288
0 0.508413 0.451923 0.161058 0.057692
0 0.513221 0.403846 0.156250 0.052885
0 0.514423 0.361779 0.153846 0.050481
