0 0.669471 0.356971 0.050481 0.137019
0 0.633413 0.354567 0.055288 0.137019
0 0.592548 0.349760 0.050481 0.132212
0 0.550481 0.346154 0.052885 0.139423
0 0.509615 0.343750 0.052885 0.139423
0 0.465144 0.340144 0.050481 0.141827
0 0.426683 0.334135 0.050481 0.144231
0 0.381010 0.329327 0.055288 0.144231
0 0.335337 0.325721 0.055288 0.146635
0 0.668269 0.234375 0.052885 0.132212
0 0.626202 0.229567 0.050481 0.132212
0 0.586538 0.223558 0.048077 0.139423
0 0.548077 0.219952 0.048077 0.132212
0 0.506010 0.215144 0.050481 0.137019
0 0.467548 0.209135 0.045673 0.134615
0 0.426683 0.206731 0.050481 0.134615
0 0.384615 0.200721 0.052885 0.137019
0 0.337740 0.194712 0.055288 0.139423
