0 0.776442 0.853365 0.038462 0.081731
0 0.748798 0.853365 0.031250 0.081731
0 0.722356 0.850962 0.031250 0.081731
0 0.695913 0.848558 0.036058 0.086538
0 0.670673 0.848558 0.033654 0.081731
0 0.646635 0.846154 0.033654 0.081731
0 0.621394 0.846154 0.036058 0.081731
0 0.594952 0.842548 0.036058 0.084135
0 0.574519 0.844952 0.033654 0.079327
0 0.777644 0.776442 0.036058 0.086538
0 0.750000 0.777644 0.033654 0.084135
0 0.723558 0.776442 0.033654 0.081731
0 0.697115 0.772837 0.033654 0.084135
0 0.670673 0.772837 0.033654 0.079327
0 0.645433 0.772837 0.031250 0.084135
0 0.621394 0.772837 0.031250 0.084135
0 0.594952 0.769231 0.031250 0.086538
0 0.570913 0.768029 0.031250 0.079327
