0 0.706731 0.514423 0.067308 0.168269
0 0.655048 0.515625 0.064904 0.161058
0 0.608173 0.519231 0.062500 0.153846
0 0.562500 0.522837 0.067308 0.161058
0 0.513221 0.526442 0.055288 0.163462
0 0.468750 0.526442 0.057692 0.163462
0 0.423077 0.533654 0.052885 0.168269
0 0.382212 0.534856 0.052885 0.165865
0 0.338942 0.539663 0.052885 0.161058
0 0.698317 0.368990 0.055288 0.151442
0 0.652644 0.370192 0.064904 0.153846
0 0.606971 0.373798 0.060096 0.146635
0 0.561298 0.381010 0.055288 0.156250
0 0.515625 0.382212 0.055288 0.149038
0 0.472356 0.383413 0.050481 0.151442
0 0.429087 0.387019 0.050481 0.144231
0 0.388221 0.384615 0.055288 0.149038
0 0.342548 0.391827 0.050481 0.144231
