0 0.566106 0.650240 0.151442 0.055288
0 0.561298 0.604567 0.151442 0.055288
0 0.568510 0.561298 0.151442 0.045673
0 0.572115 0.519231 0.158654 0.057692
0 0.573317 0.471154 0.156250 0.057692
0 0.580529 0.426683 0.161058 0.060096
0 0.584135 0.381010 0.158654 0.060096
0 0.582933 0.331731 0.156250 0.057692
0 0.591346 0.283654 0.153846 0.062500
0 0.420673 0.656250 0.153846 0.057692
0 0.419471 0.605769 0.161058 0.052885
0 0.421875 0.560096 0.161058 0.057692
0 0.421875 0.515625 0.161058 0.060096
0 0.424279 0.471154 0.165865 0.062500
0 0.425481 0.424279 0.168269 0.069712
0 0.427885 0.378606 0.163462 0.069712
0 0.431490 0.324519 0.170673 0.072115
0 0.435096 0.280048 0.173077 0.064904
