0 0.638221 0.750000 0.161058 0.067308
0 0.640625 0.698317 0.170673 0.060096
0 0.631010 0.645433 0.165865 0.064904
0 0.629808 0.596154 0.168269 0.062500
0 0.623798 0.545673 0.165865 0.062500
0 0.618990 0.493990 0.161058 0.060096
0 0.616587 0.448317 0.165865 0.064904
0 0.612981 0.399038 0.163462 0.062500
0 0.609375 0.354567 0.161058 0.064904
0 0.469952 0.756010 0.175481 0.074519
0 0.469952 0.704327 0.185096 0.067308
0 0.467548 0.651442 0.175481 0.067308
0 0.463942 0.597356 0.177885 0.060096
0 0.465144 0.546875 0.180288 0.064904
0 0.459135 0.496394 0.173077 0.064904
0 0.455529 0.447115 0.170673 0.062500
0 0.453125 0.395433 0.175481 0.064904
0 0.450721 0.348558 0.175481 0.062500
