0 0.659856 0.612981 0.055288 0.168269
0 0.612981 0.617788 0.067308 0.163462
0 0.566106 0.623798 0.064904 0.165865
0 0.518029 0.628606 0.064904 0.170673
0 0.465144 0.634615 0.060096 0.168269
0 0.415865 0.637019 0.062500 0.173077
0 0.364183 0.640625 0.064904 0.170673
0 0.313702 0.646635 0.074519 0.173077
0 0.262019 0.649038 0.072115 0.168269
0 0.662260 0.455529 0.064904 0.175481
0 0.611779 0.461538 0.064904 0.177885
0 0.564904 0.466346 0.067308 0.182692
0 0.512019 0.466346 0.067308 0.182692
0 0.463942 0.474760 0.067308 0.189904
0 0.409856 0.474760 0.069712 0.189904
0 0.362981 0.480769 0.076923 0.182692
0 0.306490 0.483173 0.079327 0.187500
0 0.253606 0.486779 0.074519 0.180288
