0 0.664663 0.537260 0.064904 0.180288
0 0.620192 0.536058 0.062500 0.177885
0 0.569712 0.537260 0.062500 0.189904
0 0.521635 0.531250 0.062500 0.177885
0 0.468750 0.524038 0.062500 0.177885
0 0.418269 0.522837 0.067308 0.180288
0 0.364183 0.515625 0.069712 0.185096
0 0.313702 0.510817 0.060096 0.180288
0 0.254808 0.506010 0.067308 0.180288
0 0.665865 0.382212 0.062500 0.163462
0 0.615385 0.376202 0.062500 0.170673
0 0.566106 0.376202 0.060096 0.170673
0 0.520433 0.371394 0.064904 0.175481
0 0.472356 0.362981 0.060096 0.173077
0 0.419471 0.355769 0.064904 0.177885
0 0.371394 0.358173 0.064904 0.173077
0 0.318510 0.348558 0.069712 0.163462
0 0.265625 0.344952 0.060096 0.175481
