0 0.742788 0.504808 0.062500 0.158654
0 0.689904 0.504808 0.062500 0.163462
0 0.643029 0.504808 0.055288 0.168269
0 0.593750 0.498798 0.067308 0.165865
0 0.543269 0.497596 0.057692 0.163462
0 0.501202 0.492788 0.060096 0.168269
0 0.454327 0.489183 0.062500 0.161058
0 0.406250 0.489183 0.057692 0.165865
0 0.362981 0.489183 0.057692 0.161058
0 0.747596 0.348558 0.062500 0.182692
0 0.694712 0.343750 0.072115 0.182692
0 0.645433 0.347356 0.064904 0.170673
0 0.596154 0.347356 0.067308 0.175481
0 0.546875 0.343750 0.064904 0.173077
0 0.496394 0.340144 0.064904 0.170673
0 0.448317 0.331731 0.060096 0.163462
0 0.401442 0.334135 0.057692 0.173077
0 0.356971 0.335337 0.060096 0.165865
