0 0.350962 0.542067 0.091346 0.036058
0 0.347356 0.516827 0.093750 0.033654
0 0.352163 0.492788 0.093750 0.033654
0 0.352163 0.466346 0.093750 0.038462
0 0.356971 0.438702 0.088942 0.040865
0 0.355769 0.414663 0.086538 0.031250
0 0.356971 0.391827 0.088942 0.033654
0 0.355769 0.367788 0.086538 0.033654
0 0.358173 0.342548 0.086538 0.036058
0 0.269231 0.546875 0.086538 0.036058
0 0.272837 0.520433 0.084135 0.036058
0 0.271635 0.496394 0.086538 0.031250
0 0.272837 0.468750 0.088942 0.033654
0 0.276442 0.444712 0.086538 0.033654
0 0.276442 0.419471 0.081731 0.036058
0 0.276442 0.396635 0.091346 0.033654
0 0.277644 0.372596 0.084135 0.033654
0 0.278846 0.346154 0.081731 0.033654
