0 0.657452 0.724760 0.031250 0.084135
0 0.631010 0.724760 0.031250 0.084135
0 0.606971 0.727163 0.036058 0.088942
0 0.585337 0.728365 0.031250 0.091346
0 0.560096 0.730769 0.033654 0.091346
0 0.534856 0.728365 0.031250 0.091346
0 0.509615 0.731971 0.033654 0.093750
0 0.483173 0.735577 0.033654 0.091346
0 0.457933 0.734375 0.031250 0.088942
0 0.663462 0.644231 0.028846 0.081731
0 0.638221 0.647837 0.031250 0.084135
0 0.614183 0.646635 0.031250 0.086538
0 0.587740 0.644231 0.031250 0.086538
0 0.562500 0.646635 0.028846 0.091346
0 0.538462 0.649038 0.028846 0.086538
0 0.513221 0.649038 0.031250 0.086538
0 0.485577 0.650240 0.033654 0.088942
0 0.461538 0.650240 0.033654 0.093750
