0 0.487981 0.637019 0.153846 0.052885
0 0.491587 0.593750 0.151442 0.057692
0 0.492788 0.548077 0.158654 0.052885
0 0.495192 0.501202 0.158654 0.060096
0 0.497596 0.451923 0.163462 0.052885
0 0.500000 0.406250 0.163462 0.057692
0 0.502404 0.358173 0.163462 0.057692
0 0.502404 0.310096 0.168269 0.067308
0 0.504808 0.259615 0.168269 0.057692
0 0.337740 0.645433 0.161058 0.055288
0 0.337740 0.598558 0.165865 0.062500
0 0.336538 0.550481 0.173077 0.057692
0 0.338942 0.503606 0.173077 0.064904
0 0.337740 0.456731 0.165865 0.057692
0 0.341346 0.403846 0.168269 0.062500
0 0.347356 0.358173 0.175481 0.062500
0 0.347356 0.304087 0.175481 0.060096
0 0.343750 0.254808 0.173077 0.067308
