0 0.644231 0.662260 0.057692 0.161058
0 0.597356 0.659856 0.060096 0.170673
0 0.550481 0.658654 0.062500 0.173077
0 0.502404 0.658654 0.057692 0.173077
0 0.455529 0.655048 0.064904 0.180288
0 0.408654 0.658654 0.057692 0.182692
0 0.358173 0.655048 0.062500 0.175481
0 0.305288 0.658654 0.072115 0.177885
0 0.256010 0.657452 0.064904 0.180288
0 0.638221 0.510817 0.055288 0.156250
0 0.594952 0.508413 0.055288 0.156250
0 0.550481 0.507212 0.057692 0.153846
0 0.501202 0.501202 0.060096 0.156250
0 0.454327 0.501202 0.062500 0.156250
0 0.409856 0.500000 0.060096 0.153846
0 0.360577 0.497596 0.052885 0.158654
0 0.311298 0.493990 0.060096 0.161058
0 0.260817 0.493990 0.055288 0.170673
