0 0.542067 0.724760 0.156250 0.060096
0 0.543269 0.677885 0.163462 0.062500
0 0.539663 0.626202 0.161058 0.060096
0 0.533654 0.582933 0.158654 0.060096
0 0.532452 0.536058 0.161058 0.057692
0 0.531250 0.489183 0.163462 0.060096
0 0.525240 0.442308 0.156250 0.057692
0 0.524038 0.395433 0.158654 0.055288
0 0.520433 0.354567 0.151442 0.064904
0 0.379808 0.731971 0.173077 0.064904
0 0.382212 0.677885 0.182692 0.057692
0 0.381010 0.632212 0.170673 0.057692
0 0.379808 0.584135 0.173077 0.062500
0 0.378606 0.532452 0.170673 0.064904
0 0.376202 0.485577 0.165865 0.052885
0 0.377404 0.439904 0.173077 0.057692
0 0.370192 0.393029 0.163462 0.055288
0 0.371394 0.347356 0.161058 0.055288
