0 0.414663 0.671875 0.141827 0.055288
0 0.409856 0.628606 0.146635 0.055288
0 0.405048 0.590144 0.141827 0.050481
0 0.403846 0.545673 0.149038 0.057692
0 0.400240 0.506010 0.151442 0.055288
0 0.396635 0.460337 0.153846 0.055288
0 0.391827 0.417067 0.153846 0.055288
0 0.387019 0.372596 0.158654 0.057692
0 0.383413 0.326923 0.151442 0.057692
0 0.278846 0.668269 0.129808 0.052885
0 0.278846 0.626202 0.139423 0.055288
0 0.272837 0.585337 0.141827 0.060096
0 0.269231 0.544471 0.139423 0.050481
0 0.262019 0.501202 0.144231 0.050481
0 0.259615 0.459135 0.134615 0.048077
0 0.256010 0.418269 0.137019 0.052885
0 0.250000 0.375000 0.134615 0.048077
0 0.246394 0.332933 0.141827 0.055288
