0 0.736779 0.631010 0.069712 0.175481
0 0.685096 0.631010 0.067308 0.165865
0 0.637019 0.633413 0.067308 0.165865
0 0.587740 0.635817 0.064904 0.165865
0 0.539663 0.632212 0.060096 0.158654
0 0.490385 0.639423 0.062500 0.168269
0 0.447115 0.637019 0.062500 0.158654
0 0.397837 0.641827 0.060096 0.158654
0 0.353365 0.641827 0.062500 0.153846
0 0.728365 0.472356 0.067308 0.165865
0 0.682692 0.474760 0.062500 0.156250
0 0.632212 0.475962 0.062500 0.163462
0 0.581731 0.479567 0.057692 0.161058
0 0.537260 0.483173 0.060096 0.158654
0 0.490385 0.485577 0.062500 0.158654
0 0.447115 0.489183 0.057692 0.161058
0 0.400240 0.490385 0.050481 0.153846
0 0.356971 0.489183 0.055288 0.156250
