0 0.639423 0.489183 0.052885 0.156250
0 0.596154 0.484375 0.062500 0.161058
0 0.546875 0.489183 0.055288 0.156250
0 0.503606 0.493990 0.064904 0.165865
0 0.457933 0.491587 0.055288 0.161058
0 0.407452 0.493990 0.060096 0.156250
0 0.360577 0.493990 0.052885 0.156250
0 0.314904 0.500000 0.067308 0.163462
0 0.262019 0.506010 0.062500 0.165865
0 0.645433 0.331731 0.060096 0.182692
0 0.594952 0.334135 0.060096 0.163462
0 0.552885 0.336538 0.062500 0.163462
0 0.502404 0.337740 0.062500 0.170673
0 0.456731 0.336538 0.062500 0.173077
0 0.403846 0.336538 0.067308 0.173077
0 0.358173 0.340144 0.067308 0.165865
0 0.308894 0.340144 0.069712 0.170673
0 0.254808 0.347356 0.067308 0.175481
