0 0.740385 0.646635 0.067308 0.168269
0 0.689904 0.645433 0.067308 0.165865
0 0.638221 0.645433 0.064904 0.165865
0 0.588942 0.649038 0.062500 0.173077
0 0.540865 0.653846 0.062500 0.173077
0 0.492788 0.652644 0.062500 0.170673
0 0.447115 0.653846 0.062500 0.168269
0 0.401442 0.656250 0.062500 0.158654
0 0.353365 0.652644 0.057692 0.175481
0 0.735577 0.486779 0.067308 0.165865
0 0.685096 0.486779 0.062500 0.161058
0 0.637019 0.491587 0.062500 0.161058
0 0.587740 0.490385 0.064904 0.158654
0 0.542067 0.490385 0.064904 0.158654
0 0.496394 0.492788 0.064904 0.153846
0 0.451923 0.496394 0.057692 0.151442
0 0.406250 0.501202 0.062500 0.161058
0 0.365385 0.502404 0.062500 0.163462
