0 0.747596 0.506010 0.062500 0.165865
0 0.699519 0.506010 0.062500 0.161058
0 0.650240 0.502404 0.060096 0.168269
0 0.603365 0.503606 0.067308 0.161058
0 0.554087 0.500000 0.060096 0.158654
0 0.504808 0.497596 0.057692 0.158654
0 0.461538 0.495192 0.057692 0.158654
0 0.414663 0.492788 0.055288 0.153846
0 0.372596 0.491587 0.057692 0.156250
0 0.756010 0.344952 0.060096 0.180288
0 0.703125 0.347356 0.060096 0.175481
0 0.653846 0.343750 0.062500 0.182692
0 0.603365 0.346154 0.057692 0.177885
0 0.552885 0.346154 0.062500 0.168269
0 0.506010 0.341346 0.055288 0.173077
0 0.456731 0.340144 0.057692 0.165865
0 0.408654 0.337740 0.057692 0.165865
0 0.364183 0.336538 0.055288 0.168269
