0 0.269231 0.715144 0.081731 0.036058
0 0.270433 0.687500 0.084135 0.038462
0 0.271635 0.662260 0.081731 0.036058
0 0.270433 0.637019 0.084135 0.038462
0 0.271635 0.612981 0.086538 0.038462
0 0.272837 0.587740 0.088942 0.036058
0 0.276442 0.561298 0.086538 0.036058
0 0.275240 0.538462 0.088942 0.038462
0 0.274038 0.514423 0.086538 0.033654
0 0.194712 0.713942 0.081731 0.038462
0 0.197115 0.688702 0.086538 0.036058
0 0.195913 0.659856 0.084135 0.040865
0 0.191106 0.637019 0.088942 0.038462
0 0.197115 0.610577 0.081731 0.038462
0 0.197115 0.587740 0.081731 0.036058
0 0.195913 0.562500 0.084135 0.033654
0 0.195913 0.537260 0.084135 0.036058
0 0.200721 0.519231 0.079327 0.038462
