0 0.612981 0.481971 0.038462 0.108173
0 0.582933 0.480769 0.040865 0.115385
0 0.551683 0.481971 0.040865 0.112981
0 0.522837 0.480769 0.040865 0.110577
0 0.489183 0.478365 0.040865 0.120192
0 0.461538 0.477163 0.043269 0.112981
0 0.426683 0.479567 0.040865 0.112981
0 0.394231 0.477163 0.043269 0.112981
0 0.360577 0.475962 0.043269 0.110577
0 0.620192 0.383413 0.038462 0.117788
0 0.588942 0.382212 0.038462 0.115385
0 0.558894 0.379808 0.040865 0.115385
0 0.526442 0.377404 0.043269 0.115385
0 0.495192 0.375000 0.038462 0.120192
0 0.463942 0.371394 0.043269 0.117788
0 0.429087 0.371394 0.040865 0.122596
0 0.395433 0.370192 0.040865 0.115385
0 0.362981 0.368990 0.038462 0.117788
