0 0.668269 0.536058 0.062500 0.163462
0 0.617788 0.532452 0.067308 0.175481
0 0.567308 0.533654 0.067308 0.187500
0 0.519231 0.528846 0.067308 0.182692
0 0.467548 0.526442 0.064904 0.182692
0 0.415865 0.520433 0.067308 0.180288
0 0.362981 0.512019 0.062500 0.177885
0 0.311298 0.510817 0.064904 0.180288
0 0.257212 0.504808 0.072115 0.177885
0 0.664663 0.383413 0.069712 0.165865
0 0.615385 0.379808 0.062500 0.173077
0 0.566106 0.372596 0.069712 0.168269
0 0.518029 0.370192 0.064904 0.173077
0 0.468750 0.364183 0.062500 0.165865
0 0.420673 0.358173 0.067308 0.168269
0 0.367788 0.354567 0.067308 0.175481
0 0.316106 0.348558 0.064904 0.163462
0 0.262019 0.342548 0.067308 0.170673
