0 0.508413 0.750000 0.185096 0.076923
0 0.509615 0.692308 0.182692 0.081731
0 0.516827 0.641827 0.182692 0.076923
0 0.519231 0.587740 0.177885 0.074519
0 0.524038 0.537260 0.177885 0.069712
0 0.528846 0.486779 0.177885 0.069712
0 0.531250 0.437500 0.182692 0.067308
0 0.533654 0.383413 0.173077 0.060096
0 0.534856 0.336538 0.170673 0.062500
0 0.342548 0.737981 0.175481 0.076923
0 0.347356 0.688702 0.175481 0.074519
0 0.355769 0.632212 0.173077 0.072115
0 0.360577 0.586538 0.173077 0.067308
0 0.361779 0.534856 0.185096 0.064904
0 0.364183 0.485577 0.180288 0.062500
0 0.372596 0.438702 0.177885 0.069712
0 0.382212 0.389423 0.168269 0.062500
0 0.381010 0.343750 0.161058 0.062500
