0 0.484375 0.616587 0.103365 0.040865
0 0.481971 0.584135 0.108173 0.038462
0 0.481971 0.560096 0.108173 0.038462
0 0.481971 0.525240 0.112981 0.045673
0 0.479567 0.493990 0.112981 0.040865
0 0.479567 0.462740 0.112981 0.040865
0 0.479567 0.429087 0.112981 0.040865
0 0.475962 0.397837 0.115385 0.045673
0 0.474760 0.365385 0.112981 0.043269
0 0.383413 0.622596 0.112981 0.048077
0 0.379808 0.591346 0.110577 0.038462
0 0.378606 0.561298 0.112981 0.040865
0 0.377404 0.531250 0.115385 0.043269
0 0.375000 0.498798 0.120192 0.045673
0 0.371394 0.468750 0.117788 0.043269
0 0.373798 0.433894 0.122596 0.045673
0 0.371394 0.402644 0.117788 0.045673
0 0.367788 0.367788 0.125000 0.043269
