0 0.639423 0.490385 0.057692 0.153846
0 0.596154 0.491587 0.062500 0.156250
0 0.549279 0.500000 0.055288 0.153846
0 0.506010 0.497596 0.055288 0.158654
0 0.461538 0.502404 0.057692 0.158654
0 0.414663 0.504808 0.060096 0.163462
0 0.362981 0.509615 0.062500 0.163462
0 0.310096 0.507212 0.057692 0.163462
0 0.265625 0.513221 0.064904 0.156250
0 0.645433 0.344952 0.060096 0.165865
0 0.600962 0.344952 0.052885 0.165865
0 0.556490 0.344952 0.064904 0.165865
0 0.506010 0.347356 0.055288 0.165865
0 0.455529 0.344952 0.060096 0.170673
0 0.408654 0.349760 0.057692 0.175481
0 0.359375 0.348558 0.060096 0.173077
0 0.310096 0.348558 0.067308 0.173077
0 0.256010 0.350962 0.060096 0.182692
