0 0.508413 0.740385 0.165865 0.067308
0 0.506010 0.687500 0.165865 0.062500
0 0.507212 0.641827 0.173077 0.067308
0 0.500000 0.593750 0.168269 0.057692
0 0.501202 0.539663 0.165865 0.060096
0 0.497596 0.500000 0.163462 0.057692
0 0.495192 0.454327 0.163462 0.062500
0 0.493990 0.401442 0.165865 0.062500
0 0.490385 0.361779 0.168269 0.060096
0 0.347356 0.745192 0.180288 0.062500
0 0.347356 0.694712 0.175481 0.062500
0 0.346154 0.647837 0.182692 0.069712
0 0.344952 0.590144 0.175481 0.060096
0 0.347356 0.548077 0.175481 0.057692
0 0.343750 0.493990 0.177885 0.060096
0 0.336538 0.447115 0.168269 0.057692
0 0.336538 0.399038 0.173077 0.062500
0 0.332933 0.352163 0.165865 0.060096
