0 0.507212 0.745192 0.163462 0.062500
0 0.507212 0.697115 0.163462 0.062500
0 0.502404 0.644231 0.163462 0.062500
0 0.500000 0.596154 0.168269 0.062500
0 0.496394 0.546875 0.161058 0.060096
0 0.495192 0.502404 0.163462 0.062500
0 0.493990 0.453125 0.165865 0.060096
0 0.491587 0.407452 0.161058 0.060096
0 0.490385 0.361779 0.158654 0.064904
0 0.346154 0.752404 0.177885 0.062500
0 0.343750 0.697115 0.173077 0.067308
0 0.343750 0.647837 0.177885 0.060096
0 0.343750 0.594952 0.173077 0.050481
0 0.341346 0.545673 0.163462 0.057692
0 0.342548 0.500000 0.170673 0.057692
0 0.338942 0.449519 0.163462 0.062500
0 0.337740 0.403846 0.161058 0.062500
0 0.338942 0.355769 0.168269 0.052885
