0 0.349760 0.431490 0.088942 0.040865
0 0.349760 0.405048 0.088942 0.036058
0 0.350962 0.378606 0.091346 0.036058
0 0.348558 0.352163 0.091346 0.036058
0 0.352163 0.324519 0.098558 0.038462
0 0.348558 0.298077 0.091346 0.038462
0 0.347356 0.269231 0.098558 0.038462
0 0.354567 0.240385 0.093750 0.038462
0 0.354567 0.213942 0.093750 0.033654
0 0.269231 0.427885 0.091346 0.038462
0 0.269231 0.402644 0.086538 0.036058
0 0.272837 0.377404 0.093750 0.033654
0 0.269231 0.350962 0.091346 0.038462
0 0.266827 0.322115 0.086538 0.038462
0 0.269231 0.293269 0.091346 0.033654
0 0.271635 0.266827 0.091346 0.033654
0 0.269231 0.242788 0.091346 0.038462
0 0.269231 0.213942 0.096154 0.033654
