0 0.490385 0.694712 0.163462 0.062500
0 0.491587 0.650240 0.161058 0.060096
0 0.493990 0.603365 0.156250 0.057692
0 0.496394 0.554087 0.151442 0.060096
0 0.497596 0.512019 0.149038 0.057692
0 0.507212 0.462740 0.153846 0.055288
0 0.507212 0.420673 0.149038 0.057692
0 0.508413 0.377404 0.151442 0.057692
0 0.513221 0.336538 0.156250 0.057692
0 0.342548 0.693510 0.146635 0.064904
0 0.342548 0.645433 0.146635 0.060096
0 0.344952 0.602163 0.141827 0.055288
0 0.353365 0.555288 0.139423 0.057692
0 0.359375 0.512019 0.146635 0.057692
0 0.366587 0.466346 0.146635 0.057692
0 0.370192 0.426683 0.149038 0.050481
0 0.373798 0.382212 0.146635 0.052885
0 0.372596 0.337740 0.144231 0.050481
