0 0.213942 0.429087 0.081731 0.036058
0 0.216346 0.403846 0.086538 0.033654
0 0.216346 0.379808 0.086538 0.033654
0 0.218750 0.355769 0.086538 0.033654
0 0.215144 0.330529 0.088942 0.031250
0 0.211538 0.304087 0.086538 0.036058
0 0.210337 0.278846 0.088942 0.038462
0 0.210337 0.253606 0.088942 0.036058
0 0.209135 0.227163 0.091346 0.031250
0 0.144231 0.427885 0.076923 0.033654
0 0.141827 0.402644 0.076923 0.036058
0 0.143029 0.379808 0.079327 0.033654
0 0.140625 0.354567 0.079327 0.036058
0 0.137019 0.329327 0.076923 0.033654
0 0.137019 0.306490 0.076923 0.036058
0 0.134615 0.278846 0.076923 0.033654
0 0.134615 0.253606 0.076923 0.031250
0 0.132212 0.228365 0.081731 0.033654
