0 0.673077 0.431490 0.057692 0.137019
0 0.631010 0.431490 0.050481 0.137019
0 0.591346 0.430288 0.062500 0.144231
0 0.543269 0.424279 0.043269 0.146635
0 0.500000 0.418269 0.057692 0.149038
0 0.460337 0.419471 0.060096 0.141827
0 0.414663 0.412260 0.055288 0.146635
0 0.371394 0.408654 0.055288 0.144231
0 0.328125 0.401442 0.055288 0.144231
0 0.667067 0.299279 0.045673 0.137019
0 0.625000 0.294471 0.052885 0.141827
0 0.582933 0.290865 0.060096 0.144231
0 0.538462 0.284856 0.052885 0.141827
0 0.504808 0.283654 0.052885 0.139423
0 0.460337 0.281250 0.055288 0.144231
0 0.417067 0.276442 0.045673 0.139423
0 0.375000 0.272837 0.052885 0.137019
0 0.330529 0.268029 0.050481 0.141827
