0 0.655048 0.750000 0.175481 0.067308
0 0.655048 0.698317 0.180288 0.069712
0 0.653846 0.649038 0.168269 0.057692
0 0.655048 0.598558 0.175481 0.057692
0 0.658654 0.548077 0.177885 0.057692
0 0.662260 0.502404 0.175481 0.062500
0 0.659856 0.451923 0.175481 0.062500
0 0.658654 0.407452 0.168269 0.060096
0 0.662260 0.356971 0.170673 0.060096
0 0.493990 0.745192 0.165865 0.067308
0 0.496394 0.693510 0.161058 0.060096
0 0.496394 0.645433 0.161058 0.064904
0 0.500000 0.597356 0.163462 0.060096
0 0.498798 0.548077 0.161058 0.057692
0 0.503606 0.498798 0.156250 0.055288
0 0.506010 0.453125 0.156250 0.055288
0 0.506010 0.408654 0.156250 0.052885
0 0.506010 0.362981 0.156250 0.052885
