0 0.656250 0.610577 0.057692 0.153846
0 0.608173 0.611779 0.062500 0.161058
0 0.558894 0.620192 0.060096 0.158654
0 0.515625 0.625000 0.060096 0.163462
0 0.462740 0.628606 0.064904 0.165865
0 0.414663 0.633413 0.060096 0.165865
0 0.361779 0.640625 0.064904 0.165865
0 0.311298 0.640625 0.074519 0.161058
0 0.259615 0.647837 0.067308 0.165865
0 0.661058 0.451923 0.062500 0.168269
0 0.612981 0.455529 0.057692 0.170673
0 0.563702 0.459135 0.060096 0.173077
0 0.515625 0.462740 0.064904 0.170673
0 0.462740 0.467548 0.064904 0.175481
0 0.409856 0.473558 0.064904 0.173077
0 0.358173 0.474760 0.067308 0.175481
0 0.302885 0.480769 0.067308 0.173077
0 0.251202 0.483173 0.069712 0.177885
