0 0.810096 0.710337 0.081731 0.036058
0 0.804087 0.687500 0.079327 0.033654
0 0.802885 0.658654 0.081731 0.038462
0 0.801683 0.634615 0.084135 0.038462
0 0.804087 0.611779 0.084135 0.036058
0 0.802885 0.586538 0.081731 0.033654
0 0.801683 0.562500 0.079327 0.033654
0 0.800481 0.534856 0.081731 0.036058
0 0.798077 0.514423 0.081731 0.033654
0 0.729567 0.709135 0.079327 0.038462
0 0.725962 0.683894 0.081731 0.036058
0 0.727163 0.659856 0.084135 0.031250
0 0.728365 0.634615 0.076923 0.033654
0 0.728365 0.608173 0.081731 0.028846
0 0.728365 0.582933 0.081731 0.036058
0 0.727163 0.558894 0.084135 0.036058
0 0.724760 0.536058 0.079327 0.033654
0 0.723558 0.509615 0.076923 0.033654
