0 0.635817 0.490385 0.050481 0.153846
0 0.592548 0.492788 0.060096 0.153846
0 0.544471 0.491587 0.060096 0.156250
0 0.500000 0.495192 0.057692 0.153846
0 0.454327 0.500000 0.057692 0.158654
0 0.406250 0.502404 0.057692 0.158654
0 0.358173 0.504808 0.057692 0.158654
0 0.307692 0.507212 0.062500 0.163462
0 0.259615 0.510817 0.062500 0.165865
0 0.644231 0.344952 0.057692 0.161058
0 0.598558 0.343750 0.052885 0.158654
0 0.549279 0.344952 0.064904 0.165865
0 0.501202 0.343750 0.055288 0.173077
0 0.453125 0.344952 0.060096 0.165865
0 0.405048 0.344952 0.060096 0.175481
0 0.356971 0.348558 0.064904 0.173077
0 0.306490 0.347356 0.064904 0.180288
0 0.253606 0.349760 0.064904 0.180288
