0 0.663462 0.617788 0.057692 0.153846
0 0.617788 0.622596 0.057692 0.153846
0 0.564904 0.625000 0.062500 0.163462
0 0.521635 0.632212 0.067308 0.158654
0 0.467548 0.635817 0.069712 0.165865
0 0.419471 0.639423 0.069712 0.163462
0 0.373798 0.645433 0.074519 0.165865
0 0.319712 0.655048 0.072115 0.165865
0 0.269231 0.656250 0.072115 0.173077
0 0.667067 0.465144 0.064904 0.170673
0 0.618990 0.472356 0.060096 0.185096
0 0.569712 0.471154 0.062500 0.177885
0 0.516827 0.474760 0.062500 0.180288
0 0.467548 0.477163 0.064904 0.175481
0 0.413462 0.483173 0.067308 0.177885
0 0.361779 0.489183 0.069712 0.175481
0 0.311298 0.489183 0.074519 0.175481
0 0.257212 0.492788 0.076923 0.177885
