0 0.548077 0.663462 0.192308 0.067308
0 0.539663 0.614183 0.175481 0.069712
0 0.537260 0.564904 0.175481 0.067308
0 0.530048 0.516827 0.185096 0.062500
0 0.526442 0.466346 0.177885 0.062500
0 0.522837 0.414663 0.185096 0.074519
0 0.518029 0.360577 0.189904 0.072115
0 0.515625 0.307692 0.185096 0.072115
0 0.515625 0.253606 0.175481 0.069712
0 0.387019 0.659856 0.163462 0.064904
0 0.383413 0.610577 0.165865 0.067308
0 0.373798 0.562500 0.180288 0.072115
0 0.367788 0.514423 0.182692 0.072115
0 0.366587 0.466346 0.180288 0.067308
0 0.365385 0.413462 0.168269 0.072115
0 0.356971 0.365385 0.175481 0.072115
0 0.356971 0.318510 0.180288 0.069712
0 0.346154 0.259615 0.173077 0.067308
