0 0.855769 0.430288 0.081731 0.033654
0 0.855769 0.407452 0.081731 0.031250
0 0.858173 0.381010 0.081731 0.036058
0 0.859375 0.358173 0.079327 0.033654
0 0.862981 0.332933 0.081731 0.036058
0 0.864183 0.307692 0.079327 0.033654
0 0.865385 0.281250 0.081731 0.033654
0 0.868990 0.256010 0.084135 0.040865
0 0.868990 0.228365 0.079327 0.038462
0 0.781250 0.433894 0.076923 0.031250
0 0.783654 0.408654 0.081731 0.033654
0 0.783654 0.383413 0.086538 0.031250
0 0.784856 0.356971 0.088942 0.036058
0 0.788462 0.332933 0.086538 0.036058
0 0.789663 0.306490 0.084135 0.036058
0 0.789663 0.281250 0.084135 0.038462
0 0.789663 0.254808 0.084135 0.038462
0 0.787260 0.228365 0.093750 0.033654
