0 0.830529 0.432692 0.084135 0.033654
0 0.829327 0.407452 0.081731 0.036058
0 0.831731 0.383413 0.086538 0.036058
0 0.832933 0.356971 0.084135 0.040865
0 0.834135 0.331731 0.081731 0.033654
0 0.836538 0.305288 0.086538 0.038462
0 0.835337 0.280048 0.084135 0.040865
0 0.837740 0.250000 0.084135 0.038462
0 0.838942 0.227163 0.086538 0.036058
0 0.753606 0.435096 0.088942 0.033654
0 0.753606 0.407452 0.088942 0.036058
0 0.754808 0.384615 0.086538 0.033654
0 0.753606 0.355769 0.084135 0.033654
0 0.756010 0.330529 0.088942 0.036058
0 0.757212 0.306490 0.091346 0.036058
0 0.758413 0.277644 0.088942 0.036058
0 0.757212 0.251202 0.086538 0.040865
0 0.757212 0.225962 0.091346 0.038462
