0 0.647837 0.662260 0.055288 0.170673
0 0.598558 0.661058 0.062500 0.168269
0 0.555288 0.670673 0.057692 0.177885
0 0.507212 0.662260 0.067308 0.170673
0 0.460337 0.657452 0.060096 0.180288
0 0.413462 0.658654 0.067308 0.182692
0 0.360577 0.653846 0.062500 0.177885
0 0.308894 0.655048 0.064904 0.180288
0 0.257212 0.653846 0.062500 0.187500
0 0.644231 0.509615 0.057692 0.158654
0 0.596154 0.506010 0.062500 0.161058
0 0.552885 0.506010 0.062500 0.161058
0 0.507212 0.504808 0.052885 0.163462
0 0.461538 0.502404 0.062500 0.163462
0 0.411058 0.500000 0.057692 0.158654
0 0.362981 0.497596 0.057692 0.153846
0 0.314904 0.495192 0.062500 0.163462
0 0.263221 0.491587 0.064904 0.170673
