0 0.665865 0.747596 0.048077 0.129808
0 0.627404 0.753606 0.038462 0.127404
0 0.587740 0.758413 0.045673 0.132212
0 0.546875 0.759615 0.050481 0.134615
0 0.506010 0.769231 0.050481 0.134615
0 0.463942 0.771635 0.048077 0.134615
0 0.423077 0.776442 0.048077 0.129808
0 0.381010 0.778846 0.050481 0.129808
0 0.334135 0.783654 0.048077 0.129808
0 0.670673 0.620192 0.048077 0.129808
0 0.629808 0.622596 0.038462 0.129808
0 0.592548 0.628606 0.045673 0.127404
0 0.548077 0.629808 0.048077 0.134615
0 0.509615 0.637019 0.048077 0.134615
0 0.462740 0.640625 0.055288 0.141827
0 0.420673 0.646635 0.052885 0.139423
0 0.377404 0.651442 0.052885 0.139423
0 0.332933 0.656250 0.055288 0.139423
