0 0.747596 0.639423 0.067308 0.163462
0 0.694712 0.635817 0.062500 0.165865
0 0.643029 0.632212 0.064904 0.163462
0 0.593750 0.631010 0.062500 0.175481
0 0.545673 0.621394 0.057692 0.161058
0 0.493990 0.620192 0.069712 0.163462
0 0.447115 0.615385 0.062500 0.163462
0 0.397837 0.609375 0.060096 0.156250
0 0.350962 0.609375 0.057692 0.161058
0 0.753606 0.478365 0.069712 0.173077
0 0.697115 0.473558 0.062500 0.173077
0 0.647837 0.469952 0.064904 0.175481
0 0.598558 0.468750 0.067308 0.177885
0 0.544471 0.462740 0.064904 0.175481
0 0.495192 0.462740 0.067308 0.175481
0 0.443510 0.455529 0.060096 0.175481
0 0.393029 0.454327 0.064904 0.168269
0 0.344952 0.449519 0.064904 0.168269
