0 0.737981 0.655048 0.067308 0.170673
0 0.682692 0.651442 0.062500 0.177885
0 0.633413 0.647837 0.069712 0.170673
0 0.582933 0.635817 0.069712 0.180288
0 0.532452 0.634615 0.064904 0.168269
0 0.484375 0.633413 0.064904 0.170673
0 0.435096 0.625000 0.067308 0.173077
0 0.385817 0.623798 0.060096 0.165865
0 0.341346 0.617788 0.062500 0.163462
0 0.740385 0.489183 0.067308 0.185096
0 0.689904 0.491587 0.067308 0.185096
0 0.637019 0.486779 0.067308 0.170673
0 0.585337 0.479567 0.069712 0.185096
0 0.531250 0.474760 0.067308 0.185096
0 0.483173 0.472356 0.067308 0.185096
0 0.432692 0.467548 0.067308 0.180288
0 0.384615 0.466346 0.067308 0.182692
0 0.332933 0.462740 0.064904 0.180288
