0 0.611779 0.661058 0.165865 0.062500
0 0.614183 0.615385 0.170673 0.062500
0 0.620192 0.566106 0.163462 0.069712
0 0.626202 0.514423 0.165865 0.072115
0 0.631010 0.466346 0.170673 0.072115
0 0.637019 0.417067 0.173077 0.069712
0 0.641827 0.368990 0.163462 0.069712
0 0.645433 0.317308 0.175481 0.072115
0 0.649038 0.265625 0.173077 0.074519
0 0.456731 0.665865 0.168269 0.067308
0 0.462740 0.616587 0.180288 0.069712
0 0.461538 0.567308 0.177885 0.067308
0 0.466346 0.514423 0.177885 0.067308
0 0.468750 0.465144 0.177885 0.069712
0 0.473558 0.412260 0.173077 0.069712
0 0.479567 0.361779 0.180288 0.074519
0 0.481971 0.311298 0.180288 0.074519
0 0.486779 0.254808 0.185096 0.072115
