0 0.616587 0.658654 0.165865 0.062500
0 0.620192 0.609375 0.163462 0.064904
0 0.627404 0.566106 0.173077 0.060096
0 0.631010 0.514423 0.170673 0.062500
0 0.637019 0.463942 0.168269 0.067308
0 0.638221 0.417067 0.170673 0.069712
0 0.646635 0.365385 0.177885 0.072115
0 0.649038 0.317308 0.173077 0.076923
0 0.652644 0.264423 0.170673 0.072115
0 0.459135 0.663462 0.182692 0.062500
0 0.467548 0.612981 0.189904 0.057692
0 0.472356 0.564904 0.185096 0.062500
0 0.473558 0.514423 0.182692 0.067308
0 0.478365 0.463942 0.177885 0.067308
0 0.479567 0.411058 0.185096 0.067308
0 0.484375 0.358173 0.180288 0.067308
0 0.487981 0.305288 0.187500 0.072115
0 0.490385 0.253606 0.177885 0.064904
