0 0.889423 0.427885 0.072115 0.033654
0 0.889423 0.403846 0.072115 0.033654
0 0.891827 0.378606 0.076923 0.031250
0 0.890625 0.355769 0.079327 0.033654
0 0.894231 0.331731 0.072115 0.033654
0 0.895433 0.307692 0.074519 0.033654
0 0.896635 0.281250 0.072115 0.033654
0 0.897837 0.256010 0.074519 0.031250
0 0.897837 0.230769 0.074519 0.033654
0 0.814904 0.429087 0.076923 0.031250
0 0.819712 0.403846 0.081731 0.033654
0 0.817308 0.379808 0.076923 0.033654
0 0.819712 0.355769 0.081731 0.028846
0 0.822115 0.331731 0.081731 0.033654
0 0.820913 0.306490 0.084135 0.036058
0 0.822115 0.278846 0.081731 0.033654
0 0.822115 0.254808 0.081731 0.033654
0 0.824519 0.228365 0.076923 0.033654
