0 0.533654 0.424279 0.033654 0.093750
0 0.506010 0.424279 0.036058 0.098558
0 0.478365 0.426683 0.038462 0.093750
0 0.450721 0.426683 0.031250 0.098558
0 0.424279 0.427885 0.036058 0.096154
0 0.396635 0.425481 0.038462 0.096154
0 0.368990 0.424279 0.031250 0.093750
0 0.346154 0.429087 0.033654 0.093750
0 0.319712 0.425481 0.038462 0.091346
0 0.536058 0.336538 0.033654 0.091346
0 0.512019 0.340144 0.033654 0.093750
0 0.481971 0.340144 0.036058 0.093750
0 0.455529 0.342548 0.031250 0.093750
0 0.430288 0.340144 0.033654 0.098558
0 0.402644 0.341346 0.040865 0.091346
0 0.378606 0.343750 0.036058 0.091346
0 0.352163 0.346154 0.031250 0.096154
0 0.328125 0.344952 0.036058 0.098558
