0 0.539663 0.665865 0.175481 0.067308
0 0.534856 0.617788 0.175481 0.057692
0 0.528846 0.568510 0.168269 0.069712
0 0.530048 0.518029 0.175481 0.069712
0 0.521635 0.465144 0.168269 0.064904
0 0.518029 0.415865 0.175481 0.062500
0 0.515625 0.364183 0.185096 0.060096
0 0.509615 0.311298 0.192308 0.060096
0 0.507212 0.256010 0.182692 0.064904
0 0.383413 0.662260 0.165865 0.060096
0 0.377404 0.615385 0.163462 0.067308
0 0.372596 0.563702 0.158654 0.064904
0 0.367788 0.519231 0.173077 0.067308
0 0.367788 0.469952 0.173077 0.064904
0 0.358173 0.419471 0.168269 0.069712
0 0.352163 0.370192 0.165865 0.067308
0 0.352163 0.318510 0.165865 0.064904
0 0.342548 0.265625 0.175481 0.064904
