0 0.513221 0.640625 0.161058 0.055288
0 0.508413 0.592548 0.161058 0.055288
0 0.509615 0.550481 0.158654 0.052885
0 0.513221 0.507212 0.156250 0.057692
0 0.513221 0.461538 0.156250 0.052885
0 0.514423 0.412260 0.163462 0.060096
0 0.520433 0.364183 0.156250 0.055288
0 0.520433 0.318510 0.161058 0.060096
0 0.526442 0.272837 0.163462 0.064904
0 0.353365 0.649038 0.163462 0.052885
0 0.354567 0.597356 0.165865 0.050481
0 0.356971 0.556490 0.161058 0.060096
0 0.359375 0.509615 0.165865 0.057692
0 0.360577 0.459135 0.173077 0.052885
0 0.359375 0.409856 0.161058 0.064904
0 0.362981 0.362981 0.168269 0.062500
0 0.364183 0.311298 0.170673 0.069712
0 0.367788 0.263221 0.173077 0.060096
