0 0.752404 0.519231 0.072115 0.173077
0 0.700721 0.525240 0.064904 0.175481
0 0.649038 0.532452 0.067308 0.180288
0 0.596154 0.533654 0.062500 0.173077
0 0.543269 0.534856 0.062500 0.170673
0 0.491587 0.537260 0.064904 0.165865
0 0.441106 0.543269 0.060096 0.168269
0 0.393029 0.545673 0.060096 0.173077
0 0.346154 0.548077 0.057692 0.168269
0 0.747596 0.361779 0.062500 0.165865
0 0.695913 0.366587 0.064904 0.170673
0 0.643029 0.370192 0.064904 0.163462
0 0.593750 0.371394 0.057692 0.165865
0 0.543269 0.377404 0.057692 0.163462
0 0.493990 0.377404 0.055288 0.163462
0 0.445913 0.384615 0.060096 0.163462
0 0.395433 0.388221 0.055288 0.165865
0 0.349760 0.390625 0.050481 0.161058
