0 0.816106 0.443510 0.084135 0.040865
0 0.814904 0.420673 0.081731 0.033654
0 0.816106 0.397837 0.079327 0.031250
0 0.816106 0.373798 0.079327 0.036058
0 0.814904 0.346154 0.086538 0.038462
0 0.816106 0.323317 0.084135 0.036058
0 0.814904 0.295673 0.086538 0.038462
0 0.813702 0.270433 0.084135 0.040865
0 0.813702 0.247596 0.084135 0.033654
0 0.737981 0.447115 0.076923 0.038462
0 0.737981 0.424279 0.081731 0.036058
0 0.740385 0.402644 0.091346 0.040865
0 0.736779 0.376202 0.084135 0.036058
0 0.739183 0.348558 0.088942 0.038462
0 0.737981 0.324519 0.091346 0.038462
0 0.739183 0.296875 0.088942 0.040865
0 0.736779 0.271635 0.088942 0.033654
0 0.734375 0.246394 0.088942 0.036058
