0 0.742788 0.653846 0.072115 0.173077
0 0.693510 0.656250 0.064904 0.182692
0 0.639423 0.652644 0.062500 0.180288
0 0.593750 0.656250 0.067308 0.168269
0 0.545673 0.655048 0.062500 0.175481
0 0.493990 0.656250 0.060096 0.168269
0 0.449519 0.655048 0.057692 0.170673
0 0.402644 0.657452 0.060096 0.161058
0 0.354567 0.656250 0.050481 0.158654
0 0.735577 0.486779 0.072115 0.156250
0 0.689904 0.489183 0.067308 0.161058
0 0.638221 0.495192 0.055288 0.163462
0 0.594952 0.501202 0.055288 0.161058
0 0.544471 0.501202 0.060096 0.156250
0 0.495192 0.504808 0.057692 0.158654
0 0.451923 0.504808 0.052885 0.163462
0 0.402644 0.507212 0.060096 0.163462
0 0.353365 0.506010 0.052885 0.156250
