0 0.735577 0.657452 0.062500 0.165865
0 0.683894 0.651442 0.060096 0.173077
0 0.634615 0.651442 0.072115 0.173077
0 0.584135 0.649038 0.062500 0.173077
0 0.531250 0.637019 0.062500 0.163462
0 0.484375 0.634615 0.064904 0.168269
0 0.435096 0.629808 0.062500 0.168269
0 0.384615 0.626202 0.062500 0.170673
0 0.341346 0.626202 0.057692 0.170673
0 0.741587 0.497596 0.069712 0.177885
0 0.687500 0.495192 0.062500 0.182692
0 0.637019 0.483173 0.067308 0.177885
0 0.587740 0.484375 0.064904 0.175481
0 0.533654 0.481971 0.062500 0.180288
0 0.481971 0.479567 0.064904 0.180288
0 0.432692 0.471154 0.072115 0.173077
0 0.384615 0.467548 0.067308 0.175481
0 0.334135 0.462740 0.067308 0.175481
