2 0.9419140625000001 0.19514648437499998 0.058828124999999995 0.03873046875
3 0.48667187500000003 0.29890625 0.060843749999999995 0.0353125
3 0.546390625 0.304951171875 0.06153125 0.03958984375
3 0.606984375 0.306474609375 0.060843749999999995 0.03873046875
2 0.6693749999999999 0.307998046875 0.06375 0.03787109375
2 0.7311875 0.3141015625 0.062375 0.034453125
2 0.7930078125 0.316806640625 0.061015625 0.03986328125
2 0.854671875 0.32099609375 0.062468749999999997 0.0404296875
2 0.914703125 0.326005859375 0.06065625 0.03873046875
2 0.97265625 0.330078125 0.0546875 0.04296875
3 0.48423437500000005 0.336484375 0.06221875 0.04015625
2 0.5451640624999999 0.341728515625 0.062203125000000005 0.03501953125
2 0.6053124999999999 0.341591796875 0.060625 0.03474609375
2 0.6683828125 0.344677734375 0.061765625000000005 0.03701171875
3 0.7280625 0.350537109375 0.062375 0.03701171875
3 0.790453125 0.3531640625 0.06215625 0.034453125
3 0.8494140625 0.359736328125 0.061328125 0.03587890625
2 0.9116875 0.36083984375 0.060875 0.0341796875
2 0.9692500000000001 0.364453125 0.05725 0.03359375
3 0.48278125000000005 0.372265625 0.0624375 0.03359375
2 0.545625 0.37568359375 0.063125 0.0404296875
2 0.604515625 0.378876953125 0.05903125 0.03900390625
3 0.665484375 0.38150390625 0.06221875 0.0364453125
3 0.72684375 0.38693359375 0.0630625 0.0355859375
3 0.7887734375 0.388603515625 0.061921875 0.03501953125
3 0.8456328125000001 0.392509765625 0.06314062499999999 0.03501953125
3 0.9073437500000001 0.39517578125 0.0615625 0.0364453125
2 0.9677187500000001 0.39751953125 0.0604375 0.0333203125
3 0.5105703125 0.50931640625 0.061765625000000005 0.0381640625
3 0.5720859375 0.512890625 0.062921875 0.03359375
3 0.6330234375 0.5172265625 0.062921875 0.034453125
3 0.69696875 0.518046875 0.0626875 0.0321875
3 0.7591328125000001 0.5211328125 0.062015625 0.034453125
3 0.8206093750000001 0.5273828125 0.05996875 0.031328125
2 0.8792109375000001 0.528662109375 0.061546875 0.03388671875
2 0.9398125 0.534560546875 0.060875 0.03787109375
3 0.5101171875 0.546142578125 0.06085937500000001 0.03759765625
3 0.57040625 0.54890625 0.0626875 0.0353125
3 0.6326015625 0.5527734375 0.065203125 0.031328125
3 0.6936171875 0.55228515625 0.062234374999999995 0.0381640625
3 0.7560390625 0.556572265625 0.065203125 0.03501953125
2 0.8154921875 0.560234375 0.062234374999999995 0.0384375
2 0.875515625 0.563291015625 0.060406249999999995 0.03673828125
2 0.9373671874999999 0.568330078125 0.062234374999999995 0.03900390625
3 0.5086328124999999 0.581826171875 0.057890624999999994 0.03474609375
3 0.5690703125 0.58224609375 0.06314062499999999 0.0355859375
3 0.629296875 0.586689453125 0.05859375 0.03275390625
3 0.6909453125 0.59005859375 0.06314062499999999 0.0355859375
3 0.7532265625 0.592724609375 0.062703125 0.03701171875
2 0.814015625 0.595537109375 0.059281249999999994 0.03873046875
1 0.8718203125 0.598583984375 0.059265625 0.03701171875
2 0.9329062499999999 0.60078125 0.0626875 0.03359375
3 0.536140625 0.722060546875 0.06290625 0.03787109375
2 0.5977265625 0.726357421875 0.061078125000000004 0.03474609375
2 0.66034375 0.7290234375 0.061312500000000006 0.036171875
2 0.7221953125 0.7309765625 0.06314062499999999 0.036171875
3 0.78278125 0.733779296875 0.0624375 0.03787109375
2 0.8440312499999999 0.73697265625 0.0599375 0.0364453125
2 0.9036406250000001 0.73974609375 0.060406249999999995 0.0341796875
2 0.9638203125 0.74283203125 0.062015625 0.0364453125
0 0.53534375 0.756611328125 0.061312500000000006 0.03275390625
2 0.5977265625 0.75828125 0.061078125000000004 0.0321875
2 0.6579765625 0.760986328125 0.059703125 0.03759765625
3 0.7188359375 0.765029296875 0.062671875 0.03787109375
3 0.77878125 0.76818359375 0.06381250000000001 0.0324609375
2 0.8420156249999999 0.771416015625 0.05903125 0.03501953125
2 0.9009765625 0.77251953125 0.061328125 0.0333203125
2 0.9600937500000001 0.775185546875 0.0576875 0.03474609375
2 0.5955234375 0.7866796875 0.059796875000000006 0.034296875
1 0.53434375 0.789140625 0.0624375 0.0353125
3 0.6549453125 0.7905859375 0.06301562499999999 0.030390625
3 0.71584375 0.795419921875 0.0660625 0.03224609375
3 0.7765 0.798720703125 0.059250000000000004 0.03103515625
2 0.8355390625 0.800712890625 0.058578125 0.03501953125
0 0.8952890625000001 0.804052734375 0.062453125 0.03388671875
2 0.9576484375 0.80529296875 0.059046875 0.0324609375
3 0.4614453125 0.09236328125 0.060390624999999996 0.0401953125
3 0.5235859375 0.093447265625 0.062796875 0.03845703125
3 0.5555390625000001 0.930615234375 0.061078125000000004 0.03701171875
2 0.6773125 0.932392578125 0.060875 0.03275390625
3 0.61603125 0.933525390625 0.060187500000000005 0.03501953125
2 0.73828125 0.934912109375 0.0640625 0.03388671875
2 0.8005234375000001 0.937578125 0.060421875 0.0353125
2 0.858984375 0.939306640625 0.05859375 0.02705078125
2 0.9181328125 0.9414453125 0.058140625 0.031328125
2 0.97321875 0.943115234375 0.0526875 0.03076171875
3 0.58603125 0.0972265625 0.0626875 0.034296875
3 0.553296875 0.962783203125 0.05971875 0.03103515625
2 0.6135859375 0.964169921875 0.061546875 0.02990234375
2 0.6740703124999999 0.9648828125 0.060640625000000004 0.031328125
2 0.737140625 0.9659765625 0.061781249999999996 0.029609375
3 0.8577265625000001 0.968076171875 0.056078125 0.02990234375
3 0.7978828124999999 0.969462890625 0.064515625 0.02876953125
3 0.9156953124999999 0.97169921875 0.059515625 0.0293359375
2 0.6468281250000001 0.099970703125 0.062406249999999996 0.02806640625
2 0.708078125 0.1034375 0.05990625000000001 0.035
2 0.7707265624999999 0.109072265625 0.060203125 0.03845703125
2 0.8316484375 0.114453125 0.060171875 0.03359375
2 0.8914843749999999 0.11626953125 0.06109375 0.0333203125
2 0.9505234375 0.12369140625 0.060421875 0.0364453125
3 0.46030468750000003 0.129521484375 0.061234374999999994 0.03638671875
2 0.5216484375 0.130947265625 0.062046875 0.03533203125
2 0.5828984375 0.13216796875 0.062671875 0.0377734375
2 0.64540625 0.13515625 0.0626875 0.03984375
2 0.705375 0.14158203125 0.060750000000000005 0.0370703125
2 0.7658984375 0.144404296875 0.059921875 0.03880859375
2 0.8263828125 0.1484765625 0.062140625000000005 0.039140625
2 0.8869921875 0.15107421875 0.058359375000000005 0.0404296875
2 0.9468359375000001 0.158603515625 0.059296875000000006 0.03986328125
3 0.4586015625 0.166796875 0.060953125 0.03671875
2 0.5202265625 0.16818359375 0.062328125 0.0394921875
2 0.58146875 0.16927734375 0.059812500000000005 0.0377734375
3 0.6410703125 0.175478515625 0.057140625 0.03845703125
3 0.7025234375 0.178642578125 0.061296874999999994 0.04087890625
2 0.7633671875 0.18294921875 0.057984375 0.0377734375
1 0.8229843750000001 0.18611328124999998 0.06159375 0.0401953125
2 0.8821953125 0.1904296875 0.058140625 0.041015625