3 0.3377734375 0.4332421875 0.063046875 0.034453125
3 0.3988671875 0.43919921875 0.06023437499999999 0.0346484375
2 0.45659375 0.440693359375 0.0631875 0.03373046875
3 0.5186796874999999 0.4421875 0.062359374999999995 0.0328125
3 0.5806796875 0.44248046875 0.06135937500000001 0.0333984375
3 0.6409296875 0.444599609375 0.059984375 0.03373046875
4 0.7020859374999999 0.446845703125 0.060421875 0.03431640625
2 0.7630625 0.44861328125 0.0605 0.0339453125
3 0.8242890624999999 0.44896484375 0.061078125000000004 0.0307421875
3 0.883796875 0.451494140625 0.061343749999999996 0.03189453125
3 0.9465625 0.452529296875 0.061875 0.03396484375
3 0.33381249999999996 0.4701171875 0.061375 0.033984375
2 0.3949140625 0.472822265625 0.061703125000000004 0.03548828125
2 0.4563125 0.474365234375 0.062625 0.03466796875
3 0.5174375 0.474658203125 0.063 0.03525390625
3 0.5796718750000001 0.4762109375 0.059343749999999994 0.034453125
3 0.6406484375 0.478505859375 0.062546875 0.03513671875
2 0.7022734374999999 0.48 0.06079687499999999 0.03421875
2 0.7638046875 0.481884765625 0.058859375000000005 0.03408203125
3 0.8238203125 0.482861328125 0.063265625 0.03603515625
3 0.8857265625 0.486533203125 0.062078125 0.03947265625
3 0.9466093750000001 0.489072265625 0.061968749999999996 0.03673828125
2 0.3335390625 0.5048828125 0.060828125 0.037109375
2 0.39363281250000004 0.507919921875 0.062265625000000005 0.03537109375
2 0.455578125 0.50890625 0.06428125 0.0334375
2 0.517625 0.510224609375 0.063375 0.03607421875
3 0.5789375 0.511376953125 0.061 0.03447265625
2 0.6406953125 0.5137890625 0.062640625 0.035390625
2 0.7023671874999999 0.51412109375 0.060984375 0.0360546875
2 0.7634765625 0.515615234375 0.061328125 0.03513671875
2 0.8250624999999999 0.519521484375 0.062625 0.03513671875
3 0.8871953124999999 0.5205078125 0.061890625 0.033203125
2 0.9484453125 0.523896484375 0.06251562499999999 0.03216796875
1 0.0381328125 0.630458984375 0.057515625 0.03435546875
4 0.095625 0.63220703125 0.056874999999999995 0.0339453125
2 0.1528671875 0.635048828125 0.058859375000000005 0.03572265625
2 0.21277343750000002 0.637451171875 0.059921875 0.03662109375
2 0.27194531250000004 0.63869140625 0.059515625 0.0351953125
2 0.33195312499999996 0.640810546875 0.060781249999999995 0.03552734375
2 0.39203125 0.640888671875 0.0590625 0.03568359375
2 0.4527421875 0.64517578125 0.061734374999999994 0.0364453125
2 0.51484375 0.6473828125 0.0609375 0.036953125
2 0.5758125 0.65041015625 0.061 0.0351953125
2 0.6352890625 0.6506640625 0.061203125000000004 0.035703125
2 0.696546875 0.653291015625 0.061843749999999996 0.03705078125
2 0.7585390624999999 0.65484375 0.060828125 0.03625
2 0.8184140624999999 0.656689453125 0.061828125 0.03603515625
2 0.880625 0.6601953125 0.061250000000000006 0.035234375
3 0.939578125 0.65875 0.06353125 0.03625
2 0.0340625 0.66453125 0.061875 0.0321875
2 0.0925078125 0.664453125 0.05689062499999999 0.03203125
2 0.15146874999999999 0.66693359375 0.059187500000000004 0.0291796875
2 0.21034375 0.66822265625 0.0581875 0.0278515625
2 0.2698515625 0.671630859375 0.061578125 0.03076171875
2 0.3300546875 0.6765625 0.060109375 0.03671875
2 0.3910703125 0.677216796875 0.060265625 0.03412109375
2 0.452546875 0.6806640625 0.061343749999999996 0.033203125
2 0.5135156249999999 0.681787109375 0.061406249999999996 0.03154296875
2 0.5756484375 0.684736328125 0.060671875 0.03353515625
2 0.6356875 0.686318359375 0.062 0.03279296875
2 0.6980625 0.686396484375 0.061750000000000006 0.03294921875
2 0.7589921875 0.68904296875 0.061734374999999994 0.0304296875
2 0.821125 0.6910546875 0.061 0.034453125
2 0.8819609375 0.693408203125 0.06079687499999999 0.03525390625
2 0.9415546875 0.694609375 0.061234374999999994 0.03375
2 0.030484375 0.698515625 0.06096875 0.03765625
2 0.0887265625 0.699140625 0.058703125 0.03890625
2 0.1492109375 0.701044921875 0.060921875 0.03880859375
2 0.20928125 0.70267578125 0.059187500000000004 0.0420703125
2 0.266859375 0.707705078125 0.061843749999999996 0.04041015625
2 0.3281484375 0.707412109375 0.059421875 0.03982421875
2 0.3880546875 0.7105078125 0.063609375 0.034296875
2 0.4510703125 0.716171875 0.061515625 0.0378125
2 0.511984375 0.716640625 0.06146875 0.03875
2 0.574890625 0.7194921875 0.062281249999999996 0.036640625
2 0.636515625 0.7206640625 0.06053125 0.038984375
2 0.696640625 0.722529296875 0.06203125 0.03880859375
2 0.7592265625 0.724140625 0.062203125000000005 0.038125
2 0.8219921875 0.726220703125 0.062734375 0.03447265625
2 0.8834296875 0.728056640625 0.060609375 0.03423828125
2 0.9433046875000001 0.728564453125 0.061609375 0.03525390625
2 0.039640625 0.828271484375 0.06053125 0.03544921875
0 0.09922656249999999 0.8328515625 0.057828124999999994 0.032890625
0 0.15617187500000002 0.833759765625 0.05921875 0.03470703125
2 0.2137734375 0.8367578125 0.058796875000000005 0.036796875
2 0.274453125 0.840888671875 0.061406249999999996 0.03724609375
2 0.334375 0.84111328125 0.059375 0.0376953125
2 0.3936015625 0.843388671875 0.062203125000000005 0.03443359375
0 0.45569531249999995 0.846201171875 0.061390625 0.03615234375
2 0.51590625 0.849111328125 0.0599375 0.03416015625
0 0.57609375 0.85015625 0.0615625 0.03234375
2 0.637015625 0.85365234375 0.06153125 0.0354296875
0 0.6985078125 0.855068359375 0.059515625 0.03435546875
2 0.7575546875 0.858154296875 0.061984375 0.03662109375
2 0.8192890625 0.859609375 0.060453124999999996 0.035625
2 0.8801875000000001 0.8618359375 0.060375 0.036171875
2 0.0367421875 0.8634765625 0.060984375 0.031640625
2 0.9397890625 0.8641015625 0.060828125 0.036796875
2 0.09553125 0.865654296875 0.059812500000000005 0.03208984375
2 0.15518749999999998 0.867880859375 0.060375 0.03263671875
2 0.214359375 0.870927734375 0.05996875 0.03091796875
0 0.33292968749999996 0.878056640625 0.059609375 0.03345703125
0 0.393484375 0.877509765625 0.061968749999999996 0.03236328125
2 0.2736171875 0.877880859375 0.05973437499999999 0.03310546875
2 0.45355468749999994 0.879736328125 0.06023437499999999 0.02900390625
2 0.5753984375 0.882001953125 0.060171875 0.03353515625
0 0.5147109375000001 0.882236328125 0.060671875 0.03400390625
0 0.6364765625000001 0.887138671875 0.060453124999999996 0.03208984375
1 0.697625 0.887373046875 0.060875 0.03255859375
2 0.7594453125 0.89359375 0.062640625 0.03328125
2 0.819546875 0.89482421875 0.06096875 0.0318359375
2 0.8804765625 0.897412109375 0.060953125 0.03310546875
2 0.94153125 0.9000390625 0.06118749999999999 0.034453125
2 0.034125 0.899228515625 0.062 0.04064453125
2 0.09353125 0.901591796875 0.0589375 0.04146484375
2 0.15106250000000002 0.90263671875 0.058374999999999996 0.0396484375
2 0.2110859375 0.9080859375 0.059671875 0.042734375
0 0.2712578125 0.91263671875 0.061265625000000004 0.0401171875
0 0.33071875 0.91466796875 0.0614375 0.0402734375
0 0.3913046875 0.9148046875 0.06073437499999999 0.040546875
0 0.4513671875 0.917900390625 0.062109375 0.04673828125
2 0.514640625 0.9214453125 0.06053125 0.042109375
0 0.5759140625 0.922890625 0.061203125000000004 0.045
2 0.6370234375 0.924033203125 0.061546875 0.04337890625
2 0.69875 0.9262109375 0.06 0.043828125
2 0.7588203124999999 0.92998046875 0.061390625 0.0396484375
2 0.8211484375 0.930166015625 0.061046875 0.04001953125
2 0.8821171874999999 0.935205078125 0.061109375 0.04228515625
2 0.9430156249999999 0.935517578125 0.06103125 0.03900390625