1 0.10967968749999998 0.19857421875 0.063109375 0.0338671875
2 0.16988281249999998 0.198955078125 0.061640625000000004 0.03072265625
2 0.2272578125 0.208857421875 0.057640625 0.03490234375
2 0.286484375 0.211875 0.06046875 0.033125
3 0.5027734374999999 0.021230468750000002 0.058671875 0.0307421875
2 0.345953125 0.214716796875 0.06065625 0.03490234375
2 0.407890625 0.21923828125 0.06265625 0.0322265625
2 0.4680625 0.223330078125 0.061125 0.03259765625
0 0.0472109375 0.2267578125 0.063171875 0.031640625
1 0.5271484375 0.227294921875 0.060546875 0.03662109375
2 0.106546875 0.22900390625 0.06309375 0.0322265625
0 0.165796875 0.23154296875 0.06284375 0.0373046875
2 0.0268828125 0.024755859375 0.053765625 0.02998046875
2 0.0833125 0.025576171874999998 0.060375 0.02771484375
3 0.5633515625000001 0.0256640625 0.061078125000000004 0.031796875
2 0.22374999999999998 0.24087890625 0.063125 0.0325390625
2 0.282578125 0.24404296875 0.06203125 0.0310546875
2 0.3416484375 0.24837890625 0.061421875 0.0358203125
2 0.403203125 0.251064453125 0.06265625 0.03337890625
3 0.46471093750000003 0.256220703125 0.060671875 0.03587890625
1 0.5255859375 0.257587890625 0.060546875 0.03080078125
2 0.04234375 0.258896484375 0.06281250000000001 0.03732421875
2 0.101859375 0.26205078125 0.06309375 0.0358203125
2 0.1601796875 0.26798828125 0.060984375 0.0359765625
2 0.22038281250000002 0.27259765625 0.062640625 0.0295703125
2 0.14320312500000001 0.028437499999999998 0.05828124999999999 0.02953125
2 0.279921875 0.274462890625 0.06296874999999999 0.03330078125
2 0.33875781250000003 0.280703125 0.061890625 0.0340625
2 0.40160937499999994 0.28662109375 0.06571875 0.0341796875
3 0.4627265625 0.289951171875 0.062953125 0.03302734375
3 0.5251718750000001 0.289619140625 0.06284375 0.03626953125
2 0.6241640625 0.030712890625 0.060828125 0.03408203125
2 0.19928125 0.033466796874999996 0.057937499999999996 0.02787109375
2 0.260703125 0.03451171875 0.06203125 0.0260546875
2 0.6846640625 0.0341015625 0.059953124999999996 0.036953125
3 0.7444843750000001 0.040019531250000004 0.060843749999999995 0.0331640625
2 0.3205546875 0.041064453125 0.059859375000000006 0.03134765625
2 0.0449921875 0.397138671875 0.058734375000000005 0.03646484375
2 0.103296875 0.396845703125 0.06284375 0.02806640625
2 0.16175 0.400947265625 0.061 0.03236328125
2 0.22102343749999998 0.4047265625 0.06079687499999999 0.036015625
3 0.38046875 0.04234375 0.0609375 0.03390625
2 0.2816015625 0.412041015625 0.060078125 0.03111328125
2 0.341703125 0.4154296875 0.06465625 0.033984375
2 0.4013671875 0.422158203125 0.065234375 0.03181640625
2 0.4636875 0.425302734375 0.061750000000000006 0.03029296875
3 0.5231484375 0.42708984375 0.058796875000000005 0.0299609375
2 0.099 0.42849609375 0.063625 0.0327734375
2 0.15896875 0.4319140625 0.0648125 0.031796875
2 0.0409296875 0.4326953125 0.063109375 0.033359375
2 0.21776562500000002 0.436181640625 0.06365625 0.02861328125
2 0.27657031249999997 0.4423828125 0.06251562499999999 0.029296875
2 0.3379765625 0.447470703125 0.063453125 0.03166015625
2 0.400296875 0.45341796875 0.06309375 0.0318359375
3 0.460140625 0.457490234375 0.06403125 0.03216796875
3 0.5221875 0.459365234375 0.06 0.03201171875
2 0.09525 0.463564453125 0.062375 0.03650390625
2 0.0335859375 0.465126953125 0.064046875 0.03181640625
2 0.1527421875 0.465419921875 0.061734374999999994 0.03630859375
3 0.44039062500000004 0.0473046875 0.06203125 0.032109375
2 0.21296875 0.469658203125 0.06343750000000001 0.03697265625
2 0.274734375 0.473369140625 0.061968749999999996 0.03267578125
2 0.3336875 0.480498046875 0.06425 0.03521484375
2 0.3980546875 0.4873046875 0.061734374999999994 0.033203125
3 0.4598046875 0.4912890625 0.063359375 0.033359375
3 0.521921875 0.494755859375 0.05946875 0.03638671875
3 0.500984375 0.0514453125 0.061343749999999996 0.032578125
2 0.0259765625 0.0540625 0.051953125 0.03
2 0.561734375 0.0552734375 0.06096875 0.032421875
2 0.08048437500000001 0.056025390625000004 0.057843750000000006 0.03392578125
2 0.138453125 0.057294921875 0.05815625 0.03255859375
2 0.0818984375 0.599892578125 0.060671875 0.03572265625
2 0.14059375000000002 0.60408203125 0.0624375 0.0362890625
2 0.6232656249999999 0.06015625 0.06215625 0.03046875
0 0.1998671875 0.609521484375 0.062234374999999995 0.03154296875
2 0.26025 0.613447265625 0.061125 0.03548828125
2 0.3196796875 0.621640625 0.061234374999999994 0.03234375
2 0.3786171875 0.62171875 0.06035937500000001 0.03640625
2 0.1974921875 0.06369140625 0.060609375 0.0336328125
2 0.25863281250000003 0.064140625 0.057890624999999994 0.03453125
3 0.43937499999999996 0.629755859375 0.06 0.03685546875
3 0.49996093750000004 0.633935546875 0.062421875 0.03349609375
2 0.0764296875 0.636201171875 0.062234374999999995 0.03412109375
2 0.1367421875 0.639873046875 0.064109375 0.03365234375
3 0.5620937500000001 0.639677734375 0.06168749999999999 0.03326171875
0 0.197765625 0.64263671875 0.06428125 0.0352734375
2 0.2579375 0.647861328125 0.059625 0.03400390625
2 0.3171953125 0.654296875 0.068765625 0.03515625
2 0.3762578125 0.65861328125 0.065015625 0.0359765625
3 0.684625 0.06571289062499999 0.063 0.02986328125
3 0.43685156249999996 0.665087890625 0.061203125000000004 0.03330078125
3 0.4985859375 0.6694140625 0.062796875 0.038046875
2 0.0723515625 0.670458984375 0.063453125 0.03623046875
3 0.5617421874999999 0.67271484375 0.064109375 0.0329296875
2 0.132984375 0.675966796875 0.06596874999999999 0.03552734375
2 0.1909765625 0.678447265625 0.066328125 0.03658203125
2 0.2513515625 0.683603515625 0.065203125 0.03517578125
2 0.313859375 0.69044921875 0.06521875 0.0371484375
3 0.3743203125 0.695029296875 0.064265625 0.03458984375
2 0.43589062500000003 0.70021484375 0.062406249999999996 0.0371484375
3 0.7458671875 0.06947265625 0.060484375 0.0295703125
2 0.3169609375 0.0710546875 0.062046875 0.032734375
3 0.49775 0.704501953125 0.061125 0.03400390625
3 0.5605 0.7075 0.06475 0.03609375
2 0.3784296875 0.07427734375 0.063109375 0.0313671875
2 0.50109375 0.080830078125 0.058437499999999996 0.03275390625
2 0.43822656249999997 0.079755859375 0.060828125 0.03060546875
2 0.06388281250000001 0.80181640625 0.055890625000000006 0.0372265625
2 0.122265625 0.805166015625 0.06015625 0.04001953125
2 0.1807265625 0.81169921875 0.058328124999999995 0.0374609375
4 0.2395703125 0.816328125 0.060390624999999996 0.03890625
2 0.30050781249999997 0.82529296875 0.057265625 0.0373046875
2 0.3598515625 0.8298828125 0.060328124999999996 0.038671875
2 0.0599375 0.8341015625 0.057374999999999995 0.035390625
3 0.4208046875 0.833681640625 0.06035937500000001 0.03845703125
2 0.11767187500000001 0.840400390625 0.060343749999999995 0.03236328125
3 0.48108593749999995 0.840810546875 0.065296875 0.03708984375
3 0.54425 0.845986328125 0.060375 0.03572265625
2 0.1774140625 0.84603515625 0.05795312500000001 0.0319140625
3 0.6022265625000001 0.84689453125 0.060703125000000004 0.0375390625
2 0.236734375 0.852646484375 0.06096875 0.03732421875
2 0.296734375 0.857939453125 0.05909375 0.03619140625
2 0.5609531249999999 0.0866796875 0.06253125000000001 0.028828125
2 0.3565625 0.866455078125 0.06 0.03369140625
2 0.054156249999999996 0.8669140625 0.0583125 0.046328125
2 0.41712499999999997 0.870224609375 0.062375 0.03732421875
2 0.1141796875 0.87275390625 0.059609375 0.0423828125
3 0.4806328125 0.878974609375 0.064390625 0.03529296875
3 0.5409453125 0.880810546875 0.060015624999999996 0.03505859375
3 0.6010156249999999 0.884248046875 0.06453125 0.03802734375
2 0.1729140625 0.884013671875 0.058328124999999995 0.04146484375
2 0.23232031250000001 0.8896484375 0.061515625 0.037109375
2 0.2944296875 0.89802734375 0.06073437499999999 0.0421484375
2 0.3538984375 0.9035546875 0.060921875 0.037578125
2 0.41657031250000004 0.91009765625 0.061265625000000004 0.0389453125
2 0.47788281250000003 0.915166015625 0.062015625 0.03736328125
2 0.5377265625 0.91677734375 0.059828124999999996 0.0366796875
3 0.6206875000000001 0.093369140625 0.06325 0.03048828125
3 0.6001953125 0.921240234375 0.062890625 0.04169921875
3 0.6845625 0.09705078125 0.062875 0.0300390625
3 0.7455625 0.1006640625 0.059875 0.033359375
0 0.3820859375 0.01470703125 0.061046875 0.0294140625
3 0.4433359375 0.016025390625 0.061671875 0.03205078125
1 0.051296875 0.194296875 0.06509374999999999 0.033125