3 0.196703125 0.195048828125 0.06215625 0.03072265625
3 0.3160703125 0.19572265625 0.057140625 0.0281640625
3 0.1364453125 0.197177734375 0.057265625 0.03498046875
3 0.25689843749999997 0.196787109375 0.060671875 0.03029296875
3 0.373328125 0.197216796875 0.05915625 0.03115234375
3 0.132984375 0.2257421875 0.05659375 0.029609375
3 0.07596875 0.2273046875 0.0581875 0.032734375
3 0.19139062499999998 0.226162109375 0.060906249999999995 0.03044921875
3 0.2512734375 0.22666015625 0.061921875 0.0314453125
3 0.31178125 0.22865234375 0.057937499999999996 0.0354296875
2 0.3709453125 0.23078125 0.060640625000000004 0.031875
3 0.0463359375 0.359150390625 0.058296875000000005 0.03080078125
3 0.10604687500000001 0.3637109375 0.05896875 0.032109375
3 0.16590625 0.365712890625 0.0599375 0.03611328125
2 0.225140625 0.36744140625 0.05965625 0.0356640625
2 0.2849609375 0.368271484375 0.060546875 0.03341796875
3 0.345328125 0.36923828125 0.05940625000000001 0.0314453125
3 0.045742187499999996 0.391533203125 0.057109375 0.03306640625
3 0.1024375 0.395810546875 0.057999999999999996 0.03380859375
2 0.1620390625 0.397763671875 0.061578125 0.03380859375
2 0.22194531250000002 0.402421875 0.059515625 0.0353125
2 0.2826640625 0.4021875 0.062203125000000005 0.03484375
3 0.34365625 0.403798828125 0.059187500000000004 0.03416015625
2 0.038015625 0.42595703125 0.060406249999999995 0.0355078125
2 0.0979765625 0.43 0.058453124999999995 0.031875
2 0.1585390625 0.431123046875 0.060828125 0.03412109375
2 0.21789062499999998 0.43330078125 0.060781249999999995 0.0345703125
3 0.2790859375 0.437490234375 0.061296874999999994 0.03513671875
3 0.3391171875 0.43927734375 0.059484375 0.0348046875
2 0.0655390625 0.5601953125 0.059203125 0.034453125
3 0.12490625 0.56421875 0.059187500000000004 0.0346875
3 0.183828125 0.567490234375 0.061406249999999996 0.03732421875
2 0.244484375 0.570302734375 0.060843749999999995 0.03513671875
2 0.303578125 0.57259765625 0.060281249999999995 0.0358203125
0 0.3633671875 0.57587890625 0.061109375 0.0345703125
2 0.064109375 0.59427734375 0.05946875 0.0323046875
3 0.12159374999999999 0.602138671875 0.058812500000000004 0.03630859375
2 0.18075000000000002 0.605126953125 0.0615 0.03837890625
2 0.24030468750000003 0.604326171875 0.06185937500000001 0.03287109375
2 0.3002265625 0.606220703125 0.059828124999999996 0.03275390625
0 0.36124999999999996 0.60845703125 0.06 0.0333203125
2 0.0600234375 0.6286328125 0.057546875 0.038515625
2 0.117140625 0.63615234375 0.059281249999999994 0.0340234375
2 0.177859375 0.63931640625 0.061968749999999996 0.0364453125
2 0.23878906249999998 0.6392578125 0.058828124999999995 0.036328125
2 0.2984375 0.639599609375 0.0625 0.03701171875
3 0.36065625 0.643623046875 0.0619375 0.03724609375
1 0.034796875 0.7626171875 0.06021875 0.036953125
2 0.092296875 0.767509765625 0.05646875 0.03501953125
3 0.1501015625 0.773994140625 0.059578125 0.04017578125
3 0.2079140625 0.773818359375 0.05645312500000001 0.03982421875
3 0.269125 0.7746875 0.06637499999999999 0.03765625
3 0.3318125 0.778369140625 0.0605 0.03720703125
3 0.3926953125 0.782548828125 0.060390624999999996 0.03775390625
2 0.0300703125 0.798134765625 0.060140625 0.03767578125
2 0.08990625 0.80134765625 0.057937499999999996 0.0362890625
3 0.14835156249999998 0.811630859375 0.059203125 0.03732421875
3 0.2684375 0.812041015625 0.065 0.03814453125
3 0.2071796875 0.813876953125 0.058109375 0.03791015625
3 0.329796875 0.81525390625 0.05959375 0.0406640625
3 0.3895234375 0.818173828125 0.06029687500000001 0.03869140625
2 0.0278671875 0.83341796875 0.055734375 0.0340234375
3 0.0858125 0.837890625 0.059125000000000004 0.0390625
3 0.146609375 0.84501953125 0.061968749999999996 0.0376953125
3 0.20612500000000003 0.848818359375 0.059125000000000004 0.03357421875
3 0.26775000000000004 0.851337890625 0.063625 0.03861328125
3 0.3290546875 0.852724609375 0.061234374999999994 0.03748046875
3 0.38915625 0.855185546875 0.0595625 0.03849609375
3 0.0624609375 0.9671875 0.056171875 0.03984375
3 0.1212421875 0.971611328125 0.061234374999999994 0.04087890625
3 0.1824453125 0.97615234375 0.058640625 0.0382421875
3 0.24126562499999998 0.979599609375 0.05753125 0.03732421875
2 0.2984375 0.9814453125 0.059375 0.037109375
2 0.36015625 0.982421875 0.0609375 0.03515625
3 0.421875 0.982421875 0.0625 0.03515625
3 0.1076171875 0.0172265625 0.062109375 0.034453125
3 0.08046093750000001 0.16025390625 0.064046875 0.0314453125
3 0.14036718750000002 0.163076171875 0.058859375000000005 0.03708984375
3 0.1988046875 0.164462890625 0.060109375 0.02814453125
3 0.37800781250000004 0.16389648437499998 0.059140625 0.03482421875
3 0.3169765625 0.166171875 0.058953124999999995 0.0315625
3 0.257578125 0.16630859375 0.06203125 0.0318359375
3 0.2902734375 0.017666015625 0.06492187499999999 0.03533203125
3 0.3513984375 0.017666015625 0.062171875 0.03533203125
3 0.05235937500000001 0.018330078125 0.057843750000000006 0.03275390625
2 0.1680390625 0.018525390625 0.064203125 0.03705078125
2 0.23019531249999997 0.018955078125 0.06351562499999999 0.03791015625
3 0.07860937500000001 0.1939453125 0.060343749999999995 0.032421875