3 0.7513046875 0.302236328125 0.061984375 0.04197265625
3 0.8115078125 0.30919921875 0.057390624999999994 0.0402734375
2 0.8706796875 0.3109765625 0.060109375 0.036015625
2 0.9310703124999999 0.31525390625 0.059015625 0.0367578125
3 0.744609375 0.3403515625 0.06421875 0.036171875
3 0.8073515625000001 0.34626953125 0.058453124999999995 0.0362890625
2 0.8665312500000001 0.348525390625 0.06118749999999999 0.03689453125
2 0.92653125 0.35029296875 0.059312500000000004 0.0365234375
3 0.740953125 0.372158203125 0.06315625 0.03728515625
2 0.8026640625000001 0.379248046875 0.061578125 0.03193359375
2 0.8645859375 0.38345703125 0.057296875000000004 0.0325390625
2 0.9226328125000001 0.384609375 0.057765625 0.03484375
3 0.748765625 0.507744140625 0.06003125 0.03892578125
3 0.8079296875 0.512392578125 0.059609375 0.03650390625
2 0.8683671875 0.516181640625 0.061734374999999994 0.03626953125
2 0.9285781249999999 0.51984375 0.06340625 0.03578125
1 0.7450625 0.544560546875 0.058875 0.03833984375
0 0.803625 0.547197265625 0.0635 0.03580078125
2 0.8657265625000001 0.551044921875 0.062703125 0.03568359375
2 0.9257031250000001 0.5532421875 0.060781249999999995 0.032265625
1 0.7413515625 0.579072265625 0.060828125 0.03314453125
2 0.8002109374999999 0.5828515625 0.062921875 0.036796875
2 0.8614843750000001 0.58431640625 0.06359375 0.0358203125
2 0.9210156250000001 0.58578125 0.060781249999999995 0.03484375
2 0.97421875 0.587890625 0.0515625 0.03515625
3 0.527359375 0.7097265625 0.06409375 0.032734375
3 0.5909921875 0.71076171875 0.063234375 0.0348046875
3 0.651625 0.7161328125 0.06575 0.033828125
2 0.7126171875 0.719189453125 0.065859375 0.03212890625
2 0.7755625 0.7219921875 0.063625 0.029921875
2 0.836921875 0.722236328125 0.06759375 0.03041015625
3 0.8973046874999999 0.7287109375 0.063359375 0.031640625
2 0.9559921875 0.73046875 0.061984375 0.03515625
3 0.5275078125 0.742998046875 0.061265625000000004 0.03287109375
2 0.5891796874999999 0.74580078125 0.062734375 0.0345703125
2 0.6498671875 0.750205078125 0.062234374999999995 0.03166015625
2 0.71003125 0.75142578125 0.06381250000000001 0.0301953125
3 0.8342890625000001 0.75556640625 0.065453125 0.0345703125
3 0.7719921875 0.75580078125 0.065859375 0.0350390625
3 0.9522734375 0.76021484375 0.06392187499999999 0.0321484375
3 0.8921328125000001 0.762470703125 0.062390625 0.03275390625
3 0.526046875 0.7745703125 0.06146875 0.029609375
2 0.5877656250000001 0.7765234375 0.06303125000000001 0.029609375
3 0.706859375 0.781220703125 0.06371875 0.03119140625
2 0.6467968749999999 0.780859375 0.062343749999999996 0.03046875
3 0.7700390625 0.787197265625 0.065078125 0.03142578125
3 0.8299687499999999 0.789345703125 0.0599375 0.03181640625
2 0.9472890625 0.794580078125 0.063328125 0.03447265625
3 0.8885624999999999 0.794892578125 0.0615 0.03119140625
3 0.707734375 0.08986328125 0.05921875 0.0391015625
3 0.5430312500000001 0.9182421875 0.0610625 0.027890625
3 0.7662265625 0.09306640625 0.060578125000000003 0.0376953125
3 0.6045 0.920849609375 0.062125 0.03310546875
3 0.6673984374999999 0.921279296875 0.059796875000000006 0.03396484375
3 0.7276796875 0.92365234375 0.064734375 0.0348046875
3 0.7916171875 0.926474609375 0.06135937500000001 0.03263671875
2 0.8508906250000001 0.92849609375 0.06115625 0.0288671875
2 0.9106093749999999 0.93111328125 0.05871875 0.0301953125
2 0.9703125 0.9345703125 0.059375 0.029296875
3 0.5440625 0.9475390625 0.06 0.031796875
3 0.6039140625 0.953095703125 0.064078125 0.03119140625
3 0.6650546875 0.955224609375 0.058234375000000005 0.03154296875
3 0.72734375 0.957314453125 0.0640625 0.02791015625
2 0.8282265625 0.096728515625 0.062703125 0.03720703125
3 0.7877109375 0.9575 0.059796875000000006 0.02828125
2 0.8462500000000001 0.95828125 0.061250000000000006 0.02984375
4 0.9053359375 0.96255859375 0.060671875 0.0305859375
2 0.9647578125 0.965419921875 0.063890625 0.03240234375
3 0.5426640625 0.9784375 0.060328124999999996 0.0271875
3 0.6059609375 0.982646484375 0.065046875 0.02779296875
3 0.665453125 0.983876953125 0.055906250000000005 0.02634765625
3 0.7265625 0.9853515625 0.0625 0.029296875
2 0.8440546875000001 0.9861328125 0.059984375 0.026953125
3 0.7859375 0.986328125 0.059375 0.02734375
3 0.888671875 0.10576171875 0.06171875 0.0396484375
2 0.950984375 0.109541015625 0.061343749999999996 0.03939453125
3 0.704125 0.12858398437500002 0.061375 0.04232421875
3 0.7650546874999999 0.131767578125 0.06135937500000001 0.04087890625
3 0.8274453125000001 0.13658203125 0.064265625 0.0426953125
3 0.8850703125000001 0.14306640625 0.057640625 0.0361328125
2 0.9455078125 0.145087890625 0.062890625 0.03626953125
3 0.700171875 0.16486328125 0.05971875 0.0367578125
3 0.7623125 0.169013671875 0.06525 0.03724609375
3 0.8245156250000001 0.172919921875 0.06465625 0.03724609375
3 0.88165625 0.17830078124999998 0.0570625 0.0362890625
2 0.9411171875000001 0.18147460937499998 0.06348437500000001 0.03482421875