3 0.2428671875 0.779609375 0.057609375 0.03578125
3 0.30489062499999997 0.779384765625 0.06603125 0.03533203125
3 0.370875 0.788115234375 0.06675 0.03716796875
2 0.489328125 0.79224609375 0.05990625000000001 0.0376171875
3 0.48962500000000003 0.79205078125 0.0605 0.0372265625
3 0.4327421875 0.793056640625 0.056109374999999996 0.03533203125
2 0.5508203125 0.7971875 0.061015625 0.03578125
2 0.611703125 0.801689453125 0.060906249999999995 0.03306640625
2 0.67284375 0.803046875 0.061312500000000006 0.03578125
2 0.735078125 0.80654296875 0.060781249999999995 0.0349609375
2 0.7958125 0.810654296875 0.0635 0.03146484375
3 0.2444296875 0.8128125 0.057609375 0.03578125
2 0.8559531249999999 0.813935546875 0.061906249999999996 0.03412109375
3 0.3040078125 0.81408203125 0.064265625 0.0344140625
2 0.9148203125000001 0.816123046875 0.060890625 0.03458984375
3 0.36853125000000003 0.823154296875 0.0683125 0.03302734375
3 0.42967187500000004 0.82580078125 0.05621875 0.0344140625
2 0.48996874999999995 0.826259765625 0.058062499999999996 0.03533203125
2 0.5488906250000001 0.828671875 0.060281249999999995 0.03625
0 0.6097187500000001 0.83265625 0.0600625 0.0325
1 0.671828125 0.835908203125 0.062406249999999996 0.03119140625
2 0.7302890625 0.839814453125 0.060578125000000003 0.03119140625
0 0.79246875 0.84064453125 0.0599375 0.0328515625
2 0.8511093750000001 0.843486328125 0.06159375 0.03072265625
2 0.9109921875 0.845166015625 0.059484375 0.03017578125
3 0.24371874999999998 0.845302734375 0.0561875 0.02654296875
3 0.3029453125 0.849365234375 0.062140625000000005 0.03466796875
3 0.3697109375 0.856865234375 0.06754687499999999 0.03013671875
3 0.43139062499999997 0.85857421875 0.05653125 0.0257421875
2 0.4873046875 0.860849609375 0.055859375 0.03029296875
2 0.547328125 0.86107421875 0.060281249999999995 0.0307421875
2 0.6097812499999999 0.864033203125 0.060187500000000005 0.03275390625
2 0.669625 0.86859375 0.061125 0.03015625
2 0.7276875 0.86876953125 0.058499999999999996 0.0305078125
2 0.78696875 0.872841796875 0.0614375 0.03083984375
2 0.84671875 0.873603515625 0.0590625 0.03236328125
2 0.9061796875000001 0.87537109375 0.056109374999999996 0.0319921875