2 0.11077343749999999 0.019306640625 0.059046875 0.03861328125
2 0.3144296875 0.196171875 0.060109375 0.04078125
2 0.3755234375 0.1968359375 0.060421875 0.038203125
2 0.435171875 0.1996484375 0.06096875 0.036015625
2 0.49671093749999995 0.201044921875 0.062171875 0.03880859375
2 0.5567656249999999 0.204697265625 0.060406249999999995 0.03830078125
2 0.6165078125 0.208154296875 0.058015625 0.03740234375
2 0.6771953125 0.211865234375 0.063765625 0.03701171875
2 0.169875 0.02158203125 0.058499999999999996 0.0431640625
2 0.738890625 0.214873046875 0.06215625 0.03521484375
2 0.797875 0.218720703125 0.05825 0.03900390625
2 0.024109375 0.219638671875 0.04821875 0.03302734375
2 0.0762265625 0.2206640625 0.058703125 0.031171875
2 0.1358046875 0.22279296875 0.062234374999999995 0.0354296875
2 0.195203125 0.2248046875 0.05915625 0.035546875
0 0.2537734375 0.226806640625 0.060671875 0.03564453125
2 0.3142734375 0.233330078125 0.059796875000000006 0.03306640625
2 0.37520312499999997 0.234365234375 0.059781249999999994 0.03513671875
0 0.434890625 0.236025390625 0.060406249999999995 0.03455078125
2 0.49655468750000004 0.237568359375 0.06185937500000001 0.03763671875
2 0.5566875 0.23933593749999998 0.060250000000000005 0.033359375
2 0.61534375 0.244482421875 0.058812500000000004 0.03583984375
2 0.6757187499999999 0.24814453125 0.060812500000000005 0.0353515625
2 0.7372265625 0.25083984375 0.058828124999999995 0.0368359375
2 0.795796875 0.25388671875 0.05721875 0.0390234375
2 0.22903124999999996 0.0272265625 0.06118749999999999 0.038828125
2 0.0236015625 0.25505859375 0.047203125 0.0374609375
2 0.0774140625 0.254755859375 0.061078125000000004 0.03685546875
2 0.13761718750000002 0.259716796875 0.059609375 0.03505859375
2 0.195078125 0.2606640625 0.05890625000000001 0.036953125
2 0.254984375 0.2640625 0.05996875 0.03984375
0 0.3157578125 0.267734375 0.059640625 0.03546875
2 0.375125 0.268740234375 0.059625 0.03357421875
2 0.434890625 0.2705859375 0.060406249999999995 0.037265625
2 0.28903124999999996 0.02802734375 0.059312500000000004 0.0365234375
2 0.49507812500000004 0.273642578125 0.05890625000000001 0.03556640625
1 0.554359375 0.2764453125 0.061843749999999996 0.037265625
2 0.6151796875 0.27955078125 0.061609375 0.0356640625
2 0.6758359375 0.2826171875 0.061046875 0.033984375
2 0.734140625 0.285771484375 0.05890625000000001 0.03248046875
2 0.7922734375 0.2894140625 0.056421874999999996 0.035859375
2 0.34871093750000004 0.032978515624999996 0.059921875 0.03861328125
2 0.4078828125 0.037197265625 0.059515625 0.03533203125
2 0.46713281249999994 0.038388671875 0.059265625 0.03771484375
2 0.030984374999999998 0.38955078125 0.05884374999999999 0.0369140625
2 0.5275390625 0.041220703125 0.061328125 0.03166015625
2 0.09120312500000001 0.39251953125 0.06053125 0.0350390625
2 0.1502734375 0.394306640625 0.059921875 0.03470703125
2 0.211171875 0.39685546875 0.059843749999999994 0.0319921875
2 0.27066406249999997 0.401015625 0.060078125 0.0325
2 0.331125 0.40376953125 0.059125000000000004 0.0341015625
2 0.3906328125 0.405341796875 0.06251562499999999 0.03333984375
2 0.45336718749999994 0.408515625 0.059859375000000006 0.03578125
2 0.51390625 0.40818359375 0.06218749999999999 0.0351171875
2 0.5741171875 0.412216796875 0.06073437499999999 0.03537109375
2 0.6368125 0.418017578125 0.061125 0.03525390625
2 0.6971328125 0.419150390625 0.059890624999999996 0.03361328125
2 0.7561640625 0.422041015625 0.059203125 0.03548828125
2 0.0326171875 0.424033203125 0.062109375 0.03166015625
2 0.0921875 0.424716796875 0.059375 0.03302734375
2 0.1518984375 0.428115234375 0.060046875 0.03201171875
2 0.2114140625 0.428623046875 0.060328124999999996 0.03302734375
2 0.5873437499999999 0.042861328125 0.0590625 0.03494140625
2 0.27225781250000003 0.433466796875 0.060140625 0.03490234375
2 0.331125 0.43642578125 0.059125000000000004 0.0330078125
0 0.39144531250000003 0.439443359375 0.061015625 0.03513671875
2 0.45239062499999994 0.4426171875 0.06103125 0.033671875
2 0.512734375 0.444677734375 0.059843749999999994 0.03779296875
2 0.574484375 0.4469921875 0.06146875 0.034609375
1 0.6343515625 0.451591796875 0.059328124999999995 0.03208984375
2 0.69459375 0.454111328125 0.0610625 0.03322265625
2 0.753578125 0.45384765625 0.060281249999999995 0.0326953125
2 0.03546875 0.45623046875 0.0615625 0.0335546875
2 0.0950078125 0.4575 0.058765625 0.0321875
2 0.15438281250000002 0.459970703125 0.058765625 0.03322265625
2 0.213390625 0.46375 0.06115625 0.036875
2 0.2713359375 0.466923828125 0.058296875000000005 0.03541015625
2 0.647109375 0.048271484375 0.059843749999999994 0.03404296875
0 0.329734375 0.470673828125 0.05946875 0.03119140625
2 0.39115625 0.4728515625 0.0604375 0.035546875
2 0.451171875 0.475302734375 0.05859375 0.03263671875
2 0.5712265624999999 0.47908203125 0.058078125 0.0323828125
2 0.5114921875 0.48109375 0.060484375 0.0325
2 0.631234375 0.48369140625 0.059343749999999994 0.0337890625
0 0.68996875 0.485439453125 0.06118749999999999 0.03337890625
2 0.7504921875 0.485439453125 0.057234375000000004 0.03337890625
2 0.7086015625 0.05181640625 0.060953125 0.0372265625
2 0.7672734375 0.0547265625 0.056421874999999996 0.035234375
2 0.0528125 0.05744140625 0.058750000000000004 0.0367578125
1 0.11183593750000001 0.058759765625 0.058046875 0.03548828125
2 0.01565625 0.5886328125 0.0313125 0.036640625
2 0.060875 0.589755859375 0.059250000000000004 0.03888671875
2 0.12053906249999999 0.594638671875 0.056703125 0.04083984375
2 0.1787578125 0.594638671875 0.060640625000000004 0.03693359375
2 0.2369765625 0.597705078125 0.061453125 0.03525390625
2 0.29871875000000003 0.600732421875 0.0599375 0.03740234375
2 0.357921875 0.603837890625 0.05959375 0.03580078125
1 0.4182578125 0.6075390625 0.061515625 0.035390625
2 0.481609375 0.608623046875 0.06009375 0.03365234375
2 0.541484375 0.6121875 0.06109375 0.03296875
2 0.6015078125 0.613203125 0.059265625 0.035
2 0.6598046875 0.6178515625 0.057109375 0.032578125
2 0.017328125 0.6232421875 0.03465625 0.031640625
2 0.22945312499999998 0.06368164062500001 0.06203125 0.03361328125
2 0.170046875 0.062919921875 0.05884374999999999 0.03990234375
2 0.062890625 0.626796875 0.06015625 0.0309375
2 0.1800234375 0.63021484375 0.060046875 0.0338671875
2 0.1202109375 0.6304296875 0.059171875 0.030390625
2 0.23762499999999998 0.633408203125 0.059625 0.03634765625
2 0.29753125 0.635908203125 0.060687500000000005 0.03353515625
4 0.3580859375 0.637724609375 0.059921875 0.03326171875
2 0.41879687499999996 0.642978515625 0.05946875 0.03595703125
2 0.28835937500000003 0.06587890625000001 0.05796875 0.0380078125
2 0.47875781249999994 0.645400390625 0.060640625000000004 0.03689453125
2 0.5388984375 0.645 0.059046875 0.03609375
2 0.5988125 0.64923828125 0.060125 0.0367578125
2 0.6573828125000001 0.651201171875 0.058515625 0.03287109375
2 0.017828125 0.656455078125 0.03565625 0.03166015625
2 0.0640625 0.657431640625 0.059375 0.03361328125
2 0.1794609375 0.66126953125 0.058921875 0.0334765625
0 0.12188281249999999 0.661474609375 0.056265625 0.03388671875
2 0.23963281250000001 0.665380859375 0.060515624999999997 0.03388671875
0 0.2984453125 0.669853515625 0.059390624999999996 0.03501953125
2 0.359 0.67275390625 0.058625000000000003 0.0369140625
2 0.4179921875 0.67646484375 0.060984375 0.0326171875
2 0.479078125 0.677470703125 0.061281249999999995 0.03462890625
2 0.5377734375000001 0.68158203125 0.059921875 0.0350390625
2 0.34762499999999996 0.069716796875 0.060875 0.03396484375
2 0.597359375 0.684482421875 0.060343749999999995 0.03302734375
2 0.656359375 0.6848828125 0.05646875 0.033828125
2 0.40812499999999996 0.0721484375 0.06 0.038828125
2 0.5269999999999999 0.075556640625 0.060250000000000005 0.03783203125
2 0.4670546875 0.07686523437500001 0.059109375 0.03654296875
2 0.5876171875 0.08011718749999999 0.059609375 0.039140625
2 0.028390625000000003 0.793994140625 0.056781250000000005 0.03720703125
2 0.08559375 0.796015625 0.058687500000000004 0.03734375
2 0.143671875 0.80009765625 0.05921875 0.0376953125
2 0.20300781250000002 0.803056640625 0.059140625 0.03580078125
2 0.263265625 0.806181640625 0.060906249999999995 0.03814453125
2 0.323125 0.810703125 0.058750000000000004 0.03546875
2 0.3831484375 0.811484375 0.060046875 0.03703125
2 0.4430078125 0.815 0.061015625 0.03234375
2 0.5043828125 0.81869140625 0.058765625 0.0319140625
2 0.64690625 0.082880859375 0.0594375 0.03685546875
2 0.5623750000000001 0.822705078125 0.059125000000000004 0.03212890625
2 0.0290625 0.82625 0.058125 0.0275
2 0.0857734375 0.82861328125 0.055921874999999996 0.0283203125
2 0.14442968750000001 0.832587890625 0.06073437499999999 0.02845703125
2 0.20296093750000002 0.835712890625 0.059046875 0.03080078125
2 0.2614375 0.840517578125 0.060375 0.02869140625
2 0.32218749999999996 0.84236328125 0.06 0.0284765625
2 0.383109375 0.845146484375 0.05996875 0.03013671875
0 0.442828125 0.847216796875 0.06065625 0.03037109375
2 0.5034453125 0.84900390625 0.060015624999999996 0.0300390625
2 0.562953125 0.855478515625 0.05715625 0.03126953125
2 0.0292734375 0.85591796875 0.058546875 0.0321484375
2 0.0879609375 0.859853515625 0.06029687500000001 0.03220703125
2 0.14653125 0.863564453125 0.0555625 0.03181640625
2 0.20461718749999996 0.866865234375 0.05923437499999999 0.03060546875
2 0.2633125 0.8708203125 0.057874999999999996 0.034609375
2 0.32321875 0.871103515625 0.0589375 0.03126953125
2 0.381765625 0.87478515625 0.060406249999999995 0.0308203125
2 0.4426015625 0.878642578125 0.060203125 0.03462890625
2 0.7066015625000001 0.0884375 0.060078125 0.03625
2 0.766109375 0.089794921875 0.05721875 0.03505859375
2 0.5032656249999999 0.8812109375 0.05965625 0.031953125
2 0.5615234375 0.884501953125 0.057421875 0.03072265625
2 0.7101640625 0.016513671875 0.060953125 0.03302734375
0 0.7697499999999999 0.01859375 0.05825 0.0371875
2 0.052593749999999995 0.01875 0.0614375 0.0375
2 0.0226875 0.18697265625 0.045375 0.0341015625
2 0.074515625 0.1865234375 0.05840625000000001 0.037109375
2 0.13325 0.188125 0.060250000000000005 0.03640625
2 0.19407812500000002 0.18978515625 0.06003125 0.0358203125
2 0.2538203125 0.1896875 0.060765625000000004 0.035625