2 0.0770234375 0.24189453125 0.06029687500000001 0.0306640625
2 0.1896015625 0.2447265625 0.060453124999999996 0.032421875
2 0.13053125 0.24482421875 0.0610625 0.0326171875
2 0.24920312500000003 0.246484375 0.060906249999999995 0.03203125
2 0.3069375 0.24892578125 0.060750000000000005 0.0330078125
2 0.3669375 0.25166015625 0.062 0.0345703125
2 0.42615625 0.2546875 0.06168749999999999 0.0328125
0 0.4881875 0.25537109375 0.060750000000000005 0.0341796875
0 0.54740625 0.25849609375 0.0604375 0.0326171875
0 0.60709375 0.260546875 0.0610625 0.03671875
2 0.666546875 0.265625 0.05809375 0.03515625
2 0.7272578125 0.26787109375 0.060765625000000004 0.0318359375
2 0.7871796875 0.27119140625 0.058734375000000005 0.0345703125
0 0.8474140625000001 0.27216796875 0.060453124999999996 0.0326171875
2 0.0710859375 0.27255859375 0.060921875 0.0333984375
2 0.127953125 0.27587890625 0.06215625 0.0322265625
2 0.1873359375 0.27685546875 0.062171875 0.0302734375
2 0.246390625 0.27744140625 0.06153125 0.0314453125
2 0.906625 0.27744140625 0.060125 0.0314453125
0 0.967125 0.2802734375 0.062375 0.033203125
2 0.304125 0.27958984375 0.061375 0.0318359375
2 0.36529687499999997 0.28486328125 0.061843749999999996 0.0306640625
2 0.42350000000000004 0.28671875 0.062625 0.03046875
2 0.48521875000000003 0.28876953125 0.0610625 0.0345703125
1 0.546 0.29208984375 0.060750000000000005 0.0333984375
2 0.6067812499999999 0.29423828125 0.0604375 0.0298828125
2 0.66615625 0.29892578125 0.0604375 0.0353515625
2 0.7274921875 0.3017578125 0.061234374999999994 0.033203125
2 0.066015625 0.304296875 0.05703125 0.03046875
2 0.12444531249999999 0.305859375 0.061390625 0.0296875
2 0.787484375 0.30595703125 0.059343749999999994 0.0337890625
2 0.8486640624999999 0.30732421875 0.059828124999999996 0.0326171875
1 0.1821015625 0.309375 0.061078125000000004 0.0328125
2 0.907640625 0.31083984375 0.05903125 0.0318359375
2 0.24264843750000004 0.31123046875 0.06029687500000001 0.0326171875
2 0.9682187499999999 0.31162109375 0.0614375 0.0294921875
2 0.301859375 0.3140625 0.06309375 0.034375
2 0.36225 0.316015625 0.062 0.03046875
2 0.42271875000000003 0.3181640625 0.0610625 0.034765625
2 0.483890625 0.323046875 0.06153125 0.0328125
2 0.544828125 0.32646484375 0.06153125 0.0357421875
2 0.606078125 0.32802734375 0.06215625 0.0349609375
2 0.66646875 0.33251953125 0.0610625 0.0322265625
2 0.7276484375 0.33359375 0.061546875 0.03046875
2 0.788578125 0.3375 0.06153125 0.03046875
2 0.8484296875 0.338671875 0.059359375000000006 0.0328125
2 0.909515625 0.34072265625 0.06278125 0.0291015625
2 0.9703125 0.34375 0.059375 0.03515625
2 0.042710937500000004 0.432822265625 0.057296875000000004 0.03361328125
0 0.1007109375 0.436728515625 0.057671875 0.03361328125
2 0.156046875 0.44017578125 0.05896875 0.0326953125
2 0.21725781250000004 0.4412109375 0.059515625 0.034765625
2 0.275625 0.445 0.060625 0.03453125
1 0.3353671875 0.447763671875 0.06135937500000001 0.03615234375
2 0.174328125 0.045429687499999996 0.06115625 0.032265625
2 0.39456250000000004 0.45212890625 0.061 0.0370703125
2 0.4539375 0.454541015625 0.061 0.03408203125
2 0.5145 0.455341796875 0.060250000000000005 0.03177734375
0 0.5743359375 0.460625 0.061171875 0.03453125
0 0.634171875 0.46349609375 0.06209375 0.0363671875
0 0.69584375 0.46396484375 0.0604375 0.0373046875
1 0.037843749999999995 0.466484375 0.0600625 0.03453125
2 0.0969453125 0.467744140625 0.059515625 0.02923828125
2 0.23162500000000003 0.0478515625 0.060125 0.029296875
2 0.28923437500000004 0.0482421875 0.05971875 0.026171875
2 0.75540625 0.470048828125 0.060812500000000005 0.03384765625
2 0.152640625 0.469462890625 0.05840625000000001 0.02876953125
2 0.2129375 0.4724609375 0.060250000000000005 0.030859375
2 0.8167031250000001 0.47349609375 0.06153125 0.0368359375
0 0.8776484375000001 0.47740234375 0.061546875 0.0368359375
2 0.9350937500000001 0.476708984375 0.060812500000000005 0.03544921875
2 0.273140625 0.47716796875 0.061906249999999996 0.0324609375
1 0.333625 0.481767578125 0.061 0.03384765625
2 0.3911640625 0.484287109375 0.063578125 0.03107421875
2 0.34836718749999995 0.04931640625 0.05923437499999999 0.0283203125
0 0.5132109375 0.488310546875 0.06079687499999999 0.03521484375
0 0.45421093749999997 0.48935546875 0.061546875 0.0373046875
0 0.573046875 0.4940625 0.06171875 0.035
2 0.635546875 0.499228515625 0.06171875 0.03361328125
2 0.03315625 0.500146484375 0.0600625 0.03154296875
2 0.694921875 0.500498046875 0.06171875 0.03615234375
2 0.091796875 0.500498046875 0.05859375 0.03615234375
1 0.15034375 0.503251953125 0.056937499999999995 0.03775390625
2 0.7556796875 0.50451171875 0.06135937500000001 0.0363671875
0 0.2098125 0.508076171875 0.060250000000000005 0.03568359375
2 0.816609375 0.50830078125 0.061343749999999996 0.0322265625
2 0.8774609375000001 0.510947265625 0.061171875 0.02970703125
2 0.2697421875 0.51060546875 0.06448437500000001 0.0368359375
0 0.9356406249999999 0.512216796875 0.05878124999999999 0.03615234375
0 0.32902343749999996 0.515546875 0.061171875 0.03890625
2 0.3896875 0.520263671875 0.06375 0.04052734375
2 0.45062499999999994 0.523818359375 0.06375 0.03591796875
2 0.5130312499999999 0.5251953125 0.0635625 0.038671875
2 0.4082109375 0.0525390625 0.060171875 0.030859375
2 0.573234375 0.528525390625 0.06209375 0.03751953125
2 0.633890625 0.53380859375 0.06153125 0.0363671875
2 0.6952890625 0.536796875 0.062453125 0.03453125
2 0.7565078125 0.54185546875 0.06301562499999999 0.0368359375
0 0.8158749999999999 0.541396484375 0.063 0.03591796875
0 0.8776484375000001 0.544609375 0.061546875 0.0384375
2 0.46759375 0.055859375 0.060187500000000005 0.0296875
2 0.527203125 0.05595703125 0.06065625 0.0298828125
2 0.9377578124999999 0.5465625 0.06301562499999999 0.0384375
2 0.587984375 0.059765625 0.060343749999999995 0.0296875
2 0.6464218749999999 0.061328125 0.06159375 0.02890625
2 0.06503125000000001 0.638740234375 0.061312500000000006 0.03529296875
2 0.12085937499999999 0.640556640625 0.06046875 0.03501953125
2 0.706890625 0.0666015625 0.06065625 0.031640625
2 0.1811875 0.64548828125 0.062375 0.0331640625
2 0.23907812499999997 0.649033203125 0.05940625000000001 0.03634765625
2 0.2974140625 0.651513671875 0.060453124999999996 0.03740234375
0 0.3580390625 0.65373046875 0.059828124999999996 0.0379296875
0 0.417015625 0.654794921875 0.06215625 0.04005859375
2 0.47803125 0.659423828125 0.059187500000000004 0.03369140625
2 0.5383671875 0.66244140625 0.061109375 0.0358203125
1 0.6010703125 0.66669921875 0.061515625 0.0365234375
1 0.660359375 0.66962890625 0.061343749999999996 0.0384765625
2 0.0610625 0.6723046875 0.059625 0.032109375
2 0.118578125 0.676337890625 0.06215625 0.03236328125
2 0.72178125 0.67646484375 0.059187500000000004 0.0365234375
2 0.17753125 0.67802734375 0.061312500000000006 0.0318359375
2 0.78028125 0.676826171875 0.0605625 0.03724609375
2 0.9002968750000001 0.680732421875 0.05996875 0.03724609375
2 0.841015625 0.68037109375 0.06015625 0.0365234375
2 0.7671953125 0.0697265625 0.059390624999999996 0.030078125
2 0.2375390625 0.684677734375 0.062578125 0.03341796875
0 0.9600859375 0.684150390625 0.06079687499999999 0.03626953125
2 0.2972265625 0.68521484375 0.063203125 0.0344921875
2 0.35650781249999997 0.6896484375 0.06301562499999999 0.035546875
2 0.41637500000000005 0.69279296875 0.060875 0.0379296875
2 0.4776328125 0.69603515625 0.061515625 0.0366015625
2 0.5379375 0.699453125 0.060250000000000005 0.03953125
2 0.5993984375 0.704287109375 0.061296874999999994 0.04138671875
2 0.659578125 0.705888671875 0.059781249999999994 0.04068359375
0 0.05782812500000001 0.705146484375 0.05940625000000001 0.03529296875
2 0.1152421875 0.71046875 0.061734374999999994 0.03421875
2 0.7202265625 0.711982421875 0.062328125 0.03333984375
2 0.174515625 0.7130859375 0.06153125 0.035546875
2 0.7813515625 0.71552734375 0.059578125 0.0365234375
2 0.840921875 0.717724609375 0.05996875 0.03701171875
2 0.23317187499999997 0.718154296875 0.06321875 0.03396484375
2 0.901953125 0.71955078125 0.06015625 0.0367578125
2 0.293890625 0.72037109375 0.06278125 0.0344921875
2 0.962140625 0.720888671875 0.061781249999999996 0.03552734375
2 0.827125 0.0732421875 0.0605 0.029296875
2 0.35359375000000004 0.7241796875 0.06343750000000001 0.038203125
2 0.41346875 0.73119140625 0.061312500000000006 0.0366015625
2 0.47585937500000003 0.734609375 0.06109375 0.03953125
2 0.5371171875 0.738349609375 0.061734374999999994 0.03529296875
2 0.598265625 0.74185546875 0.06215625 0.0344921875
2 0.228828125 0.07423828125 0.060781249999999995 0.0273828125
2 0.1706640625 0.075380859375 0.060078125 0.02576171875
2 0.887046875 0.07529296875 0.06159375 0.0294921875
0 0.28696875 0.07548828125 0.0614375 0.0298828125
2 0.65996875 0.7434765625 0.0605625 0.033828125
2 0.719640625 0.747138671875 0.06115625 0.03333984375
2 0.7824296875 0.751162109375 0.061734374999999994 0.03357421875
2 0.842875 0.753359375 0.060750000000000005 0.0340625
2 0.902734375 0.754951171875 0.05859375 0.03724609375
0 0.96253125 0.757646484375 0.0625625 0.03873046875
0 0.3464921875 0.077734375 0.061734374999999994 0.03046875
2 0.946265625 0.080859375 0.061281249999999995 0.02890625
2 0.40711718750000003 0.08203125 0.061109375 0.03125
2 0.029164062499999997 0.835517578125 0.058328124999999995 0.03431640625
2 0.0888359375 0.83955078125 0.058921875 0.0345703125
2 0.46595312499999997 0.084375 0.06003125 0.028125
2 0.525875 0.08369140625 0.061125 0.0267578125
2 0.586265625 0.084765625 0.06003125 0.025
2 0.14653125 0.8419140625 0.058687500000000004 0.031484375
0 0.20398437500000002 0.846826171875 0.05796875 0.03740234375
2 0.2634609375 0.848984375 0.058171875 0.045625
2 0.32209374999999996 0.851904296875 0.059812500000000005 0.04365234375
0 0.38157031249999995 0.85884765625 0.060015624999999996 0.0341015625
2 0.44240625 0.862646484375 0.059812500000000005 0.03388671875
2 0.5016875 0.86556640625 0.059625 0.0358203125
0 0.5619375 0.86685546875 0.061375 0.0383984375
1 0.622234375 0.871064453125 0.06009375 0.03900390625
2 0.028375 0.8726171875 0.05675 0.038203125
1 0.683390625 0.873408203125 0.06053125 0.03978515625
2 0.08565625 0.872578125 0.058812500000000004 0.03421875
2 0.7430859375 0.87767578125 0.061171875 0.0366015625
2 0.8023515625 0.878876953125 0.060953125 0.03900390625
4 0.1427578125 0.878955078125 0.057390624999999994 0.03916015625
0 0.861515625 0.8798046875 0.06053125 0.040859375
2 0.201390625 0.88361328125 0.05903125 0.0367578125
2 0.92028125 0.88419921875 0.0624375 0.0379296875
2 0.261296875 0.889267578125 0.06009375 0.03634765625
2 0.319859375 0.89228515625 0.06159375 0.0384765625
2 0.38015625000000003 0.893935546875 0.060312500000000005 0.03396484375
2 0.441625 0.895751953125 0.061375 0.03369140625
2 0.647203125 0.09033203125 0.06003125 0.0283203125
2 0.5016093749999999 0.90125 0.05946875 0.036875
2 0.5611953125 0.903564453125 0.059890624999999996 0.03369140625
2 0.6213124999999999 0.90591796875 0.061375 0.0344921875
2 0.02784375 0.908798828125 0.0556875 0.03634765625
1 0.0817109375 0.911279296875 0.06029687500000001 0.03740234375
2 0.6824609374999999 0.910615234375 0.061796874999999994 0.03607421875
2 0.7429765625 0.91296875 0.060953125 0.036875
2 0.8024609375 0.91697265625 0.061171875 0.0331640625
2 0.1405625 0.917255859375 0.059250000000000004 0.03763671875
2 0.8629765624999999 0.91869140625 0.060328124999999996 0.0366015625
0 0.19927343749999998 0.92046875 0.057921875 0.04015625
2 0.9224453125000001 0.921806640625 0.060515624999999997 0.03501953125
0 0.2596015625 0.924580078125 0.059828124999999996 0.04056640625
2 0.3195234375 0.929140625 0.060921875 0.03796875
2 0.44057031249999995 0.93041015625 0.059265625 0.0366015625
2 0.3803671875 0.93134765625 0.06073437499999999 0.0384765625
2 0.49985937500000005 0.938623046875 0.06221875 0.03740234375
0 0.561296875 0.941279296875 0.06009375 0.04271484375
2 0.620703125 0.94359375 0.06328125 0.03953125
2 0.682359375 0.94630859375 0.06159375 0.0371484375
2 0.7430859375 0.9507421875 0.061171875 0.038203125
2 0.8041328125 0.951630859375 0.061390625 0.03607421875
2 0.8639296875 0.95478515625 0.062234374999999995 0.0384765625
2 0.7069687499999999 0.09658203125 0.060812500000000005 0.0291015625
2 0.92265625 0.95802734375 0.0609375 0.0371484375
2 0.7680546875 0.09794921875 0.061109375 0.0279296875
2 0.828453125 0.101171875 0.06003125 0.0265625
2 0.1672109375 0.10267578125 0.059421875 0.0295703125
2 0.88759375 0.1046875 0.0626875 0.02578125
1 0.22457031249999998 0.105166015625 0.061640625000000004 0.03064453125
2 0.283765625 0.10576171875 0.061281249999999995 0.0318359375
2 0.9480625 0.10712890625 0.061750000000000006 0.0267578125
2 0.34461718750000003 0.1072265625 0.061109375 0.030859375
2 0.4044609375 0.1111328125 0.062046875 0.030859375
2 0.52571875 0.1134765625 0.060812500000000005 0.031640625
2 0.46508593749999994 0.11396484375 0.061421875 0.0326171875
2 0.585328125 0.1146484375 0.061281249999999995 0.030078125
2 0.6464218749999999 0.11806640625 0.06159375 0.0291015625
2 0.707203125 0.125390625 0.061281249999999995 0.03203125
2 0.7686796874999999 0.128125 0.062359374999999995 0.03359375
2 0.8299375 0.12919921875 0.059875 0.0318359375
2 0.88884375 0.13203125 0.0620625 0.0296875
2 0.9496249999999999 0.13662109375 0.061750000000000006 0.0310546875