2 0.28521874999999997 0.020009765625000002 0.0641875 0.02830078125
2 0.433109375 0.197236328125 0.05996875 0.03119140625
2 0.494046875 0.202998046875 0.05996875 0.03490234375
2 0.55403125 0.20541015625 0.06118749999999999 0.0358203125
0 0.07468749999999999 0.208955078125 0.058750000000000004 0.03119140625
2 0.614484375 0.210400390625 0.06021875 0.03798828125
2 0.1323671875 0.21208984375 0.058484375 0.0296484375
2 0.675796875 0.21353515625 0.06096875 0.0364453125
1 0.8295312499999999 0.02162109375 0.0590625 0.0315234375
2 0.191515625 0.216455078125 0.05803125 0.03056640625
2 0.7361093750000001 0.215947265625 0.05971875 0.03736328125
3 0.79571875 0.21923828125 0.060187500000000005 0.0361328125
0 0.2489921875 0.220673828125 0.060484375 0.03119140625
2 0.3103671875 0.2253515625 0.058234375000000005 0.032734375
3 0.8585312500000001 0.226796875 0.06393750000000001 0.03953125
2 0.369421875 0.228642578125 0.06071875 0.03150390625
0 0.4304765625 0.230439453125 0.060953125 0.03119140625
3 0.9200312500000001 0.233583984375 0.0619375 0.04138671875
2 0.34587500000000004 0.0228125 0.057374999999999995 0.03
2 0.491296875 0.235576171875 0.06071875 0.03365234375
2 0.5523515625 0.239794921875 0.060953125 0.03427734375
2 0.0686796875 0.241650390625 0.05923437499999999 0.03798828125
2 0.613171875 0.243388671875 0.06071875 0.03365234375
2 0.1276796875 0.243759765625 0.058484375 0.03830078125
2 0.674109375 0.2466796875 0.06071875 0.032421875
2 0.1870703125 0.248994140625 0.058515625 0.03705078125
2 0.7351640625 0.2507421875 0.060953125 0.032734375
2 0.24693749999999998 0.253779296875 0.0595 0.03490234375
2 0.40472656249999994 0.02552734375 0.062578125 0.0315234375
2 0.8895234375 0.025908203125 0.06029687500000001 0.03228515625
3 0.7963359375 0.25439453125 0.061421875 0.0361328125
2 0.30798437500000003 0.25814453125 0.05971875 0.0358203125
3 0.8579531250000001 0.25990234375 0.06590625 0.0432421875
2 0.367859375 0.261435546875 0.06071875 0.03458984375
2 0.42903906249999996 0.26431640625 0.061203125000000004 0.0364453125
3 0.9206484375 0.265859375 0.063171875 0.03953125
2 0.49010156250000003 0.26822265625 0.061453125 0.0364453125
2 0.4652421875 0.02734375 0.061734374999999994 0.03125
2 0.5510312500000001 0.27392578125 0.0614375 0.0361328125
2 0.6119765625 0.27798828125 0.061453125 0.0364453125
2 0.6730390625 0.280556640625 0.061703125000000004 0.03767578125
2 0.7351640625 0.284619140625 0.060953125 0.03798828125
3 0.7963359375 0.28939453125 0.061421875 0.0358203125
3 0.9487890625000001 0.029169921874999998 0.060078125 0.03099609375
3 0.856640625 0.295615234375 0.06640625 0.04044921875
3 0.92015625 0.29947265625 0.06218749999999999 0.0364453125
2 0.5254609375 0.031513671874999996 0.06029687500000001 0.03177734375
2 0.5880703125 0.0342578125 0.060515624999999997 0.029453125
2 0.64734375 0.038544921875 0.060312500000000005 0.03021484375
2 0.0415390625 0.378388671875 0.064328125 0.03802734375
2 0.1004921875 0.379404296875 0.06348437500000001 0.03615234375
1 0.1568984375 0.3841796875 0.060671875 0.033984375
2 0.217078125 0.38654296875 0.05915625 0.0348046875
2 0.27554687499999997 0.390712890625 0.06046875 0.03533203125
2 0.0457109375 0.040166015624999996 0.060171875 0.03736328125
2 0.33534375 0.3954296875 0.061312500000000006 0.036953125
0 0.3960703125 0.39798828125 0.060890625 0.0342578125
0 0.4573203125 0.402705078125 0.061515625 0.03587890625
0 0.515734375 0.406201171875 0.05959375 0.03505859375
2 0.0361015625 0.40849609375 0.062828125 0.0318359375
2 0.10553125 0.041269531250000005 0.0610625 0.0356640625
2 0.70859375 0.042841796875 0.0609375 0.03099609375
0 0.577859375 0.410517578125 0.061968749999999996 0.03587890625
2 0.095375 0.414560546875 0.062625 0.03615234375
0 0.6379453125000001 0.4149609375 0.060265625 0.036953125
2 0.1537734375 0.41859375 0.060671875 0.03640625
2 0.21368749999999997 0.418525390625 0.061750000000000006 0.03236328125
1 0.6987265625 0.419541015625 0.059953124999999996 0.03830078125
2 0.75965625 0.4225 0.0599375 0.03640625
2 0.2718828125 0.426142578125 0.059390624999999996 0.03587890625
2 0.8208125000000001 0.427890625 0.060375 0.039375
2 0.3325390625 0.42896484375 0.061953125 0.0337109375
2 0.1626796875 0.043505859375 0.062859375 0.03623046875
2 0.394078125 0.430654296875 0.06003125 0.03318359375
2 0.8817421875000001 0.431396484375 0.06035937500000001 0.03857421875
2 0.45473437499999997 0.434560546875 0.06259375 0.03318359375
2 0.9413750000000001 0.435166015625 0.060875 0.03830078125
2 0.514390625 0.441904296875 0.06003125 0.03615234375
0 0.5767265625 0.4442578125 0.062828125 0.029140625
2 0.031953125 0.44466796875 0.06390625 0.0377734375
2 0.6390703125 0.44890625 0.059390624999999996 0.03453125
2 0.7693125000000001 0.046494140625 0.0605 0.03048828125
2 0.2220234375 0.046591796875 0.059671875 0.03849609375
0 0.08928125 0.450654296875 0.059812500000000005 0.03802734375
2 0.699046875 0.453955078125 0.06059375 0.03291015625
2 0.1491953125 0.4540234375 0.060890625 0.036953125
2 0.761 0.455439453125 0.0595 0.03587890625
0 0.209265625 0.4555078125 0.05915625 0.039921875
2 0.8198984375 0.461162109375 0.061671875 0.03560546875
2 0.2686015625 0.460830078125 0.062203125000000005 0.03884765625
2 0.330765625 0.462783203125 0.06153125 0.03884765625
2 0.8818515625 0.462978515625 0.060578125000000003 0.03533203125
2 0.3899296875 0.4684375 0.061109375 0.04234375
2 0.94196875 0.46998046875 0.0589375 0.0337109375
0 0.4509609375 0.47099609375 0.061296874999999994 0.0396484375
2 0.5130390625000001 0.4769921875 0.060453124999999996 0.039921875
0 0.5744140625 0.4789453125 0.061328125 0.039921875
2 0.6368125 0.482451171875 0.061125 0.03912109375
2 0.6989375 0.486962890625 0.060375 0.04423828125
2 0.28275 0.049111328125 0.062375 0.03962890625
2 0.8299375 0.05013671875 0.059875 0.0299609375
2 0.760890625 0.489052734375 0.059281249999999994 0.04451171875
2 0.820921875 0.49423828125 0.06059375 0.0431640625
2 0.882015625 0.49921875 0.060906249999999995 0.0375
2 0.9431015625000001 0.503994140625 0.058078125 0.03533203125
2 0.34435937499999997 0.052988281250000005 0.06371875 0.0356640625
2 0.8912968749999999 0.0553515625 0.06071875 0.028671875
3 0.9503515625000001 0.056660156249999996 0.060078125 0.0273828125
2 0.40254687499999997 0.056757812500000004 0.061343749999999996 0.035390625
2 0.463265625 0.057529296875 0.060906249999999995 0.03693359375
2 0.06309374999999999 0.580107421875 0.0605625 0.03521484375
2 0.121390625 0.58306640625 0.06153125 0.0372265625
2 0.17969531249999998 0.58716796875 0.06251562499999999 0.0376171875
2 0.238734375 0.59283203125 0.061843749999999996 0.0372265625
2 0.29796093749999997 0.597333984375 0.061546875 0.03841796875
2 0.357984375 0.60359375 0.06284375 0.03921875
2 0.41653906249999995 0.6075 0.061203125000000004 0.03921875
2 0.47708593749999995 0.61162109375 0.060421875 0.0357421875
2 0.0579609375 0.612314453125 0.062796875 0.03322265625
2 0.1148203125 0.616220703125 0.060890625 0.03322265625
4 0.5367734375000001 0.615654296875 0.061046875 0.03599609375
2 0.5995078125 0.620126953125 0.061515625 0.03712890625
2 0.17484375000000002 0.622080078125 0.06218749999999999 0.03322265625
2 0.6599453125 0.62455078125 0.060515624999999997 0.0381640625
2 0.5242109375 0.06431640625 0.060921875 0.0348828125
2 0.234046875 0.62638671875 0.061843749999999996 0.0340234375
2 0.7207265625 0.62763671875 0.060203125 0.0365234375
2 0.7801796875 0.6305078125 0.06035937500000001 0.034453125
2 0.2942265625 0.631640625 0.063453125 0.0328125
2 0.8407890625000001 0.634208984375 0.059703125 0.03404296875
2 0.35409375 0.636953125 0.06443750000000001 0.035625
0 0.901640625 0.6366796875 0.05953125 0.035078125
2 0.4140546875 0.640859375 0.062484375 0.035625
2 0.9612734375 0.643681640625 0.060046875 0.04126953125
2 0.47506250000000005 0.64578125 0.062625 0.03375
2 0.052796875 0.646611328125 0.061843749999999996 0.04322265625
0 0.53696875 0.65005859375 0.0614375 0.0344921875
2 0.112015625 0.65126953125 0.06153125 0.0408203125
2 0.597453125 0.655390625 0.06053125 0.03734375
2 0.1712421875 0.6566796875 0.061234374999999994 0.036015625
2 0.6583828125 0.65939453125 0.060515624999999997 0.0375390625
2 0.2307578125 0.662587890625 0.061515625 0.04001953125
2 0.7195 0.662373046875 0.060875 0.03568359375
2 0.5867109375 0.067431640625 0.060921875 0.03720703125
0 0.78034375 0.665048828125 0.060687500000000005 0.03322265625
0 0.8410390624999999 0.665966796875 0.060203125 0.03115234375
2 0.29138281250000003 0.66669921875 0.060890625 0.0404296875
2 0.350484375 0.670751953125 0.06346874999999999 0.03681640625
0 0.9018046875 0.67244140625 0.059859375000000006 0.0323828125
2 0.4124921875 0.675810546875 0.062484375 0.03521484375
3 0.961359375 0.676669921875 0.06021875 0.03693359375
2 0.47270312499999995 0.68123046875 0.06103125 0.0382421875
2 0.5334453124999999 0.6834375 0.060640625000000004 0.03875
2 0.6474453125 0.07002929687500001 0.060515624999999997 0.03849609375
2 0.5966328125 0.691884765625 0.062015625 0.04001953125
2 0.6570703124999999 0.695068359375 0.061015625 0.03857421875
2 0.718265625 0.700625 0.06153125 0.041875
2 0.780265625 0.702998046875 0.06053125 0.04271484375
2 0.8412890624999999 0.706484375 0.060703125000000004 0.041875
2 0.90221875 0.7095703125 0.060687500000000005 0.044140625
3 0.963828125 0.714404296875 0.06203125 0.04208984375
2 0.70859375 0.07537109375 0.0609375 0.0374609375
2 0.7693125000000001 0.078369140625 0.0605 0.03564453125
2 0.085375 0.78697265625 0.05825 0.0348828125
2 0.143375 0.793623046875 0.058625000000000003 0.03646484375
2 0.20235937499999998 0.7963671875 0.06096875 0.034140625
2 0.8301484374999999 0.08056640625 0.06029687500000001 0.0400390625
2 0.26103125 0.80193359375 0.0595625 0.0335546875
2 0.32122656250000003 0.805986328125 0.061203125000000004 0.03384765625
2 0.380609375 0.809892578125 0.06121875 0.03384765625
1 0.4413046875 0.8130078125 0.06073437499999999 0.036171875
2 0.50225 0.8188671875 0.060750000000000005 0.036171875
2 0.0801875 0.820302734375 0.060375 0.03513671875
2 0.56196875 0.8227734375 0.0614375 0.036171875
2 0.13973437500000002 0.824580078125 0.06071875 0.03587890625
2 0.6225625 0.826396484375 0.060750000000000005 0.03560546875
2 0.199703125 0.828203125 0.061906249999999996 0.0353125
2 0.6838437500000001 0.8325390625 0.0614375 0.036171875
2 0.256453125 0.8354296875 0.059781249999999994 0.034140625
2 0.7434921875 0.836298828125 0.058859375000000005 0.03587890625
2 0.8056093750000001 0.838251953125 0.06121875 0.03587890625
2 0.318921875 0.83904296875 0.06284375 0.0335546875
3 0.8911875 0.08580078125 0.0605 0.0348828125
1 0.8659609375 0.842158203125 0.060046875 0.03587890625
2 0.3778359375 0.843681640625 0.061921875 0.03501953125
3 0.92678125 0.845283203125 0.059812500000000005 0.03822265625
2 0.438765625 0.84880859375 0.061906249999999996 0.0335546875
2 0.074671875 0.853896484375 0.05871875 0.03591796875
2 0.49947656250000005 0.855048828125 0.061453125 0.03822265625
2 0.5608671875 0.859453125 0.062359374999999995 0.0353125
2 0.1348125 0.860322265625 0.060250000000000005 0.03705078125
2 0.621234375 0.86306640625 0.06121875 0.0347265625
2 0.1962265625 0.864375 0.061203125000000004 0.03734375
2 0.6839609375 0.86609375 0.061671875 0.03296875
2 0.2550078125 0.869306640625 0.060015624999999996 0.03939453125
2 0.7444296875 0.870439453125 0.06073437499999999 0.03384765625
2 0.3156796875 0.874287109375 0.062609375 0.03763671875
2 0.8053750000000001 0.875859375 0.060750000000000005 0.03296875
1 0.8659609375 0.8764453125 0.060046875 0.034140625
2 0.3756875 0.880732421875 0.060750000000000005 0.03880859375
3 0.9278281249999999 0.881220703125 0.061906249999999996 0.03587890625
2 0.4370859375 0.88341796875 0.061671875 0.0402734375
2 0.49791406250000003 0.89064453125 0.061453125 0.0391015625
2 0.559421875 0.895625 0.06259375 0.03734375
2 0.6215859375 0.8989453125 0.061921875 0.036171875
2 0.682515625 0.902216796875 0.061906249999999996 0.03880859375
2 0.74321875 0.90705078125 0.0614375 0.0367578125
2 0.8057265625 0.91017578125 0.061453125 0.0391015625
2 0.86584375 0.91349609375 0.059812500000000005 0.0379296875
2 0.92759375 0.916962890625 0.0614375 0.03705078125
1 0.042609375 0.979228515625 0.06021875 0.04048828125
2 0.10077343750000001 0.9823046875 0.060921875 0.034921875
2 0.7084140624999999 0.0147265625 0.060578125000000003 0.029453125
0 0.2253984375 0.016103515625000002 0.063296875 0.02830078125
0 0.7688906249999999 0.018369140625000002 0.05965625 0.02892578125
2 0.0783046875 0.178017578125 0.05973437499999999 0.03181640625
1 0.136109375 0.18269531249999998 0.05971875 0.033359375
0 0.195953125 0.1843359375 0.05753125 0.032734375
2 0.25425 0.1882421875 0.058499999999999996 0.032734375
2 0.3124296875 0.19246093749999998 0.05923437499999999 0.033359375
2 0.3736171875 0.19441406249999998 0.05973437499999999 0.033359375