2 0.0318828125 0.202646484375 0.060640625000000004 0.03029296875
2 0.089703125 0.204599609375 0.06065625 0.03029296875
2 0.14935937500000002 0.2062109375 0.06121875 0.029609375
2 0.20846875000000004 0.207822265625 0.060687500000000005 0.02892578125
3 0.32778125 0.209541015625 0.061812500000000006 0.03236328125
3 0.26785156250000003 0.210458984375 0.060703125000000004 0.03029296875
2 0.028484375 0.234248046875 0.05696875 0.03099609375
2 0.1433828125 0.236201171875 0.061765625000000005 0.03099609375
2 0.08455468749999999 0.237802734375 0.062859375 0.03029296875
3 0.20534375000000002 0.238154296875 0.060687500000000005 0.03099609375
3 0.26573437499999997 0.239072265625 0.05959375 0.02892578125
3 0.3266796875 0.24240234375 0.059609375 0.0316796875
2 0.124171875 0.033876953125 0.06396874999999999 0.03650390625
2 0.06396093750000001 0.035478515625 0.062296874999999995 0.03580078125
3 0.180890625 0.037089843750000004 0.061781249999999996 0.0351171875
3 0.24183593750000001 0.037089843750000004 0.061796874999999994 0.0351171875
3 0.301765625 0.036748046874999996 0.06290625 0.03443359375
3 0.0607421875 0.376015625 0.058984375 0.0371875
3 0.119203125 0.375322265625 0.06340625 0.03580078125
3 0.17969531249999998 0.376708984375 0.065640625 0.03857421875
3 0.2366875 0.38251953125 0.064 0.0384765625
3 0.3572890625 0.385546875 0.064578125 0.040625
3 0.05697656250000001 0.407724609375 0.054578125 0.03029296875
3 0.174359375 0.410595703125 0.06121875 0.03994140625
3 0.11479687499999999 0.409794921875 0.06396874999999999 0.03443359375
3 0.23484375000000002 0.41703125 0.06343750000000001 0.0371875
3 0.29478125 0.418173828125 0.0645625 0.04337890625
3 0.3548125 0.41875 0.059625 0.040625
3 0.052468749999999995 0.4383984375 0.06118749999999999 0.033046875
3 0.11074999999999999 0.443681640625 0.059 0.03580078125
3 0.1716015625 0.4464453125 0.065078125 0.041328125
3 0.23328125000000002 0.448046875 0.06343750000000001 0.040625
3 0.294234375 0.451611328125 0.06346874999999999 0.03994140625
3 0.3517734375 0.45322265625 0.062921875 0.0392578125
3 0.07479687500000001 0.576171875 0.06209375 0.03515625
3 0.134625 0.58146484375 0.063 0.0379296875
3 0.195015625 0.58365234375 0.061906249999999996 0.0383984375
2 0.2557734375 0.588125 0.061546875 0.035625
2 0.31623437499999996 0.590869140625 0.06059375 0.03330078125
3 0.3754140625 0.593525390625 0.060203125 0.03470703125
3 0.0734921875 0.612255859375 0.062609375 0.03701171875
3 0.1330625 0.618115234375 0.063 0.03701171875
2 0.191515625 0.620068359375 0.06115625 0.03701171875
2 0.2526484375 0.6215625 0.061546875 0.03609375
2 0.3121015625 0.62384765625 0.061703125000000004 0.0328515625
3 0.37478125 0.626259765625 0.0620625 0.03376953125
2 0.0686171875 0.645224609375 0.062234374999999995 0.03654296875
2 0.128640625 0.6528125 0.060406249999999995 0.03609375
2 0.18839062499999998 0.65396484375 0.06115625 0.0383984375
3 0.2495234375 0.657412109375 0.061546875 0.03748046875
3 0.309984375 0.658896484375 0.06059375 0.03654296875
3 0.3704609375 0.660849609375 0.062796875 0.03654296875
2 0.0479140625 0.7808203125 0.061453125 0.034296875
3 0.1077890625 0.783720703125 0.059328124999999995 0.03619140625
3 0.165328125 0.78859375 0.061906249999999996 0.038125
2 0.04459375 0.813955078125 0.057937499999999996 0.03806640625
3 0.102359375 0.818046875 0.06096875 0.0384375
3 0.1616015625 0.82369140625 0.060703125000000004 0.0341015625
3 0.040359374999999996 0.85005859375 0.05884374999999999 0.0399609375
3 0.09923437500000001 0.85396484375 0.06096875 0.0399609375
3 0.1582734375 0.857197265625 0.06029687500000001 0.03861328125
2 0.05 0.9814453125 0.0625 0.037109375
2 0.1083046875 0.9829296875 0.06035937500000001 0.032265625
3 0.1692734375 0.98392578125 0.057296875000000004 0.0303515625
3 0.036015625 0.174384765625 0.05953125 0.03236328125
3 0.0939296875 0.175078125 0.062859375 0.03375
3 0.1537734375 0.17599609375 0.060671875 0.0316796875
3 0.2120546875 0.17667968750000002 0.058484375 0.033046875
3 0.272265625 0.178291015625 0.06015625 0.03236328125
3 0.3308203125 0.181279296875 0.058515625 0.03443359375