2 0.06809375 0.266611328125 0.06118749999999999 0.03712890625
2 0.1290234375 0.269521484375 0.061171875 0.03904296875
2 0.18949218750000002 0.2748046875 0.06023437499999999 0.037890625
2 0.25103906249999997 0.2765625 0.061453125 0.0375
2 0.312140625 0.282001953125 0.061781249999999996 0.04056640625
2 0.372765625 0.283193359375 0.06115625 0.03904296875
2 0.43339062500000003 0.28728515625 0.06053125 0.0394140625
2 0.49553906249999996 0.289853515625 0.062953125 0.03673828125
2 0.5568359375 0.29333984375 0.060546875 0.0398046875
2 0.617765625 0.29609375 0.06053125 0.0375
2 0.67915625 0.299619140625 0.0614375 0.03673828125
2 0.07121875 0.302763671875 0.06118749999999999 0.03521484375
2 0.7412109375 0.3041015625 0.060546875 0.037890625
2 0.129484375 0.306279296875 0.06209375 0.03443359375
2 0.801765625 0.307109375 0.059781249999999994 0.03609375
2 0.190109375 0.309619140625 0.06146875 0.03330078125
2 0.8624609375000001 0.309501953125 0.059296875000000006 0.03697265625
2 0.25103906249999997 0.311572265625 0.061453125 0.03330078125
2 0.920859375 0.314482421875 0.06046875 0.03521484375
2 0.3118359375 0.316240234375 0.061171875 0.03482421875
2 0.3724609375 0.3178125 0.060546875 0.0340625
2 0.434 0.321337890625 0.061750000000000006 0.03330078125
2 0.4949296875 0.325810546875 0.061734374999999994 0.03443359375
2 0.5554296875 0.327197265625 0.06085937500000001 0.03330078125
2 0.6166640625 0.3334375 0.061453125 0.0340625
2 0.6774375 0.334619140625 0.061125 0.03251953125
2 0.07247656250000001 0.33630859375 0.060578125000000003 0.0398046875
2 0.7380859375 0.339677734375 0.060546875 0.03482421875
2 0.130125 0.34001953125 0.060250000000000005 0.0394140625
2 0.7982890625 0.34197265625 0.059078125 0.0355078125
2 0.191515625 0.34416015625 0.06115625 0.0359765625
2 0.858234375 0.346669921875 0.06021875 0.03318359375
2 0.252140625 0.346494140625 0.06053125 0.03673828125
2 0.9171093750000001 0.34818359375 0.062343749999999996 0.0323046875
2 0.312171875 0.349248046875 0.05871875 0.03443359375
2 0.9724765625 0.351513671875 0.054328125000000005 0.03115234375
2 0.3723046875 0.352158203125 0.06023437499999999 0.03634765625
1 0.4321328125 0.356064453125 0.061140625000000004 0.03634765625
2 0.494015625 0.358056640625 0.05990625000000001 0.03251953125
2 0.5537109375 0.361162109375 0.060546875 0.03482421875
2 0.6151015625 0.364873046875 0.061453125 0.03443359375
2 0.6743125 0.3683984375 0.061125 0.033671875
2 0.7351171875 0.3725 0.06085937500000001 0.0340625
2 0.79528125 0.376259765625 0.059312500000000004 0.03376953125
2 0.8550000000000001 0.380166015625 0.06 0.03376953125
2 0.9141484375 0.381826171875 0.059546875 0.03318359375
0 0.9708671875 0.386748046875 0.057359375000000004 0.03521484375
2 0.036765625 0.469951171875 0.06103125 0.04146484375
2 0.095640625 0.472001953125 0.06003125 0.03775390625
2 0.1560859375 0.475078125 0.059046875 0.03609375
2 0.21767187500000001 0.48033203125 0.060343749999999995 0.0387890625
2 0.2786171875 0.483828125 0.06035937500000001 0.03796875
2 0.3383203125 0.48865234375 0.061015625 0.0358984375
2 0.4004921875 0.49029296875 0.06035937500000001 0.0352734375
2 0.4612578125 0.493271484375 0.060015624999999996 0.03341796875
2 0.522375 0.498798828125 0.060375 0.03666015625
2 0.58375 0.50380859375 0.061250000000000006 0.0388671875
2 0.6448203125 0.5072265625 0.061515625 0.037890625
0 0.037015625 0.5077734375 0.06153125 0.035078125
0 0.09769531249999999 0.509521484375 0.061015625 0.03466796875
2 0.7055078124999999 0.5117578125 0.061015625 0.039140625
2 0.157734375 0.511884765625 0.05921875 0.03548828125
2 0.7661875 0.5127734375 0.0605 0.037265625
2 0.8266171874999999 0.514111328125 0.059484375 0.03603515625
2 0.2180078125 0.5155859375 0.061015625 0.035078125
2 0.2785390625 0.518671875 0.060203125 0.03734375
2 0.8866328125 0.5205859375 0.060765625000000004 0.037265625
2 0.946015625 0.5212109375 0.060781249999999995 0.038515625
0 0.33790624999999996 0.5230859375 0.060187500000000005 0.034453125
2 0.3986015625 0.52462890625 0.059703125 0.0336328125
2 0.46010937500000004 0.529052734375 0.060843749999999995 0.03466796875
2 0.5207265624999999 0.533701171875 0.060203125 0.03224609375
2 0.582453125 0.53708984375 0.061781249999999996 0.0351171875
2 0.6425156249999999 0.540517578125 0.06003125 0.03416015625
2 0.038328125000000005 0.541787109375 0.06103125 0.03279296875
2 0.097859375 0.5426171875 0.061343749999999996 0.034453125
2 0.7023828125 0.54318359375 0.061015625 0.0316796875
2 0.764875 0.54646484375 0.061 0.0304296875
2 0.1576484375 0.545703125 0.059046875 0.03671875
2 0.8232421875 0.54904296875 0.058984375 0.0316796875
2 0.217921875 0.549921875 0.060843749999999995 0.03734375
2 0.2786171875 0.553310546875 0.06035937500000001 0.03630859375
2 0.8821953125 0.553974609375 0.061265625000000004 0.02982421875
4 0.3381484375 0.554541015625 0.060671875 0.03486328125
2 0.941578125 0.554501953125 0.061281249999999995 0.03478515625
2 0.3982734375 0.560400390625 0.059046875 0.03486328125
2 0.4600234375 0.563583984375 0.060671875 0.03341796875
2 0.520375 0.56498046875 0.0595 0.0362109375
2 0.58115625 0.570068359375 0.06231250000000001 0.03466796875
2 0.641203125 0.572080078125 0.06053125 0.03478515625
2 0.7010625 0.575673828125 0.0615 0.03416015625
2 0.76125 0.580205078125 0.06 0.03541015625
2 0.8208671875 0.581220703125 0.060484375 0.03353515625
2 0.8806328125 0.58615234375 0.061265625000000004 0.0316796875
2 0.939765625 0.587080078125 0.060781249999999995 0.03353515625
2 0.11409375 0.065166015625 0.0594375 0.03658203125
2 0.055203125 0.066357421875 0.060406249999999995 0.03896484375
2 0.1744140625 0.0665234375 0.061328125 0.035390625
2 0.0587265625 0.68205078125 0.064328125 0.0437890625
2 0.2350234375 0.06947265625 0.060671875 0.0373828125
2 0.11954687500000001 0.68763671875 0.057843750000000006 0.0432421875
2 0.1782421875 0.68880859375 0.059609375 0.0377734375
2 0.2375 0.691357421875 0.059375 0.03896484375
0 0.2986484375 0.69318359375 0.059796875000000006 0.0387109375
2 0.3613515625 0.697353515625 0.060203125 0.03923828125
0 0.42220312499999996 0.701904296875 0.06003125 0.04052734375
2 0.295953125 0.072587890625 0.06065625 0.03580078125
2 0.48428125 0.70359375 0.059187500000000004 0.04
2 0.5453125 0.70685546875 0.059375 0.0387109375
2 0.60584375 0.709072265625 0.058562499999999997 0.03923828125
0 0.6667734375000001 0.710498046875 0.058546875 0.03818359375
2 0.72803125 0.714013671875 0.059187500000000004 0.03740234375
2 0.0599140625 0.715673828125 0.060453124999999996 0.02900390625
0 0.78803125 0.71701171875 0.0573125 0.0355859375
2 0.179171875 0.7191015625 0.06146875 0.031953125
2 0.11959374999999998 0.721064453125 0.0641875 0.02806640625
2 0.8482265625000001 0.720791015625 0.058953124999999995 0.03533203125
2 0.2394765625 0.7230078125 0.060203125 0.031953125
2 0.9088984375000001 0.723134765625 0.061546875 0.03611328125
2 0.9681328125 0.7265234375 0.058140625 0.035078125
0 0.2989609375 0.7265234375 0.060421875 0.031171875
2 0.35989062499999996 0.731083984375 0.060406249999999995 0.03248046875
2 0.4217890625 0.73564453125 0.059203125 0.0298828125
2 0.48271875 0.738369140625 0.059187500000000004 0.03142578125
2 0.5435390625000001 0.742802734375 0.062078125 0.03248046875
2 0.6048046874999999 0.7437109375 0.059609375 0.034296875
2 0.0614765625 0.744658203125 0.060453124999999996 0.03228515625
2 0.663859375 0.745791015625 0.05896875 0.03455078125
2 0.11980468749999999 0.748134765625 0.061484375 0.03533203125
0 0.7257421875000001 0.749443359375 0.057734375000000004 0.03404296875
1 0.1800078125 0.7503515625 0.060015624999999996 0.035859375
2 0.785734375 0.750869140625 0.05896875 0.03298828125
2 0.8440625 0.754775390625 0.056874999999999995 0.03298828125
0 0.238859375 0.755693359375 0.05896875 0.03091796875
2 0.9047968750000001 0.756474609375 0.06271875 0.03248046875
0 0.30032031249999996 0.7589453125 0.060015624999999996 0.033515625
2 0.9641093749999999 0.760771484375 0.06259375 0.02935546875
2 0.35628125 0.07728515625 0.0594375 0.0373828125
0 0.361453125 0.76193359375 0.060406249999999995 0.0355859375
0 0.4219921875 0.768447265625 0.059609375 0.03298828125
0 0.48115625 0.768837890625 0.059187500000000004 0.03376953125
2 0.542390625 0.77404296875 0.059781249999999994 0.0363671875
2 0.6025078125000001 0.777041015625 0.061265625000000004 0.03455078125
2 0.6620859375 0.77912109375 0.058546875 0.0348046875
1 0.7227265625 0.7808203125 0.05795312500000001 0.034296875
0 0.7832343749999999 0.783291015625 0.06021875 0.03533203125
2 0.8424531249999999 0.7874609375 0.05990625000000001 0.031953125
2 0.901921875 0.788115234375 0.06009375 0.03326171875
2 0.959421875 0.792275390625 0.06259375 0.03376953125
2 0.4787734375 0.080595703125 0.060671875 0.03619140625
2 0.4173671875 0.08123046875 0.05973437499999999 0.0413671875
2 0.539734375 0.08705078125 0.06071875 0.0373828125
3 0.029179687500000002 0.877705078125 0.058359375000000005 0.03666015625
2 0.60175 0.088212890625 0.059750000000000004 0.03580078125
3 0.085375 0.880986328125 0.05825 0.03541015625
2 0.1444140625 0.885087890625 0.060703125000000004 0.03580078125
2 0.2059296875 0.890693359375 0.06185937500000001 0.03919921875
2 0.265484375 0.894853515625 0.06221875 0.03580078125
2 0.3258359375 0.89705078125 0.061046875 0.0362890625
2 0.3871484375 0.899482421875 0.061796874999999994 0.03724609375
2 0.4471015625 0.90291015625 0.062953125 0.0362890625
2 0.507515625 0.910947265625 0.05878124999999999 0.04064453125
3 0.0294375 0.91228515625 0.058875 0.0316015625
3 0.087875 0.914501953125 0.056999999999999995 0.03212890625
2 0.5702499999999999 0.915107421875 0.062375 0.03724609375
2 0.6323359375 0.91607421875 0.061546875 0.0352734375
2 0.1453828125 0.9178125 0.062640625 0.03484375
2 0.692375 0.9184765625 0.059750000000000004 0.036171875
2 0.7529375 0.92193359375 0.059 0.0352734375
2 0.20553906250000004 0.92244140625 0.061078125000000004 0.0362890625
2 0.8125 0.924033203125 0.0625 0.03556640625
2 0.26666406249999997 0.926123046875 0.061453125 0.03193359375
0 0.8724140625000001 0.927490234375 0.057328124999999994 0.03466796875
0 0.9309062499999999 0.928994140625 0.061812500000000006 0.03376953125
2 0.32730468749999997 0.9290625 0.06085937500000001 0.03
2 0.387078125 0.933447265625 0.06165625 0.03095703125
0 0.44860156250000005 0.93759765625 0.062828125 0.0314453125
2 0.6625156249999999 0.094462890625 0.05940625000000001 0.03658203125
2 0.5089296875 0.9434765625 0.058484375 0.027578125
3 0.0296875 0.946064453125 0.059375 0.03666015625
3 0.0889609375 0.948076171875 0.059171875 0.03677734375
2 0.56921875 0.948837890625 0.060312500000000005 0.03048828125
0 0.6284375 0.950771484375 0.06 0.03044921875
2 0.1473515625 0.95173828125 0.060328124999999996 0.0362890625
2 0.68859375 0.9534765625 0.0615625 0.031953125
2 0.20729687500000002 0.95296875 0.06146875 0.03484375
2 0.7502578125 0.95392578125 0.06301562499999999 0.0289453125
0 0.8078828124999999 0.95677734375 0.059515625 0.0307421875
2 0.2655 0.956875 0.059125000000000004 0.03484375
2 0.8675546875 0.960234375 0.060109375 0.02984375
2 0.9269765624999999 0.9611328125 0.057078125 0.027734375
2 0.327203125 0.961767578125 0.06065625 0.03291015625
2 0.386375 0.9654296875 0.060250000000000005 0.032421875
2 0.44730468749999996 0.9693359375 0.06023437499999999 0.032421875
2 0.5077109375 0.972998046875 0.059171875 0.03193359375
2 0.723609375 0.099560546875 0.05971875 0.03896484375
2 0.5681015625 0.9766796875 0.061203125000000004 0.027578125
2 0.6289687500000001 0.97826171875 0.0610625 0.0307421875
0 0.6883515625000001 0.980517578125 0.061078125000000004 0.02744140625
1 0.7468125 0.9842578125 0.059250000000000004 0.031015625
2 0.805890625 0.98515625 0.061781249999999996 0.02890625
0 0.86484375 0.9873046875 0.0578125 0.025390625
2 0.05584374999999999 0.100126953125 0.06168749999999999 0.03619140625
2 0.1161328125 0.10072265625 0.060390624999999996 0.0373828125
2 0.7850390625 0.1019140625 0.060703125000000004 0.039765625
2 0.1756640625 0.1034375 0.060703125000000004 0.035
2 0.8451796874999999 0.105419921875 0.059109375 0.03896484375
2 0.23534375000000002 0.10419921875 0.061312500000000006 0.0326171875
2 0.9051796875000001 0.109130859375 0.06035937500000001 0.03857421875
2 0.295953125 0.11029296875 0.06065625 0.0369921875
2 0.3564375 0.11125 0.059750000000000004 0.035
2 0.96390625 0.1134375 0.0590625 0.039375
2 0.41628125000000005 0.117109375 0.060687500000000005 0.035
2 0.4789296875 0.1192578125 0.060984375 0.035390625
2 0.5394140625 0.12240234375 0.060078125 0.0377734375
2 0.6003437500000001 0.125517578125 0.0600625 0.03619140625
2 0.6611171875 0.131376953125 0.05973437499999999 0.03619140625
2 0.722046875 0.135478515625 0.05971875 0.03658203125
2 0.056929687500000006 0.13587890625 0.06073437499999999 0.0373828125
2 0.7814375 0.13899414062499998 0.059750000000000004 0.03580078125
0 0.11737500000000001 0.13921875 0.059750000000000004 0.04015625
2 0.1764296875 0.140380859375 0.059109375 0.03857421875
2 0.235796875 0.14193359375 0.05909375 0.0377734375
2 0.8406484375 0.142138671875 0.059421875 0.03818359375
2 0.900015625 0.14544921875 0.05940625000000001 0.0369921875
2 0.2962734375 0.146044921875 0.061296874999999994 0.03818359375
1 0.35628125 0.148193359375 0.0594375 0.03857421875
2 0.9592265624999999 0.14955078125 0.059078125 0.0373828125
2 0.41612499999999997 0.151904296875 0.060375 0.03818359375
2 0.47673437500000004 0.156201171875 0.05971875 0.03896484375
2 0.5383281249999999 0.16146484375 0.06103125 0.0377734375
0 0.5983046875 0.16322265625 0.059109375 0.0373828125
0 0.6579921875 0.166728515625 0.05973437499999999 0.03658203125
2 0.7186015625 0.16908203125 0.059078125 0.0373828125
2 0.7784765625000001 0.173583984375 0.060078125 0.03857421875
1 0.8389296875 0.17669921875 0.059109375 0.0369921875
0 0.8965703125 0.180205078125 0.058765625 0.03619140625
4 0.9570546875 0.185302734375 0.060984375 0.03857421875