3 0.8168984375000001 0.19703125 0.061921875 0.0346875
3 0.875625 0.20154296875 0.06375 0.0358984375
3 0.9363671874999999 0.207177734375 0.06023437499999999 0.03544921875
3 0.5735859375000001 0.31580078125 0.062796875 0.0378515625
3 0.6369296875 0.322421875 0.06448437500000001 0.039375
3 0.6968359375000001 0.32427734375 0.062421875 0.0352734375
3 0.76034375 0.328134765625 0.061312500000000006 0.03908203125
3 0.8233359374999999 0.333173828125 0.062296874999999995 0.04134765625
3 0.8830703124999999 0.337509765625 0.06301562499999999 0.03830078125
3 0.9437031250000001 0.3415625 0.062406249999999996 0.03859375
3 0.5704453125 0.3536328125 0.056515625 0.039296875
3 0.6323671875 0.359541015625 0.064734375 0.03939453125
3 0.694234375 0.363828125 0.060343749999999995 0.04015625
3 0.7548671875 0.36544921875 0.05973437499999999 0.0355859375
3 0.818734375 0.368388671875 0.06559374999999999 0.03755859375
3 0.8779999999999999 0.376357421875 0.059125000000000004 0.03787109375
3 0.9388359375 0.381171875 0.062046875 0.0396875
3 0.570046875 0.3924609375 0.061968749999999996 0.034921875
3 0.6303203125 0.396328125 0.063765625 0.03484375
2 0.6925546875 0.399091796875 0.060109375 0.03255859375
3 0.7515546875 0.402646484375 0.059359375000000006 0.03576171875
3 0.8139218749999999 0.4040625 0.06534375 0.0346875
3 0.8738359375 0.4095703125 0.057046875 0.037890625
3 0.9323671875 0.417177734375 0.064734375 0.04138671875
3 0.68721875 0.5381640625 0.0650625 0.041171875
3 0.7517734375 0.5403515625 0.066046875 0.033828125
3 0.80975 0.543828125 0.06637499999999999 0.036875
3 0.8743359375 0.54865234375 0.061171875 0.0348046875
3 0.9327578125 0.5501953125 0.059265625 0.030078125
3 0.7479921875 0.573349609375 0.061609375 0.03341796875
3 0.68721875 0.575302734375 0.0619375 0.03341796875
3 0.809203125 0.5782421875 0.06215625 0.031484375
3 0.9305234375 0.579638671875 0.061046875 0.03037109375
3 0.8686953125000001 0.580458984375 0.062390625 0.03591796875
3 0.6831484375 0.6065625 0.063171875 0.0334375
3 0.7452578125 0.605791015625 0.062390625 0.03580078125
3 0.8056953124999999 0.611162109375 0.058265625 0.03873046875
3 0.924828125 0.612294921875 0.06215625 0.02927734375
3 0.8641249999999999 0.615224609375 0.062625 0.03123046875
3 0.45131249999999995 0.0986328125 0.062 0.033203125
3 0.5134218749999999 0.1045703125 0.06121875 0.037265625
2 0.5742890625 0.10728515625 0.061078125000000004 0.0426953125
3 0.63559375 0.110537109375 0.061812500000000006 0.04529296875
3 0.698328125 0.11576171874999999 0.062281249999999996 0.0401171875
3 0.7582187499999999 0.120634765625 0.060187500000000005 0.03814453125
3 0.8174296875 0.122744140625 0.06298437500000001 0.03845703125
2 0.8805156249999999 0.12890625 0.057906250000000006 0.0390625
2 0.94021875 0.133701171875 0.06168749999999999 0.03693359375
2 0.9303359375 0.015009765625 0.060671875 0.03001953125
3 0.44934375 0.13806640625 0.0643125 0.0417578125
2 0.5110234375 0.14341796875 0.062671875 0.0407421875
3 0.5723046875 0.14529296875 0.06023437499999999 0.0405859375
3 0.6345156249999999 0.150400390625 0.06278125 0.03908203125
3 0.6955703125 0.154306640625 0.06301562499999999 0.03908203125
3 0.759625 0.1569921875 0.063 0.036640625
3 0.820296875 0.16300781250000002 0.059343749999999994 0.036953125
3 0.8796171875000001 0.16618164062500002 0.05923437499999999 0.03939453125
2 0.9378671875 0.17173828125 0.060109375 0.0387890625
3 0.44875 0.176572265625 0.063125 0.03673828125
2 0.50975 0.17896484375 0.060125 0.0415234375
3 0.5718984375 0.18330078125 0.062546875 0.0384765625
3 0.6348828125 0.188173828125 0.06351562499999999 0.03650390625
3 0.69765625 0.192236328125 0.0609375 0.03681640625
3 0.7576171875 0.194951171875 0.058984375 0.03833984375