2 0.03046875 0.79380859375 0.0578125 0.0329296875
2 0.091015625 0.79685546875 0.06015625 0.0351171875
2 0.14937499999999998 0.79822265625 0.058125 0.0339453125
2 0.209296875 0.805400390625 0.062343749999999996 0.03658203125
2 0.2675703125 0.808193359375 0.057015625 0.03435546875
0 0.033109375 0.828369140625 0.056843750000000005 0.03173828125
0 0.0919921875 0.83041015625 0.058984375 0.0319140625
2 0.151515625 0.832861328125 0.059281249999999994 0.03291015625
2 0.211484375 0.83837890625 0.06046875 0.0322265625
2 0.26935937499999996 0.8398828125 0.05746875 0.031328125
2 0.036234375 0.854873046875 0.056843750000000005 0.02224609375
0 0.09571875 0.85673828125 0.060187500000000005 0.0259765625
2 0.1520546875 0.86021484375 0.057234375000000004 0.0251171875
2 0.21120312500000002 0.864755859375 0.056781250000000005 0.02638671875
0 0.2680546875 0.867333984375 0.054859375 0.02373046875