2 0.5121796875 0.284111328125 0.058734375000000005 0.02916015625
2 0.5724218750000001 0.290966796875 0.06046875 0.03115234375
2 0.6312890624999999 0.29529296875 0.059453124999999996 0.0280859375
0 0.6909921875 0.2979296875 0.060109375 0.029453125
2 0.750359375 0.302158203125 0.06009375 0.02619140625
0 0.8098828125 0.305517578125 0.060390624999999996 0.02900390625
1 0.8681328125000001 0.310751953125 0.058140625 0.03166015625
2 0.9298125 0.31328125 0.059625 0.02890625
2 0.510640625 0.31708984375 0.061906249999999996 0.0326171875
1 0.9796875 0.3173828125 0.040625 0.029296875
2 0.5703125 0.3216796875 0.0625 0.030078125
2 0.6306406250000001 0.32328125 0.061281249999999995 0.029375
2 0.6903984375000001 0.324599609375 0.058921875 0.02419921875
0 0.7505859375 0.331630859375 0.060546875 0.03044921875
2 0.8108281249999999 0.33689453125 0.05915625 0.0331640625
2 0.8703984374999999 0.341298828125 0.059546875 0.03025390625
0 0.930265625 0.341669921875 0.06053125 0.02708984375
2 0.9794453125 0.345185546875 0.040140625 0.02630859375
2 0.50715625 0.34744140625 0.06118749999999999 0.0308203125
2 0.570640625 0.350986328125 0.06315625 0.03009765625
2 0.6294765625000001 0.354482421875 0.062078125 0.03318359375
2 0.6905078125 0.356865234375 0.059140625 0.04185546875
2 0.750953125 0.3640234375 0.061281249999999995 0.032734375
2 0.8112265624999999 0.36947265625 0.059953124999999996 0.0319140625
2 0.8704296875 0.37318359375 0.059609375 0.0315234375
2 0.9317421875 0.37412109375 0.06035937500000001 0.0333984375
2 0.98015625 0.375927734375 0.0384375 0.03701171875
2 0.3004296875 0.47125 0.06023437499999999 0.0284375
2 0.3608046875 0.474951171875 0.062234374999999995 0.02802734375
2 0.41934375 0.47693359375 0.057437499999999996 0.0319921875
0 0.47866406250000004 0.4807421875 0.060453124999999996 0.031796875
2 0.5377890625 0.487763671875 0.059953124999999996 0.03412109375
2 0.5983671875 0.492412109375 0.05923437499999999 0.03169921875
2 0.657078125 0.494365234375 0.06103125 0.03169921875
2 0.7181015625 0.499765625 0.061203125000000004 0.0346875
1 0.7781484375 0.502763671875 0.059421875 0.03677734375
2 0.2979765625 0.50462890625 0.061578125 0.0366015625
1 0.355953125 0.505478515625 0.061906249999999996 0.03439453125
2 0.838140625 0.508974609375 0.06065625 0.03357421875
2 0.41733593750000003 0.509853515625 0.059671875 0.03142578125
2 0.476625 0.5118359375 0.0595 0.031484375
2 0.8971718750000001 0.51310546875 0.05996875 0.0340234375
2 0.95703125 0.518134765625 0.0578125 0.03236328125
2 0.536625 0.5202734375 0.060750000000000005 0.028828125
2 0.5958593750000001 0.52494140625 0.06046875 0.0342578125
1 0.6579453125 0.52794921875 0.062765625 0.0363671875
2 0.71765625 0.53470703125 0.060312500000000005 0.0342578125
2 0.7774296875 0.538505859375 0.061109375 0.03404296875
2 0.8379609374999999 0.537841796875 0.06029687500000001 0.03271484375
2 0.2933671875 0.540498046875 0.061734374999999994 0.03412109375
2 0.3536796875 0.539091796875 0.060484375 0.03521484375
2 0.41508593749999995 0.544091796875 0.061421875 0.03740234375
2 0.4763515625 0.546650390625 0.062078125 0.03470703125
2 0.8987343750000001 0.54681640625 0.05996875 0.0350390625
2 0.9573828125 0.55072265625 0.058515625 0.0350390625
2 0.5356484375 0.5524609375 0.058796875000000005 0.034609375
2 0.5944765624999999 0.558837890625 0.060828125 0.03173828125
0 0.656046875 0.564345703125 0.06209375 0.03494140625
2 0.7164921875 0.568876953125 0.061109375 0.03228515625
2 0.7772109375 0.57328125 0.060671875 0.03328125
0 0.838140625 0.574267578125 0.06065625 0.03916015625
2 0.8973046874999999 0.581103515625 0.06023437499999999 0.03330078125
2 0.9577421875000001 0.58533203125 0.05923437499999999 0.0339453125
0 0.6551328125 0.699921875 0.057140625 0.0365625
2 0.714703125 0.705517578125 0.06065625 0.03212890625
2 0.7751171875 0.707802734375 0.059609375 0.03279296875
0 0.8346718750000001 0.7121484375 0.05996875 0.033671875
0 0.8933671875 0.71802734375 0.058609375 0.0298046875
0 0.9522812500000001 0.722109375 0.0576875 0.03015625
2 0.6545859375 0.73625 0.059171875 0.03890625
2 0.7149687499999999 0.73951171875 0.06118749999999999 0.0337109375
2 0.7749453125 0.74267578125 0.059265625 0.0361328125
0 0.8343125 0.748759765625 0.059250000000000004 0.03658203125
2 0.8942109374999999 0.752275390625 0.06029687500000001 0.03580078125
2 0.954640625 0.752958984375 0.059281249999999994 0.03326171875
2 0.65325 0.7725 0.059625 0.03328125
2 0.7140234375000001 0.77443359375 0.062421875 0.0371484375
2 0.7753828125 0.779296875 0.060140625 0.03515625
2 0.8346718750000001 0.784326171875 0.05996875 0.03349609375
2 0.8944375000000001 0.78578125 0.060750000000000005 0.0325
2 0.9544609375 0.787060546875 0.058921875 0.03505859375
2 0.4399453125 0.082470703125 0.058015625 0.03212890625
0 0.49853125 0.08564453125 0.0595625 0.0306640625
2 0.55740625 0.089619140625 0.058562499999999997 0.03080078125
2 0.6170546875 0.092275390625 0.059109375 0.03220703125
2 0.6764609375 0.095546875 0.059171875 0.0309375
2 0.7356640624999999 0.099248046875 0.058828124999999995 0.03443359375
2 0.7954609375 0.104833984375 0.059671875 0.03388671875
2 0.8539609374999999 0.107470703125 0.057921875 0.03134765625
2 0.4378046875 0.1106640625 0.056859375000000004 0.026015625
2 0.9127656249999999 0.111591796875 0.05990625000000001 0.03177734375
2 0.49596093750000003 0.114765625 0.060671875 0.0303125
2 0.9707734374999999 0.117021484375 0.057171875000000004 0.02701171875
2 0.5563515625 0.118515625 0.059578125 0.02609375
2 0.616 0.12137695312499999 0.060125 0.02400390625
2 0.6750390625 0.12308593749999999 0.059453124999999996 0.023515625
2 0.734609375 0.129638671875 0.059843749999999994 0.02490234375
2 0.79378125 0.133408203125 0.0594375 0.02462890625
1 0.8529609375 0.13705078125 0.059046875 0.0280078125
2 0.43403125 0.140615234375 0.058687500000000004 0.03513671875
2 0.9132734375 0.141240234375 0.060921875 0.02857421875
2 0.971828125 0.144228515625 0.05615625 0.02673828125
2 0.49409375000000005 0.14501953125 0.0600625 0.0322265625
2 0.5539531249999999 0.1475 0.06103125 0.03328125
2 0.6146640624999999 0.149912109375 0.060578125000000003 0.03419921875
2 0.6753203125 0.15365234375 0.060015624999999996 0.0377734375
2 0.73446875 0.159892578125 0.0595625 0.03462890625
2 0.7938359375 0.162021484375 0.059546875 0.03498046875
2 0.8549453124999999 0.166787109375 0.059890624999999996 0.03279296875
2 0.9144140625 0.17302734375 0.060078125 0.0335546875
2 0.97265625 0.173828125 0.0546875 0.03515625