2 0.291234375 0.2009375 0.06059375 0.03078125
2 0.3501875 0.20580078125 0.062875 0.0326953125
2 0.41035937499999997 0.20736328125 0.061343749999999996 0.0319140625
0 0.4693125 0.212978515625 0.063625 0.03142578125
2 0.14678125 0.02091796875 0.059187500000000004 0.0301171875
2 0.62790625 0.0222265625 0.0620625 0.032734375
1 0.53190625 0.21509765625 0.060687500000000005 0.0317578125
2 0.05242187499999999 0.215732421875 0.06109375 0.03302734375
2 0.11267968749999999 0.218603515625 0.05973437499999999 0.03095703125
2 0.5919375 0.219443359375 0.062 0.02873046875
2 0.169734375 0.223154296875 0.061343749999999996 0.03224609375
2 0.2276796875 0.226416015625 0.061609375 0.03095703125
2 0.6520078125000001 0.226103515625 0.063390625 0.03033203125
2 0.2876953125 0.23072265625 0.062890625 0.0317578125
2 0.713546875 0.232998046875 0.06146875 0.03240234375
2 0.207 0.025791015625 0.060875 0.02814453125
2 0.3473125 0.236748046875 0.063375 0.03208984375
2 0.772078125 0.238779296875 0.059781249999999994 0.03224609375
0 0.40895312500000003 0.238857421875 0.06478125 0.03240234375
0 0.4675546875 0.241650390625 0.063234375 0.03017578125
2 0.8340234375 0.2470703125 0.06492187499999999 0.033203125
2 0.05 0.24580078125 0.0625 0.0306640625
2 0.52753125 0.248388671875 0.061312500000000006 0.03193359375
2 0.8945078125 0.249462890625 0.057765625 0.03017578125
2 0.104640625 0.249423828125 0.062406249999999996 0.03400390625
0 0.591171875 0.251376953125 0.06046875 0.03400390625
2 0.68884375 0.027226562500000002 0.0589375 0.027109375
1 0.953109375 0.254169921875 0.059343749999999994 0.03177734375
2 0.1652109375 0.256279296875 0.064796875 0.03208984375
2 0.6512421875000001 0.2567578125 0.06185937500000001 0.033046875
2 0.22512499999999996 0.260107421875 0.06275 0.03193359375
2 0.28575 0.2641796875 0.062125 0.032265625
2 0.711921875 0.26494140625 0.061343749999999996 0.0298828125
2 0.7731796875 0.26728515625 0.061984375 0.0306640625
2 0.3436484375 0.26720703125 0.06542187499999999 0.0305078125
0 0.40499999999999997 0.271630859375 0.063125 0.03544921875
2 0.4666328125 0.275380859375 0.064515625 0.03513671875
2 0.8331640625000001 0.277373046875 0.060078125 0.03130859375
2 0.5261250000000001 0.28044921875 0.06475 0.0335546875
3 0.8945390625 0.28044921875 0.060953125 0.0335546875
1 0.954 0.283876953125 0.061125 0.03259765625
2 0.5891953125 0.28646484375 0.062765625 0.0338671875
2 0.6498125 0.29328125 0.062125 0.03578125
2 0.2659609375 0.030507812500000002 0.060046875 0.025859375
2 0.7121796875 0.296435546875 0.06185937500000001 0.03037109375
2 0.772625 0.299365234375 0.060875 0.03623046875
2 0.833734375 0.309794921875 0.06121875 0.02974609375
2 0.7488203125 0.033037109375 0.060140625 0.03482421875
2 0.32448437500000005 0.032919921875 0.06146875 0.02677734375
3 0.895046875 0.3141796875 0.061968749999999996 0.030703125
3 0.9558515625 0.31896484375 0.058578125 0.0324609375
2 0.385546875 0.03578125 0.06171875 0.02859375
0 0.8086171875 0.03568359375 0.060984375 0.0362109375
2 0.44444531249999997 0.039287109375000004 0.060765625000000004 0.02779296875
0 0.05053125000000001 0.384482421875 0.0604375 0.03068359375
1 0.11025 0.386376953125 0.06425 0.02666015625
2 0.166265625 0.395361328125 0.06065625 0.02900390625
2 0.225296875 0.396142578125 0.05996875 0.03056640625
2 0.284671875 0.403134765625 0.06309375 0.03283203125
2 0.34359375000000003 0.406884765625 0.0590625 0.03642578125
0 0.40355468749999995 0.406962890625 0.063359375 0.03658203125
3 0.86946875 0.041240234375000004 0.060812500000000005 0.03169921875
2 0.0452890625 0.414296875 0.062453125 0.03171875
2 0.1054296875 0.4146484375 0.06085937500000001 0.028515625
2 0.464625 0.41689453125 0.0605 0.0369140625
2 0.5249843750000001 0.420146484375 0.062468749999999997 0.03169921875
2 0.16353125 0.420927734375 0.0645625 0.02935546875
2 0.5863828125 0.4253515625 0.063390625 0.030390625
2 0.6482187500000001 0.428291015625 0.0620625 0.03626953125
2 0.220859375 0.427802734375 0.06359375 0.03138671875
2 0.5054453125 0.042949218750000004 0.060890625 0.0312109375
2 0.029125 0.044326171875 0.055125 0.03005859375
2 0.28064062500000003 0.434072265625 0.06440625 0.03220703125
2 0.7084453125 0.434638671875 0.060640625000000004 0.02943359375
2 0.342234375 0.437724609375 0.06259375 0.02779296875
2 0.40049999999999997 0.4408203125 0.0635 0.030078125
2 0.7697734374999999 0.44220703125 0.061421875 0.0328515625
2 0.8294218750000001 0.44408203125 0.061968749999999996 0.0366015625
2 0.038484375 0.4470703125 0.06446874999999999 0.034765625
2 0.102359375 0.44841796875 0.06409375 0.0374609375
2 0.463328125 0.448720703125 0.06415625 0.03025390625
2 0.5255703125 0.451162109375 0.06364062499999999 0.03123046875
2 0.8925625 0.453857421875 0.060125 0.03662109375
2 0.1578203125 0.45376953125 0.065640625 0.0364453125
3 0.951546875 0.455888671875 0.059343749999999994 0.03287109375
2 0.585078125 0.455966796875 0.06390625 0.02912109375
2 0.21714843749999999 0.46109375 0.062421875 0.03546875
2 0.6465234375 0.462314453125 0.061796874999999994 0.03400390625
2 0.7094140624999999 0.465244140625 0.059453124999999996 0.03205078125
2 0.2773203125 0.466796875 0.067140625 0.03515625
3 0.929890625 0.0467578125 0.059781249999999994 0.031015625
2 0.5647734375 0.048798828125 0.06079687499999999 0.03119140625
2 0.3393671875 0.469404296875 0.063109375 0.03646484375
2 0.7698359375 0.47501953125 0.061546875 0.0320703125
2 0.39984375 0.474853515625 0.06218749999999999 0.03564453125
2 0.461375 0.4803125 0.063375 0.03484375
2 0.8309218749999999 0.4803125 0.061843749999999996 0.03484375
2 0.5227031249999999 0.48298828125 0.06103125 0.0323828125
3 0.8917890625 0.485849609375 0.061703125000000004 0.04201171875
2 0.5852109375000001 0.487548828125 0.064171875 0.03369140625
2 0.08447656249999999 0.0498828125 0.059578125 0.029453125
2 0.1419609375 0.051240234375 0.058921875 0.02826171875
3 0.9528515625 0.491298828125 0.061953125 0.03728515625
2 0.6461328125 0.496591796875 0.061015625 0.03224609375
2 0.7076718750000001 0.500419921875 0.06221875 0.03599609375
2 0.6271875 0.0515234375 0.060625 0.028828125
2 0.77003125 0.508720703125 0.0619375 0.03306640625
2 0.8315078124999999 0.51685546875 0.06301562499999999 0.0337109375
3 0.8923046875 0.5180859375 0.059609375 0.036171875
1 0.953109375 0.525888671875 0.062468749999999997 0.03224609375
2 0.20218750000000002 0.054150390625 0.060625 0.03017578125
2 0.26272656250000004 0.056796875 0.059828124999999996 0.02765625
2 0.687796875 0.05783203125 0.05996875 0.0336328125
2 0.3223203125 0.060830078125 0.060265625 0.02791015625
2 0.0866640625 0.589443359375 0.057703125 0.03435546875
2 0.14478125 0.59455078125 0.0583125 0.0367578125
2 0.2036484375 0.600166015625 0.060421875 0.03626953125
2 0.2631640625 0.603173828125 0.060703125000000004 0.03056640625
2 0.32229687500000004 0.610419921875 0.06021875 0.03724609375
1 0.38332812499999996 0.614326171875 0.060406249999999995 0.03724609375
2 0.442984375 0.6183984375 0.06096875 0.037578125
2 0.0815546875 0.62236328125 0.059984375 0.0337890625
0 0.5045703125000001 0.624794921875 0.059140625 0.03865234375
2 0.7490078125 0.06462890625 0.060515624999999997 0.0316015625
2 0.381265625 0.064990234375 0.06253125000000001 0.02841796875
2 0.1411796875 0.626806640625 0.057359375000000004 0.03486328125
2 0.56459375 0.628583984375 0.0604375 0.03841796875
2 0.2004765625 0.632783203125 0.060328124999999996 0.03509765625
0 0.625703125 0.634609375 0.060781249999999995 0.03484375
2 0.6862578125 0.637978515625 0.060015624999999996 0.03376953125
0 0.2588125 0.6382421875 0.061375 0.038203125
2 0.31935156249999996 0.646103515625 0.05745312500000001 0.03439453125
2 0.74784375 0.646572265625 0.061312500000000006 0.03533203125
2 0.37959375 0.648076171875 0.06231250000000001 0.03833984375
2 0.8087031250000001 0.64912109375 0.06115625 0.0326171875
2 0.44113281249999997 0.654921875 0.060390624999999996 0.03640625
2 0.07667968750000001 0.656708984375 0.059609375 0.03607421875
3 0.8686406249999999 0.656142578125 0.062281249999999996 0.03103515625
3 0.929921875 0.66119140625 0.059843749999999994 0.0333203125
2 0.134703125 0.660927734375 0.06003125 0.04060546875
2 0.502828125 0.660966796875 0.061906249999999996 0.03677734375
2 0.5634140624999999 0.6643359375 0.061203125000000004 0.035703125
2 0.1963984375 0.668193359375 0.058421875 0.03560546875
0 0.624859375 0.668662109375 0.06221875 0.03654296875
2 0.2536484375 0.674228515625 0.060421875 0.03595703125
2 0.687578125 0.67552734375 0.05953125 0.0385546875
2 0.74778125 0.677978515625 0.06118749999999999 0.03564453125
2 0.3164296875 0.6786328125 0.060984375 0.040859375
2 0.3769296875 0.683046875 0.060109375 0.03796875
2 0.442 0.068095703125 0.059 0.03072265625
0 0.8096249999999999 0.069912109375 0.059875 0.03044921875
2 0.807625 0.683759765625 0.062125 0.03548828125
2 0.43783593749999994 0.689853515625 0.063171875 0.03595703125
3 0.8683828124999999 0.6896875 0.061765625000000005 0.03171875
3 0.9295937500000001 0.693271484375 0.059187500000000004 0.03498046875
2 0.500984375 0.696845703125 0.061343749999999996 0.03822265625
2 0.5605078125 0.70140625 0.061640625000000004 0.03953125
2 0.62196875 0.706015625 0.0626875 0.03703125
2 0.6856953125 0.70998046875 0.062015625 0.0371484375
2 0.7459140625 0.715654296875 0.060578125000000003 0.03677734375
3 0.8080546875 0.72087890625 0.06298437500000001 0.0355078125
3 0.8705234374999999 0.07404296875 0.059796875000000006 0.0308984375
2 0.50309375 0.07298828125 0.059312500000000004 0.0287890625
3 0.8698124999999999 0.7273046875 0.0615 0.040546875
3 0.9299843750000001 0.7294140625 0.05996875 0.033046875
3 0.929703125 0.0782421875 0.05940625000000001 0.031484375
2 0.5652109375000001 0.07930664062500001 0.061671875 0.02970703125
2 0.06867187500000001 0.786201171875 0.05609375 0.03724609375
2 0.1253203125 0.7921875 0.060015624999999996 0.0375
2 0.1841640625 0.7956640625 0.058953124999999995 0.036640625
2 0.24221875 0.801708984375 0.0594375 0.03701171875
1 0.3012890625 0.811044921875 0.058828124999999995 0.03615234375
2 0.361515625 0.81447265625 0.06053125 0.0391015625
2 0.6248515625 0.082880859375 0.059078125 0.03294921875
2 0.4204609375 0.821982421875 0.062796875 0.03849609375
2 0.060640625000000004 0.822724609375 0.05878124999999999 0.03998046875
2 0.4832109375 0.82791015625 0.063296875 0.0386328125
2 0.120109375 0.830234375 0.06209375 0.039375
2 0.1779609375 0.8325390625 0.059046875 0.036171875
2 0.5436484375 0.8333984375 0.062296874999999995 0.037890625
2 0.6032421875 0.8378515625 0.059609375 0.038984375
2 0.237734375 0.84025390625 0.059843749999999994 0.0398828125
1 0.663609375 0.843798828125 0.06159375 0.04306640625
2 0.298 0.847509765625 0.061625 0.03876953125
2 0.7255703125 0.8492578125 0.060515624999999997 0.038359375
2 0.3595078125 0.852216796875 0.059640625 0.04037109375
2 0.7867031250000001 0.854755859375 0.060906249999999995 0.03763671875
2 0.056640625 0.8570703125 0.06015625 0.034453125
2 0.8473906250000001 0.85845703125 0.060406249999999995 0.0450390625
2 0.41971875000000003 0.858798828125 0.061312500000000006 0.03791015625
2 0.6875625000000001 0.08748046875 0.0595 0.0304296875
2 0.48090625 0.858642578125 0.061812500000000006 0.03369140625
3 0.9060312500000001 0.862060546875 0.0589375 0.03662109375
2 0.1140859375 0.864140625 0.059421875 0.03296875
3 0.967875 0.86767578125 0.063875 0.0361328125
2 0.1731953125 0.868173828125 0.062015625 0.03322265625
2 0.5414453124999999 0.870302734375 0.061015625 0.03357421875
2 0.6018984374999999 0.873583984375 0.063171875 0.03232421875
2 0.23465625 0.875576171875 0.0599375 0.03630859375
2 0.6637734375 0.880810546875 0.061921875 0.03505859375
2 0.2949765625 0.88330078125 0.061828125 0.0322265625
2 0.7254765625 0.884404296875 0.060328124999999996 0.03443359375
2 0.3556875 0.89064453125 0.0645 0.0351953125
2 0.78665625 0.892861328125 0.060812500000000005 0.03962890625
2 0.415578125 0.894267578125 0.062406249999999996 0.03853515625
2 0.8473906250000001 0.896494140625 0.060406249999999995 0.03517578125
2 0.47778124999999994 0.8974609375 0.061812500000000006 0.041015625
3 0.9060312500000001 0.89880859375 0.0589375 0.0358984375
3 0.966734375 0.905126953125 0.06159375 0.04072265625
2 0.5403749999999999 0.906103515625 0.062 0.03876953125
2 0.60165625 0.909482421875 0.0626875 0.04162109375
2 0.6633281249999999 0.917392578125 0.06103125 0.03791015625
2 0.74809375 0.09236328125 0.061812500000000006 0.0284765625
2 0.725625 0.9203125 0.060625 0.0359375
2 0.7856328125 0.928525390625 0.061890625 0.04064453125
2 0.847296875 0.93400390625 0.06021875 0.0398828125
3 0.90784375 0.936328125 0.0594375 0.040625
3 0.9681484375 0.942265625 0.061296874999999994 0.03296875
2 0.8084296875 0.099912109375 0.060609375 0.03185546875
2 0.86946875 0.102080078125 0.060812500000000005 0.02837890625
2 0.9303125 0.107646484375 0.060625 0.02779296875
2 0.44829687500000004 0.01296875 0.05909375 0.0259375
2 0.50609375 0.013779296875 0.06218749999999999 0.02755859375
0 0.03396875 0.01509765625 0.055437499999999994 0.0301953125
2 0.567578125 0.016337890625 0.06015625 0.02876953125
2 0.08942187500000001 0.0181640625 0.06009375 0.032421875
2 0.0596328125 0.183203125 0.06301562499999999 0.03046875
2 0.116890625 0.1890625 0.061906249999999996 0.03046875
2 0.1715859375 0.193203125 0.058796875000000005 0.0309375
2 0.23143750000000002 0.19563476562499998 0.062875 0.03189453125