2 0.6750468749999999 0.020625 0.05946875 0.04125
2 0.7826796875 0.197958984375 0.062234374999999995 0.03654296875
2 0.8433203125000001 0.20453125 0.061640625000000004 0.03796875
3 0.2907109375 0.205810546875 0.062671875 0.03662109375
2 0.9025624999999999 0.207021484375 0.061375 0.03513671875
3 0.35290625000000003 0.2090234375 0.0620625 0.035234375
3 0.415203125 0.20978515625 0.06165625 0.0367578125
2 0.96465625 0.211904296875 0.0605625 0.03708984375
2 0.47553906250000005 0.21380859375 0.060453124999999996 0.0330859375
2 0.5360703124999999 0.218408203125 0.062765625 0.03447265625
2 0.5968984374999999 0.221689453125 0.059421875 0.03322265625
0 0.6562109375 0.227265625 0.062421875 0.03265625
2 0.7186171875 0.22765625 0.062234374999999995 0.0334375
2 0.736046875 0.025703125 0.05959375 0.04359375
2 0.780265625 0.23490234375 0.06053125 0.0362109375
2 0.84146875 0.238994140625 0.0641875 0.03267578125
3 0.2905078125 0.240966796875 0.062265625000000005 0.03271484375
3 0.3525 0.243681640625 0.061250000000000006 0.03423828125
2 0.89921875 0.2431640625 0.0640625 0.033203125
2 0.9595390625 0.246982421875 0.062828125 0.03302734375
3 0.4137421875 0.2468359375 0.06185937500000001 0.036640625
2 0.47553906250000005 0.25017578125 0.060453124999999996 0.0355078125
2 0.5367734375000001 0.252451171875 0.061046875 0.03615234375
2 0.5944843750000001 0.2566015625 0.060843749999999995 0.032734375
0 0.655359375 0.261376953125 0.06071875 0.03447265625
2 0.7163125 0.26259765625 0.060750000000000005 0.0408203125
0 0.77784375 0.26962890625 0.0619375 0.0353515625
2 0.8368593750000001 0.272734375 0.06121875 0.03375
1 0.8955234375 0.2782421875 0.062921875 0.036953125
2 0.9564140625 0.281259765625 0.062828125 0.03517578125
2 0.7966328125000001 0.028916015625 0.062015625 0.03830078125
2 0.8580703125 0.033701171875000005 0.059890624999999996 0.04396484375
3 0.25115625 0.03583984375 0.06168749999999999 0.0365234375
3 0.3109296875 0.03744140625 0.062484375 0.0358203125
3 0.33239843750000003 0.37869140625 0.061671875 0.0386328125
3 0.3937734375 0.382529296875 0.059421875 0.03849609375
2 0.4545 0.384296875 0.062125 0.038125
2 0.51675 0.388525390625 0.061625 0.03876953125
2 0.917796875 0.039833984375 0.06059375 0.04060546875
2 0.579359375 0.3919140625 0.061843749999999996 0.037734375
2 0.6398984375000001 0.3968359375 0.061046875 0.039765625
2 0.7011406250000001 0.398974609375 0.06165625 0.03623046875
2 0.7618437499999999 0.4055859375 0.06118749999999999 0.033828125
2 0.8238749999999999 0.4088671875 0.060250000000000005 0.036484375
2 0.9734375 0.0419921875 0.053125 0.041015625
3 0.37171875 0.042060546875 0.0590625 0.03724609375
2 0.885203125 0.411259765625 0.06103125 0.03345703125
3 0.3326953125 0.41529296875 0.062265625000000005 0.0337109375
2 0.9454921875 0.415361328125 0.05973437499999999 0.03775390625
3 0.3928203125 0.4199609375 0.060640625000000004 0.035234375
2 0.454859375 0.421533203125 0.06284375 0.03447265625
2 0.5168515625000001 0.424052734375 0.061828125 0.03169921875
2 0.57759375 0.427763671875 0.0614375 0.03130859375
3 0.432203125 0.043925781250000004 0.061281249999999995 0.0370703125
2 0.639140625 0.431552734375 0.06265625 0.03498046875
2 0.7007890625 0.4352734375 0.060953125 0.034609375
2 0.7600781249999999 0.4394921875 0.060781249999999995 0.035234375
2 0.8215625 0.442646484375 0.061875 0.03373046875
2 0.8805624999999999 0.445234375 0.057999999999999996 0.035
3 0.33214062499999997 0.44970703125 0.06115625 0.0322265625
2 0.94015625 0.450205078125 0.0615625 0.03322265625
2 0.392921875 0.45392578125 0.060843749999999995 0.0328515625
2 0.45465625000000004 0.456953125 0.0624375 0.035
2 0.51609375 0.457392578125 0.060312500000000005 0.03587890625
2 0.57603125 0.462060546875 0.0614375 0.03740234375
2 0.6372265625 0.465712890625 0.061953125 0.03298828125
2 0.6970078125 0.471953125 0.059640625 0.03765625
2 0.7566484375 0.475478515625 0.060171875 0.03298828125
2 0.8178281249999999 0.47837890625 0.06065625 0.0348828125
0 0.8766875000000001 0.48279296875 0.059625 0.0358984375
2 0.9350625000000001 0.484111328125 0.060750000000000005 0.03462890625
2 0.49232812499999995 0.049697265625 0.05965625 0.03689453125
2 0.55253125 0.050576171875 0.061312500000000006 0.04255859375
1 0.612328125 0.054306640625 0.05903125 0.03830078125
2 0.67440625 0.060175781250000004 0.061312500000000006 0.0383203125
3 0.331484375 0.58703125 0.059843749999999994 0.03734375
3 0.392578125 0.58765625 0.06328125 0.0346875
2 0.4533046875 0.593076171875 0.062859375 0.03380859375
2 0.5158125 0.5962890625 0.062875 0.032421875
2 0.5759531250000001 0.60189453125 0.061281249999999995 0.0319140625
2 0.63790625 0.604482421875 0.06331250000000001 0.03318359375
2 0.698078125 0.61021484375 0.061781249999999996 0.0329296875
2 0.7600625 0.61185546875 0.063875 0.0323046875
2 0.8216171875 0.616337890625 0.065109375 0.03736328125
0 0.8811328125 0.619541015625 0.062265625000000005 0.03595703125
1 0.331484375 0.620166015625 0.059843749999999994 0.02939453125
0 0.392125 0.620234375 0.062375 0.0334375
2 0.941234375 0.623447265625 0.06684375000000001 0.03595703125
2 0.735765625 0.065048828125 0.06215625 0.04025390625
2 0.45260156250000005 0.625849609375 0.061453125 0.03294921875
2 0.514796875 0.6305078125 0.060843749999999995 0.034453125
2 0.574640625 0.636376953125 0.061781249999999996 0.03447265625
2 0.636640625 0.63693359375 0.06390625 0.0316796875
0 0.6965078124999999 0.64228515625 0.061765625000000005 0.0345703125
2 0.757140625 0.644443359375 0.06428125 0.03498046875
0 0.8188437499999999 0.649462890625 0.0626875 0.02939453125
1 0.33103125 0.6533203125 0.0589375 0.033203125
0 0.8766015625 0.652998046875 0.062578125 0.03255859375
2 0.9362812500000001 0.655771484375 0.0631875 0.03419921875
2 0.39166406249999997 0.65685546875 0.061453125 0.0324609375
2 0.4522421875 0.66076171875 0.06073437499999999 0.0363671875
2 0.512828125 0.662841796875 0.06003125 0.03271484375
2 0.5725781249999999 0.6686328125 0.060781249999999995 0.032578125
2 0.6344765625 0.66958984375 0.062703125 0.0344921875
2 0.6953437499999999 0.67638671875 0.0625625 0.0324609375
1 0.754671875 0.67826171875 0.062468749999999997 0.0323046875
1 0.8140703125 0.681044921875 0.06251562499999999 0.03396484375
2 0.795 0.06815429687499999 0.061875 0.04255859375
2 0.8743984375 0.68525390625 0.061296874999999994 0.0306640625
2 0.932953125 0.689619140625 0.06278125 0.03548828125
2 0.8555078125 0.0740234375 0.061015625 0.038671875
2 0.9118984375 0.078642578125 0.06442187499999999 0.03619140625
3 0.175 0.78169921875 0.059375 0.0321484375
3 0.236234375 0.78724609375 0.05996875 0.0315234375
2 0.29777343749999996 0.790400390625 0.061171875 0.03392578125
2 0.35910937499999995 0.794931640625 0.061968749999999996 0.03126953125
2 0.419546875 0.799287109375 0.06096875 0.03216796875
2 0.4807890625 0.801806640625 0.061578125 0.03330078125
2 0.5432734375 0.8058984375 0.061546875 0.033671875
2 0.603703125 0.810498046875 0.06053125 0.03505859375
2 0.6636953125 0.813525390625 0.061765625000000005 0.03330078125
2 0.17640625000000001 0.8163671875 0.06218749999999999 0.035078125
3 0.115390625 0.816611328125 0.06203125 0.03556640625
2 0.7260390625 0.81837890625 0.061453125 0.0351953125
2 0.2374921875 0.81951171875 0.059359375000000006 0.0335546875
2 0.787640625 0.821083984375 0.05965625 0.03279296875
2 0.2962578125 0.823173828125 0.061265625000000004 0.03306640625
2 0.8463984375000001 0.824423828125 0.061546875 0.03556640625
3 0.3589609375 0.8253125 0.061671875 0.02953125
2 0.9060859375 0.827958984375 0.059046875 0.03482421875
2 0.9662578125 0.829345703125 0.063765625 0.03369140625
3 0.41934375 0.82896484375 0.0605625 0.0290234375
3 0.48089062499999996 0.8362109375 0.061781249999999996 0.031796875
1 0.970265625 0.08370117187500001 0.059281249999999994 0.04240234375
2 0.5415078125 0.84037109375 0.061140625000000004 0.0323046875
2 0.6026484375 0.843017578125 0.061546875 0.02978515625
2 0.6624375 0.847177734375 0.062375 0.03029296875
3 0.116203125 0.84775390625 0.06365625 0.0275390625
2 0.175453125 0.849140625 0.060281249999999995 0.0303125
2 0.7242734375000001 0.85001953125 0.061046875 0.0281640625
2 0.23698437500000002 0.853232421875 0.06146875 0.03458984375
2 0.7833046875 0.8541796875 0.06035937500000001 0.032578125
3 0.3578515625 0.855 0.062578125 0.0303125
3 0.29617187500000003 0.856318359375 0.06109375 0.02904296875
2 0.8440468750000001 0.85669921875 0.05996875 0.0298046875
2 0.90265625 0.860732421875 0.058437499999999996 0.03005859375
3 0.4192421875 0.85978515625 0.06035937500000001 0.0320703125
2 0.962328125 0.862431640625 0.06215625 0.03345703125
3 0.4796796875 0.867724609375 0.059359375000000006 0.03232421875
2 0.5399453125 0.87251953125 0.061140625000000004 0.0301953125
2 0.6006328125 0.87453125 0.060640625000000004 0.03421875
2 0.6602187500000001 0.8786328125 0.0610625 0.030703125
2 0.7213046875 0.879765625 0.06135937500000001 0.03296875
2 0.781140625 0.8848046875 0.05915625 0.031328125
2 0.8407734375 0.88619140625 0.062796875 0.0301953125
2 0.901203125 0.89029296875 0.05865625 0.0305859375
2 0.9584531249999999 0.892939453125 0.06065625 0.02806640625
2 0.43178124999999995 0.01265625 0.0604375 0.0253125
2 0.4934609375 0.0153125 0.061921875 0.030625
2 0.5558046875 0.015576171875 0.058484375 0.03115234375
3 0.2918671875 0.170703125 0.06185937500000001 0.0328125
3 0.35280468750000005 0.17310546875 0.06185937500000001 0.0376171875
3 0.41500000000000004 0.175361328125 0.061250000000000006 0.03431640625
2 0.6158750000000001 0.01796875 0.059875 0.0359375
3 0.47620312499999995 0.179404296875 0.061781249999999996 0.03458984375
2 0.5375859375 0.183125 0.062671875 0.038125
2 0.5995234375 0.18521484375 0.061546875 0.0383984375
2 0.661125 0.18943359375 0.062875 0.0390234375
2 0.72215625 0.1937109375 0.0599375 0.035859375