3 0.0917109375 0.02125 0.061546875 0.0346875
2 0.758375 0.020576171875 0.0605 0.04115234375
2 0.29714062500000005 0.197080078125 0.05990625000000001 0.03478515625
2 0.84771875 0.198427734375 0.0610625 0.03357421875
2 0.907890625 0.20017578125 0.05953125 0.0331640625
2 0.357125 0.20236328125 0.061125 0.0336328125
2 0.4177578125 0.205791015625 0.060515624999999997 0.03658203125
2 0.96778125 0.2080078125 0.0605625 0.037109375
2 0.478671875 0.20751953125 0.06046875 0.0361328125
2 0.5402890625000001 0.210029296875 0.061828125 0.03724609375
2 0.60253125 0.21576171875 0.061312500000000006 0.0369921875
2 0.6629375 0.220361328125 0.060250000000000005 0.03837890625
3 0.055734375 0.22175781249999998 0.05834375000000001 0.037265625
3 0.11628125 0.2234375 0.060687500000000005 0.040625
2 0.72425 0.223544921875 0.061 0.04083984375
2 0.1759453125 0.22560546875 0.061265625000000004 0.0371484375
2 0.78478125 0.227294921875 0.060187500000000005 0.03662109375
3 0.23646875 0.23083984375 0.0604375 0.0398046875
2 0.8441484375 0.23322265625 0.060171875 0.0367578125
3 0.29600781249999997 0.235048828125 0.060765625000000004 0.04041015625
3 0.152734375 0.024150390625 0.05859375 0.03658203125
2 0.818109375 0.024990234375 0.06434375 0.04216796875
2 0.9046328125 0.2358203125 0.059265625 0.038046875
2 0.356515625 0.23853515625 0.05990625000000001 0.0395703125
1 0.41821875000000003 0.24189453125 0.0614375 0.0384765625
2 0.9641796875 0.2413671875 0.059609375 0.033515625
2 0.4782265625 0.245859375 0.059578125 0.03859375
2 0.538234375 0.24837890625 0.060843749999999995 0.0397265625
0 0.6004453125 0.2521875 0.060265625 0.03953125
2 0.6598203125000001 0.256044921875 0.060265625 0.03943359375
2 0.7214921875 0.261572265625 0.061734374999999994 0.03876953125
2 0.7812421875 0.265390625 0.059359375000000006 0.03859375
2 0.840921875 0.26955078125 0.05996875 0.0391015625
3 0.21291406249999997 0.028173828125 0.060203125 0.04072265625
2 0.9016796875 0.274384765625 0.059609375 0.03705078125
2 0.9609921874999999 0.279306640625 0.059484375 0.03908203125
3 0.2727890625 0.029794921875 0.058078125 0.04005859375
2 0.877328125 0.03095703125 0.05778124999999999 0.0423828125
2 0.33203125 0.03166015625 0.0609375 0.0398828125
2 0.937140625 0.03439453125 0.061781249999999996 0.0414453125
1 0.39260937500000004 0.036083984375 0.06021875 0.04091796875
3 0.0754375 0.360947265625 0.060250000000000005 0.03439453125
3 0.134765625 0.3605078125 0.06015625 0.033515625
2 0.19632812500000002 0.36140625 0.061406249999999996 0.0353125
2 0.2552265625 0.36740234375 0.060453124999999996 0.0355859375
2 0.3169453125 0.368896484375 0.062015625 0.03466796875
2 0.377765625 0.373583984375 0.061781249999999996 0.03623046875
2 0.440171875 0.376455078125 0.06159375 0.03416015625
2 0.5020625 0.382958984375 0.060375 0.03935546875
2 0.5639921875 0.386865234375 0.062359374999999995 0.03544921875
2 0.6243515625 0.388623046875 0.064328125 0.03505859375
3 0.07466406249999999 0.39388671875 0.058703125 0.0338671875
2 0.13566406250000002 0.3948828125 0.061953125 0.031953125
2 0.6866953125 0.39611328125 0.06401562499999999 0.0344140625
2 0.7488359375 0.396376953125 0.06642187499999999 0.03494140625
2 0.1964296875 0.3980078125 0.061609375 0.034296875
2 0.8106562500000001 0.4022265625 0.0650625 0.034921875
2 0.2553359375 0.402373046875 0.060671875 0.03521484375
3 0.3163203125 0.405107421875 0.060765625000000004 0.03677734375
2 0.86825 0.40861328125 0.0615 0.0359765625
3 0.37766406249999995 0.409345703125 0.061578125 0.03744140625
2 0.45406250000000004 0.04111328125 0.061250000000000006 0.0431640625
2 0.9303828125000001 0.411083984375 0.063890625 0.03701171875
1 0.4397578125 0.411748046875 0.060765625000000004 0.03443359375
2 0.5005 0.415263671875 0.060375 0.03365234375
2 0.562109375 0.421376953125 0.06171875 0.03416015625
2 0.623046875 0.42515625 0.06171875 0.03390625
2 0.136625 0.428388671875 0.060750000000000005 0.03646484375
2 0.5146328125 0.044501953125 0.060515624999999997 0.04212890625
3 0.0763984375 0.430986328125 0.059046875 0.03775390625
2 0.6850234375 0.43017578125 0.063796875 0.0322265625
2 0.7463828125 0.43193359375 0.064640625 0.0357421875
3 0.19517968749999998 0.43109375 0.059109375 0.0340625
3 0.2552265625 0.4367578125 0.060453124999999996 0.033671875
2 0.8067890625 0.438046875 0.066703125 0.03234375
3 0.31637499999999996 0.440537109375 0.060875 0.03341796875
2 0.8652890624999999 0.441953125 0.064953125 0.03234375
2 0.9245468750000001 0.4456640625 0.06471875 0.031953125
3 0.377875 0.445361328125 0.062 0.03525390625
1 0.4394453125 0.447041015625 0.060140625 0.03470703125
1 0.5007109375 0.44951171875 0.06079687499999999 0.0357421875
2 0.5620078125 0.456875 0.061515625 0.03484375
2 0.6216406250000001 0.459287109375 0.06203125 0.03576171875
2 0.68184375 0.463388671875 0.0636875 0.03224609375
2 0.742578125 0.467802734375 0.06328125 0.03716796875
2 0.573640625 0.0491015625 0.059781249999999994 0.043515625
0 0.80334375 0.4707421875 0.06293750000000001 0.035234375
1 0.8633046875 0.475693359375 0.064109375 0.03341796875
2 0.920796875 0.4785546875 0.06346874999999999 0.035234375
2 0.6341015624999999 0.05197265625 0.058828124999999995 0.0414453125
2 0.6966015624999999 0.057314453125 0.061953125 0.04041015625
3 0.099484375 0.56712890625 0.06146875 0.0366015625
3 0.1588515625 0.56861328125 0.058328124999999995 0.0356640625
3 0.220984375 0.571806640625 0.06384375 0.03423828125
3 0.28195312499999997 0.574970703125 0.060781249999999995 0.03275390625
3 0.3431796875 0.578779296875 0.058234375000000005 0.03646484375
3 0.40330468750000004 0.584716796875 0.062859375 0.03271484375
2 0.4661171875 0.589033203125 0.06035937500000001 0.03744140625
2 0.526484375 0.593134765625 0.062343749999999996 0.03392578125
2 0.5888828125 0.596416015625 0.062140625000000005 0.03267578125
2 0.650984375 0.6008203125 0.061343749999999996 0.033671875
3 0.099546875 0.60314453125 0.06159375 0.0344140625
3 0.160703125 0.60224609375 0.05890625000000001 0.0326171875
2 0.71203125 0.603779296875 0.0615625 0.03568359375
2 0.7560390625 0.06166015625 0.058953124999999995 0.0412890625
3 0.2219765625 0.607041015625 0.062703125 0.03439453125
2 0.7717578125 0.609521484375 0.059140625 0.03544921875
3 0.2825234375 0.609248046875 0.058796875000000005 0.03490234375
2 0.8322734374999999 0.611787109375 0.061421875 0.03607421875
3 0.34209375 0.613974609375 0.059187500000000004 0.03263671875
2 0.891875 0.61611328125 0.058750000000000004 0.0369140625
2 0.40326562499999996 0.61830078125 0.06278125 0.0334765625
2 0.952546875 0.618896484375 0.061343749999999996 0.03466796875
2 0.4647578125 0.621875 0.060765625000000004 0.03671875
2 0.5245703125000001 0.62609375 0.061640625000000004 0.0334375
2 0.5867734375 0.628681640625 0.061046875 0.03470703125
3 0.10035156249999999 0.63240234375 0.060078125 0.0265234375
2 0.6492109375 0.633662109375 0.060921875 0.03294921875
3 0.1597578125 0.636201171875 0.060140625 0.03412109375
2 0.707984375 0.638896484375 0.05971875 0.03169921875
3 0.22224218750000002 0.640478515625 0.063234375 0.03095703125
2 0.7694375 0.64462890625 0.060750000000000005 0.0314453125
2 0.815765625 0.065625 0.05965625 0.0375
3 0.2825234375 0.6454296875 0.058796875000000005 0.036953125
2 0.8297109375 0.64669921875 0.059421875 0.0355859375
3 0.34250781249999995 0.649052734375 0.060015624999999996 0.03638671875
2 0.8897578125000001 0.649267578125 0.060765625000000004 0.03291015625
2 0.40207031249999997 0.65236328125 0.060390624999999996 0.0351953125
2 0.9490703125 0.652998046875 0.060640625000000004 0.03255859375
1 0.46314062500000003 0.654013671875 0.06065625 0.03849609375
2 0.52421875 0.66056640625 0.0609375 0.0359765625
2 0.585359375 0.664599609375 0.061343749999999996 0.03623046875
2 0.6452265625 0.6680078125 0.062328125 0.035234375
2 0.7061171875000001 0.671533203125 0.059109375 0.03447265625
2 0.7660625 0.67556640625 0.060250000000000005 0.0347265625
2 0.8270390624999999 0.67947265625 0.060328124999999996 0.0347265625
1 0.8856093749999999 0.68140625 0.061843749999999996 0.0346875
2 0.945703125 0.684248046875 0.05703125 0.03646484375
2 0.875953125 0.07108398437499999 0.05815625 0.04060546875
2 0.9332578125 0.07442382812500001 0.060265625 0.04337890625
3 0.1253359375 0.7773828125 0.060046875 0.031328125
2 0.1848125 0.7790625 0.060250000000000005 0.0346875
2 0.24460156250000004 0.7808984375 0.061078125000000004 0.034453125
2 0.3064921875 0.7837890625 0.06298437500000001 0.032421875
3 0.3676796875 0.787822265625 0.06035937500000001 0.03267578125
2 0.4292109375 0.79185546875 0.061546875 0.0329296875
2 0.49106249999999996 0.7984765625 0.060250000000000005 0.034453125
2 0.5516015624999999 0.802255859375 0.059453124999999996 0.03419921875
2 0.6126406249999999 0.803515625 0.05965625 0.0328125
0 0.1262578125 0.805673828125 0.058765625 0.02931640625
2 0.673875 0.809189453125 0.060250000000000005 0.03634765625
2 0.18617187500000001 0.811025390625 0.059843749999999994 0.03611328125
2 0.7360156250000001 0.810888671875 0.05953125 0.03193359375
2 0.24470312500000002 0.815361328125 0.061281249999999995 0.03306640625
2 0.7964687500000001 0.814609375 0.06168749999999999 0.03546875
3 0.30593750000000003 0.817822265625 0.061875 0.03408203125
2 0.8579531250000001 0.8180078125 0.05965625 0.034453125
3 0.36833593750000004 0.82255859375 0.061671875 0.0357421875
2 0.91621875 0.821416015625 0.0605625 0.03345703125
2 0.9733124999999999 0.82390625 0.052875000000000005 0.03453125
2 0.428453125 0.8271484375 0.06003125 0.033203125
2 0.48909375 0.829853515625 0.0594375 0.03080078125
2 0.5489765625 0.83419921875 0.060453124999999996 0.0316796875
0 0.1267890625 0.835712890625 0.059828124999999996 0.03080078125
2 0.610875 0.837421875 0.059250000000000004 0.03421875
2 0.1870703125 0.8402734375 0.058515625 0.032109375
2 0.6720078125 0.843408203125 0.059640625 0.03447265625
3 0.24721875 0.845234375 0.0600625 0.0303125
2 0.7329921875000001 0.84517578125 0.05973437499999999 0.0341015625
2 0.7930234375 0.846806640625 0.061046875 0.03345703125
3 0.307296875 0.848515625 0.06146875 0.03296875
2 0.8531171875 0.850146484375 0.059359375000000006 0.03232421875
2 0.912234375 0.851279296875 0.05884374999999999 0.03068359375
3 0.36667187500000004 0.854501953125 0.06146875 0.03322265625
2 0.97109375 0.855693359375 0.0578125 0.03169921875
2 0.42835156249999995 0.8574609375 0.059828124999999996 0.035234375
0 0.48949999999999994 0.861630859375 0.060250000000000005 0.03576171875
2 0.549484375 0.86521484375 0.06146875 0.0351171875
0 0.6085078125 0.869248046875 0.060765625000000004 0.03537109375
2 0.6694921875000001 0.873408203125 0.06085937500000001 0.03587890625
2 0.7303203125 0.875869140625 0.060640625000000004 0.03298828125
2 0.7903515624999999 0.87775390625 0.061953125 0.0328515625
1 0.849734375 0.8802734375 0.05884374999999999 0.033984375
2 0.9096718750000001 0.882607421875 0.05996875 0.03474609375
2 0.9679765625 0.887578125 0.060953125 0.03296875
2 0.26365625000000004 0.981298828125 0.06168749999999999 0.03291015625
3 0.1421875 0.982421875 0.059375 0.03515625
3 0.202296875 0.983173828125 0.060843749999999995 0.03275390625
2 0.5756875 0.014384765625 0.060750000000000005 0.02876953125
3 0.05471875 0.15224609375 0.0594375 0.0388671875
3 0.1153828125 0.15181640625 0.058890624999999995 0.0341015625
2 0.6366328125 0.01658203125 0.060765625000000004 0.0331640625
2 0.1755390625 0.1574609375 0.060453124999999996 0.033671875
2 0.23526562499999998 0.156181640625 0.06115625 0.03501953125
2 0.2950078125 0.161826171875 0.061890625 0.03458984375
2 0.356984375 0.16583984375 0.060843749999999995 0.0387109375
2 0.4183828125 0.16877929687499998 0.061765625000000005 0.03677734375
2 0.48080468749999994 0.172119140625 0.061609375 0.03564453125
2 0.5419765625 0.17466796875 0.062078125 0.0329296875
2 0.69796875 0.0184765625 0.0615625 0.036953125
3 0.0331640625 0.01853515625 0.05695312500000001 0.0331640625
2 0.602453125 0.17951171875 0.06115625 0.0348046875
2 0.665484375 0.183740234375 0.06221875 0.03544921875
3 0.1159140625 0.187431640625 0.059953124999999996 0.03501953125
3 0.056351562499999994 0.18640625 0.059578125 0.03296875
2 0.7257421875000001 0.1867578125 0.06085937500000001 0.033671875
2 0.1751328125 0.190322265625 0.059640625 0.03298828125
2 0.787390625 0.19125 0.062281249999999996 0.03484375
2 0.2352734375 0.193466796875 0.061171875 0.03927734375