1 0.195375 0.02134765625 0.0595 0.0309765625
3 0.6149296875 0.0226953125 0.061109375 0.033671875
0 0.25321875 0.026962890625 0.0595625 0.03048828125
2 0.31081250000000005 0.030224609375 0.065375 0.02919921875
2 0.372859375 0.032109375 0.06446874999999999 0.0290625
3 0.43162500000000004 0.037978515625 0.06325 0.02908203125
2 0.0745390625 0.041103515625 0.058453124999999995 0.03923828125
3 0.4937890625 0.041767578124999996 0.062578125 0.02884765625
2 0.131203125 0.043603515625 0.062406249999999996 0.04033203125
3 0.5547187499999999 0.04859375 0.0625625 0.03078125
3 0.614140625 0.052802734375 0.06265625 0.03138671875
2 0.1909921875 0.052001953125 0.060109375 0.02978515625
2 0.2481875 0.056474609375 0.058875 0.03091796875
2 0.307015625 0.060673828124999996 0.060906249999999995 0.03150390625
2 0.36878125 0.0634765625 0.0625625 0.033203125
3 0.43001562499999996 0.06607421875 0.06315625 0.0266796875
3 0.49144531249999995 0.072763671875 0.061015625 0.03224609375
3 0.5531015625 0.078701171875 0.062453125 0.02849609375
3 0.6133671875 0.082353515625 0.061109375 0.03189453125
3 0.4965859375 0.013369140625 0.058796875000000005 0.02673828125
3 0.55584375 0.017509765625 0.06168749999999999 0.03111328125