2 0.6072031250000001 0.263173828125 0.05815625 0.03025390625
2 0.6669765625 0.26716796875 0.058953124999999995 0.0343359375
2 0.7263437500000001 0.267421875 0.0589375 0.0309375
2 0.786734375 0.270224609375 0.057843750000000006 0.03263671875
2 0.8457578124999999 0.2748046875 0.060265625 0.033984375
2 0.905890625 0.2806640625 0.05865625 0.033984375
2 0.9651406250000001 0.283134765625 0.05840625000000001 0.03501953125
2 0.6061875 0.29408203125 0.059250000000000004 0.0295703125
2 0.667390625 0.29552734375 0.059781249999999994 0.0285546875
0 0.726484375 0.298330078125 0.05921875 0.03025390625
0 0.7872734375 0.3011328125 0.058921875 0.031953125
2 0.8473203125 0.307333984375 0.060265625 0.03263671875
2 0.907453125 0.310986328125 0.05865625 0.03603515625
2 0.9669765625 0.315234375 0.058953124999999995 0.03671875
2 0.6063203125000001 0.324150390625 0.059515625 0.03501953125
1 0.6659609375 0.3294140625 0.060046875 0.037734375
2 0.726890625 0.3294140625 0.06003125 0.037734375
2 0.7874140625 0.33408203125 0.059203125 0.0353515625
2 0.8480859374999999 0.339775390625 0.058671875 0.03501953125
2 0.9092890625000001 0.3431640625 0.059203125 0.033984375
2 0.9689453125 0.348857421875 0.059765625 0.03365234375
2 0.5072265625 0.460673828125 0.058203125 0.03462890625
2 0.5656796875000001 0.46357421875 0.059484375 0.0365234375
2 0.6256953125 0.4656640625 0.060765625000000004 0.036796875
2 0.6863203125 0.46970703125 0.060140625 0.0370703125
2 0.74703125 0.470986328125 0.059687500000000004 0.03572265625
2 0.8059687500000001 0.475029296875 0.058812500000000004 0.03599609375
2 0.867015625 0.479072265625 0.05903125 0.03626953125
0 0.9261874999999999 0.48203125 0.058625000000000003 0.034375
2 0.5033984375 0.494013671875 0.059921875 0.03490234375
2 0.5642265625 0.495830078125 0.059703125 0.03462890625
2 0.625046875 0.49919921875 0.05946875 0.0335546875
2 0.6855625 0.504189453125 0.058625000000000003 0.03572265625
2 0.7466015625 0.505732421875 0.058828124999999995 0.03490234375
2 0.8060859375 0.50896484375 0.059046875 0.0335546875
2 0.8669218750000001 0.5130078125 0.05884374999999999 0.033828125
2 0.9266171875 0.51482421875 0.059484375 0.0335546875
2 0.5020546875 0.527763671875 0.06035937500000001 0.03599609375
2 0.56309375 0.53234375 0.0605625 0.03734375
1 0.624671875 0.53470703125 0.061843749999999996 0.0381640625
2 0.6862109375000001 0.539482421875 0.059921875 0.03599609375
2 0.746171875 0.541435546875 0.05796875 0.03599609375
2 0.8063046875 0.54447265625 0.059484375 0.0381640625
2 0.8676796875000001 0.54642578125 0.06035937500000001 0.0381640625
2 0.9279609375 0.54978515625 0.059046875 0.0370703125
2 0.6681874999999999 0.062109375 0.05825 0.03046875
2 0.7262109375 0.0640625 0.058671875 0.03046875
0 0.4144453125 0.655234375 0.057015625 0.033125
2 0.4726484375 0.656748046875 0.057796875000000004 0.03224609375
0 0.5332656250000001 0.661552734375 0.05715625 0.03404296875
2 0.5919609375 0.665009765625 0.058921875 0.03705078125
2 0.7846640625 0.0687890625 0.059953124999999996 0.032109375
2 0.6516484375 0.667568359375 0.059546875 0.03826171875
2 0.712515625 0.671875 0.05940625000000001 0.0390625
1 0.7727265625 0.6752734375 0.05795312500000001 0.038046875
2 0.832265625 0.678681640625 0.05828124999999999 0.03705078125
2 0.89296875 0.681484375 0.0578125 0.03484375
2 0.9504531249999999 0.682939453125 0.05715625 0.03384765625
2 0.41067968749999995 0.68875 0.055734375 0.03765625
1 0.47084374999999995 0.69185546875 0.0573125 0.0360546875
2 0.532265625 0.6965625 0.05828124999999999 0.03765625
2 0.592125 0.6988671875 0.059250000000000004 0.034453125
2 0.65196875 0.703271484375 0.060187500000000005 0.03544921875
2 0.7123515625 0.70623046875 0.059078125 0.0374609375
2 0.7728125 0.708330078125 0.058125 0.03384765625
2 0.832984375 0.71244140625 0.05971875 0.0342578125
0 0.8930468749999999 0.7159375 0.05796875 0.0334375
0 0.9523359375 0.715341796875 0.057796875000000004 0.03224609375
2 0.409078125 0.7241015625 0.05878124999999999 0.038046875
2 0.46952343750000003 0.727158203125 0.057796875000000004 0.04025390625
2 0.5289843750000001 0.73046875 0.05796875 0.0390625
1 0.5903203125 0.734775390625 0.058765625 0.03986328125
2 0.651328125 0.73837890625 0.05890625000000001 0.0392578125
0 0.9061640625 0.075927734375 0.059203125 0.03466796875
2 0.7123515625 0.74228515625 0.059078125 0.0392578125
0 0.773453125 0.7450390625 0.05940625000000001 0.040859375
2 0.832984375 0.748193359375 0.05971875 0.04326171875
2 0.8933671875 0.751396484375 0.058609375 0.04185546875
2 0.954296875 0.752294921875 0.05859375 0.04365234375
2 0.84603125 0.076494140625 0.0576875 0.02798828125
2 0.9648515625 0.081279296875 0.057828124999999994 0.03365234375
2 0.379390625 0.856875 0.05565625 0.0340625
2 0.43910937499999997 0.861103515625 0.056343750000000005 0.03470703125
2 0.4973828125 0.8630078125 0.057265625 0.030703125
2 0.5566171875 0.867685546875 0.056984375 0.03615234375
2 0.617140625 0.8695703125 0.059281249999999994 0.036015625
0 0.67671875 0.872841796875 0.059687500000000004 0.03865234375
2 0.73765625 0.876728515625 0.059687500000000004 0.03470703125
0 0.7973203125 0.88150390625 0.060265625 0.0364453125
2 0.8570859375 0.883798828125 0.057921875 0.03712890625
2 0.9162734374999999 0.886455078125 0.057546875 0.03462890625
2 0.9732421875 0.888408203125 0.052734375 0.03462890625
2 0.37575 0.892109375 0.054625 0.038125
2 0.436921875 0.895478515625 0.05821875 0.03705078125
0 0.49620312499999997 0.897138671875 0.05803125 0.03646484375
2 0.55675 0.899765625 0.05725 0.03390625
0 0.616828125 0.903681640625 0.05865625 0.03392578125
2 0.67640625 0.908369140625 0.0590625 0.03548828125
2 0.7362031250000001 0.913203125 0.05990625000000001 0.03734375
2 0.7973203125 0.917421875 0.060265625 0.041875
0 0.66796875 0.093359375 0.0578125 0.03046875
2 0.8574453125 0.921220703125 0.058640625 0.04166015625
2 0.9176484374999999 0.92271484375 0.057171875000000004 0.0407421875
2 0.9734375 0.9228515625 0.053125 0.037109375
2 0.373828125 0.927724609375 0.05703125 0.03513671875
1 0.43215624999999996 0.9314453125 0.06118749999999999 0.038671875
0 0.49418749999999995 0.9326171875 0.060250000000000005 0.041015625
2 0.726390625 0.0941796875 0.06215625 0.032109375
2 0.554515625 0.938759765625 0.05903125 0.04158203125
2 0.616 0.941083984375 0.060125 0.04232421875
2 0.6765078124999999 0.94525390625 0.059265625 0.0428515625
2 0.7358828125 0.94876953125 0.059265625 0.0420703125
2 0.796953125 0.953291015625 0.05953125 0.03939453125
2 0.857625 0.958125 0.059 0.03734375
2 0.91690625 0.9603125 0.058812500000000004 0.0378125
2 0.97240625 0.95982421875 0.0541875 0.0407421875
2 0.7859296875 0.098984375 0.059359375000000006 0.03
2 0.8462500000000001 0.104375 0.058125 0.03296875
2 0.9064375 0.104970703125 0.059750000000000004 0.03025390625
2 0.9655312500000001 0.11014648437499999 0.059187500000000004 0.02888671875
2 0.6661875 0.123427734375 0.057374999999999995 0.03591796875
2 0.7252578125 0.12760742187500002 0.06301562499999999 0.03646484375
2 0.7872734375 0.132373046875 0.058921875 0.03427734375
2 0.8482265625000001 0.1361328125 0.058953124999999995 0.033984375
2 0.9078593749999999 0.137841796875 0.05946875 0.03740234375
2 0.9683828125 0.141572265625 0.058640625 0.03705078125