2 0.05591406249999999 0.020869140625 0.058703125 0.04173828125
3 0.59871875 0.021806640625 0.0630625 0.03580078125
0 0.02665625 0.1962890625 0.0533125 0.033203125
2 0.081 0.1986328125 0.062 0.033984375
3 0.6244375 0.20078125 0.061375 0.034375
2 0.13928125 0.20390625 0.06293750000000001 0.0328125
3 0.686 0.20498046875 0.062625 0.0349609375
2 0.20029687499999999 0.20517578125 0.06309375 0.0314453125
2 0.747875 0.205078125 0.061375 0.0390625
3 0.809390625 0.20830078125 0.06253125000000001 0.0337890625
2 0.259671875 0.210546875 0.06309375 0.034375
2 0.318890625 0.2115234375 0.06278125 0.028515625
3 0.37889062500000004 0.21669921875 0.060906249999999995 0.0349609375
3 0.439984375 0.22138671875 0.06121875 0.0326171875
3 0.5013124999999999 0.2279296875 0.062 0.033984375
3 0.5619375 0.230078125 0.061375 0.034375
2 0.02315625 0.23037109375 0.0463125 0.0349609375
3 0.624203125 0.23408203125 0.060906249999999995 0.0345703125
3 0.6602812499999999 0.025458984375 0.06118749999999999 0.03529296875
2 0.07568749999999999 0.2341796875 0.063875 0.034765625
2 0.136390625 0.2376953125 0.06340625 0.033984375
2 0.685375 0.2388671875 0.061375 0.032421875
2 0.19646875 0.238671875 0.06168749999999999 0.0359375
2 0.746625 0.24111328125 0.062 0.0330078125
3 0.809546875 0.24111328125 0.06284375 0.0330078125
2 0.255140625 0.24306640625 0.06340625 0.0369140625
3 0.316078125 0.24501953125 0.06340625 0.0408203125
3 0.37889062500000004 0.25107421875 0.06403125 0.0333984375
2 0.1119140625 0.027548828125 0.061328125 0.03947265625
3 0.43795312500000005 0.25595703125 0.06340625 0.0353515625
3 0.498734375 0.26083984375 0.06309375 0.0333984375
3 0.561078125 0.26591796875 0.06278125 0.0357421875
2 0.6227968749999999 0.2703125 0.06121875 0.03671875
2 0.68428125 0.27294921875 0.06231250000000001 0.0380859375
3 0.74646875 0.2744140625 0.06168749999999999 0.033203125
3 0.807515625 0.27919921875 0.061906249999999996 0.0427734375
2 0.172671875 0.030068359375 0.06096875 0.04060546875
3 0.72165625 0.03037109375 0.0620625 0.0333984375
2 0.23348437500000002 0.032646484375 0.06071875 0.04185546875
3 0.7829843750000001 0.03330078125 0.05971875 0.0353515625
2 0.2925625 0.0342578125 0.060125 0.045078125
0 0.047640625 0.36259765625 0.060906249999999995 0.0337890625
0 0.105296875 0.3658203125 0.06059375 0.032421875
0 0.1656015625 0.3689453125 0.062453125 0.034765625
2 0.352796875 0.03689453125 0.061843749999999996 0.0425390625
2 0.22428125 0.37314453125 0.0610625 0.0314453125
1 0.2845859375 0.37919921875 0.062921875 0.0318359375
2 0.3443828125 0.38494140625 0.060640625000000004 0.0355078125
2 0.4040390625 0.387138671875 0.061203125000000004 0.03208984375
2 0.41483593750000003 0.038505859375 0.060921875 0.04576171875
2 0.4664453125 0.39251953125 0.061015625 0.0350390625
2 0.5255468750000001 0.396767578125 0.06046875 0.03572265625
2 0.044515624999999996 0.39794921875 0.060906249999999995 0.0341796875
2 0.10240624999999999 0.3990234375 0.0610625 0.032421875
3 0.5864921875 0.402177734375 0.060484375 0.03482421875
0 0.1616953125 0.40283203125 0.06401562499999999 0.0361328125
2 0.22459375 0.40517578125 0.058562499999999997 0.0330078125
3 0.6470625 0.405380859375 0.059750000000000004 0.03732421875
2 0.2814765625 0.408984375 0.062953125 0.02890625
3 0.7097265625 0.411240234375 0.063203125 0.03732421875
2 0.7711406249999999 0.415146484375 0.06103125 0.03732421875
2 0.3429140625 0.416435546875 0.060828125 0.03208984375
3 0.8349140625 0.41859375 0.063578125 0.03640625
2 0.40220312500000005 0.41884765625 0.06065625 0.0330078125
2 0.46314062500000003 0.426083984375 0.06065625 0.03185546875
3 0.4762421875 0.0440234375 0.06185937500000001 0.041171875
0 0.038734375 0.43056640625 0.061843749999999996 0.0408203125
2 0.5248984375 0.432626953125 0.062296874999999995 0.03322265625
2 0.09896875000000001 0.4345703125 0.0635625 0.041015625
3 0.5863046875 0.43548828125 0.060109375 0.0350390625
0 0.1573203125 0.4396484375 0.064640625 0.039453125
2 0.21709375 0.440234375 0.06543750000000001 0.040625
3 0.6482421875 0.4403125 0.062109375 0.036875
2 0.27697656249999997 0.445107421875 0.063328125 0.04255859375
2 0.709359375 0.445009765625 0.062468749999999997 0.03845703125
2 0.7717734375 0.44939453125 0.062296874999999995 0.0355078125
2 0.339515625 0.4500390625 0.060281249999999995 0.044609375
2 0.400546875 0.454287109375 0.06046875 0.04529296875
3 0.8339921875 0.45501953125 0.064859375 0.0350390625
2 0.46019531249999995 0.460634765625 0.061015625 0.03845703125
3 0.52315625 0.4644140625 0.0619375 0.042109375
3 0.5849296875000001 0.468671875 0.060484375 0.03890625
2 0.6461406249999999 0.47673828125 0.06103125 0.0355078125
2 0.709546875 0.4785546875 0.06284375 0.039140625
3 0.772046875 0.484892578125 0.06284375 0.03619140625
3 0.833625 0.486044921875 0.064125 0.03458984375
3 0.5379140625 0.04861328125 0.060203125 0.0386328125
3 0.5982109375 0.05546875 0.062046875 0.03671875
2 0.070046875 0.569287109375 0.05571875 0.03701171875
4 0.1278203125 0.57431640625 0.058765625 0.0392578125
2 0.1868046875 0.5794921875 0.057984375 0.037890625
2 0.245546875 0.58330078125 0.059843749999999994 0.0376953125
2 0.3046953125 0.58818359375 0.059390624999999996 0.0396484375
2 0.3643828125 0.59326171875 0.060015624999999996 0.0380859375
2 0.42585937500000004 0.59248046875 0.06109375 0.0365234375
2 0.4868046875 0.5990234375 0.061109375 0.033984375
2 0.0652734375 0.603408203125 0.058671875 0.03494140625
3 0.6594609375 0.0611328125 0.059546875 0.036328125
2 0.5464921875 0.605859375 0.061734374999999994 0.03984375
2 0.12456249999999999 0.608115234375 0.058499999999999996 0.03654296875
3 0.6077421875 0.6109375 0.062359374999999995 0.0421875
3 0.6700078125 0.61298828125 0.061890625 0.0384765625
2 0.18360156249999998 0.61533203125 0.057828124999999994 0.0353515625
2 0.24274218749999998 0.61962890625 0.060484375 0.0361328125
3 0.7305546875 0.62080078125 0.061109375 0.0384765625
3 0.792203125 0.6240234375 0.06253125000000001 0.037109375
2 0.30148437499999997 0.62353515625 0.05921875 0.0361328125
2 0.361640625 0.62822265625 0.060781249999999995 0.0337890625
3 0.8546796875 0.628134765625 0.062484375 0.04142578125
0 0.42296875 0.63134765625 0.0615625 0.0400390625
0 0.48500781249999997 0.63505859375 0.060640625000000004 0.0396484375
2 0.061226562500000005 0.64064453125 0.05682812499999999 0.0391015625
3 0.5458671875000001 0.64267578125 0.063609375 0.0431640625
2 0.11942187500000001 0.64466796875 0.06071875 0.0393359375
3 0.720875 0.06474609375 0.063625 0.0357421875
3 0.6065703124999999 0.64541015625 0.06314062499999999 0.0369140625
2 0.1804765625 0.65068359375 0.060953125 0.0357421875
3 0.6686796875 0.6509765625 0.062359374999999995 0.040234375
2 0.2392265625 0.65703125 0.059703125 0.040625
3 0.7306328125 0.6568359375 0.061265625000000004 0.036328125
2 0.299453125 0.6587890625 0.061406249999999996 0.040234375
3 0.7927500000000001 0.659765625 0.063625 0.034375
2 0.36 0.664453125 0.060625 0.03984375
3 0.853953125 0.666298828125 0.06103125 0.03572265625
2 0.42109375 0.66943359375 0.0609375 0.0380859375
2 0.48227343749999996 0.67529296875 0.061421875 0.0380859375
3 0.5444609375 0.67841796875 0.06392187499999999 0.0443359375
3 0.6064921875 0.67998046875 0.06298437500000001 0.0396484375
3 0.780875 0.07021484375 0.061750000000000006 0.0349609375
3 0.6678203125 0.68642578125 0.063765625 0.0369140625
3 0.7302421875 0.693359375 0.060484375 0.0390625
3 0.791109375 0.69619140625 0.06346874999999999 0.0369140625
2 0.8550625000000001 0.70203125 0.060125 0.036875
1 0.034125 0.768623046875 0.058875 0.03724609375
2 0.09396875 0.772626953125 0.059812500000000005 0.03353515625
2 0.15021875 0.78091796875 0.059812500000000005 0.0383984375
2 0.20987499999999998 0.786435546875 0.060375 0.03771484375
2 0.2684140625 0.79103515625 0.058703125 0.0391015625
2 0.32853125 0.79505859375 0.060187500000000005 0.0393359375
2 0.3874453125 0.7998828125 0.059265625 0.041171875
2 0.0290859375 0.80146484375 0.058171875 0.0326171875
3 0.4478359375 0.80458984375 0.061296874999999994 0.0388671875
2 0.0879140625 0.804677734375 0.063328125 0.03123046875
3 0.5102421875 0.80837890625 0.061109375 0.0386328125
2 0.14644531249999998 0.811259765625 0.058515625 0.04048828125
3 0.5703437499999999 0.812744140625 0.0594375 0.03955078125
2 0.2054609375 0.816875 0.060921875 0.03609375
3 0.63184375 0.818955078125 0.0636875 0.04025390625
2 0.69425 0.822060546875 0.060375 0.04255859375
2 0.2659375 0.823876953125 0.06 0.03447265625
2 0.75509375 0.8278125 0.060187500000000005 0.04234375
2 0.32678124999999997 0.8315625 0.059812500000000005 0.0303125
3 0.8163984375 0.83193359375 0.060921875 0.0388671875
2 0.38671875 0.83583984375 0.0609375 0.0388671875
2 0.027703125000000002 0.838134765625 0.055406250000000004 0.03955078125
2 0.084140625 0.841826171875 0.06203125 0.04302734375
3 0.4471015625 0.842275390625 0.062953125 0.04001953125
3 0.507390625 0.84732421875 0.06165625 0.0383984375
2 0.143046875 0.8467578125 0.06109375 0.041171875
3 0.5708984375 0.84974609375 0.060546875 0.0393359375
2 0.2021484375 0.8548046875 0.060546875 0.041640625
2 0.6294531250000001 0.856181640625 0.06203125 0.04048828125
2 0.2630859375 0.859404296875 0.060546875 0.04302734375
2 0.6914921875 0.859970703125 0.061109375 0.04025390625
2 0.7534453125 0.8646875 0.06314062499999999 0.041875
2 0.3217265625 0.86537109375 0.059078125 0.0393359375
3 0.815578125 0.86880859375 0.062406249999999996 0.0383984375
2 0.38396093750000004 0.87466796875 0.061671875 0.0383984375
2 0.4446171875 0.87994140625 0.061109375 0.0333203125
2 0.505375 0.88431640625 0.063875 0.0381640625
2 0.5670468750000001 0.88880859375 0.06221875 0.0393359375
2 0.629359375 0.8916796875 0.061843749999999996 0.041171875
2 0.6907656249999999 0.89787109375 0.06278125 0.0379296875
3 0.7526171875000001 0.899931640625 0.061484375 0.03423828125
3 0.8139062499999999 0.90568359375 0.0590625 0.0379296875
2 0.047835937499999995 0.965537109375 0.055046874999999995 0.03654296875
2 0.1057890625 0.9742578125 0.058453124999999995 0.038359375
2 0.163421875 0.980830078125 0.05496875 0.03587890625
2 0.22228124999999999 0.982275390625 0.060187500000000005 0.03486328125
2 0.029234375 0.165234375 0.05846875 0.0296875
2 0.08545312499999999 0.16796875 0.06153125 0.03125
2 0.144984375 0.17041015625 0.061843749999999996 0.0322265625
2 0.20334375 0.174609375 0.06293750000000001 0.03671875
2 0.26240625 0.1763671875 0.06231250000000001 0.032421875
2 0.32225000000000004 0.17900390625 0.060125 0.0337890625
3 0.381546875 0.1822265625 0.05996875 0.032421875
3 0.44115624999999997 0.18857421875 0.0604375 0.0333984375
3 0.5025625 0.19150390625 0.061375 0.0353515625
3 0.56303125 0.19384765625 0.0604375 0.0361328125