2 0.061367187499999996 0.25923828125 0.057109375 0.0341015625
2 0.1202734375 0.2623046875 0.059296875000000006 0.036328125
2 0.1804375 0.263271484375 0.060875 0.03435546875
2 0.24096875 0.26900390625 0.0600625 0.0341015625
2 0.299546875 0.27130859375 0.05846875 0.0308984375
2 0.36032031249999996 0.273154296875 0.061265625000000004 0.03458984375
0 0.42145312500000004 0.275009765625 0.06165625 0.03830078125
2 0.48237500000000005 0.28060546875 0.058499999999999996 0.0338671875
2 0.5428359375 0.284873046875 0.060671875 0.03458984375
0 0.6034765625 0.2884375 0.060078125 0.0378125
2 0.0626328125 0.293798828125 0.056515625 0.03681640625
2 0.66490625 0.295166015625 0.0610625 0.03955078125
2 0.722921875 0.2955078125 0.06146875 0.036328125
2 0.1214375 0.296962890625 0.058499999999999996 0.03533203125
2 0.18150781249999998 0.29978515625 0.059890624999999996 0.0370703125
2 0.7828828125 0.299072265625 0.062640625 0.03955078125
0 0.23990625 0.302822265625 0.0610625 0.03533203125
2 0.8425390625 0.304189453125 0.060078125 0.03806640625
2 0.300046875 0.30490234375 0.05946875 0.0355859375
2 0.359828125 0.3084375 0.060281249999999995 0.03484375
2 0.903984375 0.308837890625 0.06421875 0.03955078125
2 0.9606796875000001 0.3111328125 0.058859375000000005 0.036328125
2 0.4199921875 0.312470703125 0.06185937500000001 0.03509765625
2 0.48180468750000005 0.316396484375 0.060484375 0.03904296875
2 0.541765625 0.320927734375 0.06165625 0.04029296875
1 0.6013437500000001 0.3275 0.0620625 0.0378125
2 0.06478906250000001 0.32794921875 0.057703125 0.0308984375
2 0.66178125 0.3290625 0.0610625 0.033125
2 0.1231015625 0.3311328125 0.058703125 0.033359375
2 0.7195 0.334345703125 0.060875 0.03978515625
2 0.1808125 0.33380859375 0.058499999999999996 0.0308984375
2 0.239703125 0.336005859375 0.06065625 0.03138671875
2 0.7809296875 0.337509765625 0.06185937500000001 0.03830078125
2 0.300046875 0.338701171875 0.05946875 0.03287109375
2 0.3591328125 0.341025390625 0.058890624999999995 0.03361328125
2 0.8390390625 0.3438671875 0.062453125 0.039296875
1 0.8991796875 0.34517578125 0.06085937500000001 0.0341015625
2 0.41959375000000004 0.34638671875 0.0610625 0.0326171875
2 0.9555234374999999 0.346787109375 0.061046875 0.03732421875
1 0.478671875 0.349677734375 0.06046875 0.03138671875
2 0.5396171875 0.356357421875 0.060484375 0.02521484375
2 0.5989921875 0.359912109375 0.060484375 0.02841796875
2 0.658953125 0.3608984375 0.06165625 0.030390625
2 0.7174375000000001 0.367822265625 0.059875 0.02470703125
0 0.778578125 0.371015625 0.060281249999999995 0.0271875
2 0.8368828125000001 0.376279296875 0.061265625000000004 0.02990234375
2 0.89459375 0.377490234375 0.0610625 0.02841796875
2 0.953171875 0.378828125 0.05946875 0.0271875
0 0.029593750000000002 0.463701171875 0.059187500000000004 0.03287109375
2 0.087796875 0.4654296875 0.06309375 0.036328125
2 0.14835156249999998 0.467255859375 0.062328125 0.03607421875
2 0.20703125 0.469931640625 0.0609375 0.03361328125
2 0.2678671875 0.473369140625 0.06073437499999999 0.03658203125
2 0.3290078125 0.4773046875 0.061140625000000004 0.040546875
2 0.3884765625 0.481181640625 0.061328125 0.03658203125
2 0.448921875 0.484345703125 0.060343749999999995 0.03509765625
2 0.5110234375 0.486787109375 0.059546875 0.03607421875
2 0.570984375 0.491318359375 0.06071875 0.03732421875
2 0.6322265625 0.494228515625 0.061328125 0.03533203125
2 0.6930625 0.495341796875 0.061125 0.03755859375
0 0.03078125 0.49693359375 0.0615625 0.0329296875
2 0.09122656250000001 0.500732421875 0.060578125000000003 0.03271484375
2 0.7519375 0.499619140625 0.056999999999999995 0.03830078125
2 0.15040625000000002 0.501279296875 0.060187500000000005 0.03380859375
2 0.2081015625 0.503994140625 0.059953124999999996 0.03533203125
2 0.2694296875 0.509482421875 0.06073437499999999 0.03458984375
0 0.3282109375 0.511689453125 0.059546875 0.03509765625
2 0.389546875 0.5147265625 0.060343749999999995 0.033359375
2 0.44921875 0.519130859375 0.0609375 0.03435546875
0 0.5091640625 0.52083984375 0.058953124999999995 0.0338671875
2 0.56971875 0.523779296875 0.061312500000000006 0.03583984375
2 0.6313359375 0.528525390625 0.059546875 0.03361328125
2 0.031656250000000004 0.52896484375 0.060187500000000005 0.0305859375
0 0.091640625 0.53052734375 0.05828124999999999 0.0298046875
2 0.691203125 0.530869140625 0.06053125 0.03830078125
2 0.15123437499999998 0.53490234375 0.061843749999999996 0.0307421875
2 0.7485078125 0.533662109375 0.05639062500000001 0.03607421875
2 0.2097578125 0.538017578125 0.060140625 0.02916015625
1 0.2687421875 0.542421875 0.059359375000000006 0.03015625
2 0.329203125 0.54486328125 0.06153125 0.0311328125
1 0.3897421875 0.549638671875 0.06073437499999999 0.03287109375
0 0.448921875 0.55146484375 0.060343749999999995 0.0326171875
2 0.5090625 0.553642578125 0.058750000000000004 0.02916015625
0 0.5675625 0.55732421875 0.060125 0.0326171875
2 0.627640625 0.5596484375 0.06153125 0.033359375
2 0.6876875 0.5634375 0.059750000000000004 0.033125
2 0.0644453125 0.057744140624999996 0.060140625 0.03736328125
2 0.7453828125 0.56708984375 0.05639062500000001 0.0326171875
2 0.124046875 0.05935546875 0.06059375 0.0366796875
2 0.183234375 0.0625 0.06021875 0.0390625
2 0.2403828125 0.063662109375 0.055765625 0.03748046875
2 0.046828125 0.66693359375 0.059281249999999994 0.0291796875
2 0.105734375 0.670078125 0.05834375000000001 0.0315625
2 0.164890625 0.6759765625 0.057906250000000006 0.031640625
2 0.22440625 0.67560546875 0.061312500000000006 0.0348046875
2 0.283953125 0.67966796875 0.06165625 0.0351171875
2 0.34474218749999996 0.68375 0.06135937500000001 0.0315625
2 0.30382031249999997 0.06951171875 0.060765625000000004 0.0374609375
2 0.40659375000000003 0.686943359375 0.0600625 0.03404296875
2 0.46771874999999996 0.691220703125 0.0604375 0.03478515625
2 0.5266015625 0.692177734375 0.059453124999999996 0.03279296875
2 0.5877734375 0.696142578125 0.059921875 0.03681640625
2 0.047390625 0.69708984375 0.060406249999999995 0.0308984375
2 0.648609375 0.697724609375 0.05971875 0.03607421875
2 0.10760937500000001 0.700146484375 0.05896875 0.02919921875
2 0.707890625 0.702353515625 0.05953125 0.03361328125
2 0.3629296875 0.070830078125 0.06023437499999999 0.03619140625
2 0.7689296875 0.70455078125 0.05973437499999999 0.0341015625
2 0.16499999999999998 0.705810546875 0.058125 0.02880859375
2 0.8272187499999999 0.70873046875 0.0575625 0.0385546875
2 0.22453125 0.70931640625 0.058437499999999996 0.0319140625
2 0.2844375 0.712080078125 0.0595 0.02962890625
2 0.3462578125 0.7165625 0.061265625000000004 0.03078125
1 0.406125 0.7187109375 0.059125000000000004 0.035078125
2 0.46568750000000003 0.7225 0.0595 0.0309375
2 0.4244140625 0.07341796875 0.058203125 0.0374609375
2 0.5257968749999999 0.725185546875 0.06096875 0.03240234375
2 0.5864765625 0.7275 0.060453124999999996 0.02921875
1 0.048593750000000005 0.730166015625 0.059687500000000004 0.03455078125
2 0.64578125 0.7315234375 0.060312500000000005 0.033359375
2 0.10821093749999999 0.73224609375 0.060171875 0.0348046875
2 0.7059296875000001 0.73419921875 0.058734375000000005 0.0308984375
2 0.166421875 0.736591796875 0.057843750000000006 0.03177734375
2 0.765609375 0.737265625 0.059343749999999994 0.033125
2 0.22474218750000002 0.739501953125 0.058859375000000005 0.02978515625
2 0.8236953124999999 0.741884765625 0.056765625 0.03064453125
2 0.28421093750000004 0.74484375 0.059046875 0.03265625
2 0.34469531249999996 0.746982421875 0.061265625000000004 0.02912109375
2 0.404609375 0.752626953125 0.05921875 0.03259765625
2 0.46534375 0.75642578125 0.058812500000000004 0.0362890625
2 0.524234375 0.760283203125 0.057843750000000006 0.03619140625
2 0.584515625 0.76197265625 0.05965625 0.0356640625
2 0.48445312500000004 0.076904296875 0.05953125 0.04052734375
2 0.643625 0.76546875 0.059125000000000004 0.03484375
2 0.7031015625 0.765712890625 0.059328124999999995 0.03533203125
2 0.7618125 0.769599609375 0.061125 0.03138671875
2 0.8208671875 0.773134765625 0.057359375000000004 0.03064453125
2 0.5447265625 0.079580078125 0.061328125 0.03806640625
2 0.602921875 0.083232421875 0.05896875 0.03755859375
2 0.0704140625 0.869755859375 0.062703125 0.03248046875
2 0.132546875 0.875576171875 0.05884374999999999 0.03240234375
2 0.1904765625 0.879609375 0.059078125 0.03265625
2 0.2515078125 0.88357421875 0.062390625 0.0327734375
2 0.31222656249999997 0.88791015625 0.058828124999999995 0.0336328125
2 0.370796875 0.891572265625 0.060343749999999995 0.03314453125
2 0.4314453125 0.89349609375 0.059765625 0.0330859375
2 0.4911171875 0.89712890625 0.06035937500000001 0.0325390625
2 0.0722890625 0.900908203125 0.060203125 0.02837890625
2 0.5526015625 0.90158203125 0.061453125 0.0336328125
2 0.6148515625 0.90302734375 0.060953125 0.0326171875
0 0.1311796875 0.90734375 0.05923437499999999 0.02953125
2 0.674890625 0.9078515625 0.05915625 0.034453125
2 0.7332734375000001 0.90857421875 0.06029687500000001 0.0319921875
2 0.19150781249999999 0.91095703125 0.058015625 0.0289453125
0 0.793234375 0.91134765625 0.05834375000000001 0.0336328125
2 0.853890625 0.912724609375 0.060906249999999995 0.03248046875
2 0.913890625 0.915068359375 0.05903125 0.03326171875
2 0.25103906249999997 0.91537109375 0.061453125 0.0299609375
2 0.971875 0.916015625 0.05625 0.03125
2 0.311015625 0.9190625 0.05953125 0.02953125
2 0.37071875 0.921640625 0.060187500000000005 0.03078125
2 0.4312265625 0.9231640625 0.059328124999999995 0.029921875
2 0.49145312499999994 0.926728515625 0.06103125 0.02923828125
2 0.550421875 0.93068359375 0.06021875 0.0293359375
0 0.0730390625 0.93380859375 0.058578125 0.0316796875
2 0.6100859375 0.93490234375 0.06079687499999999 0.0299609375
2 0.13371875 0.93607421875 0.06118749999999999 0.0283984375
2 0.06665625 0.0947265625 0.0583125 0.033203125
2 0.12609375 0.095126953125 0.0615625 0.03400390625
2 0.1914296875 0.93775390625 0.057859375000000005 0.0278515625
2 0.6703671875 0.93830078125 0.059484375 0.0289453125
2 0.731046875 0.940556640625 0.06209375 0.02955078125
2 0.7912656250000001 0.940048828125 0.05753125 0.02853515625
2 0.8498359375 0.94125 0.059046875 0.0309375
2 0.250546875 0.942177734375 0.06046875 0.02498046875
2 0.9084140625 0.944384765625 0.060578125000000003 0.02939453125
2 0.9671640625 0.948076171875 0.059328124999999995 0.03287109375
0 0.311234375 0.948505859375 0.05996875 0.02982421875
2 0.3706171875 0.952236328125 0.059984375 0.02947265625
2 0.43139062499999997 0.954560546875 0.05965625 0.03021484375
1 0.489734375 0.95703125 0.06071875 0.03125
0 0.5488515625 0.960068359375 0.060203125 0.02951171875
2 0.6073671875 0.963896484375 0.061609375 0.02935546875
2 0.669046875 0.96759765625 0.05996875 0.0289453125
2 0.728015625 0.9690234375 0.05915625 0.031796875
2 0.8459375 0.9699609375 0.060625 0.029765625
0 0.788140625 0.97056640625 0.05753125 0.0309765625
2 0.9049765624999999 0.973291015625 0.059953124999999996 0.02861328125
2 0.9635781250000001 0.975634765625 0.05840625000000001 0.02939453125
2 0.183421875 0.097392578125 0.06059375 0.04244140625
2 0.24289062499999997 0.10107421875 0.060781249999999995 0.0380859375
2 0.3630625 0.106142578125 0.0605 0.03650390625
2 0.3035625 0.105341796875 0.060250000000000005 0.03490234375
0 0.4236171875 0.109248046875 0.05973437499999999 0.03490234375
2 0.48269531250000003 0.115576171875 0.059140625 0.03583984375
2 0.542296875 0.11814453125 0.06271875 0.0370703125
2 0.6027265625 0.1212109375 0.058578125 0.039296875
2 0.06680468749999999 0.126943359375 0.058609375 0.03513671875
2 0.12678125 0.129794921875 0.059812500000000005 0.03302734375
0 0.18556250000000002 0.134306640625 0.061750000000000006 0.03423828125
2 0.24299218749999998 0.1358984375 0.060984375 0.033515625
0 0.30343749999999997 0.14052734375 0.06 0.0310546875
0 0.3628046875 0.140498046875 0.059984375 0.03490234375
0 0.4223125 0.144052734375 0.060250000000000005 0.03810546875
2 0.4824140625 0.144375 0.061703125000000004 0.03484375
2 0.5407109375 0.15375 0.059546875 0.03015625
0 0.6010625 0.156689453125 0.058374999999999996 0.03212890625