2 0.5984375 0.2919921875 0.046875 0.123046875
2 0.678125 0.294921875 0.04375 0.12109375
2 0.5953125 0.4111328125 0.04375 0.119140625
2 0.67578125 0.4169921875 0.0453125 0.119140625
2 0.75625 0.4228515625 0.046875 0.123046875
2 0.58984375 0.533203125 0.0453125 0.125
2 0.67109375 0.5361328125 0.0453125 0.123046875
2 0.75234375 0.5439453125 0.0421875 0.123046875
2 0.8296875 0.5458984375 0.04375 0.119140625
2 0.60703125 0.0556640625 0.0484375 0.111328125
2 0.93984375 0.05859375 0.0453125 0.11328125
2 0.584375 0.654296875 0.04375 0.12109375
2 0.66640625 0.658203125 0.0453125 0.1171875
2 0.74765625 0.6640625 0.0421875 0.12109375
2 0.828125 0.6669921875 0.046875 0.119140625
2 0.90546875 0.6708984375 0.0484375 0.123046875
2 0.58046875 0.77734375 0.0453125 0.1171875
2 0.6625 0.7802734375 0.04375 0.119140625
2 0.7421875 0.7861328125 0.04375 0.115234375
0 0.8234375 0.7861328125 0.046875 0.119140625
2 0.9015625 0.791015625 0.046875 0.1171875
2 0.9765625 0.7939453125 0.040625 0.119140625
2 0.57734375 0.896484375 0.0453125 0.12109375
2 0.6578125 0.9013671875 0.04375 0.119140625
2 0.7375 0.9052734375 0.04375 0.123046875
2 0.8171875 0.9072265625 0.04375 0.119140625
2 0.8953125 0.9111328125 0.04375 0.115234375
2 0.97109375 0.9130859375 0.0484375 0.119140625
2 0.60234375 0.1708984375 0.0484375 0.123046875
2 0.93671875 0.173828125 0.0453125 0.1171875
2 0.684375 0.1767578125 0.04375 0.119140625