2 0.89140625 0.232421875 0.0453125 0.1171875
2 0.9703125 0.2373046875 0.046875 0.119140625
2 0.890625 0.3505859375 0.046875 0.123046875
2 0.9671875 0.35546875 0.046875 0.1171875
2 0.884375 0.4658203125 0.046875 0.123046875
0 0.9640625 0.4716796875 0.046875 0.123046875
2 0.88203125 0.58984375 0.0453125 0.12109375
2 0.96171875 0.59375 0.0484375 0.125
2 0.878125 0.7080078125 0.05 0.126953125
2 0.9578125 0.7099609375 0.05 0.123046875
2 0.8734375 0.8251953125 0.05 0.115234375
2 0.9515625 0.828125 0.046875 0.11328125
2 0.89296875 0.1162109375 0.0484375 0.119140625
1 0.97109375 0.125 0.0484375 0.1171875