2 0.134375 0.296875 0.046875 0.12109375
4 0.060265625 0.29650390625 0.04553125 0.1203515625
2 0.2171875 0.2978515625 0.04375 0.119140625
2 0.29765625 0.298828125 0.0421875 0.12109375
2 0.38046875 0.2978515625 0.0421875 0.123046875
4 0.46328125 0.2998046875 0.0421875 0.123046875
2 0.54375 0.3017578125 0.040625 0.119140625
4 0.62734375 0.3046875 0.0421875 0.12109375
2 0.78515625 0.3056640625 0.0359375 0.126953125
4 0.70625 0.306640625 0.040625 0.12109375
2 0.86484375 0.30859375 0.0359375 0.12109375
4 0.94296875 0.3125 0.0359375 0.12109375
4 0.0578125 0.4150390625 0.04375 0.123046875
2 0.13046875 0.4169921875 0.0453125 0.123046875
4 0.21640625 0.41796875 0.0453125 0.12109375
2 0.29765625 0.4208984375 0.0421875 0.123046875
2 0.3796875 0.419921875 0.04375 0.12109375
4 0.46171875 0.421875 0.0421875 0.12109375
2 0.54296875 0.423828125 0.0421875 0.12109375
0 0.62421875 0.4248046875 0.0390625 0.123046875
4 0.70390625 0.4267578125 0.0421875 0.119140625
2 0.78515625 0.42578125 0.0359375 0.12109375
2 0.8625 0.4296875 0.0375 0.12109375
2 0.9421875 0.431640625 0.0375 0.12109375
4 0.0546875 0.537109375 0.04375 0.12109375
2 0.1296875 0.5380859375 0.046875 0.119140625
4 0.215625 0.5390625 0.04375 0.12109375
2 0.378125 0.541015625 0.04375 0.12109375
2 0.29453125 0.54296875 0.0453125 0.12109375
2 0.46015625 0.5439453125 0.0421875 0.123046875
2 0.5421875 0.544921875 0.04375 0.12109375
4 0.62265625 0.5458984375 0.0421875 0.119140625
2 0.7828125 0.546875 0.0375 0.12109375
2 0.70234375 0.546875 0.0390625 0.12109375
2 0.86171875 0.5478515625 0.0390625 0.119140625
2 0.93984375 0.55078125 0.0359375 0.1171875
2 0.22109375 0.05859375 0.0453125 0.1171875
2 0.303125 0.0595703125 0.04375 0.119140625
2 0.384375 0.0595703125 0.04375 0.119140625
4 0.06875 0.0595703125 0.04375 0.119140625
2 0.46640625 0.060546875 0.0421875 0.12109375
2 0.5453125 0.060546875 0.040625 0.12109375
2 0.1421875 0.060546875 0.046875 0.12109375
4 0.62890625 0.064453125 0.0390625 0.125
4 0.70625 0.0654296875 0.040625 0.123046875
2 0.784375 0.0673828125 0.0375 0.123046875
2 0.8640625 0.0703125 0.0375 0.125
4 0.93984375 0.0732421875 0.0359375 0.126953125
2 0.38359375 0.1767578125 0.0421875 0.119140625
2 0.21953125 0.177734375 0.0453125 0.12109375
2 0.3 0.1787109375 0.04375 0.119140625
4 0.06484375 0.177734375 0.0421875 0.12109375
2 0.1375 0.1787109375 0.046875 0.119140625
2 0.46484375 0.1787109375 0.0421875 0.123046875
2 0.5453125 0.181640625 0.040625 0.12109375
2 0.62734375 0.1826171875 0.0390625 0.123046875
4 0.70625 0.1826171875 0.040625 0.123046875
2 0.784375 0.1865234375 0.0375 0.123046875
2 0.86484375 0.189453125 0.0359375 0.12109375
4 0.94140625 0.193359375 0.0390625 0.125