2 0.0578125 0.2265625 0.046875 0.1171875
2 0.1359375 0.2294921875 0.04375 0.115234375
4 0.2125 0.23046875 0.04375 0.1171875
2 0.2890625 0.234375 0.046875 0.11328125
2 0.375 0.2373046875 0.04375 0.123046875
2 0.45625 0.2431640625 0.0375 0.123046875
4 0.5375 0.248046875 0.040625 0.1171875
2 0.61171875 0.2548828125 0.0390625 0.123046875
2 0.6921875 0.2607421875 0.0375 0.123046875
2 0.77109375 0.2685546875 0.0359375 0.119140625
2 0.05078125 0.34375 0.0453125 0.12109375
2 0.12890625 0.345703125 0.0484375 0.12109375
4 0.20625 0.3486328125 0.046875 0.119140625
2 0.28203125 0.3525390625 0.0453125 0.119140625
2 0.36875 0.3583984375 0.046875 0.119140625
2 0.45 0.3623046875 0.0375 0.123046875
4 0.53125 0.3662109375 0.040625 0.119140625
2 0.60625 0.373046875 0.040625 0.12109375
2 0.68671875 0.3798828125 0.0390625 0.123046875
2 0.7671875 0.3857421875 0.04375 0.123046875
2 0.04609375 0.4580078125 0.0421875 0.115234375
2 0.1234375 0.46484375 0.046875 0.12109375
4 0.2 0.466796875 0.046875 0.1171875
2 0.27578125 0.47265625 0.0484375 0.1171875
2 0.36171875 0.4755859375 0.0453125 0.115234375
2 0.44296875 0.482421875 0.0421875 0.1171875
4 0.52578125 0.486328125 0.0390625 0.1171875
2 0.60234375 0.4931640625 0.0421875 0.115234375
4 0.68203125 0.4970703125 0.0421875 0.115234375
2 0.7625 0.50390625 0.0375 0.12109375
4 0.38046875 0.1201171875 0.0453125 0.119140625
2 0.46171875 0.1240234375 0.0390625 0.126953125
4 0.540625 0.130859375 0.0375 0.1171875
2 0.61640625 0.134765625 0.0390625 0.12109375
0 0.69609375 0.142578125 0.0390625 0.12109375
2 0.775 0.1474609375 0.0375 0.119140625