2 0.24296875 0.232421875 0.0421875 0.13671875
4 0.08828125 0.2744140625 0.0390625 0.126953125
2 0.15703125 0.3115234375 0.0390625 0.130859375
2 0.24296875 0.3564453125 0.0421875 0.134765625
4 0.08515625 0.396484375 0.0390625 0.12890625
2 0.15546875 0.4296875 0.0390625 0.12890625
2 0.2390625 0.4755859375 0.040625 0.126953125
4 0.09453125 0.0517578125 0.0359375 0.103515625
2 0.08203125 0.5185546875 0.0359375 0.123046875
2 0.1515625 0.5498046875 0.040625 0.130859375
2 0.0796875 0.6376953125 0.034375 0.123046875
2 0.15234375 0.6728515625 0.0328125 0.119140625
2 0.165625 0.0712890625 0.0375 0.126953125
2 0.01953125 0.0869140625 0.0390625 0.119140625
4 0.2453125 0.1162109375 0.04375 0.130859375
2 0.09140625 0.158203125 0.0359375 0.12890625
2 0.16015625 0.1865234375 0.0390625 0.126953125