2 0.0000234375 0.00201171875 0.000046875 0.0001171875
2 0.000015625 0.00201171875 0.00003125 0.0001171875
2 0.21796875 0.4873046875 0.0265625 0.076171875
2 0.24453125 0.48828125 0.0328125 0.07421875
2 0.2734375 0.4892578125 0.034375 0.068359375
2 0.0234375 0.509765625 0.028125 0.0703125
2 0.04921875 0.5107421875 0.0265625 0.068359375
4 0.215625 0.5634765625 0.028125 0.072265625
2 0.2734375 0.5634765625 0.03125 0.080078125
2 0.24296875 0.56640625 0.0296875 0.08203125
2 0.3 0.5693359375 0.028125 0.080078125
2 0.33046875 0.5703125 0.0328125 0.078125
2 0.3625 0.5712890625 0.03125 0.072265625
2 0.021875 0.578125 0.025 0.06640625
2 0.0484375 0.5791015625 0.028125 0.068359375
2 0.07421875 0.580078125 0.0265625 0.06640625
2 0.12734375 0.5810546875 0.0265625 0.064453125
2 0.10078125 0.58203125 0.0265625 0.06640625
2 0.21328125 0.6357421875 0.0296875 0.072265625
2 0.24140625 0.6396484375 0.0296875 0.072265625
2 0.27109375 0.6416015625 0.0296875 0.076171875
2 0.2984375 0.6435546875 0.03125 0.076171875
2 0.32890625 0.64453125 0.0328125 0.078125
2 0.0203125 0.6455078125 0.025 0.068359375
2 0.046875 0.646484375 0.025 0.06640625
2 0.07265625 0.6455078125 0.0234375 0.068359375
2 0.38828125 0.6474609375 0.0328125 0.080078125
2 0.09921875 0.646484375 0.0265625 0.06640625
2 0.12578125 0.646484375 0.0265625 0.0703125
2 0.35859375 0.6484375 0.0328125 0.078125
2 0.41796875 0.650390625 0.0328125 0.078125
2 0.4484375 0.650390625 0.03125 0.07421875
4 0.21171875 0.7119140625 0.0296875 0.076171875
2 0.0203125 0.7138671875 0.025 0.072265625
2 0.04375 0.71484375 0.028125 0.07421875
2 0.06953125 0.7138671875 0.0296875 0.072265625
2 0.2375 0.7158203125 0.034375 0.080078125
2 0.096875 0.7158203125 0.028125 0.076171875
2 0.121875 0.7177734375 0.025 0.072265625
2 0.26796875 0.71875 0.0328125 0.07421875
2 0.2984375 0.71875 0.028125 0.07421875
2 0.32734375 0.720703125 0.0328125 0.07421875
2 0.359375 0.7216796875 0.03125 0.068359375
2 0.3859375 0.72265625 0.03125 0.0703125
2 0.41640625 0.724609375 0.0328125 0.0703125
2 0.446875 0.7255859375 0.034375 0.072265625
2 0.47421875 0.7255859375 0.0296875 0.072265625
1 0.50390625 0.7275390625 0.0328125 0.072265625
2 0.534375 0.7294921875 0.034375 0.068359375
4 0.20625 0.78515625 0.028125 0.0703125
2 0.234375 0.7880859375 0.034375 0.068359375
2 0.26484375 0.7919921875 0.0296875 0.076171875
2 0.29375 0.79296875 0.03125 0.078125
2 0.32421875 0.79296875 0.0328125 0.07421875
2 0.35234375 0.794921875 0.0328125 0.07421875
2 0.38203125 0.7978515625 0.0328125 0.076171875
2 0.4125 0.7978515625 0.03125 0.076171875
2 0.4421875 0.80078125 0.03125 0.078125
2 0.47109375 0.802734375 0.0296875 0.08203125
2 0.53125 0.802734375 0.03125 0.078125
2 0.5015625 0.8037109375 0.034375 0.076171875
1 0.56171875 0.806640625 0.0328125 0.0703125
2 0.5921875 0.8076171875 0.03125 0.068359375
2 0.62109375 0.8095703125 0.0296875 0.068359375
4 0.2046875 0.8583984375 0.025 0.076171875
2 0.23125 0.8623046875 0.03125 0.080078125
2 0.26171875 0.865234375 0.0328125 0.0703125
2 0.2921875 0.8671875 0.03125 0.0703125
2 0.321875 0.869140625 0.03125 0.07421875
2 0.35 0.8701171875 0.03125 0.072265625
2 0.378125 0.873046875 0.03125 0.07421875
1 0.4078125 0.873046875 0.034375 0.07421875
1 0.440625 0.875 0.03125 0.0703125
2 0.46953125 0.8759765625 0.0296875 0.068359375
2 0.49921875 0.876953125 0.0328125 0.0703125
2 0.53046875 0.8779296875 0.0296875 0.072265625
2 0.56015625 0.880859375 0.0296875 0.07421875
2 0.58984375 0.880859375 0.0296875 0.078125
1 0.61796875 0.880859375 0.0296875 0.07421875
2 0.08828125 0.916015625 0.0234375 0.05859375
1 0.115625 0.91796875 0.028125 0.05859375
4 0.2046875 0.93359375 0.025 0.0703125
2 0.23203125 0.93359375 0.0296875 0.0703125
2 0.2609375 0.9365234375 0.028125 0.072265625
2 0.28984375 0.939453125 0.0296875 0.07421875
2 0.32109375 0.9423828125 0.0296875 0.076171875
2 0.3484375 0.9423828125 0.028125 0.072265625
1 0.3765625 0.943359375 0.028125 0.07421875
1 0.4078125 0.947265625 0.034375 0.07421875
2 0.43828125 0.94921875 0.0328125 0.07421875
2 0.4671875 0.94921875 0.03125 0.07421875
2 0.496875 0.9501953125 0.03125 0.076171875
2 0.5265625 0.9541015625 0.03125 0.072265625
2 0.55625 0.9541015625 0.03125 0.076171875
2 0.58671875 0.9560546875 0.0328125 0.076171875
2 0.615625 0.955078125 0.03125 0.07421875
2 0.0609375 0.97265625 0.025 0.0546875
2 0.11171875 0.97265625 0.0265625 0.0546875