2 0.21875 0.2099609375 0.04375 0.115234375
2 0.296875 0.2109375 0.040625 0.1171875
2 0.0671875 0.212890625 0.040625 0.12109375
2 0.1421875 0.2138671875 0.046875 0.115234375
2 0.21640625 0.3271484375 0.0421875 0.119140625
2 0.2953125 0.3291015625 0.040625 0.119140625
2 0.06484375 0.3310546875 0.0453125 0.119140625
2 0.140625 0.33203125 0.04375 0.1171875
2 0.29453125 0.4443359375 0.0390625 0.119140625
2 0.21640625 0.4482421875 0.0421875 0.115234375
2 0.13984375 0.4482421875 0.0421875 0.119140625
2 0.06328125 0.4501953125 0.0453125 0.119140625
2 0.13984375 0.564453125 0.0421875 0.11328125
2 0.215625 0.5654296875 0.040625 0.115234375
2 0.06328125 0.5654296875 0.0453125 0.115234375
2 0.29453125 0.5673828125 0.0421875 0.119140625
2 0.140625 0.681640625 0.04375 0.1171875
2 0.21640625 0.6826171875 0.0421875 0.115234375
2 0.0640625 0.681640625 0.04375 0.11328125
2 0.29453125 0.6826171875 0.0421875 0.115234375
2 0.06484375 0.7998046875 0.0421875 0.115234375
2 0.13984375 0.7998046875 0.0421875 0.119140625
2 0.2953125 0.7998046875 0.040625 0.119140625
2 0.21484375 0.8017578125 0.0421875 0.115234375
2 0.06640625 0.9150390625 0.0421875 0.111328125
2 0.140625 0.9189453125 0.040625 0.115234375
2 0.2171875 0.91796875 0.040625 0.1171875
2 0.29609375 0.919921875 0.0421875 0.12109375
2 0.22109375 0.0947265625 0.0421875 0.115234375
2 0.296875 0.0947265625 0.040625 0.115234375
2 0.06875 0.0966796875 0.04375 0.111328125
2 0.14453125 0.0986328125 0.0421875 0.115234375