2 0.02265625 0.4716796875 0.0390625 0.119140625
4 0.09765625 0.478515625 0.0390625 0.1171875
2 0.17734375 0.4833984375 0.0390625 0.119140625
4 0.25 0.4912109375 0.0375 0.119140625
2 0.33125 0.4951171875 0.040625 0.115234375
2 0.409375 0.50390625 0.040625 0.1171875
2 0.49921875 0.5078125 0.0453125 0.12109375
2 0.57734375 0.51171875 0.0453125 0.1171875
2 0.65390625 0.5166015625 0.0453125 0.119140625
2 0.73515625 0.5234375 0.0453125 0.1171875
2 0.8140625 0.5283203125 0.040625 0.119140625
4 0.89296875 0.533203125 0.0421875 0.1171875
4 0.96640625 0.5390625 0.0421875 0.1171875
2 0.0171875 0.591796875 0.034375 0.1171875
2 0.09296875 0.5947265625 0.0390625 0.119140625
2 0.17109375 0.603515625 0.0390625 0.12109375
4 0.24609375 0.609375 0.0390625 0.12109375
2 0.32421875 0.6123046875 0.0390625 0.119140625
2 0.40390625 0.623046875 0.0390625 0.12109375
2 0.4921875 0.6259765625 0.046875 0.115234375
2 0.56953125 0.630859375 0.0453125 0.12109375
2 0.6484375 0.6376953125 0.046875 0.123046875
2 0.72890625 0.6435546875 0.0421875 0.123046875
2 0.80859375 0.6474609375 0.0421875 0.119140625
0 0.884375 0.65234375 0.04375 0.1171875
4 0.9609375 0.65625 0.04375 0.1171875
2 0.015625 0.708984375 0.03125 0.12109375
2 0.08984375 0.7158203125 0.0390625 0.119140625
2 0.16796875 0.7236328125 0.0390625 0.119140625
4 0.23984375 0.7314453125 0.0359375 0.123046875
2 0.31796875 0.736328125 0.0359375 0.12109375
2 0.4 0.7431640625 0.0375 0.123046875
2 0.484375 0.7470703125 0.04375 0.123046875
2 0.56171875 0.7509765625 0.0390625 0.119140625
2 0.6421875 0.755859375 0.04375 0.1171875
2 0.72265625 0.759765625 0.0421875 0.11328125
2 0.80234375 0.7646484375 0.0421875 0.119140625
2 0.8796875 0.76953125 0.04375 0.1171875
2 0.953125 0.775390625 0.046875 0.1171875
4 0.0859375 0.833984375 0.0375 0.12109375
2 0.1625 0.83984375 0.0375 0.1171875
4 0.23515625 0.84765625 0.0359375 0.1171875
2 0.3140625 0.857421875 0.034375 0.125
4 0.3921875 0.8603515625 0.0375 0.119140625