2 0.815625 0.3876953125 0.040625 0.119140625
4 0.73671875 0.392578125 0.0421875 0.12109375
2 0.4328125 0.412109375 0.040625 0.12109375
2 0.81796875 0.5078125 0.0390625 0.1171875
4 0.7390625 0.509765625 0.0375 0.12109375
0 0.434375 0.5322265625 0.04375 0.119140625
2 0.65703125 0.56640625 0.0421875 0.12109375
2 0.81875 0.6279296875 0.0375 0.119140625
4 0.740625 0.6298828125 0.0375 0.115234375
2 0.66171875 0.6865234375 0.0421875 0.119140625
2 0.6296875 0.0732421875 0.040625 0.115234375
2 0.73984375 0.7470703125 0.0390625 0.119140625
2 0.8171875 0.7490234375 0.034375 0.115234375
4 0.884375 0.78125 0.0375 0.1171875
2 0.58046875 0.8056640625 0.0421875 0.119140625
2 0.6625 0.8076171875 0.040625 0.119140625
2 0.9609375 0.8271484375 0.034375 0.115234375
2 0.23828125 0.857421875 0.0359375 0.1171875
2 0.81484375 0.8681640625 0.0328125 0.115234375
0 0.7421875 0.8720703125 0.040625 0.123046875
2 0.30859375 0.8896484375 0.0421875 0.119140625
4 0.88359375 0.8994140625 0.0359375 0.115234375
2 0.58046875 0.9248046875 0.0390625 0.119140625
4 0.66328125 0.9248046875 0.0390625 0.123046875
2 0.9609375 0.9365234375 0.034375 0.115234375