1 0.31875 0.2431640625 0.040625 0.126953125
2 0.23828125 0.2470703125 0.0390625 0.126953125
2 0.40078125 0.248046875 0.0421875 0.12890625
2 0.48359375 0.2470703125 0.0421875 0.134765625
2 0.565625 0.251953125 0.046875 0.12890625
1 0.646875 0.2509765625 0.04375 0.123046875
2 0.72890625 0.2509765625 0.0421875 0.126953125
2 0.8109375 0.2548828125 0.046875 0.123046875
4 0.8890625 0.2548828125 0.04375 0.126953125
2 0.96640625 0.2587890625 0.0453125 0.123046875
2 0.56640625 0.3740234375 0.0453125 0.130859375
2 0.72890625 0.375 0.0453125 0.125
2 0.8109375 0.3740234375 0.046875 0.123046875
1 0.6484375 0.3759765625 0.04375 0.126953125
2 0.96875 0.3759765625 0.046875 0.126953125
2 0.8890625 0.3779296875 0.04375 0.123046875
2 0.0796875 0.4892578125 0.0375 0.119140625
4 0.64765625 0.4970703125 0.0453125 0.123046875
2 0.565625 0.498046875 0.040625 0.125
2 0.8125 0.498046875 0.046875 0.12109375
4 0.890625 0.4970703125 0.04375 0.126953125
2 0.72890625 0.4990234375 0.0453125 0.126953125
2 0.96875 0.4990234375 0.046875 0.123046875
2 0.16953125 0.5380859375 0.0390625 0.119140625
2 0.08046875 0.6123046875 0.0390625 0.123046875
2 0.96875 0.619140625 0.04375 0.12890625
2 0.72890625 0.6220703125 0.0453125 0.119140625
2 0.8109375 0.6220703125 0.046875 0.123046875
4 0.89140625 0.6220703125 0.0453125 0.123046875
2 0.1703125 0.66015625 0.0375 0.125
4 0.4078125 0.7138671875 0.040625 0.123046875
2 0.2515625 0.7216796875 0.040625 0.123046875
4 0.33203125 0.72265625 0.0421875 0.125
2 0.08203125 0.7314453125 0.0390625 0.123046875
2 0.96875 0.7421875 0.046875 0.125
2 0.809375 0.7431640625 0.046875 0.123046875
1 0.890625 0.7451171875 0.046875 0.123046875
2 0.1703125 0.783203125 0.040625 0.125
4 0.409375 0.837890625 0.040625 0.12109375
2 0.25234375 0.8427734375 0.0390625 0.126953125
2 0.33203125 0.8427734375 0.0421875 0.123046875
2 0.96796875 0.8642578125 0.0453125 0.123046875
2 0.8890625 0.8662109375 0.046875 0.123046875
2 0.17265625 0.900390625 0.0390625 0.125
2 0.50390625 0.92578125 0.0421875 0.125
4 0.41015625 0.9482421875 0.0390625 0.099609375
4 0.24296875 0.1259765625 0.0390625 0.123046875
4 0.31796875 0.126953125 0.0390625 0.1328125
4 0.4015625 0.1259765625 0.04375 0.130859375
2 0.48359375 0.126953125 0.0453125 0.1328125
2 0.565625 0.126953125 0.04375 0.125
4 0.646875 0.1318359375 0.04375 0.126953125
2 0.80859375 0.1318359375 0.0484375 0.123046875
2 0.72890625 0.1328125 0.0421875 0.125
2 0.8875 0.1376953125 0.04375 0.119140625
4 0.965625 0.1396484375 0.04375 0.123046875