2 0.065625 0.2705078125 0.040625 0.126953125
2 0.1453125 0.2724609375 0.040625 0.123046875
4 0.2171875 0.2763671875 0.0375 0.126953125
2 0.0625 0.3935546875 0.0375 0.123046875
4 0.21484375 0.3955078125 0.0390625 0.119140625
2 0.14140625 0.3955078125 0.0390625 0.126953125
4 0.22578125 0.0498046875 0.0359375 0.099609375
2 0.1515625 0.0498046875 0.034375 0.099609375
4 0.071875 0.05078125 0.0375 0.1015625
2 0.06015625 0.509765625 0.0359375 0.12109375
2 0.13828125 0.5107421875 0.0390625 0.123046875
4 0.20703125 0.5126953125 0.0390625 0.123046875
2 0.059375 0.6279296875 0.0375 0.119140625
2 0.13671875 0.6279296875 0.0390625 0.126953125
2 0.13515625 0.7509765625 0.0359375 0.123046875
2 0.0578125 0.7509765625 0.034375 0.126953125
2 0.059375 0.8623046875 0.03125 0.119140625
2 0.1484375 0.1591796875 0.040625 0.119140625
4 0.0703125 0.1591796875 0.0375 0.123046875
4 0.22265625 0.16015625 0.0421875 0.1171875