4 0.14296875 0.2470703125 0.0390625 0.111328125
2 0.06484375 0.2998046875 0.0390625 0.115234375
2 0.45390625 0.3642578125 0.0421875 0.119140625
2 0.13515625 0.365234375 0.0328125 0.12109375
2 0.5328125 0.396484375 0.04375 0.12109375
0 0.61171875 0.4013671875 0.0484375 0.119140625
2 0.69140625 0.404296875 0.0453125 0.12109375
2 0.77265625 0.4130859375 0.0484375 0.119140625
2 0.0578125 0.4169921875 0.040625 0.119140625
2 0.45 0.4853515625 0.04375 0.123046875
2 0.1296875 0.486328125 0.034375 0.12109375
2 0.52890625 0.515625 0.0421875 0.12109375
0 0.60859375 0.5224609375 0.0453125 0.119140625
2 0.6875 0.5263671875 0.046875 0.119140625
2 0.76640625 0.5322265625 0.0453125 0.123046875
2 0.05234375 0.53515625 0.0390625 0.11328125
4 0.28671875 0.5810546875 0.0390625 0.119140625
4 0.36640625 0.583984375 0.0421875 0.1171875
2 0.12421875 0.6015625 0.0359375 0.1171875
4 0.44609375 0.607421875 0.0421875 0.12109375
2 0.20546875 0.6337890625 0.0390625 0.119140625
2 0.5234375 0.6376953125 0.04375 0.123046875
4 0.60390625 0.640625 0.0421875 0.12109375
2 0.68203125 0.6484375 0.0421875 0.12109375
2 0.76328125 0.6494140625 0.0453125 0.119140625
2 0.07734375 0.0673828125 0.0421875 0.115234375
0 0.28359375 0.7001953125 0.0390625 0.123046875
4 0.3609375 0.7041015625 0.040625 0.119140625
2 0.43984375 0.724609375 0.0390625 0.12109375
2 0.20078125 0.7509765625 0.0390625 0.115234375
2 0.51875 0.7578125 0.04375 0.12109375
4 0.59921875 0.763671875 0.0421875 0.12109375
2 0.678125 0.7646484375 0.04375 0.119140625
2 0.75703125 0.7724609375 0.0453125 0.119140625
2 0.278125 0.8173828125 0.0375 0.111328125
2 0.35546875 0.8212890625 0.0390625 0.119140625
4 0.3546875 0.083984375 0.040625 0.11328125
2 0.4359375 0.8427734375 0.040625 0.119140625
4 0.59375 0.8779296875 0.04375 0.119140625
4 0.51484375 0.8779296875 0.0421875 0.119140625
2 0.67421875 0.8837890625 0.0421875 0.119140625
2 0.75234375 0.888671875 0.0421875 0.12109375
4 0.1484375 0.12890625 0.040625 0.1171875
2 0.0703125 0.1865234375 0.040625 0.115234375