2 0.19453125 0.1962890625 0.0453125 0.123046875
1 0.6734375 0.1962890625 0.040625 0.119140625
0 0.75234375 0.1953125 0.0359375 0.1171875
2 0.11796875 0.1962890625 0.0453125 0.119140625
2 0.04296875 0.1982421875 0.0453125 0.119140625
2 0.82734375 0.19921875 0.0359375 0.12109375
2 0.90703125 0.2021484375 0.0328125 0.119140625
2 0.98046875 0.2021484375 0.0328125 0.123046875
2 0.19453125 0.3076171875 0.0453125 0.115234375
4 0.27421875 0.3076171875 0.0453125 0.119140625
2 0.5921875 0.3076171875 0.040625 0.119140625
2 0.35390625 0.30859375 0.0421875 0.1171875
2 0.5140625 0.3095703125 0.040625 0.119140625
4 0.040625 0.310546875 0.04375 0.12109375
2 0.43359375 0.3095703125 0.0421875 0.119140625
4 0.67265625 0.310546875 0.0390625 0.12109375
2 0.11640625 0.3125 0.0453125 0.11328125
4 0.75078125 0.3134765625 0.0359375 0.115234375
2 0.82734375 0.3154296875 0.0359375 0.111328125
2 0.9828125 0.3173828125 0.03125 0.119140625
2 0.90625 0.3193359375 0.034375 0.115234375
2 0.35703125 0.0732421875 0.0421875 0.119140625
2 0.43515625 0.072265625 0.0421875 0.12109375
4 0.5171875 0.07421875 0.040625 0.1171875
2 0.278125 0.076171875 0.04375 0.1171875
2 0.19765625 0.078125 0.0453125 0.12109375
2 0.59609375 0.0791015625 0.0390625 0.119140625
2 0.675 0.0791015625 0.0375 0.119140625
0 0.12265625 0.080078125 0.0453125 0.1171875
2 0.04609375 0.08203125 0.0453125 0.1171875
2 0.7515625 0.0810546875 0.0375 0.115234375
2 0.82890625 0.083984375 0.0359375 0.11328125
2 0.90625 0.0888671875 0.034375 0.115234375
2 0.9796875 0.08984375 0.034375 0.1171875
2 0.3546875 0.189453125 0.04375 0.12109375
2 0.43515625 0.1904296875 0.0453125 0.123046875
2 0.27578125 0.1923828125 0.0484375 0.119140625
1 0.51484375 0.1923828125 0.0421875 0.123046875
2 0.59375 0.1923828125 0.0375 0.123046875