4 0.5921875 0.1962890625 0.040625 0.119140625
2 0.76640625 0.2158203125 0.0390625 0.123046875
2 0.67578125 0.2724609375 0.0421875 0.126953125
4 0.22265625 0.28125 0.0484375 0.12109375
2 0.29765625 0.283203125 0.0453125 0.12109375
2 0.14140625 0.2861328125 0.0421875 0.123046875
4 0.86171875 0.3076171875 0.0359375 0.123046875
2 0.76796875 0.3369140625 0.0390625 0.123046875
2 0.67734375 0.390625 0.0390625 0.125
2 0.29921875 0.4033203125 0.0390625 0.123046875
2 0.38203125 0.4033203125 0.0421875 0.123046875
4 0.21953125 0.404296875 0.0453125 0.12109375
2 0.13984375 0.4091796875 0.0453125 0.123046875
2 0.05859375 0.4091796875 0.0484375 0.126953125
2 0.93515625 0.4140625 0.0359375 0.125
2 0.8625 0.427734375 0.034375 0.1171875
2 0.76953125 0.4599609375 0.0390625 0.123046875
2 0.3015625 0.5263671875 0.04375 0.123046875
2 0.38359375 0.5263671875 0.0421875 0.123046875
2 0.515625 0.052734375 0.0375 0.10546875
2 0.22109375 0.529296875 0.0453125 0.125
2 0.140625 0.5302734375 0.04375 0.126953125
2 0.06015625 0.53125 0.0453125 0.125
2 0.93671875 0.537109375 0.0359375 0.1171875
2 0.86328125 0.5478515625 0.0359375 0.119140625
2 0.46640625 0.6474609375 0.0453125 0.123046875
2 0.30390625 0.6494140625 0.0453125 0.123046875
4 0.38515625 0.650390625 0.0421875 0.12109375
2 0.22265625 0.6513671875 0.0421875 0.126953125
2 0.06328125 0.65234375 0.0453125 0.125
2 0.14140625 0.6533203125 0.0421875 0.123046875
2 0.9375 0.6552734375 0.0375 0.119140625
2 0.8640625 0.6689453125 0.034375 0.115234375
4 0.58984375 0.078125 0.0421875 0.12109375
2 0.54921875 0.7685546875 0.0421875 0.123046875
2 0.46796875 0.7705078125 0.0421875 0.126953125
4 0.38671875 0.7705078125 0.0421875 0.126953125
2 0.22421875 0.7724609375 0.0421875 0.123046875
2 0.30546875 0.7724609375 0.0421875 0.123046875
2 0.14296875 0.7724609375 0.0421875 0.126953125
2 0.06328125 0.7763671875 0.0453125 0.123046875
4 0.6328125 0.8857421875 0.040625 0.123046875
2 0.71328125 0.88671875 0.0390625 0.12890625
2 0.46953125 0.8916015625 0.0421875 0.130859375
2 0.55078125 0.8935546875 0.0421875 0.126953125
2 0.22890625 0.89453125 0.0421875 0.12890625
2 0.30859375 0.8935546875 0.0421875 0.126953125
2 0.1484375 0.8935546875 0.04375 0.123046875
4 0.3875 0.89453125 0.040625 0.125
2 0.0671875 0.8955078125 0.04375 0.123046875
2 0.76484375 0.0966796875 0.0390625 0.123046875
2 0.67421875 0.150390625 0.0421875 0.125
0 0.22109375 0.162109375 0.0484375 0.12109375
4 0.51796875 0.1669921875 0.0390625 0.123046875
2 0.8578125 0.1865234375 0.034375 0.119140625