2 0.68984375 0.2236328125 0.0390625 0.123046875
2 0.7734375 0.224609375 0.0375 0.1171875
2 0.51875 0.2822265625 0.04375 0.123046875
4 0.88515625 0.3056640625 0.0359375 0.123046875
2 0.9609375 0.3076171875 0.0375 0.123046875
2 0.03046875 0.3271484375 0.0453125 0.115234375
2 0.10703125 0.328125 0.0484375 0.1171875
2 0.6890625 0.3427734375 0.040625 0.126953125
2 0.7734375 0.3427734375 0.040625 0.119140625
2 0.1828125 0.3837890625 0.046875 0.119140625
2 0.02890625 0.4443359375 0.0453125 0.119140625
2 0.1046875 0.4462890625 0.04375 0.119140625
2 0.18359375 0.50390625 0.0453125 0.1171875
2 0.51953125 0.0546875 0.0453125 0.109375
2 0.27109375 0.55078125 0.0453125 0.1171875
4 0.35625 0.5517578125 0.046875 0.115234375
4 0.03125 0.5615234375 0.046875 0.115234375
2 0.10546875 0.564453125 0.0453125 0.1171875
0 0.7625 0.609375 0.0375 0.1171875
2 0.91953125 0.6123046875 0.0359375 0.115234375
2 0.840625 0.61328125 0.0375 0.1171875
2 0.4359375 0.6162109375 0.04375 0.119140625
2 0.59609375 0.6171875 0.0421875 0.1171875
4 0.51640625 0.6171875 0.0421875 0.1171875
2 0.67734375 0.619140625 0.0390625 0.1171875
2 0.18359375 0.6220703125 0.0453125 0.119140625
2 0.271875 0.6689453125 0.046875 0.119140625
4 0.35703125 0.6708984375 0.0453125 0.119140625
4 0.7625 0.7294921875 0.0375 0.119140625
2 0.91875 0.7294921875 0.0375 0.115234375
2 0.840625 0.73046875 0.034375 0.1171875
2 0.51640625 0.7353515625 0.0421875 0.119140625
4 0.4359375 0.7373046875 0.04375 0.123046875
2 0.596875 0.7373046875 0.040625 0.123046875
2 0.67734375 0.73828125 0.0390625 0.12109375
2 0.184375 0.740234375 0.046875 0.1171875
4 0.88359375 0.0751953125 0.0328125 0.119140625
2 0.95625 0.078125 0.034375 0.12109375
2 0.2734375 0.7900390625 0.05 0.115234375
2 0.359375 0.7919921875 0.046875 0.119140625
2 0.915625 0.84375 0.040625 0.1171875
2 0.76171875 0.84765625 0.0390625 0.1171875
2 0.840625 0.8486328125 0.034375 0.115234375
2 0.91328125 0.951171875 0.0390625 0.09765625
2 0.76171875 0.9521484375 0.0390625 0.095703125
2 0.8390625 0.953125 0.0375 0.09375
2 0.69375 0.10546875 0.040625 0.125
2 0.775 0.109375 0.040625 0.125
4 0.43984375 0.1181640625 0.0453125 0.119140625
2 0.51875 0.166015625 0.04375 0.125
4 0.884375 0.189453125 0.034375 0.12109375
2 0.9578125 0.193359375 0.034375 0.1171875