2 0.90703125 0.2431640625 0.0453125 0.115234375
2 0.82734375 0.25390625 0.0484375 0.1171875
2 0.73984375 0.5498046875 0.0484375 0.123046875
2 0.7625 0.0625 0.046875 0.11328125
4 0.9796875 0.0634765625 0.040625 0.115234375
2 0.73359375 0.6669921875 0.0453125 0.123046875
2 0.9625 0.78125 0.04375 0.1171875
2 0.73203125 0.7880859375 0.0453125 0.123046875
2 0.95703125 0.8994140625 0.0453125 0.119140625
2 0.7265625 0.9072265625 0.04375 0.119140625
2 0.90859375 0.1279296875 0.0421875 0.119140625
2 0.8360468750000001 0.1357421875 0.03771875 0.111328125