2 0.6754807692307693 0.020432692307692308 0.05889423076923077 0.040865384615384616
2 0.7824519230769231 0.19831730769230768 0.0625 0.036057692307692304
2 0.84375 0.20432692307692307 0.06129807692307692 0.038461538461538464
3 0.29086538461538464 0.20552884615384615 0.0625 0.036057692307692304
2 0.9026442307692307 0.20673076923076922 0.06129807692307692 0.03485576923076923
3 0.35336538461538464 0.2091346153846154 0.0625 0.03485576923076923
3 0.41466346153846156 0.21033653846153846 0.06129807692307692 0.037259615384615384
2 0.9651442307692307 0.21153846153846154 0.06009615384615385 0.037259615384615384
2 0.47596153846153844 0.21394230769230768 0.06009615384615385 0.03365384615384615
2 0.5360576923076923 0.21875 0.0625 0.03485576923076923
2 0.5973557692307693 0.22115384615384615 0.05889423076923077 0.03365384615384615
0 0.65625 0.22716346153846154 0.0625 0.03245192307692308
2 0.71875 0.22716346153846154 0.0625 0.03365384615384615
2 0.7355769230769231 0.025240384615384616 0.06009615384615385 0.04326923076923077
2 0.7800480769230769 0.234375 0.06009615384615385 0.036057692307692304
2 0.8413461538461539 0.23918269230769232 0.06370192307692307 0.03245192307692308
3 0.29086538461538464 0.2403846153846154 0.0625 0.03245192307692308
3 0.35216346153846156 0.2439903846153846 0.06129807692307692 0.03365384615384615
2 0.8990384615384616 0.24278846153846154 0.06370192307692307 0.03365384615384615
2 0.9591346153846154 0.24639423076923078 0.0625 0.03245192307692308
3 0.41346153846153844 0.24639423076923078 0.06129807692307692 0.036057692307692304
2 0.47596153846153844 0.25 0.06009615384615385 0.036057692307692304
2 0.5372596153846154 0.25240384615384615 0.06129807692307692 0.036057692307692304
2 0.5949519230769231 0.25600961538461536 0.06129807692307692 0.03245192307692308
0 0.6550480769230769 0.2608173076923077 0.06129807692307692 0.03485576923076923
2 0.7163461538461539 0.2620192307692308 0.06129807692307692 0.040865384615384616
0 0.7776442307692307 0.2692307692307692 0.0625 0.03485576923076923
2 0.8365384615384616 0.27283653846153844 0.06129807692307692 0.03365384615384615
1 0.8954326923076923 0.2776442307692308 0.0625 0.037259615384615384
2 0.9567307692307693 0.28125 0.0625 0.03485576923076923
2 0.796875 0.028846153846153848 0.0625 0.038461538461538464
2 0.8581730769230769 0.03365384615384615 0.06009615384615385 0.04447115384615385
3 0.2512019230769231 0.036057692307692304 0.06129807692307692 0.036057692307692304
3 0.3112980769230769 0.037259615384615384 0.0625 0.036057692307692304
3 0.3329326923076923 0.3786057692307692 0.06129807692307692 0.038461538461538464
3 0.3942307692307692 0.38221153846153844 0.05889423076923077 0.038461538461538464
2 0.4543269230769231 0.38461538461538464 0.0625 0.038461538461538464
2 0.5168269230769231 0.38822115384615385 0.06129807692307692 0.038461538461538464
2 0.9182692307692307 0.039663461538461536 0.06009615384615385 0.040865384615384616
2 0.5793269230769231 0.3918269230769231 0.06129807692307692 0.037259615384615384
2 0.6394230769230769 0.39663461538461536 0.06129807692307692 0.039663461538461536
2 0.7007211538461539 0.39903846153846156 0.06129807692307692 0.036057692307692304
2 0.7620192307692307 0.4050480769230769 0.06129807692307692 0.03365384615384615
2 0.8233173076923077 0.40865384615384615 0.06009615384615385 0.036057692307692304
2 0.9735576923076923 0.042067307692307696 0.052884615384615384 0.040865384615384616
3 0.3713942307692308 0.042067307692307696 0.05889423076923077 0.037259615384615384
2 0.8846153846153846 0.4110576923076923 0.06129807692307692 0.03365384615384615
3 0.3329326923076923 0.41586538461538464 0.0625 0.03365384615384615
2 0.9459134615384616 0.41586538461538464 0.06009615384615385 0.037259615384615384
3 0.39302884615384615 0.41947115384615385 0.06009615384615385 0.03485576923076923
2 0.4543269230769231 0.421875 0.0625 0.03485576923076923
2 0.5168269230769231 0.42427884615384615 0.06129807692307692 0.03125
2 0.578125 0.42788461538461536 0.06129807692307692 0.03125
3 0.4326923076923077 0.04447115384615385 0.06129807692307692 0.037259615384615384
2 0.6394230769230769 0.43149038461538464 0.0625 0.03485576923076923
2 0.7007211538461539 0.43509615384615385 0.06129807692307692 0.03485576923076923
2 0.7596153846153846 0.43990384615384615 0.06129807692307692 0.03485576923076923
2 0.8221153846153846 0.4423076923076923 0.06129807692307692 0.03365384615384615
2 0.8810096153846154 0.44471153846153844 0.057692307692307696 0.03485576923076923
3 0.3317307692307692 0.4495192307692308 0.06129807692307692 0.03245192307692308
2 0.9399038461538461 0.45072115384615385 0.06129807692307692 0.03365384615384615
2 0.39302884615384615 0.4543269230769231 0.06129807692307692 0.03245192307692308
2 0.4543269230769231 0.4567307692307692 0.0625 0.03485576923076923
2 0.515625 0.4579326923076923 0.06009615384615385 0.036057692307692304
2 0.5757211538461539 0.46153846153846156 0.06129807692307692 0.037259615384615384
2 0.6370192307692307 0.4651442307692308 0.0625 0.03245192307692308
2 0.6971153846153846 0.4723557692307692 0.06009615384615385 0.037259615384615384
2 0.7572115384615384 0.47596153846153844 0.06009615384615385 0.03245192307692308
2 0.8173076923076923 0.47836538461538464 0.06009615384615385 0.03485576923076923
0 0.8762019230769231 0.4831730769230769 0.06009615384615385 0.036057692307692304
2 0.9350961538461539 0.484375 0.06129807692307692 0.03485576923076923
2 0.49278846153846156 0.04927884615384615 0.06009615384615385 0.037259615384615384
2 0.5528846153846154 0.05048076923076923 0.06129807692307692 0.042067307692307696
1 0.6117788461538461 0.054086538461538464 0.05889423076923077 0.038461538461538464
2 0.6742788461538461 0.06009615384615385 0.06129807692307692 0.038461538461538464
3 0.3317307692307692 0.5865384615384616 0.06009615384615385 0.037259615384615384
3 0.39302884615384615 0.5877403846153846 0.06370192307692307 0.03485576923076923
2 0.453125 0.5925480769230769 0.0625 0.03365384615384615
2 0.515625 0.5961538461538461 0.0625 0.03245192307692308
2 0.5757211538461539 0.6021634615384616 0.06129807692307692 0.03245192307692308
2 0.6382211538461539 0.6045673076923077 0.06370192307692307 0.03365384615384615
2 0.6983173076923077 0.6105769230769231 0.06129807692307692 0.03245192307692308
2 0.7596153846153846 0.6117788461538461 0.06370192307692307 0.03245192307692308
2 0.8221153846153846 0.6165865384615384 0.06490384615384616 0.037259615384615384
0 0.8810096153846154 0.6189903846153846 0.0625 0.036057692307692304
1 0.3317307692307692 0.6201923076923077 0.06009615384615385 0.028846153846153848
0 0.3918269230769231 0.6201923076923077 0.0625 0.03365384615384615
2 0.9411057692307693 0.6237980769230769 0.0673076923076923 0.036057692307692304
2 0.7355769230769231 0.06490384615384616 0.0625 0.039663461538461536
2 0.453125 0.6262019230769231 0.06129807692307692 0.03245192307692308
2 0.5144230769230769 0.6310096153846154 0.06129807692307692 0.03485576923076923
2 0.5745192307692307 0.6358173076923077 0.06129807692307692 0.03485576923076923
2 0.6370192307692307 0.6370192307692307 0.06370192307692307 0.03125
0 0.6959134615384616 0.6418269230769231 0.06129807692307692 0.03485576923076923
2 0.7572115384615384 0.6442307692307693 0.06370192307692307 0.03485576923076923
0 0.8185096153846154 0.6490384615384616 0.0625 0.028846153846153848
1 0.33052884615384615 0.6538461538461539 0.05889423076923077 0.03365384615384615
0 0.8762019230769231 0.6526442307692307 0.0625 0.03245192307692308
2 0.9362980769230769 0.65625 0.06370192307692307 0.03365384615384615
2 0.3918269230769231 0.6574519230769231 0.06129807692307692 0.03245192307692308
2 0.4519230769230769 0.6610576923076923 0.06129807692307692 0.036057692307692304
2 0.5132211538461539 0.6622596153846154 0.06009615384615385 0.03245192307692308
2 0.5721153846153846 0.6682692307692307 0.06129807692307692 0.03245192307692308
2 0.6346153846153846 0.6694711538461539 0.0625 0.03485576923076923
2 0.6959134615384616 0.6766826923076923 0.0625 0.03245192307692308
1 0.7548076923076923 0.6778846153846154 0.0625 0.03245192307692308
1 0.8137019230769231 0.6814903846153846 0.0625 0.03365384615384615
2 0.7944711538461539 0.06850961538461539 0.06129807692307692 0.042067307692307696
2 0.8737980769230769 0.6850961538461539 0.06129807692307692 0.03125
2 0.9326923076923077 0.6899038461538461 0.0625 0.036057692307692304
2 0.8557692307692307 0.07451923076923077 0.06129807692307692 0.038461538461538464
2 0.9122596153846154 0.078125 0.06490384615384616 0.036057692307692304
3 0.17548076923076922 0.78125 0.05889423076923077 0.03245192307692308
3 0.23677884615384615 0.7872596153846154 0.06009615384615385 0.03125
2 0.2980769230769231 0.7908653846153846 0.06129807692307692 0.03365384615384615
2 0.359375 0.7944711538461539 0.0625 0.03125
2 0.41947115384615385 0.7992788461538461 0.06129807692307692 0.03245192307692308
2 0.4807692307692308 0.8016826923076923 0.06129807692307692 0.03365384615384615
2 0.5432692307692307 0.8064903846153846 0.06129807692307692 0.03365384615384615
2 0.6033653846153846 0.8100961538461539 0.06009615384615385 0.03485576923076923
2 0.6634615384615384 0.8137019230769231 0.06129807692307692 0.03365384615384615
2 0.17668269230769232 0.8161057692307693 0.0625 0.03485576923076923
3 0.11538461538461539 0.8161057692307693 0.0625 0.036057692307692304
2 0.7259615384615384 0.8185096153846154 0.06129807692307692 0.03485576923076923
2 0.23798076923076922 0.8197115384615384 0.05889423076923077 0.03365384615384615
2 0.7872596153846154 0.8209134615384616 0.06009615384615385 0.03245192307692308
2 0.2956730769230769 0.8233173076923077 0.06129807692307692 0.03365384615384615
2 0.8461538461538461 0.8245192307692307 0.06129807692307692 0.036057692307692304
3 0.359375 0.8257211538461539 0.06129807692307692 0.030048076923076924
2 0.90625 0.828125 0.05889423076923077 0.03485576923076923
2 0.9663461538461539 0.8293269230769231 0.06370192307692307 0.03365384615384615
3 0.41947115384615385 0.8293269230769231 0.06009615384615385 0.028846153846153848
3 0.4807692307692308 0.8365384615384616 0.06129807692307692 0.03125
1 0.9699519230769231 0.08413461538461539 0.05889423076923077 0.042067307692307696
2 0.5420673076923077 0.8401442307692307 0.06129807692307692 0.03245192307692308
2 0.6021634615384616 0.8425480769230769 0.06129807692307692 0.030048076923076924
2 0.6622596153846154 0.8473557692307693 0.0625 0.030048076923076924
3 0.11658653846153846 0.8473557692307693 0.06370192307692307 0.027644230769230768
2 0.17548076923076922 0.8485576923076923 0.06009615384615385 0.030048076923076924
2 0.7247596153846154 0.8497596153846154 0.06129807692307692 0.027644230769230768
2 0.23677884615384615 0.8533653846153846 0.06129807692307692 0.03485576923076923
2 0.7836538461538461 0.8545673076923077 0.06009615384615385 0.03245192307692308
3 0.3581730769230769 0.8545673076923077 0.0625 0.030048076923076924
3 0.2956730769230769 0.8557692307692307 0.06129807692307692 0.028846153846153848
2 0.84375 0.8569711538461539 0.06009615384615385 0.030048076923076924
2 0.9026442307692307 0.8605769230769231 0.05889423076923077 0.030048076923076924
3 0.41947115384615385 0.859375 0.06009615384615385 0.03245192307692308
2 0.9627403846153846 0.8629807692307693 0.0625 0.03365384615384615
3 0.4795673076923077 0.8677884615384616 0.05889423076923077 0.03245192307692308
2 0.5396634615384616 0.8725961538461539 0.06129807692307692 0.030048076923076924
2 0.6009615384615384 0.875 0.06009615384615385 0.03365384615384615
2 0.6598557692307693 0.8786057692307693 0.06129807692307692 0.03125
2 0.7211538461538461 0.8798076923076923 0.06129807692307692 0.03245192307692308
2 0.78125 0.8846153846153846 0.05889423076923077 0.03125
2 0.8413461538461539 0.8858173076923077 0.0625 0.030048076923076924
2 0.9014423076923077 0.890625 0.05889423076923077 0.030048076923076924
2 0.9579326923076923 0.8930288461538461 0.06009615384615385 0.027644230769230768
2 0.43149038461538464 0.013221153846153846 0.06009615384615385 0.025240384615384616
2 0.49399038461538464 0.015625 0.0625 0.030048076923076924
2 0.5552884615384616 0.015625 0.05889423076923077 0.03125
3 0.2920673076923077 0.17067307692307693 0.06129807692307692 0.03245192307692308
3 0.35336538461538464 0.17307692307692307 0.06129807692307692 0.037259615384615384
3 0.41466346153846156 0.17548076923076922 0.06129807692307692 0.03485576923076923
2 0.6153846153846154 0.018028846153846152 0.06009615384615385 0.036057692307692304
3 0.47596153846153844 0.17908653846153846 0.06129807692307692 0.03485576923076923
2 0.5372596153846154 0.18269230769230768 0.0625 0.038461538461538464
2 0.5997596153846154 0.18509615384615385 0.06129807692307692 0.038461538461538464
2 0.6610576923076923 0.18990384615384615 0.0625 0.038461538461538464
2 0.7223557692307693 0.1935096153846154 0.06009615384615385 0.036057692307692304