2 0.4483173076923077 0.28966346153846156 0.056490384615384616 0.03245192307692308
2 0.5084134615384616 0.29086538461538464 0.06009615384615385 0.03485576923076923
2 0.5673076923076923 0.29447115384615385 0.06009615384615385 0.03485576923076923
2 0.6286057692307693 0.2956730769230769 0.05889423076923077 0.03245192307692308
2 0.6887019230769231 0.296875 0.06129807692307692 0.03245192307692308
2 0.7475961538461539 0.3004807692307692 0.06009615384615385 0.03485576923076923
2 0.8076923076923077 0.30408653846153844 0.05889423076923077 0.03365384615384615
2 0.8665865384615384 0.30528846153846156 0.06129807692307692 0.03365384615384615
2 0.9254807692307693 0.31009615384615385 0.06129807692307692 0.03365384615384615
2 0.44711538461538464 0.32091346153846156 0.057692307692307696 0.03245192307692308
2 0.5072115384615384 0.3233173076923077 0.06129807692307692 0.03365384615384615
2 0.5685096153846154 0.3245192307692308 0.06129807692307692 0.03245192307692308
2 0.6286057692307693 0.3293269230769231 0.05889423076923077 0.03365384615384615
2 0.6875 0.3293269230769231 0.06009615384615385 0.03365384615384615
2 0.7475961538461539 0.3317307692307692 0.06129807692307692 0.03485576923076923
2 0.8076923076923077 0.33533653846153844 0.05889423076923077 0.03365384615384615
2 0.8665865384615384 0.33653846153846156 0.06129807692307692 0.03365384615384615
2 0.9278846153846154 0.3401442307692308 0.05889423076923077 0.03245192307692308
0 0.44471153846153844 0.35336538461538464 0.05889423076923077 0.03125
2 0.5048076923076923 0.3557692307692308 0.06009615384615385 0.03125
2 0.5661057692307693 0.3581730769230769 0.06009615384615385 0.03245192307692308
2 0.6274038461538461 0.3605769230769231 0.06009615384615385 0.03365384615384615
2 0.6875 0.36177884615384615 0.06009615384615385 0.03365384615384615
2 0.7475961538461539 0.3641826923076923 0.06009615384615385 0.03245192307692308
2 0.8076923076923077 0.36778846153846156 0.06009615384615385 0.03245192307692308
2 0.8689903846153846 0.36778846153846156 0.05889423076923077 0.03365384615384615
2 0.9290865384615384 0.3737980769230769 0.06129807692307692 0.03365384615384615
2 0.47596153846153844 0.4963942307692308 0.057692307692307696 0.03485576923076923
2 0.5348557692307693 0.49759615384615385 0.06009615384615385 0.03365384615384615
2 0.59375 0.5012019230769231 0.06009615384615385 0.03485576923076923
2 0.6550480769230769 0.5048076923076923 0.06009615384615385 0.036057692307692304
2 0.7139423076923077 0.5060096153846154 0.06009615384615385 0.036057692307692304
2 0.7740384615384616 0.5096153846153846 0.06009615384615385 0.03485576923076923
2 0.8341346153846154 0.5096153846153846 0.05889423076923077 0.03485576923076923
2 0.8930288461538461 0.5132211538461539 0.06009615384615385 0.03485576923076923
2 0.953125 0.515625 0.06009615384615385 0.03485576923076923
2 0.4735576923076923 0.5288461538461539 0.05889423076923077 0.03365384615384615
2 0.5324519230769231 0.53125 0.06009615384615385 0.03365384615384615
2 0.5925480769230769 0.5336538461538461 0.05889423076923077 0.03485576923076923
2 0.6538461538461539 0.5372596153846154 0.06129807692307692 0.03485576923076923
2 0.7139423076923077 0.5396634615384616 0.06009615384615385 0.03245192307692308
2 0.7740384615384616 0.5408653846153846 0.06009615384615385 0.03485576923076923
2 0.8341346153846154 0.5444711538461539 0.05889423076923077 0.03365384615384615
2 0.8930288461538461 0.546875 0.05889423076923077 0.03485576923076923
2 0.9555288461538461 0.5492788461538461 0.06009615384615385 0.03485576923076923
2 0.4723557692307692 0.5637019230769231 0.06009615384615385 0.036057692307692304
2 0.53125 0.5637019230769231 0.06009615384615385 0.03365384615384615
2 0.5925480769230769 0.5661057692307693 0.06009615384615385 0.03485576923076923
2 0.6538461538461539 0.5709134615384616 0.06009615384615385 0.036057692307692304
2 0.7151442307692307 0.5721153846153846 0.06129807692307692 0.03485576923076923
2 0.7752403846153846 0.5745192307692307 0.06009615384615385 0.03245192307692308
2 0.8341346153846154 0.5769230769230769 0.06009615384615385 0.03365384615384615
2 0.8954326923076923 0.5817307692307693 0.06009615384615385 0.03365384615384615
2 0.9555288461538461 0.5829326923076923 0.06129807692307692 0.037259615384615384
2 0.43990384615384615 0.6935096153846154 0.057692307692307696 0.03485576923076923
2 0.4987980769230769 0.6959134615384616 0.06009615384615385 0.036057692307692304
2 0.5588942307692307 0.6995192307692307 0.06009615384615385 0.036057692307692304
2 0.6189903846153846 0.7019230769230769 0.06009615384615385 0.037259615384615384
1 0.6778846153846154 0.703125 0.06009615384615385 0.036057692307692304
0 0.7391826923076923 0.7079326923076923 0.05889423076923077 0.037259615384615384
2 0.7992788461538461 0.7091346153846154 0.06009615384615385 0.036057692307692304
2 0.859375 0.7115384615384616 0.05889423076923077 0.036057692307692304
2 0.9182692307692307 0.7127403846153846 0.05889423076923077 0.036057692307692304
2 0.4375 0.7283653846153846 0.057692307692307696 0.03485576923076923
2 0.4987980769230769 0.7307692307692307 0.05889423076923077 0.036057692307692304
2 0.5576923076923077 0.734375 0.06009615384615385 0.036057692307692304
2 0.6177884615384616 0.7367788461538461 0.06129807692307692 0.036057692307692304
0 0.6802884615384616 0.7367788461538461 0.06009615384615385 0.037259615384615384
2 0.7403846153846154 0.7427884615384616 0.05889423076923077 0.037259615384615384
2 0.7992788461538461 0.7451923076923077 0.06009615384615385 0.03365384615384615
2 0.859375 0.7463942307692307 0.06009615384615385 0.036057692307692304
2 0.9182692307692307 0.75 0.05889423076923077 0.03485576923076923
2 0.4362980769230769 0.7644230769230769 0.06009615384615385 0.037259615384615384
2 0.4951923076923077 0.765625 0.05889423076923077 0.036057692307692304
2 0.5564903846153846 0.7680288461538461 0.05889423076923077 0.03485576923076923
2 0.6177884615384616 0.7704326923076923 0.06129807692307692 0.037259615384615384
2 0.6802884615384616 0.7764423076923077 0.06009615384615385 0.036057692307692304
2 0.7391826923076923 0.7776442307692307 0.06009615384615385 0.036057692307692304
0 0.8004807692307693 0.7788461538461539 0.06009615384615385 0.03485576923076923
2 0.859375 0.78125 0.06009615384615385 0.03485576923076923
2 0.9206730769230769 0.7836538461538461 0.05889423076923077 0.036057692307692304
2 0.4206730769230769 0.09134615384615384 0.057692307692307696 0.03485576923076923
2 0.9435096153846154 0.9134615384615384 0.057692307692307696 0.037259615384615384
2 0.4795673076923077 0.09375 0.06129807692307692 0.036057692307692304
2 0.5396634615384616 0.09615384615384616 0.06009615384615385 0.03485576923076923
2 0.9435096153846154 0.9519230769230769 0.057692307692307696 0.036057692307692304
2 0.5985576923076923 0.09735576923076923 0.06129807692307692 0.036057692307692304
1 0.6586538461538461 0.09735576923076923 0.06129807692307692 0.03125
2 0.9435096153846154 0.9855769230769231 0.05889423076923077 0.028846153846153848
2 0.7163461538461539 0.10216346153846154 0.05889423076923077 0.03245192307692308
2 0.7776442307692307 0.1045673076923077 0.06009615384615385 0.03365384615384615
2 0.8365384615384616 0.10697115384615384 0.06129807692307692 0.03485576923076923
0 0.8966346153846154 0.11177884615384616 0.05889423076923077 0.03125
2 0.9555288461538461 0.1141826923076923 0.06129807692307692 0.03365384615384615
2 0.41947115384615385 0.125 0.05889423076923077 0.03125
2 0.47836538461538464 0.125 0.06009615384615385 0.03245192307692308
2 0.5384615384615384 0.12620192307692307 0.057692307692307696 0.03245192307692308
2 0.5985576923076923 0.12980769230769232 0.06129807692307692 0.03245192307692308
2 0.6574519230769231 0.1310096153846154 0.05889423076923077 0.036057692307692304
2 0.7175480769230769 0.1310096153846154 0.06009615384615385 0.03245192307692308
0 0.7776442307692307 0.13341346153846154 0.06129807692307692 0.03245192307692308
2 0.8377403846153846 0.13822115384615385 0.06129807692307692 0.03365384615384615
2 0.8978365384615384 0.14182692307692307 0.057692307692307696 0.030048076923076924
2 0.9567307692307693 0.14543269230769232 0.06129807692307692 0.036057692307692304
2 0.4170673076923077 0.15384615384615385 0.06009615384615385 0.03485576923076923
2 0.47836538461538464 0.15625 0.0625 0.03365384615384615
2 0.5372596153846154 0.15625 0.05889423076923077 0.036057692307692304
2 0.5985576923076923 0.15865384615384615 0.06009615384615385 0.036057692307692304
2 0.6574519230769231 0.1622596153846154 0.0625 0.03485576923076923
2 0.7199519230769231 0.16346153846153846 0.06129807692307692 0.037259615384615384
2 0.7788461538461539 0.1658653846153846 0.06129807692307692 0.036057692307692304
2 0.8389423076923077 0.16947115384615385 0.06009615384615385 0.038461538461538464
2 0.8978365384615384 0.171875 0.05889423076923077 0.03365384615384615
2 0.9591346153846154 0.17668269230769232 0.0625 0.03365384615384615