2 0.2848557692307692 0.020432692307692308 0.06370192307692307 0.028846153846153848
2 0.4326923076923077 0.1971153846153846 0.06009615384615385 0.03125
2 0.49399038461538464 0.203125 0.06009615384615385 0.03485576923076923
2 0.5540865384615384 0.20552884615384615 0.06129807692307692 0.036057692307692304
0 0.07451923076923077 0.2091346153846154 0.05889423076923077 0.03125
2 0.6141826923076923 0.21033653846153846 0.06009615384615385 0.038461538461538464
2 0.13221153846153846 0.21153846153846154 0.05889423076923077 0.030048076923076924
2 0.6754807692307693 0.21394230769230768 0.06129807692307692 0.036057692307692304
1 0.8293269230769231 0.021634615384615384 0.05889423076923077 0.03125
2 0.19110576923076922 0.21634615384615385 0.057692307692307696 0.030048076923076924
2 0.7355769230769231 0.21634615384615385 0.06009615384615385 0.037259615384615384
3 0.7956730769230769 0.21875 0.06009615384615385 0.036057692307692304
0 0.24879807692307693 0.22115384615384615 0.06009615384615385 0.03125
2 0.31009615384615385 0.2247596153846154 0.057692307692307696 0.03245192307692308
3 0.8581730769230769 0.22716346153846154 0.06370192307692307 0.039663461538461536
2 0.36899038461538464 0.2283653846153846 0.06129807692307692 0.03125
0 0.43028846153846156 0.23076923076923078 0.06129807692307692 0.03125
3 0.9194711538461539 0.23317307692307693 0.0625 0.040865384615384616
2 0.34615384615384615 0.02283653846153846 0.057692307692307696 0.030048076923076924
2 0.49158653846153844 0.23557692307692307 0.06129807692307692 0.03365384615384615
2 0.5528846153846154 0.2403846153846154 0.06129807692307692 0.03485576923076923
2 0.06850961538461539 0.24158653846153846 0.05889423076923077 0.038461538461538464
2 0.6129807692307693 0.24278846153846154 0.06129807692307692 0.03365384615384615
2 0.12740384615384615 0.2439903846153846 0.05889423076923077 0.038461538461538464
2 0.6742788461538461 0.24639423076923078 0.06129807692307692 0.03245192307692308
2 0.1875 0.24879807692307693 0.05889423076923077 0.037259615384615384
2 0.7355769230769231 0.2512019230769231 0.06129807692307692 0.03245192307692308
2 0.24639423076923078 0.2536057692307692 0.06009615384615385 0.03485576923076923
2 0.4050480769230769 0.025240384615384616 0.0625 0.03125
2 0.8894230769230769 0.026442307692307692 0.06009615384615385 0.03245192307692308
3 0.796875 0.2548076923076923 0.06129807692307692 0.036057692307692304
2 0.3076923076923077 0.25841346153846156 0.06009615384615385 0.036057692307692304
3 0.8581730769230769 0.25961538461538464 0.06610576923076923 0.04326923076923077
2 0.36778846153846156 0.2620192307692308 0.06129807692307692 0.03485576923076923
2 0.42908653846153844 0.2644230769230769 0.06129807692307692 0.036057692307692304
3 0.9206730769230769 0.265625 0.06370192307692307 0.039663461538461536
2 0.49038461538461536 0.26802884615384615 0.06129807692307692 0.036057692307692304
2 0.4651442307692308 0.027644230769230768 0.06129807692307692 0.03125
2 0.5504807692307693 0.27403846153846156 0.06129807692307692 0.036057692307692304
2 0.6117788461538461 0.2776442307692308 0.06129807692307692 0.036057692307692304
2 0.6730769230769231 0.2800480769230769 0.06129807692307692 0.037259615384615384
2 0.7355769230769231 0.2848557692307692 0.06129807692307692 0.038461538461538464
3 0.796875 0.28966346153846156 0.06129807692307692 0.036057692307692304
3 0.9483173076923077 0.028846153846153848 0.06009615384615385 0.03125
3 0.8569711538461539 0.2956730769230769 0.06610576923076923 0.040865384615384616
3 0.9206730769230769 0.29927884615384615 0.0625 0.036057692307692304
2 0.5252403846153846 0.03125 0.06009615384615385 0.03125
2 0.5877403846153846 0.03485576923076923 0.06009615384615385 0.030048076923076924
2 0.6478365384615384 0.038461538461538464 0.06009615384615385 0.030048076923076924
2 0.042067307692307696 0.3786057692307692 0.06490384615384616 0.038461538461538464
2 0.10096153846153846 0.3798076923076923 0.06370192307692307 0.036057692307692304
1 0.15745192307692307 0.38461538461538464 0.06009615384615385 0.03365384615384615
2 0.21754807692307693 0.3870192307692308 0.05889423076923077 0.03485576923076923
2 0.27524038461538464 0.390625 0.06009615384615385 0.03485576923076923
2 0.04567307692307692 0.039663461538461536 0.06009615384615385 0.037259615384615384
2 0.33533653846153844 0.3954326923076923 0.06129807692307692 0.037259615384615384
0 0.39663461538461536 0.39783653846153844 0.06129807692307692 0.03485576923076923
0 0.4567307692307692 0.4026442307692308 0.06129807692307692 0.036057692307692304
0 0.515625 0.40625 0.06009615384615385 0.03485576923076923
2 0.036057692307692304 0.40865384615384615 0.0625 0.03125
2 0.10576923076923077 0.040865384615384616 0.06129807692307692 0.036057692307692304
2 0.7091346153846154 0.04326923076923077 0.06129807692307692 0.03125
0 0.578125 0.4110576923076923 0.0625 0.036057692307692304
2 0.09495192307692307 0.41466346153846156 0.0625 0.036057692307692304
0 0.6382211538461539 0.41466346153846156 0.06009615384615385 0.037259615384615384
2 0.15384615384615385 0.4182692307692308 0.06009615384615385 0.036057692307692304
2 0.21394230769230768 0.4182692307692308 0.06129807692307692 0.03245192307692308
1 0.6983173076923077 0.41947115384615385 0.06009615384615385 0.038461538461538464
2 0.7596153846153846 0.4230769230769231 0.06009615384615385 0.036057692307692304
2 0.27163461538461536 0.4266826923076923 0.05889423076923077 0.036057692307692304
2 0.8209134615384616 0.42788461538461536 0.06009615384615385 0.039663461538461536
2 0.3329326923076923 0.42908653846153844 0.0625 0.03365384615384615
2 0.1622596153846154 0.04326923076923077 0.0625 0.036057692307692304
2 0.3942307692307692 0.43028846153846156 0.06009615384615385 0.03365384615384615
2 0.8822115384615384 0.43149038461538464 0.06009615384615385 0.038461538461538464
2 0.4543269230769231 0.43509615384615385 0.0625 0.03365384615384615
2 0.9411057692307693 0.43509615384615385 0.06129807692307692 0.038461538461538464
2 0.5144230769230769 0.4423076923076923 0.06009615384615385 0.036057692307692304
0 0.5769230769230769 0.44471153846153844 0.0625 0.028846153846153848
2 0.03245192307692308 0.44471153846153844 0.06370192307692307 0.037259615384615384
2 0.6394230769230769 0.4483173076923077 0.05889423076923077 0.03485576923076923
2 0.7692307692307693 0.046875 0.06009615384615385 0.030048076923076924
2 0.22235576923076922 0.046875 0.06009615384615385 0.038461538461538464
0 0.0889423076923077 0.45072115384615385 0.06009615384615385 0.038461538461538464
2 0.6995192307692307 0.4543269230769231 0.06009615384615385 0.03245192307692308
2 0.14903846153846154 0.4543269230769231 0.06129807692307692 0.037259615384615384
2 0.7608173076923077 0.45552884615384615 0.06009615384615385 0.036057692307692304
0 0.2091346153846154 0.45552884615384615 0.05889423076923077 0.039663461538461536
2 0.8197115384615384 0.46153846153846156 0.06129807692307692 0.036057692307692304
2 0.26802884615384615 0.46033653846153844 0.0625 0.038461538461538464
2 0.33052884615384615 0.46274038461538464 0.06129807692307692 0.038461538461538464
2 0.8822115384615384 0.46274038461538464 0.06009615384615385 0.03485576923076923
2 0.3894230769230769 0.46875 0.06129807692307692 0.042067307692307696
2 0.9423076923076923 0.4699519230769231 0.05889423076923077 0.03365384615384615
0 0.45072115384615385 0.47115384615384615 0.06129807692307692 0.039663461538461536
2 0.5132211538461539 0.47716346153846156 0.06009615384615385 0.039663461538461536
0 0.5745192307692307 0.47836538461538464 0.06129807692307692 0.039663461538461536
2 0.6370192307692307 0.48197115384615385 0.06129807692307692 0.039663461538461536
2 0.6995192307692307 0.48677884615384615 0.06009615384615385 0.04447115384615385
2 0.2824519230769231 0.04927884615384615 0.0625 0.039663461538461536
2 0.8305288461538461 0.05048076923076923 0.06009615384615385 0.030048076923076924
2 0.7608173076923077 0.4891826923076923 0.05889423076923077 0.04447115384615385
2 0.8209134615384616 0.49399038461538464 0.06009615384615385 0.04326923076923077
2 0.8822115384615384 0.4987980769230769 0.06129807692307692 0.037259615384615384
2 0.9435096153846154 0.5036057692307693 0.057692307692307696 0.03485576923076923
2 0.3449519230769231 0.052884615384615384 0.06370192307692307 0.036057692307692304
2 0.8918269230769231 0.055288461538461536 0.06129807692307692 0.028846153846153848
3 0.9507211538461539 0.056490384615384616 0.06009615384615385 0.027644230769230768
2 0.4026442307692308 0.056490384615384616 0.06129807692307692 0.03485576923076923
2 0.46274038461538464 0.057692307692307696 0.06129807692307692 0.037259615384615384
2 0.0625 0.5805288461538461 0.06009615384615385 0.03485576923076923
2 0.12139423076923077 0.5829326923076923 0.06129807692307692 0.037259615384615384
2 0.18028846153846154 0.5877403846153846 0.0625 0.037259615384615384
2 0.23918269230769232 0.5925480769230769 0.06129807692307692 0.037259615384615384
2 0.2980769230769231 0.5973557692307693 0.06129807692307692 0.038461538461538464
2 0.3581730769230769 0.6033653846153846 0.0625 0.039663461538461536
2 0.4170673076923077 0.6069711538461539 0.06129807692307692 0.039663461538461536
2 0.47716346153846156 0.6117788461538461 0.06009615384615385 0.036057692307692304
2 0.057692307692307696 0.6117788461538461 0.0625 0.03365384615384615
2 0.11538461538461539 0.6165865384615384 0.06129807692307692 0.03365384615384615
4 0.5372596153846154 0.6153846153846154 0.06129807692307692 0.036057692307692304
2 0.5997596153846154 0.6201923076923077 0.06129807692307692 0.037259615384615384
2 0.17427884615384615 0.6225961538461539 0.0625 0.03365384615384615
2 0.6598557692307693 0.625 0.06009615384615385 0.038461538461538464
2 0.5240384615384616 0.06490384615384616 0.06129807692307692 0.03485576923076923
2 0.234375 0.6262019230769231 0.06129807692307692 0.03365384615384615
2 0.7211538461538461 0.6274038461538461 0.06009615384615385 0.036057692307692304
2 0.7800480769230769 0.6310096153846154 0.06009615384615385 0.03485576923076923
2 0.29447115384615385 0.6322115384615384 0.06370192307692307 0.03245192307692308
2 0.8413461538461539 0.6346153846153846 0.06009615384615385 0.03365384615384615
2 0.3545673076923077 0.6370192307692307 0.06490384615384616 0.036057692307692304
0 0.9014423076923077 0.6370192307692307 0.06009615384615385 0.03485576923076923
2 0.41346153846153844 0.640625 0.0625 0.036057692307692304
2 0.9615384615384616 0.6442307692307693 0.06009615384615385 0.040865384615384616
2 0.47475961538461536 0.6454326923076923 0.0625 0.03365384615384615
2 0.052884615384615384 0.6466346153846154 0.06129807692307692 0.04326923076923077
0 0.5372596153846154 0.6502403846153846 0.06129807692307692 0.03485576923076923
2 0.11177884615384616 0.6514423076923077 0.06129807692307692 0.040865384615384616
2 0.5973557692307693 0.6550480769230769 0.06009615384615385 0.037259615384615384
2 0.17067307692307693 0.65625 0.06129807692307692 0.036057692307692304
2 0.6586538461538461 0.6598557692307693 0.06009615384615385 0.037259615384615384
2 0.23076923076923078 0.6622596153846154 0.06129807692307692 0.039663461538461536
2 0.7199519230769231 0.6622596153846154 0.06129807692307692 0.036057692307692304
2 0.5865384615384616 0.0673076923076923 0.06129807692307692 0.037259615384615384
0 0.7800480769230769 0.6646634615384616 0.06009615384615385 0.03365384615384615
0 0.8413461538461539 0.6658653846153846 0.06009615384615385 0.03125
2 0.29086538461538464 0.6670673076923077 0.06129807692307692 0.040865384615384616
2 0.35096153846153844 0.6706730769230769 0.06370192307692307 0.037259615384615384
0 0.9014423076923077 0.671875 0.06009615384615385 0.03245192307692308
2 0.41225961538461536 0.6754807692307693 0.0625 0.03485576923076923
3 0.9615384615384616 0.6766826923076923 0.06009615384615385 0.037259615384615384
2 0.4723557692307692 0.6814903846153846 0.06129807692307692 0.038461538461538464
2 0.5336538461538461 0.6838942307692307 0.06009615384615385 0.038461538461538464
2 0.6478365384615384 0.06971153846153846 0.06009615384615385 0.038461538461538464
2 0.5961538461538461 0.6923076923076923 0.0625 0.039663461538461536
2 0.6574519230769231 0.6947115384615384 0.06129807692307692 0.038461538461538464
2 0.71875 0.7007211538461539 0.06129807692307692 0.042067307692307696
2 0.7800480769230769 0.703125 0.06009615384615385 0.04326923076923077
2 0.8413461538461539 0.7067307692307693 0.06129807692307692 0.042067307692307696
2 0.9026442307692307 0.7091346153846154 0.06009615384615385 0.04447115384615385
3 0.9639423076923077 0.7139423076923077 0.0625 0.042067307692307696
2 0.7091346153846154 0.07572115384615384 0.06129807692307692 0.037259615384615384
2 0.7692307692307693 0.078125 0.06009615384615385 0.036057692307692304
2 0.08533653846153846 0.7872596153846154 0.057692307692307696 0.03485576923076923
2 0.14302884615384615 0.7932692307692307 0.05889423076923077 0.036057692307692304
2 0.20192307692307693 0.796875 0.06129807692307692 0.03365384615384615
2 0.8305288461538461 0.08052884615384616 0.06009615384615385 0.039663461538461536
2 0.2608173076923077 0.8016826923076923 0.06009615384615385 0.03365384615384615
2 0.32091346153846156 0.8064903846153846 0.06129807692307692 0.03365384615384615
2 0.38100961538461536 0.8100961538461539 0.06129807692307692 0.03365384615384615
1 0.4411057692307692 0.8125 0.06129807692307692 0.036057692307692304
2 0.5024038461538461 0.8185096153846154 0.06129807692307692 0.036057692307692304
2 0.08052884615384616 0.8197115384615384 0.06009615384615385 0.03485576923076923
2 0.5625 0.8233173076923077 0.06129807692307692 0.036057692307692304
2 0.13942307692307693 0.8245192307692307 0.06129807692307692 0.036057692307692304
2 0.6225961538461539 0.8269230769230769 0.06129807692307692 0.036057692307692304
2 0.19951923076923078 0.828125 0.0625 0.03485576923076923
2 0.6838942307692307 0.8329326923076923 0.06129807692307692 0.036057692307692304
2 0.25600961538461536 0.8353365384615384 0.06009615384615385 0.03365384615384615
2 0.7439903846153846 0.8365384615384616 0.05889423076923077 0.036057692307692304
2 0.8052884615384616 0.8377403846153846 0.06129807692307692 0.036057692307692304
2 0.31850961538461536 0.8389423076923077 0.0625 0.03365384615384615
3 0.890625 0.08533653846153846 0.06009615384615385 0.03485576923076923
1 0.8653846153846154 0.8425480769230769 0.06009615384615385 0.036057692307692304
2 0.37740384615384615 0.84375 0.0625 0.03485576923076923
3 0.9266826923076923 0.8449519230769231 0.06009615384615385 0.038461538461538464
2 0.4387019230769231 0.8485576923076923 0.0625 0.03365384615384615
2 0.07451923076923077 0.8533653846153846 0.05889423076923077 0.036057692307692304
2 0.5 0.8545673076923077 0.06129807692307692 0.038461538461538464
2 0.5612980769230769 0.859375 0.0625 0.03485576923076923
2 0.1346153846153846 0.8605769230769231 0.06009615384615385 0.037259615384615384
2 0.6213942307692307 0.8629807692307693 0.06129807692307692 0.03485576923076923
2 0.19591346153846154 0.8641826923076923 0.06129807692307692 0.037259615384615384
2 0.6838942307692307 0.8665865384615384 0.06129807692307692 0.03245192307692308
2 0.2548076923076923 0.8689903846153846 0.06009615384615385 0.039663461538461536
2 0.7439903846153846 0.8701923076923077 0.06129807692307692 0.03365384615384615
2 0.3161057692307692 0.8737980769230769 0.0625 0.037259615384615384
2 0.8052884615384616 0.8762019230769231 0.06129807692307692 0.03245192307692308
1 0.8653846153846154 0.8762019230769231 0.06009615384615385 0.03365384615384615
2 0.3762019230769231 0.8810096153846154 0.06129807692307692 0.038461538461538464
3 0.9278846153846154 0.8810096153846154 0.0625 0.036057692307692304
2 0.4375 0.8834134615384616 0.06129807692307692 0.040865384615384616
2 0.49759615384615385 0.890625 0.06129807692307692 0.039663461538461536
2 0.5588942307692307 0.8954326923076923 0.0625 0.037259615384615384
2 0.6213942307692307 0.8990384615384616 0.0625 0.036057692307692304
2 0.6826923076923077 0.9026442307692307 0.0625 0.038461538461538464
2 0.7427884615384616 0.9074519230769231 0.06129807692307692 0.037259615384615384
2 0.8052884615384616 0.9098557692307693 0.06129807692307692 0.039663461538461536
2 0.8653846153846154 0.9134615384615384 0.06009615384615385 0.038461538461538464
2 0.9278846153846154 0.9170673076923077 0.06129807692307692 0.037259615384615384
1 0.042067307692307696 0.9795673076923077 0.06009615384615385 0.040865384615384616
2 0.10096153846153846 0.9819711538461539 0.06129807692307692 0.03485576923076923
2 0.7079326923076923 0.014423076923076924 0.06009615384615385 0.028846153846153848
0 0.22596153846153846 0.015625 0.06370192307692307 0.028846153846153848
0 0.7692307692307693 0.018028846153846152 0.06009615384615385 0.028846153846153848
2 0.078125 0.1778846153846154 0.06009615384615385 0.03125
1 0.13581730769230768 0.18269230769230768 0.06009615384615385 0.03365384615384615
0 0.19591346153846154 0.18389423076923078 0.057692307692307696 0.03245192307692308
2 0.2548076923076923 0.18870192307692307 0.05889423076923077 0.03245192307692308
2 0.3125 0.19230769230769232 0.05889423076923077 0.03365384615384615
2 0.3737980769230769 0.19471153846153846 0.06009615384615385 0.03365384615384615