2 0.17548076923076922 0.20673076923076922 0.030048076923076924 0.078125
2 0.234375 0.20793269230769232 0.03125 0.07572115384615384
4 0.12139423076923077 0.2091346153846154 0.027644230769230768 0.07451923076923077
2 0.1466346153846154 0.2091346153846154 0.027644230769230768 0.07451923076923077
2 0.20552884615384615 0.2091346153846154 0.03245192307692308 0.07451923076923077
2 0.265625 0.21033653846153846 0.027644230769230768 0.07211538461538461
2 0.2932692307692308 0.21153846153846154 0.03125 0.07211538461538461
2 0.3233173076923077 0.21514423076923078 0.03125 0.07451923076923077
2 0.3545673076923077 0.21514423076923078 0.03125 0.07451923076923077
2 0.38341346153846156 0.21634615384615385 0.030048076923076924 0.07451923076923077
2 0.41346153846153844 0.21995192307692307 0.03125 0.07211538461538461
2 0.44350961538461536 0.22235576923076922 0.030048076923076924 0.07451923076923077
2 0.4723557692307692 0.22235576923076922 0.03245192307692308 0.07451923076923077
2 0.5300480769230769 0.2247596153846154 0.030048076923076924 0.06971153846153846
2 0.5012019230769231 0.22596153846153846 0.03125 0.07211538461538461
1 0.11778846153846154 0.28125 0.027644230769230768 0.07451923076923077
2 0.14543269230769232 0.28125 0.03125 0.06971153846153846
2 0.17427884615384615 0.2824519230769231 0.030048076923076924 0.07211538461538461
2 0.20432692307692307 0.2824519230769231 0.030048076923076924 0.07572115384615384
2 0.23317307692307693 0.2848557692307692 0.030048076923076924 0.07451923076923077
2 0.2620192307692308 0.28365384615384615 0.030048076923076924 0.07572115384615384
2 0.2920673076923077 0.28725961538461536 0.03125 0.07451923076923077
2 0.32091346153846156 0.28846153846153844 0.030048076923076924 0.07451923076923077
2 0.35096153846153844 0.28966346153846156 0.030048076923076924 0.07572115384615384
2 0.3798076923076923 0.2932692307692308 0.03125 0.078125
2 0.4110576923076923 0.29447115384615385 0.03125 0.07572115384615384
2 0.43990384615384615 0.29447115384615385 0.030048076923076924 0.07451923076923077
2 0.4675480769230769 0.296875 0.030048076923076924 0.07451923076923077
2 0.4987980769230769 0.2980769230769231 0.03125 0.07572115384615384
2 0.5276442307692307 0.29927884615384615 0.03125 0.07451923076923077
2 0.17067307692307693 0.3545673076923077 0.030048076923076924 0.07572115384615384
4 0.1141826923076923 0.35336538461538464 0.025240384615384616 0.07451923076923077
2 0.140625 0.3545673076923077 0.03125 0.07572115384615384
2 0.1971153846153846 0.35697115384615385 0.030048076923076924 0.07451923076923077
2 0.22596153846153846 0.3581730769230769 0.03125 0.07211538461538461
2 0.25721153846153844 0.359375 0.030048076923076924 0.07451923076923077
2 0.2860576923076923 0.36177884615384615 0.03125 0.07451923076923077
2 0.3161057692307692 0.36177884615384615 0.03125 0.07211538461538461
2 0.3473557692307692 0.36658653846153844 0.03245192307692308 0.07572115384615384
2 0.3762019230769231 0.36778846153846156 0.027644230769230768 0.07211538461538461
2 0.4050480769230769 0.3701923076923077 0.030048076923076924 0.07572115384615384
2 0.43509615384615385 0.3701923076923077 0.030048076923076924 0.07572115384615384
2 0.4651442307692308 0.3701923076923077 0.03125 0.07211538461538461
2 0.49399038461538464 0.3713942307692308 0.030048076923076924 0.07451923076923077
2 0.5252403846153846 0.37259615384615385 0.027644230769230768 0.07451923076923077
1 0.11057692307692307 0.42908653846153844 0.026442307692307692 0.07211538461538461
2 0.13701923076923078 0.42788461538461536 0.03125 0.07451923076923077
2 0.1658653846153846 0.43149038461538464 0.030048076923076924 0.07451923076923077
2 0.19591346153846154 0.43149038461538464 0.030048076923076924 0.07451923076923077
2 0.2247596153846154 0.43149038461538464 0.03125 0.07451923076923077
2 0.2548076923076923 0.43509615384615385 0.027644230769230768 0.07211538461538461
2 0.2824519230769231 0.4362980769230769 0.03245192307692308 0.07572115384615384
2 0.3137019230769231 0.4375 0.030048076923076924 0.07451923076923077
2 0.34375 0.43990384615384615 0.03125 0.07211538461538461
2 0.3737980769230769 0.4423076923076923 0.030048076923076924 0.07572115384615384
2 0.4026442307692308 0.44350961538461536 0.03125 0.07451923076923077
2 0.4338942307692308 0.44471153846153844 0.027644230769230768 0.07451923076923077
2 0.46274038461538464 0.44591346153846156 0.03125 0.07572115384615384
2 0.49278846153846156 0.44711538461538464 0.03245192307692308 0.078125
2 0.5204326923076923 0.4483173076923077 0.03125 0.07572115384615384
1 0.10697115384615384 0.5024038461538461 0.026442307692307692 0.07451923076923077
1 0.13341346153846154 0.5024038461538461 0.030048076923076924 0.07451923076923077
2 0.1622596153846154 0.5048076923076923 0.03125 0.07572115384615384
2 0.19110576923076922 0.5060096153846154 0.03245192307692308 0.07451923076923077
2 0.22235576923076922 0.5072115384615384 0.03125 0.078125
2 0.25 0.5096153846153846 0.027644230769230768 0.078125
2 0.2800480769230769 0.5108173076923077 0.03125 0.07572115384615384
2 0.3112980769230769 0.5132211538461539 0.03125 0.078125
2 0.3389423076923077 0.5144230769230769 0.03125 0.07572115384615384
2 0.36899038461538464 0.5180288461538461 0.030048076923076924 0.07451923076923077
2 0.39903846153846156 0.5180288461538461 0.03245192307692308 0.078125
2 0.42788461538461536 0.5192307692307693 0.03125 0.078125
2 0.45913461538461536 0.5240384615384616 0.03245192307692308 0.078125
2 0.4891826923076923 0.5252403846153846 0.03125 0.078125
2 0.5168269230769231 0.5240384615384616 0.027644230769230768 0.07572115384615384
4 0.10336538461538461 0.5769230769230769 0.027644230769230768 0.07572115384615384
2 0.18870192307692307 0.578125 0.030048076923076924 0.07451923076923077
2 0.1310096153846154 0.5769230769230769 0.030048076923076924 0.07572115384615384
2 0.15865384615384615 0.578125 0.030048076923076924 0.07451923076923077
2 0.21754807692307693 0.5805288461538461 0.03125 0.07572115384615384
2 0.24759615384615385 0.5841346153846154 0.030048076923076924 0.07451923076923077
2 0.15625 0.06009615384615385 0.027644230769230768 0.07451923076923077
2 0.27524038461538464 0.5865384615384616 0.03125 0.07572115384615384
2 0.30528846153846156 0.5889423076923077 0.03245192307692308 0.07572115384615384
2 0.33653846153846156 0.5901442307692307 0.03125 0.07451923076923077
2 0.36538461538461536 0.5925480769230769 0.03245192307692308 0.07572115384615384
2 0.3942307692307692 0.5925480769230769 0.03245192307692308 0.07211538461538461
2 0.4254807692307692 0.5949519230769231 0.03245192307692308 0.07211538461538461
2 0.4567307692307692 0.5961538461538461 0.03245192307692308 0.07211538461538461
2 0.4855769230769231 0.5985576923076923 0.03245192307692308 0.07211538461538461
2 0.5144230769230769 0.6009615384615384 0.03125 0.07572115384615384
2 0.18509615384615385 0.0625 0.030048076923076924 0.07451923076923077
2 0.21514423076923078 0.06129807692307692 0.030048076923076924 0.07211538461538461
4 0.12860576923076922 0.0625 0.026442307692307692 0.07451923076923077
2 0.24278846153846154 0.06370192307692307 0.030048076923076924 0.07211538461538461
1 0.27283653846153844 0.06610576923076923 0.030048076923076924 0.07451923076923077
2 0.15625 0.6502403846153846 0.03125 0.07451923076923077
2 0.10096153846153846 0.6490384615384616 0.026442307692307692 0.07211538461538461
2 0.12740384615384615 0.6490384615384616 0.030048076923076924 0.07211538461538461
2 0.1875 0.6538461538461539 0.03125 0.07572115384615384
2 0.21514423076923078 0.65625 0.030048076923076924 0.07451923076923077
2 0.2439903846153846 0.6586538461538461 0.030048076923076924 0.07572115384615384
2 0.27403846153846156 0.6622596153846154 0.03125 0.07451923076923077
2 0.30408653846153844 0.6622596153846154 0.030048076923076924 0.07451923076923077
2 0.3016826923076923 0.0673076923076923 0.027644230769230768 0.07211538461538461
2 0.33052884615384615 0.0673076923076923 0.03245192307692308 0.07572115384615384
2 0.359375 0.06610576923076923 0.027644230769230768 0.078125
2 0.3329326923076923 0.6634615384615384 0.03125 0.07451923076923077
2 0.3641826923076923 0.6670673076923077 0.03125 0.07572115384615384
2 0.3942307692307692 0.6682692307692307 0.03125 0.078125
2 0.4230769230769231 0.6694711538461539 0.03125 0.078125
2 0.4519230769230769 0.6730769230769231 0.030048076923076924 0.07572115384615384
2 0.4831730769230769 0.6742788461538461 0.03125 0.07451923076923077
2 0.5120192307692307 0.6742788461538461 0.030048076923076924 0.07211538461538461
2 0.3894230769230769 0.06971153846153846 0.03125 0.078125
2 0.4182692307692308 0.0733173076923077 0.03125 0.07211538461538461
4 0.09735576923076923 0.7259615384615384 0.026442307692307692 0.08173076923076923
1 0.12620192307692307 0.7271634615384616 0.030048076923076924 0.08052884615384616
2 0.15384615384615385 0.7259615384615384 0.03245192307692308 0.078125
2 0.18389423076923078 0.7283653846153846 0.030048076923076924 0.07451923076923077
2 0.2127403846153846 0.7307692307692307 0.03125 0.07451923076923077
2 0.24278846153846154 0.7319711538461539 0.03125 0.07451923076923077
2 0.27163461538461536 0.7355769230769231 0.03125 0.07572115384615384
2 0.3016826923076923 0.7367788461538461 0.03485576923076923 0.07451923076923077
2 0.3293269230769231 0.7403846153846154 0.03125 0.07451923076923077
2 0.4495192307692308 0.07572115384615384 0.030048076923076924 0.07211538461538461
2 0.359375 0.7427884615384616 0.03485576923076923 0.07451923076923077
2 0.3894230769230769 0.7439903846153846 0.03125 0.07451923076923077
2 0.4206730769230769 0.7451923076923077 0.03125 0.07211538461538461
2 0.4495192307692308 0.7451923076923077 0.03245192307692308 0.07211538461538461
2 0.4795673076923077 0.7487980769230769 0.03125 0.07572115384615384
2 0.5096153846153846 0.75 0.027644230769230768 0.078125
2 0.47836538461538464 0.07572115384615384 0.03245192307692308 0.07451923076923077
2 0.5072115384615384 0.07932692307692307 0.03125 0.07211538461538461
4 0.09735576923076923 0.7980769230769231 0.027644230769230768 0.06490384615384616
2 0.12139423076923077 0.8004807692307693 0.027644230769230768 0.06610576923076923
2 0.15144230769230768 0.8016826923076923 0.03125 0.06850961538461539
2 0.1814903846153846 0.8040865384615384 0.03125 0.07211538461538461
2 0.21153846153846154 0.8052884615384616 0.03125 0.07451923076923077
2 0.2403846153846154 0.8064903846153846 0.03245192307692308 0.07451923076923077
2 0.2704326923076923 0.8088942307692307 0.03125 0.06971153846153846
2 0.3004807692307692 0.8100961538461539 0.036057692307692304 0.07451923076923077
2 0.3269230769230769 0.8125 0.03245192307692308 0.07451923076923077
2 0.35697115384615385 0.8149038461538461 0.03245192307692308 0.06850961538461539
2 0.3870192307692308 0.8185096153846154 0.03125 0.07451923076923077
2 0.4170673076923077 0.8185096153846154 0.03125 0.07451923076923077
1 0.5348557692307693 0.0829326923076923 0.030048076923076924 0.07572115384615384
2 0.44711538461538464 0.8221153846153846 0.03245192307692308 0.07451923076923077
2 0.47596153846153844 0.8245192307692307 0.03245192307692308 0.06971153846153846
2 0.5036057692307693 0.8257211538461539 0.030048076923076924 0.07211538461538461
4 0.09495192307692307 0.8677884615384616 0.026442307692307692 0.06971153846153846
2 0.12139423076923077 0.8665865384615384 0.027644230769230768 0.06850961538461539
2 0.14903846153846154 0.8677884615384616 0.030048076923076924 0.06850961538461539
2 0.1778846153846154 0.8725961538461539 0.03125 0.06850961538461539
2 0.2091346153846154 0.8762019230769231 0.030048076923076924 0.07211538461538461
2 0.23677884615384615 0.8786057692307693 0.030048076923076924 0.06971153846153846
2 0.2668269230769231 0.8822115384615384 0.030048076923076924 0.07211538461538461
2 0.2956730769230769 0.8834134615384616 0.030048076923076924 0.07211538461538461
2 0.3245192307692308 0.8870192307692307 0.03125 0.07451923076923077
2 0.35336538461538464 0.8894230769230769 0.03245192307692308 0.07211538461538461
2 0.38461538461538464 0.8918269230769231 0.03485576923076923 0.07211538461538461
2 0.41346153846153844 0.8930288461538461 0.03485576923076923 0.07451923076923077
2 0.44471153846153844 0.8966346153846154 0.03245192307692308 0.07451923076923077
2 0.4735576923076923 0.8990384615384616 0.03485576923076923 0.07451923076923077
2 0.5024038461538461 0.9002403846153846 0.03245192307692308 0.07451923076923077
2 0.1778846153846154 0.9423076923076923 0.030048076923076924 0.07211538461538461
1 0.20552884615384615 0.9459134615384616 0.030048076923076924 0.06850961538461539
1 0.23317307692307693 0.9495192307692307 0.03245192307692308 0.06971153846153846
1 0.265625 0.9507211538461539 0.027644230769230768 0.06610576923076923
2 0.29447115384615385 0.9543269230769231 0.030048076923076924 0.06490384615384616
2 0.3245192307692308 0.9555288461538461 0.030048076923076924 0.05889423076923077
2 0.35336538461538464 0.9555288461538461 0.030048076923076924 0.06009615384615385
2 0.38341346153846156 0.9579326923076923 0.030048076923076924 0.06009615384615385
2 0.41346153846153844 0.9603365384615384 0.030048076923076924 0.06009615384615385
2 0.4423076923076923 0.9627403846153846 0.03125 0.05889423076923077
2 0.47115384615384615 0.9651442307692307 0.030048076923076924 0.05889423076923077
0 0.5012019230769231 0.9675480769230769 0.027644230769230768 0.06009615384615385
2 0.2091346153846154 0.13341346153846154 0.03125 0.06850961538461539
2 0.18028846153846154 0.13581730769230768 0.030048076923076924 0.06850961538461539
4 0.12620192307692307 0.13581730769230768 0.030048076923076924 0.07211538461538461
2 0.15144230769230768 0.13581730769230768 0.03125 0.07211538461538461
1 0.23918269230769232 0.13822115384615385 0.03485576923076923 0.06850961538461539
2 0.26802884615384615 0.13822115384615385 0.030048076923076924 0.07451923076923077
2 0.2956730769230769 0.13942307692307693 0.03125 0.07211538461538461
2 0.32572115384615385 0.14182692307692307 0.03245192307692308 0.07211538461538461
2 0.35697115384615385 0.14302884615384615 0.030048076923076924 0.07211538461538461
2 0.38461538461538464 0.14543269230769232 0.03245192307692308 0.07211538461538461
2 0.41586538461538464 0.14423076923076922 0.03125 0.07451923076923077
2 0.44471153846153844 0.1466346153846154 0.03125 0.07451923076923077
2 0.47475961538461536 0.1502403846153846 0.03245192307692308 0.06971153846153846
2 0.5048076923076923 0.15264423076923078 0.03125 0.06971153846153846
2 0.5324519230769231 0.15384615384615385 0.030048076923076924 0.06971153846153846