2 0.3629807692307692 0.22115384615384615 0.038461538461538464 0.12860576923076922
2 0.04447115384615385 0.22115384615384615 0.038461538461538464 0.12139423076923077
2 0.125 0.22115384615384615 0.037259615384615384 0.12740384615384615
4 0.20192307692307693 0.22115384615384615 0.038461538461538464 0.12259615384615384
2 0.28125 0.22235576923076922 0.040865384615384616 0.12139423076923077
2 0.4411057692307692 0.22596153846153846 0.04326923076923077 0.12259615384615384
4 0.5240384615384616 0.22716346153846154 0.042067307692307696 0.12259615384615384
2 0.6033653846153846 0.22716346153846154 0.04567307692307692 0.12740384615384615
2 0.6850961538461539 0.23076923076923078 0.042067307692307696 0.125
2 0.7692307692307693 0.23317307692307693 0.042067307692307696 0.12740384615384615
2 0.8473557692307693 0.23677884615384615 0.046875 0.12259615384615384
2 0.9278846153846154 0.24278846153846154 0.046875 0.12259615384615384
2 0.040865384615384616 0.33653846153846156 0.036057692307692304 0.12259615384615384
2 0.12139423076923077 0.34134615384615385 0.038461538461538464 0.125
4 0.19951923076923078 0.34134615384615385 0.038461538461538464 0.12139423076923077
2 0.2800480769230769 0.3425480769230769 0.040865384615384616 0.12259615384615384
2 0.359375 0.3449519230769231 0.04326923076923077 0.12259615384615384
2 0.5204326923076923 0.3473557692307692 0.046875 0.125
0 0.4411057692307692 0.3485576923076923 0.04567307692307692 0.12259615384615384
2 0.6009615384615384 0.34975961538461536 0.04326923076923077 0.125
2 0.6838942307692307 0.35216346153846156 0.040865384615384616 0.12740384615384615
2 0.7680288461538461 0.35697115384615385 0.04567307692307692 0.12740384615384615
2 0.8473557692307693 0.35697115384615385 0.046875 0.12259615384615384
2 0.9290865384615384 0.3641826923076923 0.04567307692307692 0.12740384615384615
2 0.11658653846153846 0.46274038461538464 0.038461538461538464 0.12139423076923077
4 0.1971153846153846 0.4651442307692308 0.038461538461538464 0.125
2 0.3605769230769231 0.46634615384615385 0.04567307692307692 0.12259615384615384
2 0.27524038461538464 0.4675480769230769 0.04567307692307692 0.12259615384615384
2 0.4387019230769231 0.4699519230769231 0.04326923076923077 0.12259615384615384
2 0.5204326923076923 0.47115384615384615 0.04326923076923077 0.12740384615384615
2 0.6009615384615384 0.47475961538461536 0.04326923076923077 0.125
2 0.6814903846153846 0.47596153846153844 0.04567307692307692 0.125
2 0.7668269230769231 0.4795673076923077 0.04807692307692308 0.12259615384615384
2 0.8473557692307693 0.4807692307692308 0.04326923076923077 0.125
2 0.9278846153846154 0.4831730769230769 0.046875 0.11899038461538461
2 0.11658653846153846 0.5829326923076923 0.038461538461538464 0.12259615384615384
4 0.1935096153846154 0.5853365384615384 0.037259615384615384 0.11899038461538461
2 0.27403846153846156 0.5853365384615384 0.040865384615384616 0.12740384615384615
2 0.35697115384615385 0.5913461538461539 0.04567307692307692 0.12740384615384615
2 0.5192307692307693 0.5913461538461539 0.042067307692307696 0.12139423076923077
4 0.4375 0.5925480769230769 0.04326923076923077 0.12740384615384615
2 0.6814903846153846 0.5961538461538461 0.04567307692307692 0.12740384615384615
2 0.6009615384615384 0.5973557692307693 0.04567307692307692 0.125
2 0.7644230769230769 0.6009615384615384 0.04807692307692308 0.125
2 0.8449519230769231 0.6009615384615384 0.046875 0.12259615384615384
2 0.9278846153846154 0.6021634615384616 0.04567307692307692 0.12259615384615384
2 0.27403846153846156 0.7115384615384616 0.042067307692307696 0.12259615384615384
2 0.3557692307692308 0.7139423076923077 0.042067307692307696 0.12259615384615384
4 0.4362980769230769 0.7163461538461539 0.040865384615384616 0.12139423076923077
2 0.5168269230769231 0.7163461538461539 0.042067307692307696 0.125
2 0.5997596153846154 0.7199519230769231 0.04567307692307692 0.12259615384615384
2 0.6814903846153846 0.7211538461538461 0.04567307692307692 0.125
2 0.7632211538461539 0.7199519230769231 0.04567307692307692 0.12740384615384615
2 0.8425480769230769 0.7247596153846154 0.05048076923076923 0.12139423076923077
2 0.3557692307692308 0.8341346153846154 0.038461538461538464 0.12139423076923077
1 0.4338942307692308 0.8377403846153846 0.04326923076923077 0.12139423076923077
2 0.515625 0.8377403846153846 0.040865384615384616 0.125
2 0.5973557692307693 0.8413461538461539 0.042067307692307696 0.12259615384615384
2 0.8401442307692307 0.8425480769230769 0.046875 0.11899038461538461
2 0.6790865384615384 0.8425480769230769 0.04567307692307692 0.12259615384615384
2 0.7608173076923077 0.8449519230769231 0.046875 0.11899038461538461
2 0.12740384615384615 0.09975961538461539 0.042067307692307696 0.125
4 0.2848557692307692 0.10216346153846154 0.038461538461538464 0.12259615384615384
2 0.04927884615384615 0.10336538461538461 0.038461538461538464 0.125
4 0.20552884615384615 0.1045673076923077 0.038461538461538464 0.12259615384615384
2 0.36538461538461536 0.1045673076923077 0.04326923076923077 0.12740384615384615
4 0.5252403846153846 0.10697115384615384 0.04567307692307692 0.11899038461538461
4 0.44471153846153844 0.10817307692307693 0.042067307692307696 0.12259615384615384
2 0.6057692307692307 0.10817307692307693 0.04807692307692308 0.12259615384615384
2 0.6875 0.11538461538461539 0.04326923076923077 0.125
2 0.7692307692307693 0.1201923076923077 0.04567307692307692 0.12740384615384615
2 0.8485576923076923 0.1201923076923077 0.046875 0.12740384615384615
2 0.9278846153846154 0.12259615384615384 0.04326923076923077 0.11899038461538461