2 0.06610576923076923 0.2704326923076923 0.040865384615384616 0.12740384615384615
2 0.14543269230769232 0.27283653846153844 0.040865384615384616 0.12259615384615384
4 0.21754807692307693 0.2764423076923077 0.037259615384615384 0.12740384615384615
2 0.0625 0.39302884615384615 0.037259615384615384 0.12259615384615384
4 0.21514423076923078 0.3954326923076923 0.038461538461538464 0.11899038461538461
2 0.14182692307692307 0.3954326923076923 0.038461538461538464 0.12740384615384615
4 0.2247596153846154 0.04927884615384615 0.036057692307692304 0.0985576923076923
2 0.1502403846153846 0.04927884615384615 0.036057692307692304 0.0985576923076923
4 0.07211538461538461 0.05048076923076923 0.037259615384615384 0.10096153846153846
2 0.06009615384615385 0.5096153846153846 0.036057692307692304 0.12139423076923077
2 0.13822115384615385 0.5108173076923077 0.038461538461538464 0.12259615384615384
4 0.20673076923076922 0.5132211538461539 0.038461538461538464 0.12259615384615384
2 0.05889423076923077 0.6274038461538461 0.037259615384615384 0.11899038461538461
2 0.13701923076923078 0.6274038461538461 0.038461538461538464 0.12740384615384615
2 0.1346153846153846 0.7512019230769231 0.036057692307692304 0.12259615384615384
2 0.057692307692307696 0.7512019230769231 0.03485576923076923 0.12740384615384615
2 0.05889423076923077 0.8617788461538461 0.03125 0.11899038461538461
2 0.14903846153846154 0.15865384615384615 0.040865384615384616 0.11899038461538461
4 0.06971153846153846 0.15865384615384615 0.037259615384615384 0.12259615384615384
4 0.22235576923076922 0.15985576923076922 0.042067307692307696 0.11778846153846154