2 0.8918269230769231 0.23197115384615385 0.04567307692307692 0.11778846153846154
2 0.9699519230769231 0.23677884615384615 0.046875 0.11899038461538461
2 0.890625 0.35096153846153844 0.046875 0.12259615384615384
2 0.9675480769230769 0.3557692307692308 0.046875 0.11778846153846154
2 0.8846153846153846 0.46634615384615385 0.046875 0.12259615384615384
0 0.9639423076923077 0.47115384615384615 0.046875 0.12259615384615384
2 0.8822115384615384 0.5901442307692307 0.04567307692307692 0.12139423076923077
2 0.9615384615384616 0.59375 0.04807692307692308 0.125
2 0.8786057692307693 0.7079326923076923 0.05048076923076923 0.12740384615384615
2 0.9579326923076923 0.7103365384615384 0.05048076923076923 0.12259615384615384
2 0.8737980769230769 0.8257211538461539 0.05048076923076923 0.11538461538461539
2 0.9519230769230769 0.828125 0.046875 0.11298076923076923
2 0.8930288461538461 0.11658653846153846 0.04807692307692308 0.11899038461538461
1 0.9711538461538461 0.125 0.04807692307692308 0.11778846153846154