2 0.055288461538461536 0.020432692307692308 0.057692307692307696 0.040865384615384616
3 0.5985576923076923 0.021634615384615384 0.0625 0.036057692307692304
0 0.026442307692307692 0.19591346153846154 0.052884615384615384 0.03365384615384615
2 0.08052884615384616 0.19831730769230768 0.0625 0.03365384615384615
3 0.625 0.20072115384615385 0.06129807692307692 0.03485576923076923
2 0.13942307692307693 0.20432692307692307 0.0625 0.03245192307692308
3 0.6862980769230769 0.20552884615384615 0.0625 0.03485576923076923
2 0.20072115384615385 0.20552884615384615 0.0625 0.03125
2 0.7475961538461539 0.20552884615384615 0.06129807692307692 0.038461538461538464
3 0.8088942307692307 0.20793269230769232 0.0625 0.03365384615384615
2 0.25961538461538464 0.21033653846153846 0.0625 0.03485576923076923
2 0.31850961538461536 0.21153846153846154 0.0625 0.028846153846153848
3 0.3786057692307692 0.21634615384615385 0.06129807692307692 0.03485576923076923
3 0.43990384615384615 0.22115384615384615 0.06129807692307692 0.03245192307692308
3 0.5012019230769231 0.2283653846153846 0.0625 0.03365384615384615
3 0.5625 0.22956730769230768 0.06129807692307692 0.03485576923076923
2 0.02283653846153846 0.22956730769230768 0.04567307692307692 0.036057692307692304
3 0.6237980769230769 0.234375 0.06129807692307692 0.03485576923076923
3 0.6598557692307693 0.025240384615384616 0.06129807692307692 0.03485576923076923
2 0.07572115384615384 0.234375 0.06370192307692307 0.03485576923076923
2 0.13581730769230768 0.23798076923076922 0.06370192307692307 0.03365384615384615
2 0.6850961538461539 0.23918269230769232 0.06129807692307692 0.03245192307692308
2 0.19591346153846154 0.23918269230769232 0.06129807692307692 0.036057692307692304
2 0.7463942307692307 0.24158653846153846 0.0625 0.03245192307692308
3 0.8100961538461539 0.24158653846153846 0.0625 0.03245192307692308
2 0.2548076923076923 0.24278846153846154 0.06370192307692307 0.037259615384615384
3 0.3161057692307692 0.24519230769230768 0.06370192307692307 0.040865384615384616
3 0.3786057692307692 0.2512019230769231 0.06370192307692307 0.03365384615384615
2 0.11177884615384616 0.027644230769230768 0.06129807692307692 0.039663461538461536
3 0.4375 0.25600961538461536 0.06370192307692307 0.03485576923076923
3 0.4987980769230769 0.2608173076923077 0.0625 0.03365384615384615
3 0.5612980769230769 0.265625 0.0625 0.036057692307692304
2 0.6225961538461539 0.2704326923076923 0.06129807692307692 0.037259615384615384
2 0.6838942307692307 0.27283653846153844 0.0625 0.038461538461538464
3 0.7463942307692307 0.27403846153846156 0.06129807692307692 0.03365384615384615
3 0.8076923076923077 0.27884615384615385 0.0625 0.04326923076923077
2 0.17307692307692307 0.030048076923076924 0.06129807692307692 0.040865384615384616
3 0.7211538461538461 0.030048076923076924 0.0625 0.03365384615384615
2 0.23317307692307693 0.03245192307692308 0.06129807692307692 0.042067307692307696
3 0.7824519230769231 0.03365384615384615 0.06009615384615385 0.03485576923076923
2 0.2920673076923077 0.03485576923076923 0.06009615384615385 0.04567307692307692
0 0.04807692307692308 0.3629807692307692 0.06129807692307692 0.03365384615384615
0 0.10576923076923077 0.36538461538461536 0.06009615384615385 0.03245192307692308
0 0.1658653846153846 0.36899038461538464 0.0625 0.03485576923076923
2 0.35336538461538464 0.037259615384615384 0.06129807692307692 0.042067307692307696
2 0.2247596153846154 0.37259615384615385 0.06129807692307692 0.03125
1 0.2848557692307692 0.3786057692307692 0.0625 0.03125
2 0.3449519230769231 0.38461538461538464 0.06009615384615385 0.036057692307692304
2 0.40384615384615385 0.3870192307692308 0.06129807692307692 0.03245192307692308
2 0.41466346153846156 0.038461538461538464 0.06129807692307692 0.04567307692307692
2 0.46634615384615385 0.39302884615384615 0.06129807692307692 0.03485576923076923
2 0.5252403846153846 0.39663461538461536 0.06009615384615385 0.036057692307692304
2 0.04447115384615385 0.39783653846153844 0.06129807692307692 0.03365384615384615
2 0.10216346153846154 0.39903846153846156 0.06129807692307692 0.03245192307692308
3 0.5865384615384616 0.4026442307692308 0.06009615384615385 0.03485576923076923
0 0.1622596153846154 0.4026442307692308 0.06370192307692307 0.036057692307692304
2 0.2247596153846154 0.4050480769230769 0.05889423076923077 0.03245192307692308
3 0.6466346153846154 0.4050480769230769 0.06009615384615385 0.037259615384615384
2 0.28125 0.40865384615384615 0.0625 0.028846153846153848
3 0.7091346153846154 0.4110576923076923 0.06370192307692307 0.037259615384615384
2 0.7716346153846154 0.41466346153846156 0.06129807692307692 0.037259615384615384
2 0.3425480769230769 0.41586538461538464 0.06129807692307692 0.03245192307692308
3 0.8353365384615384 0.4182692307692308 0.06370192307692307 0.036057692307692304
2 0.4026442307692308 0.4182692307692308 0.06009615384615385 0.03245192307692308
2 0.46274038461538464 0.4266826923076923 0.06009615384615385 0.03245192307692308
3 0.47596153846153844 0.04447115384615385 0.06129807692307692 0.040865384615384616
0 0.038461538461538464 0.43028846153846156 0.06129807692307692 0.040865384615384616
2 0.5252403846153846 0.4326923076923077 0.0625 0.03365384615384615
2 0.0985576923076923 0.43509615384615385 0.06370192307692307 0.040865384615384616
3 0.5865384615384616 0.43509615384615385 0.06009615384615385 0.03485576923076923
0 0.15745192307692307 0.43990384615384615 0.06490384615384616 0.039663461538461536
2 0.21754807692307693 0.43990384615384615 0.06490384615384616 0.040865384615384616
3 0.6478365384615384 0.43990384615384615 0.0625 0.037259615384615384
2 0.2764423076923077 0.44471153846153844 0.06370192307692307 0.042067307692307696
2 0.7091346153846154 0.44471153846153844 0.0625 0.038461538461538464
2 0.7716346153846154 0.4495192307692308 0.0625 0.036057692307692304
2 0.3389423076923077 0.4495192307692308 0.06009615384615385 0.04447115384615385
2 0.40024038461538464 0.4543269230769231 0.06009615384615385 0.04567307692307692
3 0.8341346153846154 0.45552884615384615 0.06490384615384616 0.03485576923076923
2 0.46033653846153844 0.46033653846153844 0.06129807692307692 0.038461538461538464
3 0.5228365384615384 0.4639423076923077 0.0625 0.042067307692307696
3 0.5853365384615384 0.46875 0.06009615384615385 0.038461538461538464
2 0.6466346153846154 0.47716346153846156 0.06129807692307692 0.036057692307692304
2 0.7091346153846154 0.47836538461538464 0.0625 0.039663461538461536
3 0.7716346153846154 0.484375 0.0625 0.036057692307692304
3 0.8341346153846154 0.4855769230769231 0.06370192307692307 0.03485576923076923
3 0.5384615384615384 0.04807692307692308 0.06009615384615385 0.038461538461538464
3 0.5985576923076923 0.055288461538461536 0.0625 0.037259615384615384
2 0.06971153846153846 0.5697115384615384 0.055288461538461536 0.037259615384615384
4 0.12740384615384615 0.5745192307692307 0.05889423076923077 0.039663461538461536
2 0.18629807692307693 0.5793269230769231 0.057692307692307696 0.038461538461538464
2 0.24519230769230768 0.5829326923076923 0.06009615384615385 0.037259615384615384
2 0.30528846153846156 0.5877403846153846 0.05889423076923077 0.039663461538461536
2 0.3641826923076923 0.59375 0.06009615384615385 0.038461538461538464
2 0.4254807692307692 0.5925480769230769 0.06129807692307692 0.036057692307692304
2 0.48677884615384615 0.5985576923076923 0.06129807692307692 0.03365384615384615
2 0.06490384615384616 0.6033653846153846 0.05889423076923077 0.03485576923076923
3 0.6598557692307693 0.06129807692307692 0.06009615384615385 0.036057692307692304
2 0.546875 0.6057692307692307 0.06129807692307692 0.039663461538461536
2 0.125 0.6081730769230769 0.05889423076923077 0.036057692307692304
3 0.6081730769230769 0.6105769230769231 0.0625 0.042067307692307696
3 0.6694711538461539 0.6129807692307693 0.06129807692307692 0.038461538461538464
2 0.18389423076923078 0.6153846153846154 0.057692307692307696 0.03485576923076923
2 0.24278846153846154 0.6201923076923077 0.06009615384615385 0.036057692307692304
3 0.7307692307692307 0.6213942307692307 0.06129807692307692 0.038461538461538464
3 0.7920673076923077 0.6237980769230769 0.0625 0.037259615384615384
2 0.3016826923076923 0.6237980769230769 0.05889423076923077 0.036057692307692304
2 0.36177884615384615 0.6286057692307693 0.06129807692307692 0.03365384615384615
3 0.8545673076923077 0.6286057692307693 0.0625 0.040865384615384616
0 0.4230769230769231 0.6310096153846154 0.06129807692307692 0.039663461538461536
0 0.4855769230769231 0.6346153846153846 0.06009615384615385 0.039663461538461536
2 0.06129807692307692 0.640625 0.056490384615384616 0.039663461538461536
3 0.5456730769230769 0.6430288461538461 0.06370192307692307 0.04326923076923077
2 0.11899038461538461 0.6442307692307693 0.06129807692307692 0.039663461538461536
3 0.7211538461538461 0.06490384615384616 0.06370192307692307 0.036057692307692304
3 0.6069711538461539 0.6454326923076923 0.06370192307692307 0.037259615384615384
2 0.18028846153846154 0.6502403846153846 0.06129807692307692 0.036057692307692304
3 0.6682692307692307 0.6514423076923077 0.0625 0.039663461538461536
2 0.23918269230769232 0.6574519230769231 0.06009615384615385 0.040865384615384616
3 0.7307692307692307 0.65625 0.06129807692307692 0.036057692307692304
2 0.29927884615384615 0.6586538461538461 0.06129807692307692 0.039663461538461536
3 0.7932692307692307 0.6598557692307693 0.06370192307692307 0.03485576923076923
2 0.3605769230769231 0.6646634615384616 0.06009615384615385 0.039663461538461536
3 0.8533653846153846 0.6658653846153846 0.06129807692307692 0.036057692307692304
2 0.4206730769230769 0.6694711538461539 0.06129807692307692 0.038461538461538464
2 0.48197115384615385 0.6754807692307693 0.06129807692307692 0.038461538461538464
3 0.5444711538461539 0.6778846153846154 0.06370192307692307 0.04447115384615385
3 0.6069711538461539 0.6802884615384616 0.0625 0.039663461538461536
3 0.78125 0.06971153846153846 0.06129807692307692 0.03485576923076923
3 0.6682692307692307 0.6862980769230769 0.06370192307692307 0.037259615384615384
3 0.7307692307692307 0.6935096153846154 0.06009615384615385 0.038461538461538464
3 0.7908653846153846 0.6959134615384616 0.06370192307692307 0.037259615384615384
2 0.8545673076923077 0.7019230769230769 0.06009615384615385 0.037259615384615384
1 0.03365384615384615 0.7680288461538461 0.05889423076923077 0.037259615384615384
2 0.09375 0.7728365384615384 0.06009615384615385 0.03365384615384615
2 0.1502403846153846 0.78125 0.06009615384615385 0.038461538461538464
2 0.21033653846153846 0.7860576923076923 0.06009615384615385 0.037259615384615384
2 0.26802884615384615 0.7908653846153846 0.05889423076923077 0.039663461538461536
2 0.328125 0.7944711538461539 0.06009615384615385 0.039663461538461536
2 0.3870192307692308 0.8004807692307693 0.05889423076923077 0.040865384615384616
2 0.028846153846153848 0.8016826923076923 0.057692307692307696 0.03245192307692308
3 0.4483173076923077 0.8040865384615384 0.06129807692307692 0.038461538461538464
2 0.08774038461538461 0.8040865384615384 0.06370192307692307 0.03125
3 0.5108173076923077 0.8088942307692307 0.06129807692307692 0.038461538461538464
2 0.1466346153846154 0.8112980769230769 0.05889423076923077 0.040865384615384616
3 0.5709134615384616 0.8125 0.05889423076923077 0.039663461538461536
2 0.20552884615384615 0.8173076923076923 0.06129807692307692 0.036057692307692304
3 0.6322115384615384 0.8185096153846154 0.06370192307692307 0.039663461538461536
2 0.6947115384615384 0.8221153846153846 0.06009615384615385 0.042067307692307696
2 0.265625 0.8233173076923077 0.06009615384615385 0.03485576923076923
2 0.7548076923076923 0.828125 0.06009615384615385 0.042067307692307696
2 0.3269230769230769 0.8317307692307693 0.06009615384615385 0.030048076923076924
3 0.8161057692307693 0.8317307692307693 0.06129807692307692 0.038461538461538464
2 0.3870192307692308 0.8353365384615384 0.06129807692307692 0.038461538461538464
2 0.027644230769230768 0.8377403846153846 0.055288461538461536 0.039663461538461536
2 0.08413461538461539 0.8413461538461539 0.0625 0.04326923076923077
3 0.44711538461538464 0.8425480769230769 0.0625 0.039663461538461536
3 0.5072115384615384 0.8473557692307693 0.06129807692307692 0.038461538461538464
2 0.14302884615384615 0.8473557692307693 0.06129807692307692 0.040865384615384616
3 0.5709134615384616 0.8497596153846154 0.06009615384615385 0.039663461538461536
2 0.20192307692307693 0.8545673076923077 0.06009615384615385 0.042067307692307696
2 0.6298076923076923 0.8557692307692307 0.0625 0.040865384615384616
2 0.26322115384615385 0.859375 0.06009615384615385 0.04326923076923077
2 0.6911057692307693 0.859375 0.06129807692307692 0.039663461538461536
2 0.7536057692307693 0.8641826923076923 0.06370192307692307 0.042067307692307696
2 0.32211538461538464 0.8653846153846154 0.05889423076923077 0.039663461538461536
3 0.8161057692307693 0.8689903846153846 0.0625 0.038461538461538464
2 0.38341346153846156 0.875 0.06129807692307692 0.038461538461538464
2 0.44471153846153844 0.8798076923076923 0.06129807692307692 0.03365384615384615
2 0.5048076923076923 0.8846153846153846 0.06370192307692307 0.038461538461538464
2 0.5673076923076923 0.8882211538461539 0.0625 0.039663461538461536
2 0.6298076923076923 0.8918269230769231 0.06129807692307692 0.040865384615384616
2 0.6911057692307693 0.8978365384615384 0.0625 0.038461538461538464
3 0.7524038461538461 0.9002403846153846 0.06129807692307692 0.03365384615384615
3 0.8137019230769231 0.90625 0.05889423076923077 0.038461538461538464
2 0.04807692307692308 0.9651442307692307 0.055288461538461536 0.036057692307692304
2 0.10576923076923077 0.9747596153846154 0.05889423076923077 0.038461538461538464
2 0.16346153846153846 0.9807692307692307 0.055288461538461536 0.036057692307692304
2 0.22235576923076922 0.9819711538461539 0.06009615384615385 0.03485576923076923
2 0.028846153846153848 0.16346153846153846 0.057692307692307696 0.028846153846153848
2 0.08533653846153846 0.16826923076923078 0.06129807692307692 0.03125
2 0.14543269230769232 0.17067307692307693 0.06129807692307692 0.03245192307692308
2 0.203125 0.17427884615384615 0.0625 0.037259615384615384
2 0.2620192307692308 0.17668269230769232 0.0625 0.03245192307692308
2 0.32211538461538464 0.17908653846153846 0.06009615384615385 0.03365384615384615
3 0.38100961538461536 0.18269230769230768 0.06009615384615385 0.03245192307692308
3 0.4411057692307692 0.18870192307692307 0.06009615384615385 0.03365384615384615
3 0.5024038461538461 0.19110576923076922 0.06129807692307692 0.03485576923076923
3 0.5625 0.1935096153846154 0.06009615384615385 0.036057692307692304