3 0.3858173076923077 0.19471153846153846 0.06009615384615385 0.03485576923076923
3 0.44591346153846156 0.19591346153846154 0.0625 0.036057692307692304
3 0.5060096153846154 0.20432692307692307 0.0625 0.03125
3 0.5685096153846154 0.2091346153846154 0.0625 0.030048076923076924
2 0.6286057692307693 0.21153846153846154 0.06009615384615385 0.03245192307692308
2 0.028846153846153848 0.2127403846153846 0.056490384615384616 0.03125
3 0.08533653846153846 0.21394230769230768 0.057692307692307696 0.03245192307692308
3 0.6911057692307693 0.21394230769230768 0.0625 0.030048076923076924
3 0.7524038461538461 0.21514423076923078 0.0625 0.03245192307692308
3 0.14182692307692307 0.21754807692307693 0.06129807692307692 0.036057692307692304
3 0.20072115384615385 0.21875 0.06009615384615385 0.036057692307692304
2 0.2608173076923077 0.2247596153846154 0.06009615384615385 0.03485576923076923
2 0.32211538461538464 0.2283653846153846 0.06129807692307692 0.03485576923076923
3 0.38341346153846156 0.22956730769230768 0.06129807692307692 0.03365384615384615
3 0.8713942307692307 0.22956730769230768 0.06490384615384616 0.04447115384615385
3 0.44350961538461536 0.23197115384615385 0.0625 0.03485576923076923
3 0.9314903846153846 0.23076923076923078 0.06370192307692307 0.040865384615384616
3 0.5048076923076923 0.23677884615384615 0.0625 0.03245192307692308
2 0.5661057692307693 0.23798076923076922 0.06370192307692307 0.030048076923076924
2 0.6274038461538461 0.2439903846153846 0.06129807692307692 0.03125
3 0.6911057692307693 0.2439903846153846 0.0625 0.030048076923076924
2 0.08052884615384616 0.24639423076923078 0.05889423076923077 0.036057692307692304
3 0.7512019230769231 0.25 0.06129807692307692 0.036057692307692304
2 0.140625 0.25 0.05889423076923077 0.038461538461538464
2 0.19831730769230768 0.2548076923076923 0.06009615384615385 0.03245192307692308
2 0.25961538461538464 0.25600961538461536 0.06009615384615385 0.036057692307692304
2 0.31971153846153844 0.25841346153846156 0.06129807692307692 0.03365384615384615
3 0.38221153846153844 0.26322115384615385 0.06009615384615385 0.03485576923076923
3 0.8701923076923077 0.2644230769230769 0.06490384615384616 0.036057692307692304
3 0.4411057692307692 0.265625 0.06009615384615385 0.036057692307692304
3 0.9326923076923077 0.265625 0.06370192307692307 0.03485576923076923
2 0.5036057692307693 0.2692307692307692 0.0625 0.03365384615384615
2 0.5649038461538461 0.27163461538461536 0.0625 0.03485576923076923
3 0.6262019230769231 0.2764423076923077 0.0625 0.038461538461538464
3 0.6887019230769231 0.2800480769230769 0.0625 0.03245192307692308
3 0.7512019230769231 0.28365384615384615 0.0625 0.03245192307692308
3 0.9350961538461539 0.3004807692307692 0.06370192307692307 0.03485576923076923
2 0.08173076923076923 0.38461538461538464 0.06009615384615385 0.03365384615384615
2 0.13942307692307693 0.38822115384615385 0.05889423076923077 0.03365384615384615
2 0.19831730769230768 0.39302884615384615 0.05889423076923077 0.036057692307692304
2 0.25721153846153844 0.3942307692307692 0.06009615384615385 0.03485576923076923
2 0.3173076923076923 0.39903846153846156 0.06009615384615385 0.036057692307692304
2 0.37740384615384615 0.4014423076923077 0.06129807692307692 0.036057692307692304
2 0.4387019230769231 0.4074519230769231 0.06129807692307692 0.037259615384615384
3 0.4987980769230769 0.40865384615384615 0.05889423076923077 0.039663461538461536
3 0.5588942307692307 0.4110576923076923 0.06129807692307692 0.037259615384615384
3 0.6189903846153846 0.41225961538461536 0.06009615384615385 0.036057692307692304
3 0.6790865384615384 0.41586538461538464 0.0625 0.03485576923076923
2 0.07692307692307693 0.41586538461538464 0.05889423076923077 0.030048076923076924
3 0.7403846153846154 0.4182692307692308 0.06129807692307692 0.03485576923076923
2 0.1346153846153846 0.41947115384615385 0.06009615384615385 0.030048076923076924
3 0.8028846153846154 0.4254807692307692 0.05889423076923077 0.038461538461538464
2 0.19230769230769232 0.4266826923076923 0.05889423076923077 0.03365384615384615
3 0.8629807692307693 0.42788461538461536 0.06370192307692307 0.038461538461538464
2 0.25240384615384615 0.43028846153846156 0.06129807692307692 0.03485576923076923
2 0.31490384615384615 0.43149038461538464 0.06009615384615385 0.03365384615384615
3 0.9242788461538461 0.4338942307692308 0.06129807692307692 0.038461538461538464
2 0.3737980769230769 0.43509615384615385 0.06009615384615385 0.03365384615384615
2 0.4362980769230769 0.43990384615384615 0.0625 0.036057692307692304
2 0.49759615384615385 0.4423076923076923 0.06370192307692307 0.03245192307692308
2 0.5576923076923077 0.44591346153846156 0.06129807692307692 0.03245192307692308
3 0.6177884615384616 0.4483173076923077 0.06129807692307692 0.03365384615384615
2 0.07091346153846154 0.4495192307692308 0.06129807692307692 0.040865384615384616
3 0.6802884615384616 0.4519230769230769 0.06370192307692307 0.040865384615384616
2 0.12980769230769232 0.453125 0.06009615384615385 0.039663461538461536
3 0.7427884615384616 0.45552884615384615 0.06129807692307692 0.039663461538461536
2 0.18870192307692307 0.45913461538461536 0.06129807692307692 0.038461538461538464
3 0.8028846153846154 0.46274038461538464 0.05889423076923077 0.03365384615384615
2 0.2512019230769231 0.46274038461538464 0.06129807692307692 0.03485576923076923
2 0.31009615384615385 0.46634615384615385 0.06129807692307692 0.037259615384615384
3 0.8641826923076923 0.4675480769230769 0.06370192307692307 0.039663461538461536
3 0.9254807692307693 0.4675480769230769 0.06370192307692307 0.039663461538461536
2 0.3713942307692308 0.4699519230769231 0.06009615384615385 0.037259615384615384
2 0.4338942307692308 0.4723557692307692 0.06129807692307692 0.038461538461538464
2 0.49399038461538464 0.47716346153846156 0.0625 0.040865384615384616
2 0.5576923076923077 0.4831730769230769 0.06129807692307692 0.036057692307692304
3 0.6177884615384616 0.4879807692307692 0.06129807692307692 0.042067307692307696
3 0.6802884615384616 0.49038461538461536 0.06370192307692307 0.036057692307692304
3 0.7427884615384616 0.49399038461538464 0.06009615384615385 0.03485576923076923
3 0.8028846153846154 0.4963942307692308 0.05889423076923077 0.036057692307692304
3 0.8641826923076923 0.5036057692307693 0.06370192307692307 0.040865384615384616
3 0.9254807692307693 0.5060096153846154 0.06370192307692307 0.039663461538461536
2 0.078125 0.5853365384615384 0.06009615384615385 0.03365384615384615
0 0.13581730769230768 0.5901442307692307 0.06009615384615385 0.03485576923076923
2 0.19471153846153846 0.5949519230769231 0.0625 0.03245192307692308
0 0.2536057692307692 0.5973557692307693 0.06009615384615385 0.03365384615384615
2 0.3125 0.6045673076923077 0.06009615384615385 0.03365384615384615
2 0.3737980769230769 0.6105769230769231 0.06129807692307692 0.037259615384615384
2 0.4338942307692308 0.6141826923076923 0.06129807692307692 0.037259615384615384
2 0.4951923076923077 0.6165865384615384 0.0625 0.038461538461538464
2 0.5552884615384616 0.6213942307692307 0.06129807692307692 0.038461538461538464
3 0.6189903846153846 0.6237980769230769 0.0625 0.039663461538461536
0 0.07451923076923077 0.6225961538461539 0.06129807692307692 0.042067307692307696
3 0.6802884615384616 0.6225961538461539 0.06009615384615385 0.042067307692307696
2 0.1310096153846154 0.6262019230769231 0.0625 0.03245192307692308
0 0.18990384615384615 0.6262019230769231 0.06129807692307692 0.03365384615384615
3 0.7403846153846154 0.6298076923076923 0.06129807692307692 0.040865384615384616
1 0.25 0.6298076923076923 0.06009615384615385 0.03365384615384615
3 0.9242788461538461 0.6370192307692307 0.06370192307692307 0.038461538461538464
3 0.8004807692307693 0.6370192307692307 0.0625 0.036057692307692304
3 0.8617788461538461 0.6382211538461539 0.06129807692307692 0.037259615384615384
0 0.31009615384615385 0.6382211538461539 0.06129807692307692 0.03365384615384615
2 0.37259615384615385 0.6418269230769231 0.0625 0.03365384615384615
2 0.4326923076923077 0.6466346153846154 0.0625 0.036057692307692304
2 0.49399038461538464 0.6514423076923077 0.0625 0.038461538461538464
2 0.5552884615384616 0.6574519230769231 0.0625 0.038461538461538464
2 0.06971153846153846 0.6574519230769231 0.057692307692307696 0.028846153846153848
3 0.6165865384615384 0.6610576923076923 0.0625 0.037259615384615384
0 0.12860576923076922 0.6610576923076923 0.06129807692307692 0.037259615384615384
3 0.6790865384615384 0.6622596153846154 0.06129807692307692 0.036057692307692304
2 0.18990384615384615 0.6646634615384616 0.06009615384615385 0.039663461538461536
2 0.24879807692307693 0.6682692307692307 0.05889423076923077 0.040865384615384616
3 0.7391826923076923 0.6670673076923077 0.06009615384615385 0.03485576923076923
2 0.3076923076923077 0.6742788461538461 0.0625 0.036057692307692304
2 0.8004807692307693 0.6742788461538461 0.0625 0.037259615384615384
3 0.8617788461538461 0.6742788461538461 0.06129807692307692 0.03485576923076923
3 0.9242788461538461 0.6766826923076923 0.0625 0.037259615384615384
2 0.36899038461538464 0.6778846153846154 0.06370192307692307 0.039663461538461536
2 0.43028846153846156 0.6826923076923077 0.0625 0.04447115384615385
2 0.49038461538461536 0.6899038461538461 0.0625 0.03485576923076923
2 0.5528846153846154 0.6923076923076923 0.0625 0.037259615384615384
2 0.6165865384615384 0.6959134615384616 0.06370192307692307 0.037259615384615384
2 0.6790865384615384 0.7019230769230769 0.06129807692307692 0.040865384615384616
2 0.7403846153846154 0.7043269230769231 0.06129807692307692 0.038461538461538464
2 0.8016826923076923 0.7091346153846154 0.0625 0.036057692307692304
3 0.8617788461538461 0.7127403846153846 0.0625 0.038461538461538464
3 0.9242788461538461 0.7139423076923077 0.06370192307692307 0.036057692307692304
0 0.07451923076923077 0.7896634615384616 0.0625 0.036057692307692304
2 0.13221153846153846 0.796875 0.06009615384615385 0.03365384615384615
2 0.1935096153846154 0.8004807692307693 0.06129807692307692 0.03485576923076923
2 0.25 0.8040865384615384 0.06009615384615385 0.03485576923076923
1 0.3112980769230769 0.8064903846153846 0.06129807692307692 0.036057692307692304
2 0.3713942307692308 0.8173076923076923 0.0625 0.037259615384615384
2 0.43149038461538464 0.8209134615384616 0.0625 0.037259615384615384
0 0.49158653846153844 0.8233173076923077 0.06129807692307692 0.037259615384615384
2 0.07211538461538461 0.828125 0.0625 0.03365384615384615
0 0.5540865384615384 0.8269230769230769 0.06009615384615385 0.037259615384615384
2 0.6141826923076923 0.8305288461538461 0.0625 0.037259615384615384
2 0.12980769230769232 0.8317307692307693 0.06610576923076923 0.03365384615384615
2 0.6742788461538461 0.8377403846153846 0.06009615384615385 0.03485576923076923
2 0.19110576923076922 0.8377403846153846 0.0625 0.03485576923076923
2 0.7355769230769231 0.8365384615384616 0.06129807692307692 0.037259615384615384
1 0.796875 0.8389423076923077 0.05889423076923077 0.03365384615384615
2 0.24879807692307693 0.8389423076923077 0.0625 0.03365384615384615
2 0.3076923076923077 0.8425480769230769 0.0625 0.036057692307692304
4 0.8569711538461539 0.8449519230769231 0.06009615384615385 0.037259615384615384
4 0.9182692307692307 0.8473557692307693 0.05889423076923077 0.037259615384615384
2 0.36899038461538464 0.8533653846153846 0.0625 0.03365384615384615
2 0.43028846153846156 0.8545673076923077 0.0625 0.03365384615384615
2 0.49038461538461536 0.8581730769230769 0.0625 0.036057692307692304
2 0.5516826923076923 0.8617788461538461 0.0625 0.03245192307692308
2 0.06850961538461539 0.8617788461538461 0.06129807692307692 0.03485576923076923
2 0.6129807692307693 0.8665865384615384 0.06370192307692307 0.03485576923076923
2 0.12620192307692307 0.8665865384615384 0.06370192307692307 0.03485576923076923
2 0.6742788461538461 0.8701923076923077 0.06129807692307692 0.03365384615384615
2 0.18629807692307693 0.8713942307692307 0.0625 0.03245192307692308
2 0.7355769230769231 0.8762019230769231 0.0625 0.036057692307692304
2 0.24519230769230768 0.8774038461538461 0.0625 0.038461538461538464
2 0.796875 0.8774038461538461 0.06009615384615385 0.040865384615384616
2 0.30649038461538464 0.8798076923076923 0.0625 0.040865384615384616
2 0.8581730769230769 0.8798076923076923 0.06129807692307692 0.037259615384615384
2 0.9182692307692307 0.8846153846153846 0.0625 0.03485576923076923
2 0.36538461538461536 0.8894230769230769 0.0625 0.036057692307692304
2 0.4266826923076923 0.890625 0.06370192307692307 0.036057692307692304
2 0.4891826923076923 0.8954326923076923 0.0625 0.037259615384615384
2 0.5516826923076923 0.9002403846153846 0.06129807692307692 0.038461538461538464
2 0.6129807692307693 0.9038461538461539 0.0625 0.038461538461538464
2 0.6742788461538461 0.9074519230769231 0.06129807692307692 0.038461538461538464
2 0.7355769230769231 0.9110576923076923 0.06129807692307692 0.037259615384615384
2 0.796875 0.9158653846153846 0.06129807692307692 0.03485576923076923
2 0.8581730769230769 0.9170673076923077 0.0625 0.037259615384615384
2 0.9194711538461539 0.921875 0.06129807692307692 0.038461538461538464
2 0.039663461538461536 0.9807692307692307 0.06009615384615385 0.036057692307692304
0 0.09495192307692307 0.9855769230769231 0.05889423076923077 0.026442307692307692
2 0.03245192307692308 0.1814903846153846 0.05889423076923077 0.03245192307692308
3 0.09254807692307693 0.1814903846153846 0.0625 0.036057692307692304
3 0.14903846153846154 0.18509615384615385 0.04807692307692308 0.026442307692307692
3 0.20432692307692307 0.1875 0.06370192307692307 0.027644230769230768
1 0.2644230769230769 0.19230769230769232 0.06009615384615385 0.030048076923076924
2 0.32572115384615385 0.19471153846153846 0.06009615384615385 0.03365384615384615