3 0.04567307692307692 0.34975961538461536 0.06009615384615385 0.038461538461538464
3 0.10336538461538461 0.35216346153846156 0.06009615384615385 0.037259615384615384
2 0.1622596153846154 0.3557692307692308 0.06009615384615385 0.036057692307692304
3 0.22115384615384615 0.36177884615384615 0.06129807692307692 0.03245192307692308
3 0.28365384615384615 0.3641826923076923 0.06370192307692307 0.036057692307692304
3 0.34134615384615385 0.3701923076923077 0.06490384615384616 0.040865384615384616
3 0.40384615384615385 0.3713942307692308 0.06490384615384616 0.037259615384615384
3 0.4639423076923077 0.37740384615384615 0.0673076923076923 0.04447115384615385
3 0.5252403846153846 0.3798076923076923 0.06610576923076923 0.037259615384615384
3 0.038461538461538464 0.38221153846153844 0.05889423076923077 0.03485576923076923
3 0.5865384615384616 0.38461538461538464 0.06610576923076923 0.04326923076923077
3 0.09975961538461539 0.3858173076923077 0.06129807692307692 0.040865384615384616
2 0.15865384615384615 0.3894230769230769 0.06009615384615385 0.037259615384615384
3 0.21875 0.3918269230769231 0.06370192307692307 0.03365384615384615
3 0.2800480769230769 0.39663461538461536 0.06370192307692307 0.03485576923076923
3 0.34134615384615385 0.40384615384615385 0.0673076923076923 0.042067307692307696
3 0.4026442307692308 0.4050480769230769 0.0673076923076923 0.040865384615384616
3 0.46153846153846156 0.4098557692307692 0.0673076923076923 0.04326923076923077
3 0.5240384615384616 0.41225961538461536 0.06850961538461539 0.036057692307692304
3 0.036057692307692304 0.41586538461538464 0.06009615384615385 0.036057692307692304
3 0.5865384615384616 0.4182692307692308 0.06610576923076923 0.040865384615384616
2 0.09375 0.41947115384615385 0.05889423076923077 0.037259615384615384
3 0.15384615384615385 0.4230769230769231 0.0625 0.038461538461538464
3 0.5228365384615384 0.4423076923076923 0.06490384615384616 0.042067307692307696
3 0.4579326923076923 0.44591346153846156 0.0673076923076923 0.04326923076923077
3 0.5853365384615384 0.4483173076923077 0.06370192307692307 0.040865384615384616
2 0.036057692307692304 0.5504807692307693 0.06009615384615385 0.038461538461538464
3 0.09495192307692307 0.5564903846153846 0.05889423076923077 0.038461538461538464
3 0.15384615384615385 0.5600961538461539 0.057692307692307696 0.037259615384615384
3 0.21153846153846154 0.5637019230769231 0.06009615384615385 0.038461538461538464
3 0.2704326923076923 0.5709134615384616 0.0625 0.039663461538461536
3 0.3317307692307692 0.5757211538461539 0.06370192307692307 0.040865384615384616
3 0.3942307692307692 0.5805288461538461 0.06370192307692307 0.039663461538461536
3 0.4543269230769231 0.5817307692307693 0.0625 0.038461538461538464
2 0.03245192307692308 0.5853365384615384 0.057692307692307696 0.038461538461538464
2 0.09014423076923077 0.5913461538461539 0.05889423076923077 0.037259615384615384
3 0.515625 0.5901442307692307 0.06129807692307692 0.036057692307692304
2 0.578125 0.59375 0.0625 0.03245192307692308
2 0.14903846153846154 0.59375 0.05889423076923077 0.036057692307692304
3 0.2091346153846154 0.5997596153846154 0.0625 0.03485576923076923
3 0.6394230769230769 0.5997596153846154 0.0625 0.03245192307692308
3 0.7007211538461539 0.6021634615384616 0.06129807692307692 0.03365384615384615
3 0.2704326923076923 0.6057692307692307 0.06490384615384616 0.04326923076923077
3 0.33052884615384615 0.6117788461538461 0.06490384615384616 0.040865384615384616
3 0.39302884615384615 0.6153846153846154 0.06370192307692307 0.039663461538461536
3 0.4543269230769231 0.6189903846153846 0.06129807692307692 0.042067307692307696
2 0.027644230769230768 0.6201923076923077 0.055288461538461536 0.037259615384615384
3 0.5132211538461539 0.6225961538461539 0.06490384615384616 0.038461538461538464
3 0.5757211538461539 0.6262019230769231 0.06490384615384616 0.03485576923076923
2 0.08413461538461539 0.6262019230769231 0.06009615384615385 0.038461538461538464
2 0.14543269230769232 0.6322115384615384 0.06129807692307692 0.037259615384615384
3 0.6382211538461539 0.6334134615384616 0.0625 0.040865384615384616
3 0.20432692307692307 0.6346153846153846 0.0625 0.03485576923076923
3 0.6983173076923077 0.6370192307692307 0.06370192307692307 0.039663461538461536
3 0.26802884615384615 0.640625 0.0673076923076923 0.04447115384615385
3 0.33052884615384615 0.6454326923076923 0.06370192307692307 0.040865384615384616
3 0.3918269230769231 0.6502403846153846 0.06610576923076923 0.039663461538461536
3 0.4519230769230769 0.6550480769230769 0.06009615384615385 0.037259615384615384
3 0.5120192307692307 0.6598557692307693 0.06370192307692307 0.037259615384615384
3 0.5745192307692307 0.6622596153846154 0.06370192307692307 0.038461538461538464
3 0.6370192307692307 0.6670673076923077 0.06490384615384616 0.042067307692307696
3 0.6983173076923077 0.6754807692307693 0.05889423076923077 0.037259615384615384
2 0.03245192307692308 0.7548076923076923 0.06129807692307692 0.039663461538461536
2 0.09254807692307693 0.7584134615384616 0.0625 0.036057692307692304
3 0.1502403846153846 0.7620192307692307 0.05889423076923077 0.04326923076923077
3 0.2091346153846154 0.7692307692307693 0.06129807692307692 0.038461538461538464
3 0.2692307692307692 0.7716346153846154 0.06370192307692307 0.04447115384615385
3 0.3293269230769231 0.7776442307692307 0.0625 0.040865384615384616
3 0.3894230769230769 0.7824519230769231 0.0673076923076923 0.04567307692307692
2 0.030048076923076924 0.7884615384615384 0.06009615384615385 0.03365384615384615
3 0.4495192307692308 0.7884615384615384 0.06370192307692307 0.040865384615384616
3 0.5120192307692307 0.7920673076923077 0.06009615384615385 0.038461538461538464
2 0.08774038461538461 0.7932692307692307 0.0625 0.036057692307692304
3 0.5709134615384616 0.7992788461538461 0.0625 0.037259615384615384
3 0.1466346153846154 0.8016826923076923 0.06370192307692307 0.040865384615384616
3 0.20552884615384615 0.8064903846153846 0.06490384615384616 0.042067307692307696
3 0.6346153846153846 0.8064903846153846 0.06370192307692307 0.03365384615384615
3 0.6947115384615384 0.8112980769230769 0.06129807692307692 0.036057692307692304
3 0.2644230769230769 0.8112980769230769 0.06610576923076923 0.036057692307692304
3 0.32572115384615385 0.8149038461538461 0.06490384615384616 0.037259615384615384
2 0.7560096153846154 0.8149038461538461 0.06129807692307692 0.03485576923076923
3 0.8185096153846154 0.8185096153846154 0.0625 0.036057692307692304
2 0.026442307692307692 0.8233173076923077 0.052884615384615384 0.04567307692307692
3 0.3870192307692308 0.8233173076923077 0.06370192307692307 0.037259615384615384
3 0.44711538461538464 0.8269230769230769 0.0625 0.039663461538461536
3 0.5096153846153846 0.8305288461538461 0.0625 0.038461538461538464
2 0.08413461538461539 0.8305288461538461 0.06129807692307692 0.040865384615384616
2 0.14302884615384615 0.8377403846153846 0.0625 0.039663461538461536
3 0.5685096153846154 0.8401442307692307 0.06370192307692307 0.038461538461538464
3 0.6334134615384616 0.8413461538461539 0.06610576923076923 0.037259615384615384
2 0.20192307692307693 0.8425480769230769 0.06129807692307692 0.037259615384615384
3 0.6947115384615384 0.8473557692307693 0.06129807692307692 0.03365384615384615
2 0.26322115384615385 0.8497596153846154 0.06610576923076923 0.038461538461538464
2 0.7548076923076923 0.8497596153846154 0.06370192307692307 0.036057692307692304
3 0.8185096153846154 0.8545673076923077 0.06129807692307692 0.03245192307692308
2 0.3233173076923077 0.8533653846153846 0.06490384615384616 0.039663461538461536
3 0.38461538461538464 0.8605769230769231 0.06490384615384616 0.042067307692307696
3 0.44591346153846156 0.8653846153846154 0.0625 0.039663461538461536
3 0.5072115384615384 0.8689903846153846 0.06370192307692307 0.042067307692307696
3 0.5697115384615384 0.8737980769230769 0.06370192307692307 0.040865384615384616
3 0.6310096153846154 0.8798076923076923 0.06490384615384616 0.039663461538461536
2 0.6935096153846154 0.8846153846153846 0.06129807692307692 0.038461538461538464
3 0.7548076923076923 0.8858173076923077 0.06370192307692307 0.037259615384615384
3 0.8185096153846154 0.8870192307692307 0.0625 0.036057692307692304
2 0.03125 0.9543269230769231 0.05889423076923077 0.037259615384615384
0 0.0889423076923077 0.9591346153846154 0.06009615384615385 0.036057692307692304
0 0.14783653846153846 0.9651442307692307 0.05889423076923077 0.036057692307692304
2 0.20673076923076922 0.9699519230769231 0.06129807692307692 0.03365384615384615
2 0.2668269230769231 0.9759615384615384 0.06009615384615385 0.03365384615384615
2 0.3269230769230769 0.9783653846153846 0.06009615384615385 0.03245192307692308
1 0.3870192307692308 0.984375 0.06009615384615385 0.03125