2 0.15504807692307693 0.19591346153846154 0.020432692307692308 0.052884615384615384
2 0.19110576923076922 0.1971153846153846 0.020432692307692308 0.055288461538461536
2 0.2283653846153846 0.19831730769230768 0.019230769230769232 0.052884615384615384
2 0.2644230769230769 0.20072115384615385 0.020432692307692308 0.056490384615384616
2 0.01201923076923077 0.2403846153846154 0.020432692307692308 0.055288461538461536
2 0.04567307692307692 0.24519230769230768 0.021634615384615384 0.056490384615384616
2 0.08052884615384616 0.24519230769230768 0.020432692307692308 0.052884615384615384
2 0.11658653846153846 0.24639423076923078 0.020432692307692308 0.055288461538461536
2 0.15264423076923078 0.24759615384615385 0.020432692307692308 0.055288461538461536
2 0.1875 0.25240384615384615 0.019230769230769232 0.055288461538461536
2 0.22596153846153846 0.25240384615384615 0.016826923076923076 0.056490384615384616
2 0.2620192307692308 0.25600961538461536 0.019230769230769232 0.055288461538461536
2 0.026442307692307692 0.030048076923076924 0.021634615384615384 0.052884615384615384
2 0.06009615384615385 0.03125 0.02403846153846154 0.055288461538461536
2 0.09495192307692307 0.03125 0.021634615384615384 0.05048076923076923
2 0.009615384615384616 0.296875 0.019230769230769232 0.055288461538461536
2 0.04326923076923077 0.296875 0.021634615384615384 0.055288461538461536
2 0.07692307692307693 0.3004807692307692 0.020432692307692308 0.055288461538461536
2 0.11538461538461539 0.3016826923076923 0.020432692307692308 0.056490384615384616
2 0.14903846153846154 0.30528846153846156 0.021634615384615384 0.055288461538461536
2 0.18629807692307693 0.30649038461538464 0.019230769230769232 0.055288461538461536
2 0.22235576923076922 0.31009615384615385 0.019230769230769232 0.056490384615384616
2 0.25961538461538464 0.31009615384615385 0.020432692307692308 0.056490384615384616
2 0.1658653846153846 0.03365384615384615 0.021634615384615384 0.055288461538461536
2 0.12980769230769232 0.03365384615384615 0.021634615384615384 0.055288461538461536
2 0.20072115384615385 0.03485576923076923 0.020432692307692308 0.05048076923076923
2 0.23798076923076922 0.037259615384615384 0.020432692307692308 0.05048076923076923
2 0.07572115384615384 0.3557692307692308 0.020432692307692308 0.055288461538461536
2 0.11057692307692307 0.35697115384615385 0.020432692307692308 0.055288461538461536
2 0.1466346153846154 0.359375 0.019230769230769232 0.055288461538461536
2 0.1814903846153846 0.36177884615384615 0.020432692307692308 0.052884615384615384
2 0.21875 0.3641826923076923 0.019230769230769232 0.052884615384615384
2 0.25600961538461536 0.36658653846153844 0.019230769230769232 0.056490384615384616
2 0.27524038461538464 0.038461538461538464 0.020432692307692308 0.055288461538461536
2 0.07211538461538461 0.40865384615384615 0.020432692307692308 0.05048076923076923
2 0.10697115384615384 0.41225961538461536 0.020432692307692308 0.055288461538461536
2 0.14302884615384615 0.41346153846153844 0.020432692307692308 0.055288461538461536
2 0.17908653846153846 0.41466346153846156 0.020432692307692308 0.056490384615384616
2 0.21634615384615385 0.41947115384615385 0.020432692307692308 0.056490384615384616
2 0.2536057692307692 0.4206730769230769 0.020432692307692308 0.056490384615384616
2 0.14182692307692307 0.4675480769230769 0.020432692307692308 0.052884615384615384
2 0.17668269230769232 0.47115384615384615 0.021634615384615384 0.055288461538461536
2 0.2127403846153846 0.4735576923076923 0.016826923076923076 0.056490384615384616
2 0.2512019230769231 0.47836538461538464 0.021634615384615384 0.055288461538461536
2 0.17548076923076922 0.5252403846153846 0.020432692307692308 0.055288461538461536
2 0.21153846153846154 0.5288461538461539 0.019230769230769232 0.05048076923076923
2 0.24879807692307693 0.5324519230769231 0.021634615384615384 0.056490384615384616
2 0.02403846153846154 0.5384615384615384 0.021634615384615384 0.052884615384615384
2 0.2091346153846154 0.5853365384615384 0.016826923076923076 0.056490384615384616
2 0.24639423076923078 0.5877403846153846 0.019230769230769232 0.055288461538461536
2 0.021634615384615384 0.5913461538461539 0.020432692307692308 0.055288461538461536
2 0.055288461538461536 0.6105769230769231 0.016826923076923076 0.052884615384615384
2 0.20673076923076922 0.6394230769230769 0.019230769230769232 0.052884615384615384
2 0.09014423076923077 0.640625 0.021634615384615384 0.055288461538461536
2 0.24278846153846154 0.6430288461538461 0.020432692307692308 0.056490384615384616
2 0.054086538461538464 0.6634615384615384 0.016826923076923076 0.055288461538461536
2 0.09014423076923077 0.6947115384615384 0.020432692307692308 0.055288461538461536
2 0.24158653846153846 0.6971153846153846 0.020432692307692308 0.055288461538461536
2 0.051682692307692304 0.71875 0.019230769230769232 0.055288461538461536
2 0.08653846153846154 0.7475961538461539 0.020432692307692308 0.055288461538461536
0 0.1310096153846154 0.75 0.02283653846153846 0.055288461538461536
2 0.23918269230769232 0.7524038461538461 0.021634615384615384 0.055288461538461536
2 0.05048076923076923 0.7716346153846154 0.019230769230769232 0.055288461538461536
2 0.08413461538461539 0.8028846153846154 0.020432692307692308 0.055288461538461536
2 0.23798076923076922 0.8064903846153846 0.019230769230769232 0.055288461538461536
2 0.12860576923076922 0.8064903846153846 0.020432692307692308 0.055288461538461536
2 0.021634615384615384 0.0829326923076923 0.021634615384615384 0.052884615384615384
2 0.056490384615384616 0.08173076923076923 0.020432692307692308 0.055288461538461536
2 0.09014423076923077 0.08413461538461539 0.021634615384615384 0.055288461538461536
2 0.04807692307692308 0.8257211538461539 0.019230769230769232 0.055288461538461536
2 0.12740384615384615 0.08653846153846154 0.020432692307692308 0.055288461538461536
2 0.08173076923076923 0.8569711538461539 0.020432692307692308 0.055288461538461536
2 0.1622596153846154 0.08653846153846154 0.021634615384615384 0.056490384615384616
2 0.12740384615384615 0.859375 0.020432692307692308 0.055288461538461536
1 0.23557692307692307 0.8605769230769231 0.020432692307692308 0.056490384615384616
2 0.1971153846153846 0.08774038461538461 0.020432692307692308 0.05889423076923077
2 0.23317307692307693 0.0889423076923077 0.020432692307692308 0.052884615384615384
2 0.04807692307692308 0.8798076923076923 0.016826923076923076 0.052884615384615384
2 0.08052884615384616 0.9110576923076923 0.020432692307692308 0.052884615384615384
0 0.12620192307692307 0.9134615384615384 0.020432692307692308 0.052884615384615384
2 0.23317307692307693 0.9158653846153846 0.020432692307692308 0.055288461538461536
2 0.27163461538461536 0.09254807692307693 0.019230769230769232 0.052884615384615384
2 0.04567307692307692 0.9326923076923077 0.016826923076923076 0.052884615384615384
2 0.078125 0.9639423076923077 0.021634615384615384 0.052884615384615384
4 0.125 0.9663461538461539 0.021634615384615384 0.055288461538461536
2 0.23076923076923078 0.9675480769230769 0.020432692307692308 0.052884615384615384
2 0.018028846153846152 0.13581730769230768 0.020432692307692308 0.052884615384615384
2 0.08774038461538461 0.13581730769230768 0.020432692307692308 0.056490384615384616
2 0.052884615384615384 0.13822115384615385 0.021634615384615384 0.056490384615384616
2 0.12259615384615384 0.13822115384615385 0.020432692307692308 0.055288461538461536
2 0.15985576923076922 0.14182692307692307 0.021634615384615384 0.052884615384615384
2 0.19471153846153846 0.14302884615384615 0.020432692307692308 0.055288461538461536
2 0.23076923076923078 0.14302884615384615 0.020432692307692308 0.056490384615384616
2 0.2692307692307692 0.1466346153846154 0.019230769230769232 0.055288461538461536
2 0.014423076923076924 0.1875 0.021634615384615384 0.055288461538461536
2 0.04807692307692308 0.18990384615384615 0.021634615384615384 0.056490384615384616
2 0.08413461538461539 0.19110576923076922 0.020432692307692308 0.055288461538461536
2 0.11899038461538461 0.1935096153846154 0.020432692307692308 0.055288461538461536