0 0.18389423076923078 0.12620192307692307 0.36778846153846156 0.25240384615384615
0 0.5084134615384616 0.13581730769230768 0.37710336538461536 0.2548076923076923
0 0.8233173076923077 0.1466346153846154 0.3485576923076923 0.2734375
0 0.18028846153846154 0.328125 0.3605769230769231 0.27163461538461536
0 0.5048076923076923 0.3401442307692308 0.38431490384615385 0.27193509615384615
0 0.8233173076923077 0.35336538461538464 0.35096153846153844 0.28365384615384615
0 0.1778846153846154 0.5348557692307693 0.3557692307692308 0.2764423076923077
0 0.4951923076923077 0.5576923076923077 0.38431490384615385 0.2743389423076923
0 0.8185096153846154 0.5685096153846154 0.3584735576923077 0.29056490384615385
0 0.17427884615384615 0.7451923076923077 0.3485576923076923 0.28365384615384615
0 0.48677884615384615 0.7716346153846154 0.3819110576923077 0.27914663461538464
0 0.8137019230769231 0.7992788461538461 0.3680889423076923 0.29116586538461536