0 0.18629807692307693 0.2127403846153846 0.37259615384615385 0.28846153846153844
0 0.5240384615384616 0.23076923076923078 0.3942307692307692 0.28335336538461536
0 0.8365384615384616 0.24519230769230768 0.32632211538461536 0.2785456730769231
0 0.18629807692307693 0.44711538461538464 0.37259615384615385 0.2698317307692308
0 0.5204326923076923 0.4519230769230769 0.3942307692307692 0.2785456730769231
0 0.8341346153846154 0.4567307692307692 0.3269230769230769 0.27403846153846156
0 0.18509615384615385 0.6742788461538461 0.3701923076923077 0.2860576923076923
0 0.5168269230769231 0.6742788461538461 0.38491586538461536 0.27403846153846156
0 0.8365384615384616 0.6826923076923077 0.32632211538461536 0.2692307692307692
0 0.515625 0.8810096153846154 0.3825120192307692 0.23347355769230768
0 0.8341346153846154 0.8834134615384616 0.3311298076923077 0.2283653846153846
0 0.1814903846153846 0.8846153846153846 0.36268028846153844 0.22596153846153846