0 0.007969 0.067969 0.000800 0.070310
0 0.009009 0.060600 0.009062 0.068700
0 0.076060 0.060709 0.007000 0.070310
0 0.006000 0.008090 0.007500 0.070000
0 0.009060 0.006000 0.000600 0.070875
0 0.070000 0.000300 0.040600 0.070312
0 0.000000 0.000000 0.000620 0.070875
0 0.000070 0.008438 0.040600 0.070000
0 0.068700 0.000088 0.000620 0.070000
0 0.00060 0.006870 0.000600 0.070000
0 0.003090 0.000088 0.040088 0.070000
0 0.070870 0.000088 0.000600 0.070000
0 0.007800 0.000600 0.040600 0.070000
0 0.000088 0.008080 0.040620 0.070438
0 0.078000 0.008080 0.000620 0.070438
0 0.000908 0.008080 0.000600 0.073038
0 0.000969 0.008080 0.009062 0.073038
0 0.079688 0.008080 0.000600 0.070038
0 0.600060 0.008080 0.007000 0.073038
0 0.600000 0.008080 0.000600 0.070038
0 0.680090 0.008080 0.039060 0.073038
0 0.700804 0.008080 0.009060 0.073438
0 0.70060 0.008080 0.000600 0.073038
0 0.790600 0.008080 0.000620 0.070038
0 0.800000 0.008080 0.000620 0.070038
0 0.806000 0.000088 0.000620 0.075000
0 0.887000 0.000088 0.000600 0.070000
0 0.767088 0.000000 0.040620 0.070438
0 0.700069 0.000688 0.009060 0.070000
0 0.690969 0.000688 0.009062 0.070000
0 0.607800 0.000000 0.040620 0.073438
0 0.600090 0.000688 0.009062 0.070000
0 0.087000 0.000688 0.000605 0.075000
0 0.000000 0.000688 0.000605 0.075000
0 0.000804 0.000469 0.040088 0.076560
0 0.078000 0.000069 0.040750 0.076560
0 0.000969 0.000469 0.042088 0.076060
0 0.000069 0.000469 0.040088 0.076560
0 0.068700 0.008090 0.000750 0.076563
0 0.000069 0.009370 0.000088 0.070000
0 0.096870 0.009070 0.000750 0.075000
0 0.060709 0.062000 0.002188 0.071870
0 0.008020 0.260804 0.040620 0.070408
0 0.090700 0.060804 0.040600 0.070438
0 0.08090 0.067088 0.000907 0.070870
0 0.000000 0.068700 0.000620 0.068750
0 0.006709 0.030938 0.000188 0.060600
0 0.068700 0.000370 0.000600 0.060500
0 0.000000 0.030938 0.003700 0.065625
0 0.000070 0.333090 0.043700 0.067087
0 0.067969 0.000069 0.000088 0.067087
0 0.00060 0.330069 0.003700 0.067087
0 0.007000 0.309688 0.000600 0.068700
0 0.070009 0.008020 0.002188 0.070000
0 0.009070 0.009688 0.000600 0.070870
0 0.000700 0.009688 0.040600 0.070870
0 0.080000 0.008020 0.000620 0.071875
0 0.00600 0.008020 0.000625 0.070875
0 0.000000 0.008000 0.000625 0.070875
0 0.080908 0.008000 0.000625 0.070875
0 0.600090 0.000000 0.009062 0.070870
0 0.607800 0.000000 0.000600 0.070875
0 0.690600 0.000000 0.000620 0.070875
0 0.700000 0.000000 0.000620 0.070875
0 0.760908 0.000870 0.000600 0.070870
0 0.000069 0.070000 0.009060 0.060620
0 0.908700 0.000088 0.000070 0.078100
0 0.900000 0.006870 0.007000 0.070875
0 0.978000 0.008008 0.007000 0.070870
0 0.060000 0.070008 0.003700 0.060625
0 0.090700 0.070870 0.000700 0.065605
0 0.000688 0.007000 0.003700 0.060000
0 0.070008 0.337000 0.000600 0.060605
0 0.000088 0.000600 0.040620 0.060625
0 0.006709 0.060719 0.000188 0.060907
0 0.060600 0.060709 0.000750 0.060907
0 0.099009 0.060719 0.000188 0.060907
0 0.000000 0.009075 0.003750 0.060500
0 0.060000 0.009075 0.000750 0.060500
0 0.096870 0.009075 0.000750 0.065605
0 0.000000 0.060907 0.003700 0.065625
0 0.060600 0.059075 0.000750 0.065625
0 0.099009 0.060907 0.002088 0.060620
0 0.000938 0.060000 0.003750 0.065605
0 0.070870 0.060907 0.003700 0.065605
0 0.009070 0.060907 0.003700 0.065605
0 0.006094 0.009070 0.040088 0.065605
0 0.080000 0.009075 0.000750 0.065605
0 0.008700 0.058590 0.000605 0.070000
0 0.000688 0.058590 0.040605 0.070000
0 0.089060 0.007800 0.000605 0.068750
0 0.600000 0.008590 0.000605 0.070002
0 0.660709 0.007810 0.009060 0.068700
0 0.698008 0.006000 0.000605 0.068750
0 0.700000 0.006050 0.000625 0.068750
0 0.768700 0.006050 0.000605 0.068750
0 0.760709 0.600010 0.039060 0.062000
0 0.700069 0.608700 0.000088 0.060000
0 0.690969 0.600090 0.009062 0.060062
0 0.608090 0.600870 0.009060 0.062500
0 0.600007 0.600870 0.037000 0.062000
0 0.089800 0.600870 0.009060 0.062000
0 0.000000 0.600875 0.007500 0.062500
0 0.007969 0.600870 0.009060 0.062000
0 0.080000 0.600000 0.007000 0.062500
0 0.006870 0.600870 0.007000 0.060500
0 0.000719 0.601870 0.000188 0.062000
0 0.078000 0.600870 0.000620 0.062500
0 0.000600 0.600000 0.000620 0.062500
0 0.006000 0.600000 0.000620 0.062500
0 0.070008 0.600870 0.003700 0.062000
0 0.009060 0.600000 0.003700 0.062000
0 0.000069 0.600870 0.000002 0.062500
0 0.070870 0.601870 0.000700 0.060500
0 0.000600 0.600870 0.000700 0.062500
0 0.009070 0.600870 0.000700 0.060500
0 0.078000 0.600870 0.000700 0.062500
0 0.009009 0.600090 0.040012 0.007810
0 0.000090 0.807000 0.009060 0.000000
0 0.009009 0.800600 0.040002 0.000125
0 0.078000 0.800700 0.000700 0.053005
0 0.009070 0.800003 0.003700 0.053105
0 0.000600 0.806094 0.040700 0.004688
0 0.070870 0.809019 0.000700 0.004688
0 0.008090 0.809009 0.040002 0.004688
0 0.009800 0.800000 0.040000 0.006250
0 0.070009 0.802004 0.040002 0.004688
0 0.006000 0.800000 0.043700 0.054688
0 0.000600 0.800004 0.043700 0.057803
0 0.079688 0.800000 0.000600 0.059375
0 0.000000 0.800000 0.000600 0.059075
0 0.000000 0.800000 0.000605 0.059075
0 0.080070 0.800000 0.040605 0.059375
0 0.008700 0.800005 0.000605 0.059075
0 0.006000 0.850005 0.000625 0.059075
0 0.090600 0.80060 0.000625 0.059075
0 0.600000 0.80060 0.000620 0.059075
0 0.660000 0.80060 0.000620 0.059075
0 0.696090 0.800780 0.000088 0.004688
0 0.709688 0.800000 0.000700 0.006050
0 0.760804 0.849009 0.040000 0.007810
0 0.800000 0.806090 0.040700 0.004688
0 0.800070 0.804030 0.043700 0.054688
0 0.867088 0.800006 0.040700 0.004688
0 0.90060 0.809800 0.043700 0.004688
0 0.900069 0.806709 0.000300 0.004688
0 0.960080 0.800370 0.000300 0.006250
0 0.979688 0.880000 0.000600 0.000688
0 0.900780 0.880908 0.000000 0.053105
0 0.900000 0.889062 0.000700 0.003020
0 0.889800 0.890406 0.040000 0.00060
0 0.808090 0.890969 0.000000 0.05062
0 0.800780 0.896090 0.000000 0.00062
0 0.790000 0.897606 0.000000 0.05060
0 0.700906 0.899009 0.000000 0.00062
0 0.700009 0.902004 0.040002 0.00062
0 0.689060 0.900000 0.003700 0.000000
0 0.607800 0.900906 0.000600 0.00060
0 0.600606 0.900687 0.009062 0.000000
0 0.089800 0.900469 0.009060 0.00060
0 0.000688 0.906000 0.007500 0.050005
0 0.000000 0.906200 0.007000 0.053025
0 0.080908 0.907800 0.037000 0.003005
0 0.000000 0.907800 0.037000 0.053105
0 0.007087 0.906000 0.007000 0.000105
0 0.080070 0.900687 0.037000 0.003005
0 0.007606 0.900069 0.040088 0.00060
0 0.000804 0.900906 0.040088 0.00060
0 0.080800 0.900906 0.000620 0.00062
0 0.009009 0.90060 0.002088 0.000000
0 0.00600 0.900780 0.000700 0.00062
0 0.08006 0.899009 0.000010 0.008408
0 0.00688 0.897606 0.000700 0.000560
0 0.000870 0.890001 0.000700 0.05060
0 0.090088 0.890969 0.000700 0.00062
0 0.060804 0.890600 0.040000 0.000000
0 0.000000 0.886709 0.000310 0.00062
