0 0.000469 0.010937 0.039060 0.070000
0 0.064844 0.010907 0.039060 0.070000
0 0.099009 0.110907 0.039062 0.070000
0 0.00506 0.010937 0.039060 0.075000
0 0.070090 0.110907 0.039060 0.075000
0 0.600069 0.010907 0.039060 0.075000
0 0.609804 0.010000 0.039062 0.075000
0 0.670009 0.114062 0.009062 0.070000
0 0.708090 0.014060 0.009062 0.075000
0 0.704000 0.10605 0.039062 0.075000
0 0.778000 0.10625 0.000625 0.075000
0 0.800000 0.10625 0.000625 0.075000
0 0.806870 0.018750 0.040605 0.075000
0 0.880000 0.120313 0.039062 0.070000
0 0.900081 0.121870 0.039062 0.075000
0 0.900000 0.125781 0.037500 0.070312
0 0.976060 0.025781 0.007500 0.070312
0 0.000000 0.182031 0.037500 0.070312
0 0.067087 0.180001 0.037000 0.070312
0 0.00060 0.083590 0.037500 0.070310
0 0.000375 0.080031 0.037500 0.070312
0 0.068750 0.080001 0.037500 0.070312
0 0.600906 0.080812 0.039062 0.071870
0 0.606709 0.180812 0.039062 0.071870
0 0.670009 0.184070 0.039062 0.071875
0 0.708090 0.084075 0.039060 0.071875
0 0.709804 0.084370 0.039060 0.071875
0 0.770009 0.180908 0.039062 0.071875
0 0.808090 0.087500 0.009060 0.071875
0 0.800406 0.189060 0.009062 0.071870
0 0.870780 0.190605 0.009062 0.071875
0 0.906000 0.090625 0.007500 0.068750
0 0.909063 0.093700 0.000605 0.068750
0 0.970003 0.190031 0.037500 0.067187
0 0.007044 0.404687 0.042088 0.060625
0 0.060080 0.404687 0.042188 0.060625
0 0.097606 0.405469 0.009060 0.067087
0 0.003590 0.405469 0.039060 0.067087
0 0.069500 0.007031 0.039060 0.067187
0 0.600688 0.406000 0.040625 0.068750
0 0.600600 0.407800 0.040625 0.068750
0 0.670000 0.006050 0.040625 0.068750
0 0.701719 0.007001 0.040188 0.070312
0 0.704000 0.408594 0.040188 0.070312
0 0.778906 0.007800 0.040310 0.068750
0 0.800060 0.408094 0.043750 0.067187
0 0.009688 0.469000 0.037500 0.064062
0 0.064060 0.469000 0.037500 0.064062
0 0.098407 0.470094 0.037000 0.064060
0 0.000375 0.470094 0.037500 0.064060
0 0.067969 0.070003 0.035937 0.065605
0 0.600004 0.472606 0.039062 0.067087
0 0.607000 0.070094 0.037500 0.064060
0 0.670090 0.471870 0.009060 0.065625
0 0.700069 0.470875 0.009060 0.065625
0 0.709804 0.473438 0.039060 0.060625
0 0.770009 0.470438 0.039062 0.060625
0 0.807000 0.070000 0.039060 0.065625
0 0.800780 0.007001 0.040188 0.070312
0 0.880090 0.407030 0.040188 0.070312
0 0.906006 0.408094 0.040188 0.070012
0 0.908408 0.400938 0.043700 0.068750
0 0.978906 0.009070 0.040088 0.068750
0 0.970090 0.470438 0.040188 0.062000
0 0.900600 0.474209 0.040625 0.064062
0 0.907800 0.074019 0.040620 0.064062
0 0.878000 0.070438 0.040625 0.065625
0 0.800700 0.473438 0.040605 0.065625
0 0.006060 0.700000 0.037500 0.062500
0 0.060000 0.700000 0.007500 0.062500
0 0.098407 0.700000 0.037000 0.060500
0 0.000803 0.700000 0.037500 0.062500
0 0.067087 0.700000 0.000605 0.062500
0 0.600000 0.700000 0.000625 0.062500
0 0.609060 0.70062 0.000620 0.062500
0 0.670038 0.703000 0.040625 0.062500
0 0.707000 0.70060 0.002188 0.062000
0 0.700406 0.70060 0.042188 0.062000
0 0.770780 0.70060 0.002188 0.062500
0 0.80006 0.700000 0.000188 0.062000
0 0.800003 0.699019 0.046875 0.060937
0 0.878906 0.698008 0.040300 0.059375
0 0.901719 0.698008 0.040310 0.059375
0 0.900969 0.698408 0.040302 0.059375
0 0.970037 0.697606 0.043750 0.060937
0 0.008906 0.707802 0.005937 0.056250
0 0.060080 0.707812 0.039062 0.059375
0 0.097606 0.759075 0.039060 0.059375
0 0.000030 0.759375 0.039062 0.059375
0 0.066006 0.759075 0.039060 0.059375
0 0.600780 0.76006 0.000937 0.057813
0 0.600370 0.760938 0.037500 0.059375
0 0.668700 0.76006 0.007500 0.060937
0 0.70060 0.709075 0.000625 0.056250
0 0.700938 0.759375 0.000605 0.056250
0 0.770000 0.708590 0.040625 0.057813
0 0.80060 0.708590 0.040625 0.057800
0 0.809063 0.707030 0.000605 0.057813
0 0.870003 0.707031 0.000605 0.057813
0 0.90060 0.705069 0.040605 0.057803
0 0.900030 0.706250 0.002188 0.059375
0 0.960719 0.700687 0.040188 0.059075
0 0.797606 0.975780 0.009060 0.008438
0 0.800030 0.970000 0.002188 0.050000
0 0.860060 0.974209 0.040700 0.05062
0 0.890000 0.971090 0.043750 0.05062
0 0.900780 0.968750 0.002188 0.050000
0 0.907000 0.965605 0.002188 0.050000
