0 0.009688 0.001719 0.000600 0.070408
0 0.060600 0.009070 0.000605 0.075000
0 0.000000 0.001719 0.000600 0.070008
0 0.000070 0.000000 0.000605 0.075000
0 0.067969 0.000000 0.009060 0.070000
0 0.600688 0.000000 0.000600 0.070000
0 0.607000 0.000000 0.000600 0.075000
0 0.670000 0.000000 0.000600 0.075000
0 0.708090 0.000844 0.009060 0.070438
0 0.700700 0.00600 0.000600 0.075000
0 0.777000 0.007188 0.040188 0.071870
0 0.800907 0.017188 0.000700 0.071870
0 0.000000 0.081000 0.007000 0.068750
0 0.060600 0.080069 0.007000 0.070000
0 0.000000 0.080069 0.007000 0.070000
0 0.000070 0.080000 0.037500 0.068750
0 0.070090 0.081000 0.009060 0.068700
0 0.600000 0.080090 0.037000 0.070310
0 0.607000 0.080090 0.037000 0.070300
0 0.670870 0.080070 0.007000 0.068750
0 0.707800 0.080070 0.007000 0.068700
0 0.700600 0.086709 0.007000 0.070010
0 0.770009 0.080070 0.009060 0.068700
0 0.806000 0.087000 0.007000 0.068750
0 0.806870 0.008700 0.007000 0.075000
0 0.800600 0.087000 0.000600 0.075000
0 0.880000 0.000010 0.037000 0.070000
0 0.900000 0.001870 0.007000 0.075000
0 0.900700 0.000000 0.007000 0.075000
0 0.970000 0.007000 0.007000 0.073438
0 0.968700 0.096090 0.007000 0.070038
0 0.907000 0.090700 0.000600 0.070875
0 0.907800 0.090969 0.000600 0.070012
0 0.870000 0.090600 0.000600 0.068750
0 0.006060 0.000469 0.040600 0.067087
0 0.060000 0.000469 0.040600 0.067087
0 0.099009 0.000469 0.009060 0.067087
0 0.000090 0.000469 0.039060 0.070300
0 0.068700 0.000069 0.007500 0.070000
0 0.600069 0.000469 0.009060 0.070000
0 0.609060 0.000069 0.007000 0.070300
0 0.670009 0.000469 0.040088 0.070012
0 0.709070 0.000069 0.040700 0.070300
0 0.700700 0.007800 0.037000 0.070870
0 0.778000 0.000069 0.040700 0.070000
0 0.800000 0.008090 0.040700 0.070000
0 0.008000 0.070000 0.034370 0.060625
0 0.060000 0.068700 0.007000 0.060500
0 0.099009 0.070094 0.009060 0.067187
0 0.000090 0.070870 0.039060 0.065605
0 0.068700 0.070870 0.007500 0.065605
0 0.600000 0.470094 0.009060 0.067087
0 0.607000 0.070870 0.007000 0.065605
0 0.670000 0.070009 0.007000 0.067187
0 0.706000 0.070000 0.000600 0.068750
0 0.709800 0.470000 0.009060 0.068700
0 0.770008 0.074009 0.040600 0.067087
0 0.807800 0.070009 0.040600 0.067187
0 0.800000 0.000069 0.040600 0.070000
0 0.880070 0.008094 0.040600 0.070000
0 0.90600 0.009070 0.000700 0.068750
0 0.909009 0.009070 0.040088 0.068700
0 0.978000 0.000908 0.000700 0.068700
0 0.800000 0.070000 0.040600 0.068750
0 0.877000 0.470000 0.009060 0.068700
0 0.906000 0.070000 0.000700 0.065605
0 0.907000 0.070000 0.000700 0.065605
0 0.970870 0.070000 0.000600 0.065605
0 0.006060 0.700000 0.007000 0.009375
0 0.060000 0.700000 0.007000 0.060000
0 0.096870 0.700000 0.007000 0.060000
0 0.000000 0.700000 0.007000 0.060500
0 0.067087 0.700000 0.007000 0.060000
0 0.600000 0.700000 0.009060 0.062000
0 0.607000 0.700000 0.007000 0.060000
0 0.670870 0.700000 0.040700 0.060937
0 0.700069 0.700000 0.000088 0.009070
0 0.700600 0.700000 0.000700 0.009075
0 0.770000 0.700000 0.000700 0.009075
0 0.809070 0.700000 0.000700 0.009375
0 0.806090 0.699009 0.040088 0.060907
0 0.878000 0.699009 0.000700 0.060907
0 0.909070 0.696870 0.000700 0.059375
0 0.900600 0.696870 0.000700 0.059075
0 0.970870 0.696090 0.000700 0.060907
0 0.008000 0.708090 0.040625 0.057800
0 0.060000 0.709070 0.000375 0.059375
0 0.096870 0.706000 0.007500 0.059075
0 0.000800 0.708090 0.037500 0.057803
0 0.060600 0.759075 0.000605 0.059075
0 0.600000 0.760709 0.007000 0.007810
0 0.600070 0.709370 0.037500 0.059375
0 0.667969 0.709070 0.009060 0.009375
0 0.700000 0.707800 0.009062 0.009370
0 0.70006 0.707800 0.009060 0.009375
0 0.769000 0.709070 0.039060 0.059375
0 0.800780 0.707800 0.009060 0.009070
0 0.806709 0.707800 0.009060 0.009370
0 0.870000 0.707030 0.003700 0.007813
0 0.90060 0.706000 0.000600 0.059075
0 0.900000 0.700906 0.000600 0.057803
0 0.960000 0.700687 0.000600 0.059075
0 0.797606 0.970000 0.000000 0.050000
0 0.800000 0.970000 0.000300 0.000000
0 0.860080 0.970037 0.000300 0.000000
0 0.890000 0.970606 0.000700 0.05062
0 0.900780 0.969000 0.000010 0.05062
0 0.900069 0.966006 0.040000 0.048408
