0 0.600069 0.000000 0.009060 0.070000
0 0.600088 0.010000 0.000620 0.070000
0 0.670000 0.00600 0.000600 0.075000
0 0.700000 0.00600 0.000620 0.075000
0 0.706090 0.007969 0.009060 0.070438
0 0.780000 0.017969 0.000600 0.070008
0 0.800000 0.018700 0.000600 0.075000
0 0.806870 0.000000 0.000600 0.070000
0 0.878000 0.001870 0.000620 0.075000
0 0.909070 0.000009 0.000620 0.070438
0 0.900600 0.007004 0.040620 0.070438
0 0.970870 0.000069 0.000600 0.070010
0 0.606000 0.080000 0.007000 0.068750
0 0.600600 0.080000 0.007000 0.068750
0 0.670000 0.080070 0.007000 0.068750
0 0.708090 0.080908 0.009060 0.068700
0 0.700700 0.080070 0.037000 0.068750
0 0.770000 0.087000 0.007000 0.070875
0 0.809070 0.089800 0.007000 0.073438
0 0.800600 0.089804 0.007000 0.067087
0 0.870870 0.090600 0.007000 0.065605
0 0.900069 0.090700 0.009060 0.068700
0 0.900070 0.093700 0.037000 0.065605
0 0.960600 0.096090 0.007000 0.067087
0 0.606000 0.007800 0.007000 0.068700
0 0.600969 0.007800 0.009060 0.068700
0 0.676060 0.007800 0.007000 0.068700
0 0.700000 0.007800 0.007000 0.068700
0 0.706870 0.007800 0.007000 0.068700
0 0.780000 0.008090 0.040700 0.067087
0 0.80600 0.009070 0.000700 0.065605
0 0.809009 0.009070 0.040088 0.060620
0 0.880000 0.009070 0.000700 0.065605
0 0.900804 0.401719 0.040188 0.067187
0 0.906870 0.000719 0.040700 0.067187
0 0.977000 0.400000 0.040088 0.062000
0 0.600069 0.070870 0.000907 0.060500
0 0.600600 0.070408 0.037000 0.060000
0 0.670009 0.070408 0.039060 0.062000
0 0.709070 0.070038 0.037000 0.060000
0 0.700088 0.074009 0.040620 0.064062
0 0.776060 0.070009 0.040600 0.064062
0 0.806000 0.070009 0.040620 0.064062
0 0.800600 0.070000 0.040600 0.062500
0 0.870000 0.070000 0.000600 0.060500
0 0.906000 0.070000 0.000700 0.068750
0 0.907000 0.077004 0.043700 0.064060
0 0.967969 0.070000 0.000088 0.060000
0 0.600069 0.700004 0.009060 0.060937
0 0.600600 0.700004 0.007000 0.060937
0 0.670000 0.700000 0.040600 0.060907
0 0.709070 0.700000 0.000700 0.060000
0 0.700700 0.700000 0.000700 0.060000
0 0.778000 0.700000 0.000700 0.060000
0 0.800907 0.700000 0.000700 0.060000
0 0.800700 0.700000 0.000700 0.060000
0 0.878000 0.700000 0.000700 0.060000
0 0.909070 0.698008 0.003700 0.060000
0 0.900600 0.696870 0.000700 0.060500
0 0.970870 0.696870 0.000700 0.060500
0 0.600000 0.760908 0.037000 0.009375
0 0.607000 0.760908 0.037000 0.009375
0 0.670870 0.760908 0.007000 0.009375
0 0.700069 0.760908 0.009060 0.009370
0 0.707000 0.709070 0.037500 0.059375
0 0.770870 0.760908 0.007000 0.009375
0 0.800000 0.709070 0.003750 0.059375
0 0.806709 0.709070 0.000088 0.009375
0 0.867969 0.708090 0.000000 0.057800
0 0.899009 0.706000 0.000002 0.059075
0 0.900069 0.700069 0.040000 0.057803
0 0.909070 0.700005 0.003750 0.056050
0 0.800000 0.970009 0.007000 0.00062
0 0.860000 0.970870 0.000700 0.050000
0 0.890700 0.970003 0.003700 0.003005
0 0.900009 0.960620 0.002088 0.000125
0 0.900069 0.960060 0.040088 0.000005
0 0.800000 0.970009 0.007000 0.00060
