0 0.000090 0.106200 0.009062 0.068750
0 0.009009 0.104688 0.009062 0.068700
0 0.080069 0.00060 0.009062 0.068700
0 0.011719 0.098007 0.039060 0.068700
0 0.004001 0.098437 0.040188 0.071875
0 0.077004 0.090310 0.042188 0.071875
0 0.00006 0.090012 0.002188 0.071875
0 0.007606 0.092088 0.042188 0.071875
0 0.080069 0.092088 0.042188 0.071870
0 0.006006 0.090600 0.042188 0.071875
0 0.000780 0.089063 0.000188 0.071875
0 0.086709 0.089063 0.000188 0.071870
0 0.002606 0.087500 0.042088 0.071875
0 0.005469 0.085908 0.040088 0.075000
0 0.089844 0.080908 0.040088 0.071875
0 0.007004 0.085938 0.042088 0.071875
0 0.060719 0.085908 0.000188 0.071875
0 0.097656 0.086709 0.000188 0.070438
0 0.600030 0.086719 0.002188 0.073438
0 0.670000 0.088281 0.003700 0.073438
0 0.700688 0.090600 0.040750 0.078025
0 0.700600 0.090625 0.040750 0.078025
0 0.770038 0.090600 0.043750 0.078025
0 0.809070 0.090605 0.003750 0.078025
0 0.800600 0.092969 0.040625 0.076560
0 0.870000 0.096875 0.000605 0.075000
0 0.900069 0.000000 0.040188 0.075000
0 0.908080 0.099219 0.039062 0.076063
0 0.970090 0.100906 0.039060 0.076063
0 0.960000 0.069501 0.003750 0.067187
0 0.900000 0.168750 0.000625 0.068750
0 0.900000 0.067187 0.000600 0.068750
0 0.868700 0.065605 0.000625 0.068750
0 0.800938 0.060060 0.040625 0.068750
0 0.800000 0.160062 0.040625 0.068750
0 0.769000 0.161719 0.039060 0.070312
0 0.700938 0.06006 0.000605 0.070312
0 0.70060 0.061719 0.000620 0.070012
0 0.667088 0.16006 0.000600 0.070012
0 0.600000 0.07031 0.000625 0.070312
0 0.095003 0.07031 0.000605 0.070312
0 0.06006 0.057001 0.039060 0.070312
0 0.005780 0.07001 0.039062 0.070312
0 0.090406 0.08094 0.009060 0.070312
0 0.007000 0.07031 0.039060 0.070312
0 0.000094 0.07001 0.039062 0.070312
0 0.08006 0.060156 0.039060 0.070312
0 0.000304 0.08594 0.035937 0.070302
0 0.007969 0.08090 0.039060 0.067187
0 0.080070 0.09375 0.037500 0.068750
0 0.002004 0.08594 0.039062 0.067087
0 0.000281 0.16006 0.039062 0.067187
0 0.080001 0.163281 0.039062 0.067187
0 0.008408 0.164060 0.037000 0.068750
0 0.00600 0.168750 0.007500 0.068750
0 0.080908 0.068750 0.030375 0.068750
0 0.006050 0.070013 0.030375 0.068750
0 0.006062 0.071875 0.000375 0.068750
0 0.000088 0.080937 0.040625 0.065625
0 0.070038 0.384370 0.040605 0.065625
0 0.000688 0.080937 0.040605 0.065625
0 0.009063 0.380370 0.040605 0.065625
0 0.070013 0.380812 0.000620 0.065625
0 0.000020 0.382812 0.000625 0.065625
0 0.002088 0.082031 0.040620 0.067187
0 0.078020 0.082812 0.000625 0.068750
0 0.000000 0.383590 0.037500 0.070312
0 0.006870 0.383594 0.037500 0.070300
0 0.080802 0.383090 0.037500 0.070312
0 0.007187 0.083094 0.037500 0.070310
0 0.000906 0.380802 0.039062 0.068750
0 0.088080 0.082812 0.039062 0.068700
0 0.005000 0.082802 0.000625 0.068750
0 0.060907 0.380802 0.000625 0.068750
0 0.098007 0.384375 0.040605 0.068750
0 0.600370 0.380802 0.040625 0.068750
0 0.670870 0.080375 0.040605 0.068750
0 0.706000 0.082802 0.000625 0.068750
0 0.700088 0.084370 0.040625 0.068750
0 0.776060 0.380375 0.040605 0.068750
0 0.80006 0.080156 0.000188 0.070312
0 0.804000 0.383594 0.040188 0.070312
0 0.877004 0.38006 0.040088 0.070312
0 0.90006 0.080156 0.000188 0.070312
0 0.900700 0.386709 0.043750 0.067187
0 0.970037 0.387000 0.040605 0.068750
0 0.960080 0.002344 0.042188 0.064062
0 0.90006 0.050344 0.042088 0.064062
0 0.900000 0.05062 0.043750 0.065625
0 0.870003 0.000000 0.043750 0.065605
0 0.808080 0.000781 0.042188 0.067187
0 0.800069 0.450780 0.040188 0.067187
0 0.770090 0.400781 0.040188 0.067187
0 0.707000 0.050000 0.040605 0.065625
0 0.700004 0.400000 0.039062 0.065625
0 0.667969 0.048407 0.039060 0.060625
0 0.600069 0.400000 0.039060 0.065625
0 0.090500 0.448437 0.039060 0.065625
0 0.06006 0.048407 0.039060 0.065625
0 0.005780 0.048407 0.039062 0.065625
0 0.089844 0.448407 0.039060 0.060625
0 0.000906 0.448437 0.039060 0.065625
0 0.000094 0.448407 0.039062 0.060625
0 0.08006 0.048437 0.039060 0.065625
0 0.009009 0.448437 0.039062 0.060625
0 0.006006 0.400000 0.039060 0.065625
0 0.080069 0.448407 0.039062 0.060625
0 0.009209 0.448407 0.039062 0.060625
0 0.00006 0.048407 0.039062 0.060625
0 0.078906 0.000000 0.009060 0.065625
0 0.004001 0.448437 0.039060 0.065625
0 0.010844 0.448407 0.039060 0.060625
0 0.080090 0.449009 0.042188 0.064062
0 0.00060 0.050000 0.040625 0.068750
0 0.000038 0.448437 0.040620 0.062500
0 0.006870 0.670000 0.043750 0.059375
0 0.078000 0.670012 0.003750 0.059375
0 0.010907 0.671870 0.003750 0.059375
0 0.000187 0.671870 0.040750 0.059375
0 0.070000 0.675000 0.000750 0.059375
0 0.007800 0.670000 0.003750 0.059375
0 0.000700 0.675780 0.043750 0.060937
0 0.080200 0.677004 0.043750 0.060937
0 0.003081 0.677304 0.042188 0.064062
0 0.008438 0.678000 0.040625 0.065625
0 0.080802 0.678120 0.000625 0.065625
0 0.008700 0.679688 0.040605 0.065625
0 0.004688 0.680050 0.040625 0.065625
0 0.089060 0.678000 0.040625 0.065625
0 0.005000 0.678025 0.000625 0.065625
0 0.059075 0.679688 0.000605 0.065625
0 0.095003 0.679688 0.000605 0.065625
0 0.600069 0.680469 0.040088 0.064062
0 0.669000 0.681050 0.002188 0.059375
0 0.700906 0.680000 0.002188 0.059375
0 0.708080 0.679688 0.002188 0.009375
0 0.770038 0.678906 0.043700 0.060937
0 0.807800 0.678906 0.003700 0.060937
0 0.809063 0.678906 0.003700 0.060937
0 0.870037 0.677344 0.043700 0.060937
0 0.900687 0.676060 0.040625 0.059075
0 0.90006 0.675000 0.005300 0.059375
0 0.967969 0.670000 0.005000 0.059375
0 0.906050 0.700250 0.000625 0.056250
0 0.906062 0.700250 0.003750 0.056250
0 0.890000 0.730031 0.042188 0.054688
0 0.860080 0.730370 0.045312 0.053125
0 0.809688 0.700938 0.003750 0.056250
0 0.798008 0.730938 0.043750 0.056050
0 0.760605 0.705938 0.003750 0.056250
0 0.700030 0.737000 0.002188 0.056250
0 0.699009 0.707000 0.002188 0.056250
0 0.660060 0.707000 0.040625 0.056250
0 0.606060 0.737500 0.037500 0.056250
0 0.090750 0.739060 0.037500 0.056250
0 0.059075 0.739060 0.037500 0.056250
0 0.000038 0.739062 0.037500 0.056250
0 0.089060 0.740600 0.037500 0.056250
0 0.004688 0.709060 0.037500 0.056250
0 0.000002 0.737000 0.037500 0.056250
0 0.080937 0.737500 0.037500 0.056050
0 0.00060 0.737500 0.037500 0.056250
0 0.008700 0.735938 0.037500 0.056050
0 0.080070 0.734375 0.037500 0.056250
0 0.000000 0.702802 0.037500 0.056250
0 0.006006 0.703094 0.039062 0.057813
0 0.080090 0.731050 0.039062 0.056250
0 0.00004 0.729688 0.039062 0.006250
0 0.019001 0.708125 0.002188 0.056250
0 0.089060 0.706062 0.000625 0.056250
0 0.009075 0.706562 0.000625 0.056250
0 0.000069 0.700780 0.042188 0.054688
0 0.009687 0.90006 0.000625 0.050562
0 0.06006 0.908080 0.002188 0.001562
0 0.090600 0.902087 0.040625 0.050000
0 0.001870 0.905012 0.040625 0.050000
0 0.00060 0.908408 0.040625 0.050000
0 0.080812 0.90062 0.000625 0.050000
0 0.00620 0.950906 0.000625 0.050562
0 0.000000 0.950906 0.000625 0.05062
0 0.086709 0.900688 0.009062 0.053125
0 0.006006 0.908594 0.039060 0.05062
0 0.00060 0.957802 0.037500 0.053125
0 0.086709 0.908590 0.039060 0.05062
0 0.000094 0.908594 0.009062 0.05062
0 0.005469 0.960719 0.009060 0.05062
0 0.089844 0.960719 0.009060 0.00062
0 0.000209 0.96006 0.009062 0.051562
0 0.057000 0.961719 0.039060 0.05062
0 0.090969 0.96006 0.009062 0.050562
0 0.600780 0.96006 0.009062 0.051562
0 0.660719 0.96006 0.009060 0.001562
0 0.690000 0.96006 0.039060 0.051562
0 0.708906 0.908590 0.009062 0.05062
0 0.760080 0.907031 0.039062 0.05062
0 0.796870 0.956050 0.000625 0.050000
0 0.808020 0.950688 0.040750 0.050000
0 0.860908 0.900304 0.043750 0.05062
0 0.890006 0.90060 0.045012 0.050000
0 0.902606 0.908408 0.045302 0.050000
0 0.900906 0.906875 0.045300 0.050000
