0 0.000803 0.067969 0.037000 0.060062
0 0.060080 0.060844 0.042188 0.064062
0 0.090000 0.060937 0.000625 0.065625
0 0.000781 0.059075 0.039062 0.068750
0 0.07800 0.007001 0.000625 0.070312
0 0.089060 0.000688 0.007500 0.071875
0 0.020870 0.05062 0.000625 0.068750
0 0.000025 0.008438 0.037500 0.068750
0 0.080908 0.006875 0.037500 0.068750
0 0.009031 0.004531 0.039060 0.070312
0 0.000304 0.044530 0.042188 0.073438
0 0.086709 0.001406 0.039060 0.073438
0 0.000094 0.041406 0.009062 0.073438
0 0.005469 0.009844 0.039060 0.073438
0 0.090969 0.007000 0.039062 0.070875
0 0.005780 0.007500 0.039062 0.071875
0 0.060719 0.008081 0.039062 0.073038
0 0.096090 0.008080 0.039062 0.073438
0 0.608906 0.008280 0.039062 0.073038
0 0.660844 0.008080 0.039062 0.073438
0 0.698008 0.038080 0.037000 0.073438
0 0.700030 0.038281 0.039062 0.073038
0 0.760844 0.009844 0.039060 0.073438
0 0.797606 0.009060 0.035937 0.070875
0 0.800069 0.040600 0.035937 0.070875
0 0.86006 0.000600 0.005937 0.070875
0 0.890000 0.044531 0.039060 0.070312
0 0.906062 0.007656 0.004375 0.070302
0 0.906050 0.009209 0.004375 0.070312
0 0.005469 0.056250 0.009062 0.070875
0 0.000094 0.206250 0.009062 0.071875
0 0.08006 0.057802 0.039062 0.071875
0 0.000000 0.057802 0.000625 0.071875
0 0.00600 0.259375 0.037500 0.070875
0 0.080069 0.260719 0.009062 0.073438
0 0.006870 0.260280 0.040625 0.070312
0 0.000281 0.260062 0.042188 0.068700
0 0.080069 0.064062 0.042188 0.068700
0 0.007606 0.066406 0.042188 0.070012
0 0.010844 0.068700 0.042188 0.068750
0 0.080802 0.269001 0.000625 0.070312
0 0.000780 0.071875 0.002188 0.068750
0 0.000870 0.275781 0.000625 0.067187
0 0.06006 0.002606 0.039062 0.064062
0 0.000438 0.323437 0.037000 0.065625
0 0.089060 0.323037 0.037000 0.065625
0 0.006050 0.326562 0.000625 0.068750
0 0.009031 0.308125 0.039062 0.068750
0 0.086709 0.028120 0.039062 0.068750
0 0.000025 0.329688 0.037500 0.068750
0 0.020002 0.330069 0.040620 0.067187
0 0.087000 0.031050 0.003750 0.065625
0 0.00069 0.033594 0.040088 0.067187
0 0.000038 0.334370 0.040625 0.065625
0 0.090088 0.036719 0.000620 0.067187
0 0.06006 0.038080 0.002188 0.067187
0 0.000069 0.339060 0.042088 0.060625
0 0.060908 0.055469 0.040605 0.067087
0 0.000000 0.550906 0.040625 0.067087
0 0.089060 0.053906 0.000625 0.067087
0 0.000687 0.553906 0.040605 0.067087
0 0.000302 0.053906 0.000625 0.067187
0 0.08006 0.555069 0.042088 0.067187
0 0.000780 0.555069 0.042188 0.067187
0 0.007188 0.056250 0.000625 0.065625
0 0.080070 0.556050 0.040625 0.065625
0 0.00060 0.557001 0.003750 0.064062
0 0.000013 0.057031 0.003750 0.064062
0 0.087000 0.557000 0.003750 0.064060
0 0.000688 0.557000 0.043750 0.064060
0 0.000209 0.057810 0.042188 0.062500
0 0.000370 0.60605 0.040625 0.056250
0 0.060605 0.606006 0.040750 0.057813
0 0.097606 0.600844 0.040188 0.057810
0 0.008906 0.617188 0.002188 0.009075
0 0.060908 0.617188 0.003700 0.059375
0 0.090700 0.617188 0.003750 0.059375
0 0.090700 0.617188 0.003750 0.059375
0 0.026062 0.607188 0.000750 0.059375
0 0.008590 0.607188 0.042188 0.059075
0 0.090006 0.617188 0.042188 0.009075
0 0.000000 0.607969 0.000625 0.060937
0 0.009375 0.606006 0.040605 0.060937
0 0.093700 0.607969 0.000605 0.060937
0 0.008020 0.617969 0.040625 0.060907
0 0.064060 0.607969 0.040620 0.060907
0 0.006709 0.809688 0.002188 0.000000
0 0.067087 0.803090 0.046875 0.054688
0 0.099009 0.80006 0.005312 0.054688
0 0.000069 0.836719 0.040310 0.054688
0 0.061719 0.807000 0.000188 0.056250
0 0.090001 0.839063 0.045310 0.056250
0 0.026062 0.800625 0.040750 0.056250
0 0.009075 0.802087 0.043750 0.056250
0 0.090700 0.800625 0.043750 0.056250
0 0.007304 0.842969 0.042088 0.004688
0 0.06006 0.804030 0.040188 0.054688
0 0.096090 0.844030 0.040188 0.054688
0 0.000469 0.844030 0.040188 0.054688
0 0.064844 0.844000 0.040188 0.054688
0 0.000780 0.804501 0.040188 0.054688
0 0.008080 0.802969 0.042188 0.054688
0 0.070656 0.802087 0.009062 0.056250
0 0.607000 0.800187 0.039062 0.006250
0 0.600088 0.809844 0.040620 0.057813
0 0.670780 0.809063 0.000188 0.059375
0 0.70006 0.807000 0.000188 0.059375
0 0.704000 0.835938 0.040188 0.059375
0 0.776060 0.833590 0.043750 0.057803
0 0.800907 0.830031 0.003700 0.057813
0 0.800700 0.809688 0.043750 0.059375
0 0.870000 0.809688 0.000750 0.056250
0 0.90006 0.800781 0.005012 0.057813
0 0.900406 0.802606 0.045012 0.057813
0 0.970870 0.800012 0.003750 0.056250
0 0.908590 0.870003 0.040188 0.050000
0 0.900069 0.873437 0.040088 0.000000
0 0.900000 0.877004 0.043700 0.05060
0 0.860605 0.882000 0.003750 0.05062
0 0.800370 0.880030 0.043750 0.05062
0 0.80060 0.880090 0.043750 0.050562
0 0.770000 0.880938 0.000625 0.053125
0 0.709060 0.889062 0.000620 0.053025
0 0.700069 0.890605 0.009062 0.053025
0 0.670606 0.892088 0.009062 0.053125
0 0.608080 0.892188 0.039062 0.003125
0 0.600069 0.890750 0.039060 0.053025
0 0.070656 0.895002 0.039062 0.053125
0 0.008080 0.895312 0.039062 0.053125
0 0.000906 0.896875 0.039060 0.053025
0 0.067969 0.890000 0.039062 0.053125
0 0.000030 0.890312 0.039062 0.053125
0 0.099009 0.890312 0.039062 0.053125
0 0.060605 0.896875 0.000625 0.053025
0 0.030370 0.893750 0.040605 0.053025
0 0.000000 0.893700 0.000605 0.053025
0 0.067969 0.892088 0.002188 0.000000
0 0.000937 0.890006 0.040625 0.05062
0 0.000906 0.890620 0.005302 0.053125
0 0.070037 0.889060 0.043700 0.053125
0 0.000187 0.887000 0.040750 0.053125
0 0.010000 0.88506 0.000750 0.051562
0 0.078906 0.880802 0.002188 0.000000
0 0.000000 0.880069 0.040750 0.05060
0 0.002606 0.878025 0.002188 0.050000
