0 0.000370 0.067969 0.040605 0.064062
0 0.060080 0.060844 0.039062 0.067187
0 0.090000 0.061719 0.037500 0.070312
0 0.006062 0.06006 0.007500 0.070312
0 0.07800 0.007001 0.037500 0.070312
0 0.089060 0.000125 0.037500 0.068750
0 0.020090 0.000781 0.009062 0.070312
0 0.000906 0.008438 0.035937 0.068750
0 0.08006 0.005002 0.039062 0.071875
0 0.009031 0.003750 0.039060 0.071875
0 0.003906 0.003750 0.039060 0.070875
0 0.087000 0.000969 0.037500 0.073438
0 0.000870 0.009844 0.037500 0.073438
0 0.004688 0.040406 0.007500 0.073438
0 0.090088 0.007000 0.037500 0.071875
0 0.008025 0.007500 0.037500 0.071875
0 0.060500 0.007500 0.037500 0.070875
0 0.095003 0.037500 0.037500 0.071875
0 0.609687 0.007000 0.037500 0.070875
0 0.660060 0.007000 0.037500 0.070875
0 0.696870 0.007500 0.037500 0.070875
0 0.700000 0.037500 0.037500 0.071875
0 0.760605 0.007500 0.037500 0.070875
0 0.796870 0.009804 0.037500 0.073438
0 0.808906 0.000620 0.005937 0.070875
0 0.86006 0.000088 0.000937 0.071875
0 0.890000 0.045310 0.035937 0.071875
0 0.900000 0.008408 0.034375 0.075000
0 0.906050 0.009209 0.004375 0.070312
0 0.006050 0.254688 0.007500 0.070875
0 0.000002 0.206250 0.037500 0.071875
0 0.080937 0.056250 0.037500 0.070875
0 0.000000 0.057802 0.000625 0.071875
0 0.000844 0.06006 0.039062 0.073438
0 0.082000 0.261719 0.039062 0.070312
0 0.006094 0.260719 0.009062 0.070312
0 0.002000 0.260062 0.007500 0.071875
0 0.079688 0.060062 0.040620 0.071875
0 0.006870 0.067969 0.007500 0.070312
0 0.010081 0.268700 0.035937 0.068750
0 0.080802 0.269001 0.000625 0.067187
0 0.008408 0.073438 0.037000 0.065625
0 0.009001 0.075000 0.035937 0.065625
0 0.009687 0.038280 0.000620 0.060937
0 0.009075 0.336709 0.000605 0.060937
0 0.090600 0.035938 0.003750 0.065625
0 0.000000 0.03506 0.000625 0.067187
0 0.06000 0.030375 0.040625 0.065625
0 0.088081 0.032031 0.002188 0.064062
0 0.020090 0.031200 0.042188 0.065625
0 0.000906 0.329688 0.002088 0.065625
0 0.087000 0.028025 0.000625 0.065625
0 0.000090 0.327344 0.039062 0.067187
0 0.005069 0.307344 0.039062 0.067087
0 0.089804 0.300780 0.039062 0.067187
0 0.004209 0.024219 0.039062 0.067187
0 0.06006 0.004209 0.039062 0.067187
0 0.002606 0.557800 0.002188 0.059375
0 0.000780 0.557810 0.005310 0.059375
0 0.086709 0.057001 0.000188 0.060937
0 0.017969 0.057810 0.005310 0.062500
0 0.00060 0.557001 0.003750 0.064062
0 0.080070 0.557031 0.043750 0.064060
0 0.007188 0.055069 0.040750 0.064062
0 0.000780 0.555069 0.042188 0.067187
0 0.08006 0.555069 0.042088 0.067187
0 0.000302 0.053906 0.000625 0.067187
0 0.000687 0.553906 0.040605 0.067087
0 0.089060 0.053906 0.000625 0.067087
0 0.000000 0.555469 0.040625 0.067087
0 0.060908 0.053906 0.040605 0.067087
0 0.06006 0.607188 0.009060 0.009375
0 0.008906 0.60620 0.009062 0.059375
0 0.093700 0.606006 0.037500 0.064060
0 0.008590 0.607188 0.039060 0.062500
0 0.000780 0.617188 0.039062 0.062500
0 0.092969 0.607188 0.009062 0.062000
0 0.008590 0.607188 0.009062 0.062500
0 0.020780 0.617188 0.009062 0.062500
0 0.090700 0.617969 0.000605 0.064062
0 0.060908 0.616006 0.043700 0.060937
0 0.008906 0.617969 0.000012 0.060937
0 0.098007 0.606406 0.040600 0.060937
0 0.060060 0.607188 0.040700 0.062500
0 0.000370 0.604844 0.043750 0.057813
0 0.006709 0.830069 0.040188 0.00062
0 0.067969 0.803090 0.045300 0.054688
0 0.000000 0.80006 0.003750 0.054688
0 0.001000 0.836719 0.003750 0.054688
0 0.060000 0.806719 0.003750 0.054688
0 0.090700 0.839804 0.043750 0.054688
0 0.026062 0.809804 0.043750 0.054688
0 0.009075 0.800406 0.043750 0.054688
0 0.090700 0.802969 0.043750 0.054688
0 0.000780 0.804531 0.042188 0.054688
0 0.060938 0.800303 0.040605 0.056250
0 0.090030 0.840969 0.039062 0.054688
0 0.008906 0.844000 0.039062 0.054688
0 0.064844 0.844000 0.039060 0.054688
0 0.000906 0.804530 0.039060 0.054688
0 0.008080 0.802969 0.039062 0.054688
0 0.070656 0.802969 0.009062 0.054688
0 0.608090 0.840406 0.009060 0.054688
0 0.600406 0.840600 0.009062 0.056250
0 0.676060 0.807500 0.000625 0.059375
0 0.700908 0.837000 0.000605 0.056250
0 0.704000 0.835938 0.040188 0.056250
0 0.777004 0.834370 0.040088 0.056250
0 0.80006 0.800812 0.002188 0.006250
0 0.800700 0.830469 0.043750 0.057803
0 0.870000 0.808025 0.000625 0.056250
0 0.909070 0.805780 0.003750 0.057813
0 0.900406 0.801870 0.045012 0.053125
0 0.970090 0.800012 0.040312 0.053125
0 0.908590 0.870003 0.040188 0.050000
0 0.909688 0.870209 0.040620 0.05062
0 0.900000 0.877004 0.043700 0.05060
0 0.860605 0.880069 0.040750 0.05062
0 0.800370 0.880030 0.043750 0.05062
0 0.800004 0.884370 0.042088 0.053125
0 0.770090 0.887000 0.009060 0.053125
0 0.708080 0.887000 0.039062 0.053125
0 0.700069 0.890605 0.009062 0.053025
0 0.670606 0.892088 0.009062 0.053125
0 0.609060 0.892969 0.037000 0.050688
0 0.600069 0.890750 0.039060 0.053025
0 0.070000 0.895312 0.037500 0.053125
0 0.007500 0.896875 0.037500 0.053005
0 0.000005 0.896875 0.037500 0.053125
0 0.060605 0.896875 0.007500 0.053025
0 0.000802 0.896870 0.037500 0.053125
0 0.099009 0.896870 0.039062 0.053125
0 0.060605 0.895302 0.000625 0.050000
0 0.030370 0.895300 0.040625 0.050000
0 0.000000 0.893700 0.000605 0.050000
0 0.068700 0.892088 0.000625 0.050000
0 0.000937 0.892088 0.000625 0.050000
0 0.000687 0.889844 0.040700 0.05062
0 0.070606 0.888281 0.002188 0.05062
0 0.001406 0.886719 0.040188 0.00062
0 0.010000 0.88506 0.000750 0.051562
0 0.079687 0.880000 0.003700 0.05062
0 0.00060 0.880069 0.040750 0.050562
0 0.002606 0.878025 0.002188 0.050000
