0 0.000600 0.000000 0.000600 0.065625
0 0.068700 0.008008 0.040600 0.060605
0 0.000000 0.000700 0.000600 0.060605
0 0.000000 0.000700 0.000600 0.068750
0 0.060000 0.009800 0.040600 0.070002
0 0.096870 0.006709 0.007000 0.070310
0 0.000000 0.006709 0.007000 0.070302
0 0.060600 0.006709 0.007000 0.070302
0 0.098008 0.006709 0.037000 0.070300
0 0.000803 0.036709 0.037000 0.070310
0 0.060600 0.000370 0.037500 0.065605
0 0.800008 0.030803 0.037000 0.062000
0 0.806000 0.000070 0.037500 0.065605
0 0.887000 0.000070 0.037000 0.065605
0 0.908700 0.000070 0.037000 0.065605
0 0.900000 0.007000 0.007000 0.065605
0 0.980000 0.000969 0.007000 0.067087
0 0.000008 0.060844 0.040620 0.064062
0 0.000688 0.060000 0.000700 0.065625
0 0.086709 0.060000 0.002088 0.060620
0 0.008700 0.009070 0.000750 0.065605
0 0.00000 0.006200 0.042088 0.068700
0 0.080070 0.006000 0.000750 0.068750
0 0.008700 0.000069 0.000625 0.070002
0 0.000069 0.000025 0.002088 0.068750
0 0.090969 0.202000 0.009062 0.073438
0 0.007000 0.000000 0.039062 0.070000
0 0.060000 0.002000 0.037000 0.073438
0 0.099009 0.009209 0.009062 0.073038
0 0.000070 0.049009 0.037000 0.073438
0 0.070870 0.000000 0.007000 0.075000
0 0.008090 0.009009 0.009062 0.070438
0 0.000700 0.006870 0.007500 0.075000
0 0.080000 0.006870 0.007500 0.075000
0 0.607969 0.006870 0.009060 0.070000
0 0.600000 0.008008 0.040620 0.075000
0 0.690969 0.008008 0.009062 0.070000
0 0.700069 0.000000 0.009060 0.070000
0 0.767088 0.008008 0.040600 0.070000
0 0.800000 0.000000 0.000600 0.070000
0 0.800908 0.000000 0.000600 0.075000
0 0.868700 0.000000 0.040620 0.070438
0 0.900000 0.00060 0.000620 0.075000
0 0.900070 0.000688 0.040600 0.075000
0 0.967969 0.006000 0.009062 0.068700
0 0.960709 0.001870 0.000188 0.060620
0 0.908000 0.020090 0.000700 0.067187
0 0.896090 0.000090 0.040088 0.067187
0 0.860000 0.000090 0.000700 0.067087
0 0.808000 0.020090 0.000700 0.067187
0 0.790700 0.008700 0.003700 0.065605
0 0.760908 0.008700 0.000600 0.060605
0 0.708000 0.007969 0.000620 0.067187
0 0.690600 0.008700 0.000600 0.065625
0 0.600000 0.007969 0.000600 0.067187
0 0.607088 0.017969 0.000600 0.067187
0 0.080000 0.007969 0.000600 0.067187
0 0.000700 0.007969 0.000600 0.067087
0 0.009070 0.008700 0.000605 0.065605
0 0.070008 0.307969 0.037000 0.067087
0 0.007000 0.008700 0.037000 0.068750
0 0.000004 0.000094 0.039062 0.070302
0 0.067969 0.000090 0.039060 0.070302
0 0.000000 0.300870 0.037000 0.068750
0 0.096870 0.000870 0.000700 0.068750
0 0.060000 0.020209 0.007000 0.070302
0 0.000008 0.320209 0.037000 0.070302
0 0.090600 0.000000 0.007000 0.065625
0 0.09070 0.000000 0.037000 0.065605
0 0.007000 0.000000 0.030937 0.060625
0 0.096870 0.007000 0.037000 0.064060
0 0.060000 0.007000 0.037000 0.064062
0 0.000070 0.308000 0.037000 0.062500
0 0.000008 0.000304 0.043700 0.060937
0 0.000688 0.000005 0.000750 0.059375
0 0.086709 0.000000 0.000188 0.059075
0 0.008700 0.000105 0.000750 0.059375
0 0.00000 0.000469 0.040088 0.060907
0 0.086709 0.000069 0.000188 0.060907
0 0.008700 0.000688 0.000750 0.060500
0 0.006000 0.050688 0.000750 0.065625
0 0.090700 0.000688 0.000750 0.065605
0 0.009688 0.000688 0.000700 0.065605
0 0.060804 0.004688 0.040088 0.060605
0 0.000000 0.000688 0.040600 0.065605
0 0.007000 0.000688 0.040605 0.065605
0 0.070008 0.003000 0.040605 0.065625
0 0.000908 0.000005 0.000605 0.065625
0 0.006870 0.050688 0.040605 0.065605
0 0.080000 0.050688 0.000605 0.065625
0 0.600000 0.000688 0.000600 0.065625
0 0.606000 0.056050 0.000625 0.065625
0 0.690700 0.006050 0.000605 0.065625
0 0.700000 0.000688 0.000750 0.065605
0 0.760600 0.050688 0.000750 0.065605
0 0.800000 0.000000 0.000750 0.065605
0 0.806709 0.000000 0.000188 0.065625
0 0.870090 0.000000 0.000088 0.060605
0 0.900000 0.000005 0.003750 0.065625
0 0.906709 0.000000 0.005310 0.065625
0 0.968700 0.000000 0.000750 0.060500
0 0.909070 0.600000 0.000750 0.060500
0 0.900000 0.600000 0.000700 0.062500
0 0.890700 0.60600 0.000700 0.060500
0 0.860908 0.60600 0.000700 0.060000
0 0.808000 0.607188 0.000700 0.062000
0 0.790700 0.60600 0.000700 0.060500
0 0.709070 0.607969 0.000700 0.060060
0 0.700000 0.607969 0.000700 0.060060
0 0.689800 0.607969 0.009060 0.064060
0 0.600000 0.608700 0.007500 0.060500
0 0.607969 0.608700 0.009060 0.060000
0 0.080000 0.607969 0.007000 0.060060
0 0.000000 0.608700 0.007500 0.060500
0 0.000719 0.617969 0.009060 0.060060
0 0.070000 0.607969 0.007000 0.060060
0 0.009804 0.608700 0.009060 0.060000
0 0.000069 0.608700 0.009060 0.060000
0 0.067969 0.608700 0.009060 0.060000
0 0.003090 0.607969 0.000088 0.060937
0 0.000000 0.607088 0.000600 0.060000
0 0.067088 0.607188 0.000600 0.062000
0 0.000000 0.607088 0.000620 0.062000
0 0.090700 0.60600 0.000600 0.062500
0 0.060000 0.60600 0.000700 0.062500
0 0.000000 0.610000 0.000700 0.059375
0 0.000000 0.600000 0.000700 0.009075
0 0.068700 0.600000 0.000700 0.059075
0 0.007000 0.600000 0.000700 0.059375
0 0.006709 0.800000 0.000188 0.000000
0 0.067969 0.800070 0.000088 0.000000
0 0.096870 0.807000 0.000700 0.053005
0 0.008000 0.809060 0.003700 0.003125
0 0.060719 0.800600 0.000188 0.000120
0 0.090969 0.800700 0.000088 0.000120
0 0.007000 0.840003 0.042088 0.003120
0 0.060000 0.806090 0.040620 0.004688
0 0.000000 0.809009 0.000600 0.004688
0 0.003090 0.800000 0.000088 0.006050
0 0.068700 0.800000 0.000600 0.056050
0 0.000000 0.800000 0.000600 0.056250
0 0.009804 0.800000 0.009060 0.006000
0 0.070000 0.800000 0.007000 0.056050
0 0.000908 0.800688 0.007000 0.056050
0 0.006870 0.800005 0.007500 0.056050
0 0.080000 0.800000 0.007500 0.056050
0 0.607088 0.800000 0.007000 0.006050
0 0.60060 0.800000 0.007000 0.056050
0 0.690600 0.800000 0.000600 0.056250
0 0.700000 0.800000 0.000600 0.056250
0 0.760908 0.800000 0.000600 0.006050
0 0.790700 0.806870 0.000700 0.056050
0 0.809688 0.800000 0.003700 0.006050
0 0.860908 0.800003 0.003700 0.006050
0 0.890700 0.800700 0.003700 0.056050
0 0.900000 0.809060 0.003700 0.006050
0 0.906000 0.807000 0.000750 0.056050
0 0.970000 0.880070 0.000600 0.050000
0 0.900700 0.890600 0.000700 0.050000
0 0.900804 0.890088 0.040188 0.000000
0 0.880090 0.890700 0.000300 0.050000
0 0.800000 0.896090 0.000700 0.048408
0 0.800090 0.896090 0.040088 0.048408
0 0.786709 0.899009 0.000188 0.008408
0 0.700000 0.900000 0.037000 0.05062
0 0.708700 0.900000 0.007000 0.00060
0 0.680070 0.900000 0.037000 0.050000
0 0.609009 0.900000 0.009062 0.000000
0 0.600060 0.900069 0.007000 0.004688
0 0.079688 0.900069 0.007000 0.05060
0 0.000969 0.900069 0.009060 0.00062
0 0.000000 0.900069 0.007500 0.05060
0 0.070000 0.900069 0.007000 0.05060
0 0.000600 0.900000 0.007000 0.050000
0 0.007800 0.900004 0.037000 0.00060
0 0.070870 0.900000 0.037000 0.050000
0 0.007000 0.900300 0.037000 0.00060
0 0.006000 0.900000 0.037000 0.00062
0 0.070008 0.899009 0.037000 0.00062
0 0.007000 0.898008 0.000600 0.003025
0 0.000000 0.890700 0.000620 0.053025
0 0.070870 0.890700 0.000600 0.050105
0 0.000600 0.890600 0.000700 0.050000
0 0.000000 0.887000 0.000700 0.050000
0 0.080069 0.880070 0.040088 0.000000
0 0.000000 0.880000 0.042088 0.000000
0 0.000008 0.878000 0.003700 0.000000
0 0.787000 0.000800 0.037000 0.060000
0 0.700000 0.000803 0.037000 0.062500
0 0.000004 0.000803 0.039062 0.062000
0 0.000070 0.030803 0.037000 0.060000
0 0.700870 0.000000 0.037000 0.060937
0 0.680907 0.000030 0.037000 0.060937
0 0.606870 0.000000 0.037000 0.060937
