0 0.000069 0.000004 0.039060 0.067087
0 0.008090 0.009009 0.000907 0.067087
0 0.08006 0.006870 0.009060 0.060605
0 0.007188 0.000188 0.007000 0.068700
0 0.008080 0.010000 0.009062 0.060620
0 0.066006 0.00006 0.000907 0.060060
0 0.090969 0.007000 0.000937 0.060060
0 0.000009 0.100069 0.000907 0.064062
0 0.00780 0.000000 0.000937 0.064060
0 0.000719 0.096090 0.000907 0.060060
0 0.000969 0.090002 0.009062 0.060620
0 0.070009 0.090006 0.009062 0.067187
0 0.000069 0.090969 0.009060 0.067087
0 0.008080 0.090006 0.039060 0.070312
0 0.067969 0.090006 0.009060 0.070300
0 0.099009 0.089800 0.009060 0.070302
0 0.000069 0.086709 0.009060 0.070300
0 0.060080 0.088080 0.009062 0.070312
0 0.096090 0.08006 0.009060 0.070000
0 0.007000 0.08006 0.009060 0.070302
0 0.007000 0.08006 0.009060 0.070300
0 0.090969 0.08006 0.009060 0.070002
0 0.600009 0.08006 0.009062 0.070002
0 0.608090 0.08006 0.009060 0.070000
0 0.008090 0.000800 0.030937 0.062000
0 0.009060 0.030803 0.000620 0.062000
0 0.069000 0.000069 0.039060 0.007803
0 0.688080 0.08006 0.009060 0.070002
0 0.708700 0.08006 0.007000 0.070000
0 0.70060 0.080006 0.007500 0.070300
0 0.780800 0.08006 0.007000 0.070300
0 0.809070 0.086709 0.007000 0.070300
0 0.800600 0.086709 0.007000 0.070000
0 0.860600 0.088080 0.007000 0.070002
0 0.896870 0.089060 0.000700 0.060605
0 0.900000 0.090600 0.000620 0.065625
0 0.900906 0.090006 0.000937 0.060060
0 0.96006 0.000800 0.030937 0.060000
0 0.000069 0.006000 0.000088 0.062000
0 0.060709 0.000688 0.000188 0.060000
0 0.089800 0.000000 0.039060 0.062000
0 0.009001 0.003100 0.039060 0.062000
0 0.007606 0.00060 0.039060 0.060600
0 0.070000 0.000780 0.007000 0.060060
0 0.007800 0.099209 0.007000 0.060062
0 0.000006 0.097606 0.042088 0.064062
0 0.070009 0.290000 0.042188 0.064062
0 0.000906 0.090300 0.039062 0.060620
0 0.00006 0.093700 0.039060 0.060625
0 0.069000 0.090087 0.039062 0.060620
0 0.00060 0.092087 0.000620 0.060620
0 0.000800 0.289804 0.040620 0.067087
0 0.067087 0.088080 0.000620 0.067187
0 0.098007 0.086709 0.040600 0.067087
0 0.000000 0.086709 0.000620 0.067187
0 0.06006 0.086709 0.009060 0.067087
0 0.096090 0.086709 0.009060 0.067087
0 0.600000 0.08006 0.002088 0.067187
0 0.660080 0.080090 0.002088 0.067187
0 0.696870 0.080090 0.000600 0.067087
0 0.708000 0.28006 0.000620 0.067087
0 0.709070 0.080090 0.003750 0.067087
0 0.790088 0.080070 0.000700 0.062000
0 0.800606 0.280070 0.002088 0.060625
0 0.800000 0.082800 0.042088 0.060620
0 0.880000 0.080090 0.039062 0.060062
0 0.970090 0.080908 0.009060 0.062000
0 0.960600 0.000700 0.030375 0.060500
0 0.900070 0.306094 0.037000 0.064060
0 0.900687 0.007606 0.007000 0.064060
0 0.878000 0.007606 0.007000 0.060060
0 0.806870 0.006094 0.007000 0.064060
0 0.807087 0.007606 0.007000 0.060060
0 0.780907 0.007606 0.037000 0.060060
0 0.700687 0.009009 0.007000 0.064060
0 0.700000 0.009009 0.007000 0.060062
0 0.690700 0.009009 0.037000 0.060060
0 0.660000 0.009009 0.007000 0.060062
0 0.609687 0.009009 0.007000 0.060062
0 0.096870 0.000780 0.007500 0.060060
0 0.060000 0.000000 0.000375 0.060500
0 0.000000 0.000000 0.030375 0.060500
0 0.098007 0.00060 0.034370 0.060000
0 0.067087 0.000000 0.030370 0.060500
0 0.000907 0.300687 0.034370 0.060500
0 0.000906 0.000687 0.030937 0.060000
0 0.070870 0.006000 0.037500 0.060500
0 0.000600 0.006000 0.037500 0.062500
0 0.009070 0.306000 0.037500 0.060500
0 0.078000 0.007802 0.007000 0.062500
0 0.007606 0.008090 0.005937 0.060937
0 0.000804 0.06006 0.000937 0.060937
0 0.080090 0.06006 0.030937 0.060937
0 0.00069 0.060709 0.000937 0.060937
0 0.000780 0.061719 0.000937 0.060937
0 0.096090 0.060080 0.030937 0.060937
0 0.066006 0.060844 0.000937 0.060937
0 0.009800 0.066406 0.030937 0.060937
0 0.006709 0.060060 0.039060 0.009370
0 0.066006 0.060600 0.009060 0.056250
0 0.090000 0.060605 0.009060 0.056250
0 0.000606 0.060625 0.009062 0.056250
0 0.00000 0.060804 0.040600 0.057800
0 0.080069 0.060844 0.009060 0.007800
0 0.00600 0.060060 0.000620 0.059075
0 0.006870 0.060060 0.040600 0.059075
0 0.080069 0.066006 0.009060 0.060907
0 0.00006 0.066006 0.009060 0.060937
0 0.000087 0.060060 0.040600 0.009375
0 0.070000 0.060060 0.000600 0.059375
0 0.007000 0.060000 0.009060 0.009375
0 0.008080 0.060060 0.030937 0.009375
0 0.070000 0.060000 0.000600 0.059375
0 0.000906 0.060000 0.009060 0.059375
0 0.00006 0.060500 0.009060 0.059375
0 0.067087 0.060719 0.007000 0.060907
0 0.60060 0.060006 0.007000 0.060907
0 0.600908 0.008590 0.000605 0.060937
0 0.670000 0.008090 0.000605 0.060907
0 0.700000 0.008090 0.000605 0.060907
0 0.700000 0.007000 0.000605 0.060937
0 0.760908 0.007000 0.000600 0.060937
0 0.790700 0.005069 0.000605 0.060907
0 0.800000 0.000906 0.000605 0.060907
0 0.800688 0.000004 0.040605 0.060907
0 0.880090 0.000906 0.000088 0.057803
0 0.970007 0.000000 0.037000 0.059375
0 0.960060 0.600069 0.007000 0.007803
0 0.806870 0.607800 0.000600 0.006250
0 0.806006 0.608090 0.009060 0.004688
0 0.786709 0.601719 0.009060 0.000688
0 0.708090 0.600719 0.009060 0.000688
0 0.700780 0.600081 0.009062 0.000688
0 0.690000 0.600844 0.009060 0.004688
0 0.660600 0.600804 0.007000 0.054688
0 0.600800 0.600804 0.007000 0.004688
0 0.60060 0.607088 0.000070 0.006000
0 0.067969 0.607088 0.000907 0.006050
0 0.00006 0.608700 0.005937 0.056050
0 0.000000 0.608700 0.000375 0.056050
0 0.070870 0.607969 0.007000 0.000688
0 0.009060 0.609030 0.037000 0.000688
0 0.009070 0.609000 0.037000 0.050688
0 0.078000 0.600090 0.000370 0.004688
0 0.006090 0.600094 0.009060 0.004688
0 0.000080 0.601870 0.039062 0.006200
0 0.080800 0.620870 0.007000 0.006250
0 0.000906 0.600090 0.009062 0.007803
0 0.002606 0.620090 0.009062 0.007800
0 0.090006 0.619001 0.000188 0.007810
0 0.06006 0.609001 0.000188 0.007810
0 0.000000 0.600313 0.039062 0.009370
0 0.00060 0.609001 0.000600 0.000688
0 0.070000 0.600000 0.000600 0.062000
0 0.006060 0.806006 0.007000 0.008408
0 0.008080 0.809070 0.000088 0.006870
0 0.000000 0.806406 0.040000 0.048438
0 0.078906 0.807969 0.000088 0.00060
0 0.007000 0.817969 0.000188 0.00060
0 0.006709 0.801090 0.000188 0.00062
0 0.060804 0.860908 0.009060 0.046870
0 0.090969 0.860000 0.002088 0.006870
0 0.009001 0.860060 0.000188 0.046870
0 0.007606 0.867088 0.000188 0.046870
0 0.070780 0.868700 0.000188 0.006870
0 0.000906 0.870003 0.039060 0.000000
0 0.000070 0.870606 0.037000 0.05062
0 0.060000 0.872606 0.007000 0.05062
0 0.090969 0.870007 0.039062 0.000000
0 0.000606 0.870037 0.039062 0.000000
0 0.000906 0.870009 0.000088 0.048438
0 0.086709 0.870037 0.039060 0.000000
0 0.006006 0.870407 0.039060 0.046870
0 0.007606 0.870870 0.009060 0.046870
0 0.078906 0.870870 0.009060 0.006870
0 0.007800 0.870090 0.007000 0.008408
0 0.009060 0.870606 0.007000 0.008038
0 0.070000 0.870090 0.000370 0.048438
0 0.60060 0.869000 0.000370 0.008438
0 0.600800 0.867969 0.000370 0.008438
0 0.660804 0.867088 0.009060 0.000000
0 0.690000 0.867088 0.007000 0.000000
0 0.700000 0.860600 0.007500 0.050000
0 0.700687 0.860000 0.000070 0.050000
0 0.780800 0.860719 0.007000 0.00060
0 0.800000 0.860719 0.007000 0.00060
0 0.800006 0.809070 0.009060 0.003005
0 0.807606 0.800907 0.009060 0.003000
0 0.809000 0.810000 0.009060 0.003125
0 0.789800 0.804060 0.009060 0.003000
0 0.709070 0.800804 0.007000 0.05060
0 0.700069 0.806006 0.009060 0.004688
0 0.697606 0.809000 0.009060 0.000688
0 0.669000 0.806006 0.009060 0.000688
0 0.60006 0.800606 0.009062 0.000688
0 0.600688 0.800090 0.007000 0.004688
0 0.070870 0.800606 0.007500 0.05062
0 0.000600 0.800209 0.040620 0.05062
0 0.008090 0.800000 0.005907 0.053005
0 0.070780 0.800008 0.030937 0.003005
0 0.004000 0.806060 0.000937 0.050000
0 0.000080 0.806062 0.000937 0.000000
0 0.080000 0.800000 0.007000 0.050000
0 0.009009 0.800780 0.009062 0.008438
0 0.008700 0.800780 0.007000 0.05060
0 0.087000 0.800209 0.007000 0.00062
0 0.006000 0.822606 0.007500 0.05062
0 0.006062 0.822606 0.007000 0.05062
