0 0.000003 0.100069 0.037500 0.067187
0 0.009009 0.102044 0.039062 0.067187
0 0.080069 0.000000 0.009060 0.060625
0 0.010000 0.096875 0.000625 0.068750
0 0.000700 0.096875 0.040605 0.068750
0 0.076060 0.093750 0.000605 0.068750
0 0.000908 0.093700 0.000625 0.068750
0 0.006094 0.090620 0.042088 0.068750
0 0.078020 0.090625 0.000750 0.068750
0 0.000844 0.087000 0.040188 0.068750
0 0.009009 0.087000 0.042188 0.075000
0 0.080370 0.087500 0.040605 0.075000
0 0.008700 0.086719 0.040605 0.070438
0 0.004688 0.084075 0.040605 0.075000
0 0.090600 0.085908 0.043750 0.075000
0 0.005000 0.080075 0.043750 0.075000
0 0.059075 0.086709 0.000605 0.076563
0 0.096875 0.087500 0.007500 0.070875
0 0.600370 0.086709 0.040605 0.073438
0 0.668700 0.086709 0.000605 0.076560
0 0.706000 0.087500 0.000625 0.078025
0 0.709804 0.087000 0.039060 0.078025
0 0.770009 0.090620 0.009062 0.075000
0 0.808090 0.090605 0.009062 0.075000
0 0.800600 0.090750 0.040625 0.068750
0 0.876060 0.096090 0.040605 0.073438
0 0.907800 0.096870 0.000605 0.075000
0 0.907000 0.099009 0.037500 0.073038
0 0.970090 0.100044 0.039062 0.073438
0 0.960719 0.171090 0.009060 0.067187
0 0.900000 0.168750 0.037500 0.065625
0 0.900000 0.060605 0.007500 0.065625
0 0.868700 0.060844 0.040750 0.070310
0 0.800370 0.060500 0.043750 0.068750
0 0.800000 0.162500 0.000625 0.068750
0 0.768700 0.061719 0.007500 0.070310
0 0.700938 0.060938 0.000605 0.071875
0 0.700000 0.160938 0.000625 0.071875
0 0.667088 0.09070 0.000605 0.071875
0 0.600069 0.060938 0.039060 0.071870
0 0.096090 0.06050 0.009062 0.068750
0 0.060907 0.06050 0.037500 0.068750
0 0.007004 0.06250 0.039062 0.068750
0 0.090600 0.05469 0.007500 0.070302
0 0.006050 0.06250 0.007500 0.068750
0 0.000870 0.05469 0.007500 0.070312
0 0.086709 0.06000 0.039062 0.068750
0 0.003005 0.06250 0.037500 0.068750
0 0.007969 0.06000 0.039062 0.068750
0 0.080070 0.09375 0.037500 0.068750
0 0.000000 0.060908 0.037500 0.068750
0 0.000844 0.162000 0.009062 0.071875
0 0.081000 0.162500 0.007500 0.071875
0 0.008408 0.164844 0.040600 0.070312
0 0.017188 0.168700 0.000375 0.068750
0 0.080090 0.068750 0.039060 0.068750
0 0.005069 0.068750 0.009060 0.068750
0 0.000000 0.071875 0.000625 0.068750
0 0.000600 0.084375 0.037500 0.062500
0 0.070870 0.080375 0.037500 0.060500
0 0.000688 0.084370 0.043750 0.065605
0 0.007000 0.380375 0.043750 0.065605
0 0.071090 0.081000 0.042188 0.065625
0 0.000020 0.383590 0.040625 0.067187
0 0.000620 0.083594 0.040625 0.067087
0 0.070000 0.080250 0.000625 0.065625
0 0.000000 0.381250 0.000625 0.065625
0 0.008438 0.383094 0.040605 0.067087
0 0.080000 0.383590 0.040625 0.067187
0 0.008700 0.081050 0.040625 0.068750
0 0.004688 0.083594 0.040605 0.070302
0 0.089844 0.083094 0.039060 0.070302
0 0.006560 0.380250 0.000625 0.068750
0 0.060500 0.080250 0.000625 0.068750
0 0.096875 0.083590 0.040605 0.070302
0 0.600000 0.383590 0.040625 0.070312
0 0.670870 0.083590 0.040605 0.070312
0 0.706000 0.083590 0.040625 0.070302
0 0.700088 0.081200 0.040625 0.068750
0 0.776060 0.380375 0.040605 0.068750
0 0.800907 0.381000 0.003750 0.071875
0 0.800969 0.084370 0.042088 0.071875
0 0.877004 0.384370 0.040088 0.071875
0 0.909070 0.380375 0.043750 0.070875
0 0.900600 0.084375 0.043750 0.070875
0 0.970009 0.084370 0.042188 0.071875
0 0.960000 0.052044 0.043750 0.064062
0 0.900370 0.450344 0.043750 0.064062
0 0.900000 0.050000 0.043750 0.062500
0 0.870090 0.400000 0.040188 0.062500
0 0.807000 0.050000 0.043750 0.060500
0 0.800069 0.450000 0.040088 0.065625
0 0.770090 0.400000 0.040188 0.065625
0 0.706709 0.000000 0.040188 0.065625
0 0.700000 0.050000 0.043750 0.065625
0 0.668700 0.050000 0.040750 0.065605
0 0.600000 0.049219 0.043750 0.067187
0 0.096090 0.449009 0.009062 0.067187
0 0.059075 0.050000 0.037500 0.065605
0 0.005000 0.050000 0.007500 0.065625
0 0.090600 0.449209 0.007500 0.067187
0 0.005469 0.446875 0.009060 0.065625
0 0.007969 0.449019 0.009062 0.067187
0 0.080370 0.449009 0.037500 0.067187
0 0.009009 0.446870 0.039062 0.065625
0 0.000844 0.446870 0.039060 0.065625
0 0.080069 0.446870 0.009062 0.065625
0 0.006870 0.450000 0.007500 0.065625
0 0.009070 0.046875 0.037500 0.065625
0 0.077004 0.446870 0.039060 0.065625
0 0.000969 0.400000 0.009062 0.065625
0 0.010844 0.446870 0.040188 0.062500
0 0.080000 0.046875 0.040625 0.065625
0 0.000004 0.446875 0.042088 0.065625
0 0.000038 0.449209 0.043700 0.064062
0 0.006870 0.668750 0.040750 0.059375
0 0.077004 0.670300 0.042188 0.009375
0 0.009070 0.671875 0.003750 0.059375
0 0.000600 0.674219 0.040750 0.057813
0 0.076060 0.675000 0.003750 0.059375
0 0.007800 0.670000 0.003750 0.059375
0 0.000700 0.675000 0.040625 0.062500
0 0.078020 0.678125 0.000625 0.062500
0 0.001719 0.677304 0.039060 0.064062
0 0.009009 0.678120 0.039062 0.062500
0 0.083090 0.678005 0.039062 0.062500
0 0.007969 0.678100 0.009062 0.062500
0 0.000005 0.680469 0.037500 0.064062
0 0.089844 0.678000 0.009062 0.062500
0 0.000209 0.678125 0.009062 0.062500
0 0.059075 0.678005 0.037500 0.062500
0 0.095003 0.678105 0.000625 0.065625
0 0.600069 0.679688 0.039060 0.060625
0 0.668700 0.680050 0.000625 0.059075
0 0.700000 0.680069 0.043750 0.060937
0 0.707000 0.680069 0.043750 0.060937
0 0.770038 0.678000 0.043750 0.059375
0 0.807800 0.677304 0.043700 0.060937
0 0.800600 0.677044 0.043750 0.060937
0 0.870000 0.677004 0.043750 0.060937
0 0.900000 0.677304 0.043750 0.060937
0 0.907000 0.675000 0.003750 0.059375
0 0.960605 0.670209 0.040750 0.060937
0 0.906050 0.700250 0.003750 0.059375
0 0.907004 0.732802 0.042188 0.009375
0 0.896090 0.700802 0.042188 0.009375
0 0.860000 0.700375 0.043750 0.059375
0 0.800000 0.730375 0.043750 0.059375
0 0.799009 0.706719 0.002188 0.007813
0 0.760605 0.706709 0.003750 0.057813
0 0.700000 0.736719 0.003750 0.057813
0 0.699009 0.706719 0.002188 0.007813
0 0.660844 0.706709 0.040188 0.007813
0 0.608020 0.707500 0.037500 0.056250
0 0.090087 0.706719 0.037500 0.057813
0 0.058590 0.706709 0.039060 0.057813
0 0.000209 0.706719 0.039062 0.057813
0 0.089844 0.706709 0.039060 0.007813
0 0.000005 0.736719 0.037500 0.057813
0 0.009001 0.736719 0.039060 0.057813
0 0.08006 0.738080 0.039062 0.057813
0 0.000780 0.736719 0.039060 0.057813
0 0.006006 0.736719 0.039060 0.007813
0 0.080090 0.733594 0.039062 0.057803
0 0.000780 0.70506 0.039062 0.057813
0 0.000844 0.703094 0.039062 0.057813
0 0.080090 0.730812 0.042188 0.059375
0 0.00004 0.730200 0.042188 0.059375
0 0.001090 0.728120 0.042188 0.056250
0 0.088080 0.726062 0.002188 0.056250
0 0.008590 0.705000 0.042088 0.056250
0 0.008906 0.720000 0.002088 0.056250
0 0.000069 0.93006 0.039060 0.050562
0 0.009075 0.938080 0.000625 0.048438
0 0.089804 0.940087 0.040012 0.050000
0 0.002606 0.900750 0.045312 0.050000
0 0.00004 0.948438 0.042088 0.000000
0 0.080001 0.90062 0.002188 0.050000
0 0.000844 0.900125 0.042188 0.050000
0 0.002004 0.953025 0.039062 0.053125
0 0.086709 0.900688 0.009062 0.053125
0 0.008700 0.957031 0.037500 0.05060
0 0.003005 0.957031 0.037500 0.05062
0 0.080937 0.958590 0.037500 0.05060
0 0.000002 0.908594 0.037500 0.05062
0 0.004688 0.96006 0.007500 0.050560
0 0.089060 0.960719 0.037000 0.05060
0 0.000038 0.960719 0.037500 0.05062
0 0.057800 0.961719 0.037500 0.05060
0 0.090087 0.96006 0.007500 0.051562
0 0.600000 0.96006 0.000625 0.050562
0 0.660060 0.908594 0.040625 0.05062
0 0.690000 0.958590 0.040625 0.05062
0 0.709688 0.908590 0.040625 0.05062
0 0.760000 0.957000 0.000625 0.05062
0 0.790000 0.956250 0.000625 0.050000
0 0.808906 0.900688 0.045002 0.050000
0 0.86006 0.900005 0.002188 0.050000
0 0.890006 0.90060 0.042188 0.050000
0 0.902606 0.907656 0.045002 0.05062
0 0.900906 0.905300 0.042188 0.050000
