0 0.007000 0.000000 0.007000 0.070870
0 0.060600 0.096870 0.007500 0.070875
0 0.000000 0.090700 0.007000 0.070870
0 0.000090 0.090088 0.030937 0.071870
0 0.060804 0.090600 0.000907 0.070870
0 0.000000 0.090600 0.000620 0.070000
0 0.000800 0.087000 0.000620 0.070000
0 0.060600 0.086709 0.000620 0.070008
0 0.00060 0.086709 0.000600 0.073038
0 0.000938 0.080370 0.000600 0.075000
0 0.068700 0.080090 0.000600 0.073438
0 0.000000 0.080090 0.040600 0.073438
0 0.000600 0.080000 0.040620 0.075000
0 0.070000 0.080000 0.000600 0.075000
0 0.00600 0.080090 0.000605 0.070438
0 0.008008 0.080094 0.040600 0.073438
0 0.080908 0.080090 0.000605 0.073438
0 0.600000 0.083090 0.000600 0.073438
0 0.606000 0.080090 0.000605 0.070438
0 0.690600 0.080090 0.000600 0.070438
0 0.700000 0.080090 0.000600 0.070438
0 0.760908 0.086709 0.000600 0.070038
0 0.790700 0.087000 0.000600 0.075000
0 0.808000 0.089060 0.000620 0.070000
0 0.860908 0.090700 0.000600 0.070000
0 0.890088 0.090969 0.000620 0.070008
0 0.908000 0.096090 0.000620 0.070408
0 0.909070 0.099009 0.000600 0.070038
0 0.980069 0.060600 0.009060 0.068700
0 0.900000 0.060605 0.000625 0.075000
0 0.900870 0.060600 0.000625 0.075000
0 0.887000 0.060600 0.000605 0.075000
0 0.800688 0.060600 0.000605 0.075000
0 0.800008 0.08090 0.040600 0.073438
0 0.787000 0.06000 0.000600 0.075000
0 0.700069 0.06000 0.009060 0.075000
0 0.700870 0.00069 0.000600 0.070408
0 0.687000 0.00069 0.000600 0.070408
0 0.600000 0.00469 0.009060 0.073438
0 0.608700 0.00000 0.040600 0.070438
0 0.080090 0.00004 0.039060 0.073438
0 0.000000 0.06000 0.000605 0.075000
0 0.00600 0.000005 0.000625 0.075000
0 0.070000 0.06000 0.000600 0.075000
0 0.009060 0.03000 0.000600 0.070000
0 0.006000 0.00000 0.000620 0.075000
0 0.070870 0.06000 0.000600 0.075000
0 0.000600 0.00069 0.040600 0.070438
0 0.000688 0.08090 0.040600 0.070438
0 0.070000 0.08090 0.000600 0.073438
0 0.009060 0.09370 0.000600 0.070000
0 0.000000 0.09070 0.000620 0.075000
0 0.070090 0.160000 0.000188 0.070000
0 0.007000 0.060804 0.040700 0.073438
0 0.006000 0.060000 0.007000 0.068750
0 0.070870 0.060600 0.007500 0.068750
0 0.000969 0.060600 0.009062 0.068700
0 0.008000 0.080200 0.000620 0.065625
0 0.009070 0.080000 0.003750 0.068750
0 0.090700 0.080069 0.003700 0.070300
0 0.000000 0.080069 0.000700 0.070300
0 0.060908 0.078000 0.003700 0.068700
0 0.090088 0.080069 0.000700 0.070310
0 0.000000 0.080069 0.000700 0.070302
0 0.060000 0.080069 0.000700 0.070302
0 0.096870 0.078000 0.000700 0.068750
0 0.000803 0.378000 0.003700 0.068700
0 0.067088 0.080069 0.003700 0.070300
0 0.000000 0.078000 0.003700 0.068750
0 0.009060 0.378000 0.003700 0.068700
0 0.070008 0.378000 0.043700 0.068700
0 0.000719 0.077000 0.040188 0.070310
0 0.009009 0.077004 0.040088 0.073438
0 0.080070 0.077304 0.043700 0.073438
0 0.600090 0.077004 0.040088 0.073438
0 0.606000 0.077000 0.043700 0.073438
0 0.689800 0.077044 0.040088 0.073438
0 0.707000 0.078000 0.042088 0.070000
0 0.760709 0.078100 0.000188 0.070000
0 0.790000 0.080069 0.003700 0.073438
0 0.800069 0.080000 0.000088 0.070000
0 0.860804 0.080094 0.040088 0.073438
0 0.896090 0.080090 0.040088 0.073438
0 0.900090 0.380000 0.000088 0.070000
0 0.960804 0.080000 0.040088 0.070000
0 0.906000 0.006870 0.040750 0.065605
0 0.900000 0.009009 0.040700 0.067087
0 0.889800 0.400000 0.040088 0.068700
0 0.806000 0.000000 0.000750 0.068750
0 0.800009 0.046870 0.042088 0.068700
0 0.789800 0.446870 0.040088 0.068700
0 0.700069 0.046870 0.040088 0.068750
0 0.700090 0.040700 0.040088 0.068700
0 0.687000 0.006870 0.040700 0.068750
0 0.600000 0.000700 0.043750 0.068750
0 0.608700 0.006094 0.040600 0.067087
0 0.080090 0.046094 0.009060 0.067087
0 0.000000 0.006094 0.040600 0.067087
0 0.000000 0.006094 0.040600 0.067087
0 0.070000 0.046094 0.040600 0.067087
0 0.000600 0.446094 0.040600 0.067087
0 0.000000 0.046870 0.040600 0.065625
0 0.068700 0.006094 0.040600 0.067087
0 0.000938 0.006094 0.040600 0.067087
0 0.000000 0.446094 0.040088 0.067087
0 0.067088 0.006870 0.040600 0.060625
0 0.000800 0.006094 0.040620 0.067087
0 0.096870 0.000700 0.040600 0.065605
0 0.068700 0.006094 0.040600 0.067087
0 0.000070 0.046870 0.040600 0.065605
0 0.000000 0.006094 0.040600 0.067187
0 0.070090 0.046094 0.009060 0.067087
0 0.007000 0.006870 0.040600 0.065605
0 0.000070 0.660600 0.003750 0.065605
0 0.060600 0.660605 0.006875 0.065625
0 0.000000 0.667088 0.000700 0.060600
0 0.000000 0.667188 0.000700 0.060605
0 0.060000 0.667088 0.000700 0.060605
0 0.096870 0.667969 0.000700 0.067087
0 0.008020 0.668700 0.000700 0.065625
0 0.060000 0.670870 0.000700 0.065625
0 0.099009 0.670209 0.002188 0.067187
0 0.003090 0.670009 0.040088 0.064062
0 0.067969 0.670870 0.000088 0.060000
0 0.000004 0.674009 0.009062 0.064062
0 0.007000 0.670009 0.007000 0.064060
0 0.070009 0.677044 0.009060 0.064062
0 0.000000 0.677000 0.007000 0.064060
0 0.009009 0.670009 0.042188 0.064062
0 0.080070 0.677004 0.043700 0.064060
0 0.608700 0.670009 0.000700 0.064060
0 0.600000 0.670009 0.000700 0.064062
0 0.689060 0.670780 0.000700 0.060060
0 0.700000 0.670009 0.000700 0.064062
0 0.707800 0.670009 0.000700 0.064062
0 0.790088 0.670009 0.000700 0.064062
0 0.800000 0.670009 0.000700 0.064062
0 0.809070 0.670606 0.000750 0.060060
0 0.890088 0.670606 0.006870 0.060062
0 0.906060 0.672606 0.006870 0.060062
0 0.909070 0.670090 0.006870 0.064060
0 0.978906 0.708906 0.000088 0.060907
0 0.908008 0.708000 0.040620 0.006250
0 0.907969 0.700069 0.000088 0.007810
0 0.880000 0.700069 0.000088 0.007813
0 0.809009 0.700069 0.040088 0.007810
0 0.807969 0.700000 0.000188 0.007813
0 0.78006 0.700090 0.000088 0.007803
0 0.700000 0.703094 0.040088 0.007803
0 0.707969 0.700090 0.000088 0.007813
0 0.68006 0.700000 0.000088 0.007813
0 0.600780 0.700090 0.039060 0.007803
0 0.606006 0.70006 0.009060 0.007803
0 0.080090 0.703090 0.039060 0.057803
0 0.009009 0.70006 0.009060 0.007803
0 0.000080 0.70006 0.039060 0.007813
0 0.070009 0.70006 0.009060 0.007803
0 0.009804 0.706709 0.039060 0.007803
0 0.000069 0.700094 0.039060 0.007803
0 0.070090 0.703090 0.039060 0.007803
0 0.008080 0.730030 0.039062 0.007813
0 0.000906 0.733090 0.039060 0.007803
0 0.070090 0.700000 0.039062 0.007813
0 0.008080 0.700069 0.039062 0.007803
0 0.000069 0.708906 0.009062 0.007800
0 0.070606 0.707000 0.009062 0.007803
0 0.000006 0.700781 0.009060 0.007810
0 0.008090 0.700000 0.000088 0.006250
0 0.077000 0.700437 0.040300 0.006200
0 0.007606 0.700007 0.040088 0.009370
0 0.000090 0.900000 0.009062 0.003120
0 0.008008 0.900000 0.040600 0.003025
0 0.078000 0.90006 0.000700 0.050688
0 0.000907 0.909800 0.043700 0.004688
0 0.000087 0.900969 0.040700 0.004688
0 0.070000 0.900000 0.040700 0.054688
0 0.006000 0.900000 0.040700 0.054688
0 0.009060 0.907606 0.003700 0.004688
0 0.070870 0.909009 0.000700 0.004688
0 0.000069 0.900004 0.040088 0.004688
0 0.008080 0.900300 0.042088 0.004688
0 0.070090 0.900688 0.009060 0.003000
0 0.007000 0.906000 0.009060 0.003025
0 0.009804 0.907800 0.009060 0.003020
0 0.070009 0.906000 0.009062 0.000025
0 0.000719 0.906000 0.009060 0.050125
0 0.006090 0.907800 0.009060 0.000025
0 0.080069 0.906000 0.009060 0.050025
0 0.600804 0.907800 0.009060 0.000120
0 0.609009 0.909070 0.000088 0.000125
0 0.680000 0.906000 0.002088 0.000125
0 0.700804 0.907800 0.040188 0.000120
0 0.709009 0.906000 0.002088 0.000125
0 0.780800 0.900069 0.000700 0.05060
0 0.80600 0.900906 0.000700 0.050560
0 0.808007 0.900044 0.043700 0.00060
0 0.879687 0.909009 0.000700 0.00060
0 0.900080 0.906870 0.000010 0.003125
0 0.900000 0.940700 0.040300 0.053105
0 0.000070 0.976060 0.003700 0.046875
0 0.060907 0.976060 0.000700 0.006870
