0 0.009000 0.067187 0.000937 0.071870
0 0.007606 0.060000 0.000907 0.070875
0 0.077000 0.06006 0.040000 0.073438
0 0.009070 0.007800 0.000600 0.075000
0 0.009060 0.006000 0.000600 0.075000
0 0.068700 0.000000 0.000605 0.075000
0 0.00060 0.000000 0.000600 0.070000
0 0.000907 0.006870 0.000600 0.075000
0 0.070000 0.000300 0.000620 0.070000
0 0.000000 0.000000 0.000600 0.070000
0 0.00006 0.000969 0.000088 0.073438
0 0.070037 0.039804 0.040600 0.076063
0 0.008090 0.007000 0.009060 0.070870
0 0.000969 0.008080 0.009062 0.073438
0 0.078906 0.008080 0.009060 0.073038
0 0.000719 0.008081 0.009060 0.073038
0 0.006090 0.008080 0.009060 0.073438
0 0.080000 0.008080 0.039062 0.073038
0 0.606006 0.008080 0.009060 0.073038
0 0.600000 0.006709 0.007000 0.070300
0 0.680907 0.007000 0.000600 0.070875
0 0.708700 0.007000 0.000600 0.070875
0 0.700000 0.007000 0.000605 0.070875
0 0.790600 0.009800 0.040600 0.070438
0 0.800870 0.009800 0.040600 0.070438
0 0.800069 0.000600 0.009060 0.070875
0 0.888080 0.000969 0.000907 0.070302
0 0.907969 0.000969 0.000907 0.070300
0 0.909009 0.006094 0.000907 0.070300
0 0.978906 0.007606 0.000907 0.070300
0 0.760804 0.000469 0.009060 0.070438
0 0.708906 0.007000 0.009062 0.073038
0 0.690000 0.000069 0.009060 0.073438
0 0.608090 0.005069 0.009060 0.070438
0 0.600090 0.000069 0.009062 0.070438
0 0.086709 0.000069 0.009060 0.070038
0 0.000000 0.005469 0.009062 0.073438
0 0.000804 0.007000 0.009060 0.073438
0 0.078906 0.007000 0.009060 0.073038
0 0.000406 0.06006 0.009060 0.070438
0 0.000069 0.007000 0.009060 0.073438
0 0.067969 0.008090 0.009060 0.073038
0 0.000069 0.060709 0.039060 0.073038
0 0.096090 0.060280 0.009062 0.073038
0 0.060907 0.060804 0.040620 0.070002
0 0.006062 0.260804 0.040620 0.070408
0 0.090969 0.067088 0.002188 0.068700
0 0.060908 0.068700 0.000600 0.070870
0 0.007000 0.070870 0.009062 0.068700
0 0.090700 0.070870 0.000600 0.068750
0 0.060709 0.070000 0.000188 0.060620
0 0.000090 0.076060 0.002088 0.060625
0 0.000088 0.009060 0.000620 0.060620
0 0.070606 0.008080 0.002088 0.060062
0 0.000906 0.036709 0.000310 0.060060
0 0.006709 0.030938 0.000310 0.060605
0 0.068700 0.00006 0.003700 0.067087
0 0.00060 0.033090 0.000600 0.064062
0 0.00006 0.030803 0.002088 0.060620
0 0.067088 0.000030 0.003700 0.067187
0 0.000000 0.330803 0.000620 0.068700
0 0.008080 0.330000 0.039062 0.068700
0 0.070009 0.009688 0.002088 0.071870
0 0.00006 0.008000 0.009062 0.068700
0 0.004000 0.008000 0.039062 0.068700
0 0.078906 0.006060 0.009062 0.068700
0 0.000804 0.006060 0.009062 0.068700
0 0.000000 0.000000 0.039062 0.068750
0 0.086709 0.000000 0.009060 0.068700
0 0.600090 0.000000 0.009062 0.068700
0 0.607000 0.000000 0.039060 0.068700
0 0.690006 0.000000 0.009060 0.068700
0 0.700780 0.000000 0.009062 0.068700
0 0.76006 0.000009 0.009062 0.067087
0 0.769000 0.007000 0.000188 0.070310
0 0.700800 0.007800 0.000620 0.068750
0 0.698008 0.007800 0.000600 0.068750
0 0.660000 0.007800 0.000605 0.068750
0 0.606060 0.007800 0.000605 0.068750
0 0.090600 0.056050 0.000625 0.068750
0 0.000688 0.059075 0.000605 0.068750
0 0.008700 0.060907 0.000605 0.068750
0 0.080800 0.009070 0.000625 0.068750
0 0.000000 0.06006 0.040600 0.067087
0 0.000908 0.060719 0.000600 0.067187
0 0.070037 0.060709 0.000600 0.067187
0 0.000938 0.060709 0.000600 0.067187
0 0.000000 0.060709 0.000600 0.067187
0 0.060600 0.06006 0.000625 0.067087
0 0.000069 0.060907 0.039060 0.060620
0 0.097606 0.060907 0.000088 0.060605
0 0.060080 0.060907 0.000188 0.060620
0 0.000000 0.060000 0.000750 0.065625
0 0.098007 0.060709 0.006870 0.064060
0 0.066006 0.060000 0.000000 0.062500
0 0.00006 0.060006 0.005000 0.060937
0 0.000090 0.609001 0.009060 0.007813
0 0.009009 0.600090 0.040012 0.060907
0 0.078906 0.600870 0.000000 0.062000
0 0.00006 0.601870 0.000188 0.062000
0 0.000600 0.600870 0.006870 0.059075
0 0.070007 0.600606 0.003700 0.060937
0 0.006000 0.622606 0.000700 0.060907
0 0.009060 0.602606 0.003700 0.060937
0 0.070870 0.600209 0.000620 0.060907
0 0.006000 0.600209 0.000620 0.060907
0 0.000600 0.600037 0.037000 0.009375
0 0.078906 0.600037 0.039060 0.009370
0 0.000000 0.600209 0.040620 0.060907
0 0.008407 0.604009 0.040620 0.060907
0 0.080800 0.622606 0.000620 0.060907
0 0.008700 0.600606 0.000625 0.060907
0 0.000688 0.600606 0.000625 0.060907
0 0.090600 0.600090 0.000620 0.060907
0 0.600007 0.600090 0.040620 0.060937
0 0.607800 0.600090 0.000600 0.060907
0 0.690969 0.600000 0.039062 0.062000
0 0.708000 0.620090 0.000620 0.064062
0 0.760080 0.609001 0.039060 0.060937
0 0.000870 0.807000 0.000600 0.050025
0 0.009009 0.809804 0.048408 0.004688
0 0.079687 0.800969 0.006870 0.004688
0 0.000907 0.800013 0.006870 0.003105
0 0.000087 0.806870 0.046870 0.000105
0 0.070009 0.809019 0.040012 0.007810
0 0.006000 0.800780 0.006870 0.050688
0 0.009800 0.800780 0.040000 0.007813
0 0.070009 0.800020 0.002188 0.006250
0 0.007000 0.803000 0.000188 0.006250
0 0.000087 0.800000 0.037000 0.059375
0 0.079688 0.800000 0.037000 0.059375
0 0.000060 0.800000 0.007000 0.059375
0 0.000000 0.800000 0.007500 0.059375
0 0.080800 0.800020 0.007000 0.059375
0 0.000000 0.800688 0.007000 0.059375
0 0.000688 0.800005 0.007500 0.059375
0 0.090600 0.800000 0.040625 0.057800
0 0.600000 0.800000 0.040620 0.057800
0 0.609070 0.800906 0.000605 0.057803
0 0.696870 0.800000 0.040600 0.057800
0 0.708906 0.809009 0.002088 0.007810
0 0.760804 0.847606 0.040000 0.007800
0 0.800000 0.846094 0.040000 0.007803
0 0.80006 0.800000 0.040300 0.057813
0 0.866006 0.800406 0.040000 0.007810
0 0.899009 0.809800 0.040000 0.007813
0 0.900000 0.836709 0.000310 0.007813
0 0.960709 0.800001 0.000310 0.007813
0 0.978000 0.880802 0.000700 0.000125
0 0.90060 0.880070 0.000700 0.053005
0 0.900000 0.887000 0.000700 0.003025
0 0.890600 0.890600 0.000700 0.050025
0 0.807800 0.890969 0.000700 0.00062
0 0.806060 0.890000 0.000700 0.05062
0 0.790088 0.897606 0.000700 0.00060
0 0.707000 0.900906 0.030937 0.000300
0 0.700000 0.900780 0.000600 0.00062
0 0.690087 0.900000 0.040620 0.00062
0 0.607800 0.900906 0.000600 0.00060
0 0.600009 0.900906 0.009062 0.008438
0 0.089800 0.900906 0.009060 0.048438
0 0.000069 0.900906 0.009060 0.008438
0 0.000090 0.900069 0.009060 0.048408
0 0.086709 0.907000 0.009060 0.008438
0 0.000004 0.907000 0.039060 0.048438
0 0.007969 0.900069 0.040088 0.00060
0 0.080907 0.900687 0.000600 0.003005
0 0.007606 0.900906 0.039060 0.00060
0 0.006006 0.900069 0.040000 0.004688
0 0.080800 0.900000 0.000700 0.006870
0 0.008008 0.900780 0.040700 0.048438
0 0.006006 0.898008 0.048408 0.046870
0 0.08006 0.897606 0.000088 0.00060
0 0.00000 0.897606 0.006870 0.05060
0 0.000008 0.890030 0.046870 0.00060
0 0.090969 0.890969 0.000002 0.00062
0 0.060060 0.889804 0.040700 0.00060
0 0.00006 0.886709 0.008008 0.00060
