0 0.607812 0.114062 0.037500 0.075000
0 0.640625 0.112500 0.040625 0.075000
0 0.678125 0.115625 0.040625 0.075000
0 0.712500 0.115625 0.040625 0.075000
0 0.746875 0.117188 0.040625 0.075000
0 0.781250 0.117188 0.040625 0.075000
0 0.814063 0.117188 0.040625 0.075000
0 0.847656 0.120313 0.039062 0.071875
0 0.878906 0.121875 0.042188 0.071875
0 0.911719 0.126562 0.042188 0.068750
0 0.942969 0.128125 0.042188 0.068750
0 0.973437 0.128125 0.040625 0.068750
0 0.604688 0.184375 0.037500 0.075000
0 0.640625 0.185156 0.037500 0.070312
0 0.675000 0.185156 0.037500 0.070312
0 0.709375 0.185156 0.037500 0.070312
0 0.742969 0.187500 0.039062 0.071875
0 0.776563 0.189062 0.037500 0.071875
0 0.809375 0.190625 0.037500 0.071875
0 0.842969 0.191406 0.039062 0.070312
0 0.875000 0.192188 0.037500 0.068750
0 0.906250 0.193750 0.037500 0.068750
0 0.937500 0.195312 0.037500 0.068750
0 0.965625 0.195312 0.037500 0.068750
0 0.607812 0.406250 0.037500 0.068750
0 0.642188 0.407813 0.037500 0.068750
0 0.678125 0.407031 0.040625 0.070312
0 0.713281 0.407031 0.039062 0.070312
0 0.749219 0.408594 0.039062 0.070312
0 0.781250 0.408594 0.040625 0.070312
0 0.815625 0.410156 0.040625 0.070312
0 0.849219 0.410156 0.042188 0.067187
0 0.883594 0.411719 0.042188 0.067187
0 0.914844 0.411719 0.042188 0.067187
0 0.946094 0.411719 0.042188 0.067187
0 0.978125 0.412500 0.040625 0.065625
0 0.604688 0.471875 0.037500 0.065625
0 0.640625 0.472656 0.037500 0.064062
0 0.673438 0.472656 0.037500 0.064062
0 0.708594 0.474219 0.039062 0.064062
0 0.743750 0.474219 0.037500 0.064062
0 0.775781 0.473438 0.039062 0.062500
0 0.809375 0.473438 0.040625 0.059375
0 0.842969 0.475000 0.039062 0.062500
0 0.877344 0.475781 0.039062 0.060937
0 0.906250 0.475781 0.040625 0.064062
0 0.938281 0.477344 0.042188 0.067187
0 0.967187 0.476562 0.040625 0.065625
0 0.606250 0.703125 0.037500 0.062500
0 0.639844 0.701562 0.039062 0.062500
0 0.675781 0.701562 0.039062 0.062500
0 0.709375 0.700781 0.040625 0.060937
0 0.744531 0.701562 0.042188 0.062500
0 0.778906 0.700000 0.042188 0.062500
0 0.811719 0.701562 0.042188 0.062500
0 0.845313 0.701562 0.043750 0.062500
0 0.876563 0.700000 0.043750 0.062500
0 0.910937 0.698438 0.043750 0.062500
0 0.942187 0.696875 0.043750 0.062500
0 0.973437 0.696875 0.043750 0.062500
0 0.603125 0.760938 0.037500 0.062500
0 0.637500 0.761719 0.037500 0.060937
0 0.671094 0.760938 0.035937 0.059375
0 0.704688 0.760938 0.037500 0.059375
0 0.739062 0.759375 0.037500 0.059375
0 0.771875 0.759375 0.040625 0.056250
0 0.804688 0.757812 0.040625 0.056250
0 0.836719 0.757812 0.042188 0.056250
0 0.869531 0.756250 0.042188 0.056250
0 0.900781 0.756250 0.042188 0.056250
0 0.931250 0.756250 0.043750 0.059375
0 0.960156 0.753906 0.042188 0.057813
0 0.831250 0.974219 0.043750 0.051562
0 0.863281 0.971094 0.042188 0.048438
0 0.893750 0.970313 0.043750 0.050000
0 0.923438 0.967187 0.043750 0.050000
0 0.955469 0.964844 0.045312 0.051562
