0 0.042969 0.102344 0.045312 0.073438
0 0.078125 0.100000 0.040625 0.071875
0 0.109375 0.100000 0.040625 0.071875
0 0.139063 0.100000 0.037500 0.071875
0 0.170313 0.096875 0.037500 0.071875
0 0.205469 0.096875 0.042188 0.075000
0 0.239844 0.096875 0.042188 0.075000
0 0.270313 0.096875 0.043750 0.075000
0 0.306250 0.096094 0.043750 0.073438
0 0.342969 0.096875 0.045312 0.075000
0 0.377344 0.096875 0.045312 0.075000
0 0.411719 0.096875 0.045312 0.075000
0 0.443750 0.096875 0.043750 0.075000
0 0.485938 0.096875 0.043750 0.075000
0 0.523438 0.096875 0.043750 0.075000
0 0.557813 0.103125 0.043750 0.078125
0 0.589063 0.103125 0.043750 0.078125
0 0.626563 0.104688 0.043750 0.078125
0 0.662500 0.107813 0.043750 0.078125
0 0.693750 0.109375 0.043750 0.075000
0 0.730469 0.109375 0.045312 0.075000
0 0.761719 0.112500 0.042188 0.078125
0 0.800000 0.115625 0.043750 0.078125
0 0.020313 0.168750 0.037500 0.065625
0 0.048438 0.167969 0.037500 0.067187
0 0.081250 0.167969 0.040625 0.064062
0 0.109375 0.165625 0.040625 0.062500
0 0.143750 0.167969 0.040625 0.064062
0 0.174219 0.165625 0.042188 0.065625
0 0.206250 0.165625 0.043750 0.065625
0 0.242969 0.165625 0.042188 0.065625
0 0.271875 0.165625 0.043750 0.065625
0 0.306250 0.162500 0.043750 0.065625
0 0.340625 0.165625 0.043750 0.068750
0 0.375000 0.165625 0.043750 0.068750
0 0.409375 0.165625 0.043750 0.068750
0 0.443750 0.165625 0.040625 0.071875
0 0.481250 0.168750 0.040625 0.071875
0 0.517188 0.165625 0.040625 0.071875
0 0.550000 0.170313 0.040625 0.071875
0 0.587500 0.174219 0.043750 0.073438
0 0.621875 0.177344 0.043750 0.073438
0 0.653125 0.178125 0.043750 0.075000
0 0.689063 0.180469 0.043750 0.073438
0 0.721875 0.183594 0.043750 0.073438
0 0.753125 0.181250 0.043750 0.075000
0 0.792188 0.184375 0.043750 0.075000
0 0.831250 0.116406 0.040625 0.076563
0 0.864844 0.120313 0.045312 0.078125
0 0.899219 0.126562 0.045312 0.078125
0 0.928906 0.129688 0.045312 0.078125
0 0.960156 0.132812 0.045312 0.078125
0 0.953906 0.200781 0.042188 0.073438
0 0.921875 0.197656 0.043750 0.070312
0 0.890625 0.195312 0.046875 0.065625
0 0.857812 0.191406 0.040625 0.067187
0 0.824219 0.187500 0.045312 0.071875
0 0.041406 0.715625 0.051562 0.062500
0 0.064844 0.664062 0.042188 0.065625
0 0.094531 0.668750 0.042188 0.062500
0 0.125781 0.671094 0.039062 0.060937
0 0.157031 0.671875 0.039062 0.062500
0 0.189844 0.673438 0.039062 0.062500
0 0.226562 0.675000 0.043750 0.065625
0 0.261719 0.678125 0.039062 0.065625
0 0.293750 0.680469 0.037500 0.060937
0 0.327344 0.682813 0.042188 0.062500
0 0.364063 0.683594 0.043750 0.064062
0 0.397656 0.685156 0.042188 0.064062
0 0.432031 0.688281 0.042188 0.064062
0 0.471094 0.690625 0.045312 0.062500
0 0.503906 0.690625 0.045312 0.062500
0 0.538281 0.692187 0.045312 0.062500
0 0.573438 0.692187 0.043750 0.065625
0 0.607812 0.692187 0.046875 0.065625
0 0.646094 0.693750 0.042188 0.068750
0 0.679688 0.694531 0.046875 0.064062
0 0.711719 0.694531 0.045312 0.064062
0 0.742969 0.697656 0.045312 0.067187
0 0.073438 0.719531 0.043750 0.060937
0 0.103906 0.723437 0.042188 0.062500
0 0.135156 0.725000 0.042188 0.062500
0 0.166406 0.729688 0.042188 0.062500
0 0.197656 0.731250 0.042188 0.062500
0 0.233594 0.732812 0.045312 0.059375
0 0.264062 0.734375 0.043750 0.056250
0 0.296094 0.735938 0.042188 0.059375
0 0.328125 0.739062 0.043750 0.056250
0 0.364844 0.739844 0.042188 0.054688
0 0.397656 0.741406 0.042188 0.054688
0 0.432812 0.743750 0.040625 0.056250
0 0.468750 0.746875 0.040625 0.056250
0 0.503125 0.745313 0.040625 0.056250
0 0.539062 0.746875 0.040625 0.056250
0 0.571875 0.748437 0.040625 0.056250
0 0.605469 0.750000 0.039062 0.059375
0 0.638281 0.751563 0.039062 0.059375
0 0.670312 0.751563 0.040625 0.059375
0 0.068750 0.382031 0.037500 0.067187
0 0.098437 0.383594 0.040625 0.067187
0 0.129688 0.384375 0.040625 0.068750
0 0.163281 0.385156 0.042188 0.070312
0 0.197656 0.385156 0.042188 0.070312
0 0.232031 0.383594 0.042188 0.070312
0 0.264844 0.385156 0.042188 0.070312
0 0.299219 0.386719 0.042188 0.070312
0 0.333594 0.388281 0.042188 0.070312
0 0.370312 0.390625 0.040625 0.071875
0 0.403125 0.391406 0.043750 0.073438
0 0.437500 0.392969 0.043750 0.073438
0 0.478125 0.394531 0.043750 0.073438
0 0.514062 0.394531 0.043750 0.073438
0 0.550000 0.396094 0.043750 0.073438
0 0.584375 0.397656 0.043750 0.073438
0 0.618750 0.397656 0.043750 0.073438
0 0.654687 0.399219 0.046875 0.073438
0 0.689844 0.402344 0.048438 0.070312
0 0.721875 0.402344 0.046875 0.070312
0 0.757031 0.403125 0.048438 0.065625
0 0.792188 0.407813 0.046875 0.068750
0 0.826562 0.409375 0.046875 0.068750
0 0.858594 0.410156 0.045312 0.067187
0 0.701562 0.752344 0.040625 0.057813
0 0.735938 0.753125 0.043750 0.059375
0 0.779687 0.697656 0.050000 0.060937
0 0.812500 0.697656 0.050000 0.060937
0 0.845313 0.697656 0.046875 0.064062
0 0.770312 0.753125 0.043750 0.059375
0 0.801562 0.753125 0.043750 0.059375
0 0.832031 0.752344 0.045312 0.054688
0 0.043750 0.444531 0.046875 0.064062
0 0.077344 0.445312 0.039062 0.065625
0 0.107813 0.444531 0.043750 0.064062
0 0.139063 0.447656 0.040625 0.067187
0 0.167969 0.448437 0.039062 0.065625
0 0.200781 0.446875 0.039062 0.065625
0 0.233594 0.450000 0.039062 0.065625
0 0.267188 0.450000 0.040625 0.065625
0 0.300000 0.451562 0.040625 0.065625
0 0.335156 0.453906 0.042188 0.067187
0 0.371094 0.455469 0.042188 0.064062
0 0.403906 0.457031 0.042188 0.064062
0 0.438281 0.457031 0.042188 0.064062
0 0.477344 0.458594 0.042188 0.067187
0 0.511719 0.460156 0.042188 0.067187
0 0.544531 0.461719 0.042188 0.067187
0 0.582031 0.463281 0.042188 0.067187
0 0.613281 0.464844 0.042188 0.067187
0 0.647656 0.466406 0.042188 0.067187
0 0.683594 0.467969 0.042188 0.067187
0 0.716406 0.469531 0.042188 0.067187
0 0.750000 0.470313 0.046875 0.068750
0 0.783594 0.471875 0.045312 0.068750
0 0.816406 0.473438 0.045312 0.068750
0 0.850781 0.475000 0.048438 0.068750
0 0.878125 0.696875 0.046875 0.059375
0 0.907813 0.697656 0.046875 0.060937
0 0.939844 0.698438 0.045312 0.062500
0 0.867969 0.751563 0.042188 0.056250
0 0.899219 0.753906 0.048438 0.057813
0 0.928125 0.753125 0.043750 0.059375
0 0.958594 0.751563 0.045312 0.059375
0 0.892188 0.411719 0.043750 0.067187
0 0.882812 0.475781 0.043750 0.067187
0 0.912500 0.476562 0.046875 0.068750
0 0.923438 0.414062 0.053125 0.068750
0 0.944531 0.478906 0.048438 0.067187
0 0.954688 0.411719 0.046875 0.067187
0 0.075000 0.925781 0.040625 0.051562
0 0.105469 0.930469 0.042188 0.051562
0 0.135156 0.933594 0.042188 0.051562
0 0.166406 0.937500 0.042188 0.053125
0 0.196875 0.940625 0.040625 0.053125
0 0.229687 0.945312 0.040625 0.053125
0 0.261719 0.949219 0.039062 0.051562
0 0.293750 0.951562 0.043750 0.053125
0 0.328125 0.953906 0.040625 0.051562
0 0.360156 0.956250 0.039062 0.053125
0 0.392969 0.959375 0.039062 0.053125
0 0.424219 0.960938 0.039062 0.053125
0 0.463281 0.962500 0.039062 0.053125
0 0.497656 0.964063 0.039062 0.053125
0 0.528906 0.964063 0.039062 0.053125
0 0.564844 0.965625 0.042188 0.050000
0 0.597656 0.967187 0.042188 0.050000
0 0.630469 0.967187 0.045312 0.050000
0 0.664844 0.967187 0.045312 0.050000
0 0.697656 0.967187 0.045312 0.046875
0 0.730469 0.968750 0.045312 0.050000
0 0.761719 0.968750 0.048438 0.050000
0 0.793750 0.967187 0.046875 0.050000
0 0.824219 0.966406 0.048438 0.051562
0 0.859375 0.964063 0.046875 0.050000
0 0.888281 0.963281 0.045312 0.051562
0 0.085156 0.971094 0.045312 0.048438
0 0.115625 0.975000 0.040625 0.046875
0 0.146094 0.977344 0.042188 0.045312
