0 0.044531 0.266406 0.042188 0.064062
0 0.072656 0.264844 0.042188 0.064062
0 0.110156 0.262500 0.045312 0.071875
0 0.143750 0.262500 0.043750 0.068750
0 0.176563 0.260937 0.043750 0.068750
0 0.210938 0.259375 0.043750 0.068750
0 0.245312 0.257812 0.043750 0.068750
0 0.280469 0.255469 0.042188 0.070312
0 0.316406 0.255469 0.042188 0.070312
0 0.350781 0.255469 0.042188 0.070312
0 0.386719 0.253906 0.042188 0.073438
0 0.423438 0.251563 0.040625 0.075000
0 0.459375 0.251563 0.040625 0.075000
0 0.495312 0.253125 0.040625 0.075000
0 0.535937 0.250000 0.040625 0.075000
0 0.571875 0.250000 0.040625 0.075000
0 0.609375 0.248438 0.040625 0.075000
0 0.645312 0.250000 0.040625 0.075000
0 0.681250 0.250000 0.040625 0.075000
0 0.717187 0.250000 0.040625 0.075000
0 0.753125 0.250000 0.040625 0.075000
0 0.789062 0.251563 0.040625 0.075000
0 0.823438 0.251563 0.040625 0.075000
0 0.857812 0.250000 0.040625 0.075000
0 0.892188 0.253125 0.040625 0.075000
0 0.923438 0.253125 0.040625 0.075000
0 0.917969 0.322656 0.042188 0.067187
0 0.885156 0.322656 0.042188 0.067187
0 0.850781 0.321094 0.042188 0.067187
0 0.817187 0.320312 0.040625 0.065625
0 0.782813 0.320312 0.040625 0.065625
0 0.750000 0.321094 0.040625 0.067187
0 0.715625 0.319531 0.040625 0.067187
0 0.681250 0.321094 0.040625 0.067187
0 0.644531 0.320312 0.039062 0.068750
0 0.608594 0.320312 0.039062 0.068750
0 0.574219 0.320312 0.039062 0.068750
0 0.537500 0.321094 0.040625 0.070312
0 0.498437 0.322656 0.040625 0.070312
0 0.462500 0.319531 0.037500 0.067187
0 0.426563 0.322656 0.040625 0.067187
0 0.389844 0.323437 0.039062 0.068750
0 0.355469 0.323437 0.039062 0.068750
0 0.321094 0.325000 0.039062 0.068750
0 0.285156 0.325000 0.039062 0.068750
0 0.252344 0.326562 0.039062 0.068750
0 0.217969 0.328125 0.039062 0.068750
0 0.186719 0.328125 0.039062 0.068750
0 0.152344 0.329688 0.039062 0.065625
0 0.121094 0.328125 0.039062 0.065625
0 0.085156 0.331250 0.039062 0.065625
0 0.055469 0.332813 0.039062 0.065625
0 0.024219 0.332813 0.039062 0.062500
0 0.046094 0.557813 0.045312 0.062500
0 0.077344 0.557031 0.042188 0.060937
0 0.114062 0.557813 0.043750 0.062500
0 0.145313 0.557813 0.043750 0.062500
0 0.179688 0.556250 0.043750 0.062500
0 0.212500 0.557813 0.043750 0.062500
0 0.247656 0.557813 0.045312 0.065625
0 0.282031 0.557813 0.042188 0.065625
0 0.319531 0.556250 0.042188 0.065625
0 0.353906 0.557813 0.042188 0.065625
0 0.390625 0.557813 0.040625 0.065625
0 0.426563 0.557813 0.040625 0.065625
0 0.462500 0.557813 0.040625 0.065625
0 0.498437 0.557813 0.040625 0.065625
0 0.537500 0.557813 0.040625 0.065625
0 0.575000 0.557813 0.040625 0.065625
0 0.610938 0.556250 0.040625 0.065625
0 0.648438 0.557031 0.040625 0.067187
0 0.683594 0.555469 0.042188 0.067187
0 0.720313 0.555469 0.040625 0.067187
0 0.754687 0.555469 0.040625 0.067187
0 0.791406 0.554688 0.042188 0.065625
0 0.825000 0.554688 0.043750 0.065625
0 0.859375 0.553125 0.043750 0.065625
0 0.893750 0.553125 0.043750 0.065625
0 0.926562 0.553125 0.043750 0.062500
0 0.916406 0.613281 0.042188 0.057813
0 0.884375 0.614062 0.043750 0.059375
0 0.851562 0.615625 0.043750 0.062500
0 0.817187 0.615625 0.043750 0.062500
0 0.784375 0.618750 0.043750 0.062500
0 0.750000 0.617188 0.043750 0.062500
0 0.714844 0.619531 0.039062 0.064062
0 0.680469 0.621094 0.039062 0.064062
0 0.646094 0.621094 0.039062 0.064062
0 0.610156 0.621094 0.039062 0.064062
0 0.574219 0.621094 0.039062 0.064062
0 0.538281 0.621094 0.039062 0.064062
0 0.500000 0.621875 0.037500 0.062500
0 0.464062 0.621875 0.037500 0.062500
0 0.428125 0.621875 0.037500 0.062500
0 0.393750 0.621875 0.037500 0.062500
0 0.359375 0.620313 0.037500 0.062500
0 0.323437 0.620313 0.037500 0.062500
0 0.289062 0.620313 0.037500 0.062500
0 0.254688 0.620313 0.037500 0.062500
0 0.222656 0.620313 0.042188 0.062500
0 0.188281 0.617969 0.042188 0.057813
0 0.157031 0.617188 0.042188 0.059375
0 0.125781 0.617188 0.042188 0.059375
0 0.089844 0.615625 0.042188 0.059375
0 0.059375 0.615625 0.046875 0.056250
0 0.028125 0.615625 0.046875 0.056250
0 0.028125 0.835938 0.040625 0.053125
0 0.059375 0.838281 0.043750 0.054688
0 0.087500 0.840625 0.040625 0.053125
0 0.125000 0.842187 0.040625 0.053125
0 0.157812 0.845313 0.040625 0.053125
0 0.188281 0.846094 0.042188 0.054688
0 0.222656 0.849219 0.042188 0.051562
0 0.255469 0.850781 0.042188 0.051562
0 0.289844 0.850781 0.042188 0.051562
0 0.324219 0.851562 0.042188 0.053125
0 0.359375 0.853125 0.040625 0.053125
0 0.394531 0.853125 0.039062 0.053125
0 0.428906 0.853125 0.039062 0.053125
0 0.464844 0.853125 0.039062 0.056250
0 0.500781 0.853125 0.039062 0.056250
0 0.539844 0.853125 0.039062 0.056250
0 0.574219 0.853125 0.039062 0.056250
0 0.610156 0.851562 0.039062 0.056250
0 0.646094 0.853125 0.039062 0.056250
0 0.680469 0.850000 0.039062 0.056250
0 0.716406 0.850000 0.039062 0.056250
0 0.751563 0.848437 0.040625 0.056250
0 0.785156 0.847656 0.045312 0.054688
0 0.818750 0.844531 0.043750 0.051562
0 0.852344 0.844531 0.045312 0.054688
0 0.885156 0.842969 0.045312 0.054688
0 0.917969 0.841406 0.045312 0.054688
0 0.952344 0.838281 0.045312 0.054688
0 0.971094 0.885156 0.045312 0.051562
0 0.940625 0.889062 0.043750 0.050000
0 0.906250 0.890625 0.043750 0.050000
0 0.875000 0.892188 0.043750 0.050000
0 0.842187 0.896094 0.040625 0.051562
0 0.809375 0.897656 0.040625 0.051562
0 0.778125 0.899219 0.040625 0.051562
0 0.743750 0.900781 0.040625 0.051562
0 0.710938 0.903906 0.040625 0.051562
0 0.675781 0.903906 0.039062 0.051562
0 0.644531 0.903906 0.039062 0.051562
0 0.608594 0.905469 0.039062 0.051562
0 0.574219 0.905469 0.039062 0.051562
0 0.539844 0.907031 0.039062 0.051562
0 0.500781 0.907031 0.039062 0.051562
0 0.467969 0.905469 0.039062 0.051562
0 0.433594 0.905469 0.039062 0.051562
0 0.399219 0.905469 0.039062 0.051562
0 0.363281 0.903906 0.039062 0.051562
0 0.330469 0.903906 0.039062 0.051562
0 0.296094 0.902344 0.042188 0.051562
0 0.263281 0.900781 0.042188 0.048438
0 0.232031 0.899219 0.042188 0.048438
0 0.199219 0.897656 0.042188 0.048438
0 0.167187 0.895312 0.043750 0.050000
0 0.136719 0.892188 0.042188 0.050000
0 0.102344 0.890625 0.042188 0.050000
0 0.074219 0.889062 0.042188 0.050000
0 0.043750 0.886719 0.043750 0.048438
0 0.028906 0.061719 0.039062 0.073438
0 0.059375 0.055469 0.040625 0.073438
0 0.089063 0.055469 0.040625 0.073438
0 0.125000 0.050000 0.040625 0.068750
0 0.157031 0.045312 0.039062 0.068750
0 0.187500 0.043750 0.037500 0.071875
0 0.220312 0.041406 0.040625 0.073438
0 0.253125 0.038281 0.040625 0.073438
0 0.287500 0.038281 0.040625 0.073438
0 0.321094 0.036719 0.039062 0.070312
0 0.355469 0.035937 0.039062 0.068750
0 0.389844 0.034375 0.042188 0.065625
0 0.457031 0.034375 0.042188 0.065625
0 0.707812 0.033594 0.037500 0.064062
0 0.742188 0.034375 0.037500 0.065625
0 0.776563 0.034375 0.040625 0.065625
0 0.810937 0.035156 0.037500 0.067187
0 0.842187 0.035156 0.037500 0.067187
0 0.876563 0.035156 0.037500 0.067187
0 0.909375 0.037500 0.037500 0.068750
0 0.942969 0.042188 0.039062 0.075000
0 0.973437 0.045312 0.037500 0.075000
0 0.496094 0.034375 0.042188 0.065625
0 0.533594 0.034375 0.042188 0.065625
0 0.569531 0.034375 0.042188 0.065625
0 0.602344 0.034375 0.042188 0.065625
0 0.639062 0.033594 0.040625 0.064062
0 0.675000 0.032813 0.040625 0.062500
0 0.425781 0.034375 0.042188 0.065625
