0 0.000969 0.000004 0.042088 0.067087
0 0.068700 0.009009 0.000070 0.067087
0 0.099009 0.006090 0.009060 0.070002
0 0.000069 0.000088 0.009060 0.068700
0 0.060000 0.000088 0.007000 0.068700
0 0.096090 0.007000 0.000088 0.068700
0 0.008020 0.006709 0.000620 0.070012
0 0.060600 0.00006 0.000625 0.067087
0 0.098008 0.00006 0.000600 0.067087
0 0.000000 0.03006 0.000600 0.067087
0 0.067088 0.00006 0.000600 0.067087
0 0.000000 0.000800 0.003700 0.060000
0 0.900000 0.000600 0.007000 0.070875
0 0.908700 0.007000 0.007000 0.070875
0 0.887000 0.006709 0.007000 0.070300
0 0.806000 0.00006 0.000750 0.067087
0 0.800870 0.00006 0.000700 0.067087
0 0.000008 0.062000 0.003700 0.068700
0 0.789800 0.000800 0.039060 0.062000
0 0.700687 0.000800 0.037000 0.060000
0 0.006000 0.009075 0.000625 0.068750
0 0.080908 0.009070 0.000605 0.068750
0 0.008700 0.006000 0.000625 0.068750
0 0.00000 0.006000 0.000620 0.068750
0 0.080908 0.006000 0.000750 0.068750
0 0.008700 0.000688 0.000700 0.075000
0 0.006000 0.202000 0.040750 0.076563
0 0.090600 0.20060 0.000700 0.075000
0 0.000000 0.000000 0.000700 0.075000
0 0.060000 0.000000 0.000700 0.075000
0 0.099009 0.00060 0.002088 0.070000
0 0.000070 0.00063 0.040600 0.075000
0 0.070000 0.000000 0.000600 0.070000
0 0.006000 0.008008 0.040620 0.075000
0 0.000969 0.000000 0.009062 0.070000
0 0.080000 0.008008 0.040620 0.075000
0 0.607088 0.008008 0.040600 0.070000
0 0.600000 0.000000 0.009062 0.070000
0 0.690969 0.008008 0.009062 0.070000
0 0.700069 0.008408 0.040088 0.078020
0 0.767088 0.000000 0.000600 0.070870
0 0.800000 0.00060 0.000600 0.070870
0 0.807000 0.00060 0.000600 0.070875
0 0.870000 0.003000 0.000620 0.071875
0 0.900000 0.000020 0.000625 0.071875
0 0.900070 0.003000 0.000625 0.070875
0 0.968700 0.000069 0.000605 0.070408
0 0.960709 0.001870 0.009060 0.060620
0 0.907000 0.000870 0.039062 0.060620
0 0.896090 0.000870 0.000088 0.068700
0 0.860000 0.000870 0.000700 0.068750
0 0.808000 0.020870 0.000700 0.068750
0 0.790700 0.008700 0.000600 0.068750
0 0.760709 0.018700 0.009060 0.068700
0 0.707000 0.007969 0.039060 0.067087
0 0.690600 0.008700 0.007000 0.068750
0 0.600000 0.007088 0.039060 0.068700
0 0.60600 0.007969 0.007000 0.067087
0 0.080069 0.007969 0.009060 0.067087
0 0.000700 0.007969 0.037000 0.067087
0 0.008090 0.007969 0.009060 0.067087
0 0.070009 0.007969 0.009060 0.067187
0 0.006709 0.008700 0.039060 0.068700
0 0.000004 0.008700 0.039060 0.068700
0 0.060804 0.008700 0.039060 0.068700
0 0.000000 0.300870 0.037000 0.068750
0 0.090700 0.000870 0.037000 0.068750
0 0.060000 0.020870 0.007000 0.068750
0 0.000000 0.020870 0.007000 0.068750
0 0.090088 0.000000 0.000620 0.068700
0 0.08090 0.008000 0.002088 0.068700
0 0.008000 0.020000 0.000620 0.068750
0 0.096870 0.008000 0.000700 0.068750
0 0.060600 0.007000 0.040620 0.067087
0 0.000070 0.330069 0.040600 0.067087
0 0.000000 0.000005 0.000750 0.062500
0 0.006000 0.050005 0.006875 0.062500
0 0.080908 0.000688 0.006875 0.060500
0 0.007188 0.000688 0.006870 0.060500
0 0.00000 0.000688 0.006870 0.060500
0 0.080070 0.000688 0.046875 0.060500
0 0.000090 0.006200 0.002088 0.065625
0 0.008090 0.050688 0.040088 0.065625
0 0.096090 0.000688 0.040088 0.060625
0 0.000069 0.000688 0.040088 0.060605
0 0.060804 0.004688 0.040088 0.060605
0 0.000000 0.006000 0.000605 0.065625
0 0.007000 0.006050 0.000605 0.065625
0 0.070009 0.004688 0.040088 0.068700
0 0.008090 0.050688 0.040088 0.068750
0 0.000000 0.050005 0.037500 0.065625
0 0.080069 0.000688 0.040088 0.068750
0 0.608700 0.000688 0.007500 0.068750
0 0.606000 0.050688 0.000605 0.068750
0 0.690700 0.005069 0.000750 0.064060
0 0.700069 0.000069 0.040088 0.064060
0 0.760600 0.050688 0.000605 0.065625
0 0.800000 0.000688 0.000700 0.068750
0 0.800908 0.000300 0.043750 0.070300
0 0.870000 0.000300 0.043700 0.070300
0 0.900000 0.000000 0.043750 0.070302
0 0.900070 0.000000 0.003750 0.068750
0 0.970000 0.003000 0.003750 0.065605
0 0.909070 0.600000 0.000605 0.062500
0 0.908000 0.602000 0.000700 0.062500
0 0.890700 0.607088 0.000700 0.060000
0 0.860908 0.60600 0.000700 0.060000
0 0.808000 0.607188 0.000700 0.062000
0 0.790700 0.607088 0.000700 0.060000
0 0.709070 0.607088 0.000700 0.060500
0 0.700000 0.607088 0.000700 0.060000
0 0.690600 0.607088 0.000600 0.062000
0 0.600000 0.608700 0.009060 0.062000
0 0.607969 0.608700 0.009060 0.060000
0 0.080000 0.607969 0.007000 0.060060
0 0.000000 0.608700 0.007500 0.060500
0 0.009070 0.607969 0.007000 0.060060
0 0.070000 0.608700 0.007000 0.060500
0 0.009804 0.607969 0.009060 0.064060
0 0.000004 0.607969 0.009060 0.064062
0 0.068700 0.608700 0.007000 0.060500
0 0.003090 0.607969 0.039060 0.060937
0 0.000000 0.607969 0.007000 0.060937
0 0.060600 0.60620 0.007500 0.059075
0 0.008020 0.607188 0.000700 0.062000
0 0.096090 0.60600 0.000088 0.009070
0 0.060000 0.60600 0.000700 0.059075
0 0.000069 0.600844 0.040010 0.007813
0 0.096870 0.600000 0.000700 0.059075
0 0.068700 0.600000 0.000700 0.059075
0 0.007000 0.600000 0.006870 0.059075
0 0.009800 0.800000 0.039060 0.003020
0 0.067969 0.800070 0.000088 0.006000
0 0.099009 0.800070 0.000300 0.006250
0 0.008000 0.809060 0.003700 0.003125
0 0.060000 0.800600 0.000700 0.050025
0 0.096090 0.800700 0.040000 0.003105
0 0.007000 0.840003 0.040302 0.003125
0 0.060804 0.846870 0.040088 0.006200
0 0.098008 0.806870 0.040700 0.006050
0 0.003090 0.809009 0.039060 0.004688
0 0.067969 0.800000 0.009060 0.006000
0 0.000004 0.800044 0.039062 0.004688
0 0.009804 0.800044 0.039060 0.004688
0 0.070009 0.800044 0.009062 0.004688
0 0.009070 0.800000 0.037500 0.054688
0 0.000000 0.800005 0.037500 0.056250
0 0.080000 0.800005 0.007500 0.056250
0 0.60600 0.800000 0.007000 0.054688
0 0.600000 0.800000 0.037500 0.054688
0 0.690600 0.800000 0.000600 0.056250
0 0.700000 0.800000 0.000600 0.056250
0 0.709070 0.809009 0.000600 0.057800
0 0.790700 0.806870 0.000700 0.059375
0 0.808000 0.800700 0.000700 0.059375
0 0.860709 0.800969 0.000010 0.007810
0 0.890700 0.800600 0.000700 0.053005
0 0.900000 0.800600 0.000700 0.050025
0 0.960908 0.807000 0.006870 0.006050
0 0.970000 0.880070 0.000700 0.053005
0 0.900700 0.887000 0.000600 0.050000
0 0.90600 0.890600 0.000700 0.050000
0 0.880000 0.890969 0.000700 0.00062
0 0.800000 0.896090 0.000700 0.048408
0 0.808700 0.896870 0.000700 0.050000
0 0.780070 0.899009 0.000700 0.00060
0 0.700000 0.900000 0.000700 0.050000
0 0.700000 0.90063 0.000600 0.000000
0 0.680907 0.900000 0.037000 0.00060
0 0.609009 0.900000 0.009062 0.000000
0 0.600804 0.900469 0.009060 0.00060
0 0.079688 0.900069 0.007000 0.05060
0 0.000700 0.900069 0.007500 0.05060
0 0.000908 0.900069 0.007000 0.05060
0 0.070000 0.900000 0.007000 0.050000
0 0.000088 0.900000 0.007000 0.000000
0 0.006000 0.900000 0.007000 0.050000
0 0.070870 0.900000 0.030370 0.050000
0 0.007000 0.903000 0.030370 0.050000
0 0.000069 0.900000 0.000937 0.000000
0 0.070008 0.899009 0.000620 0.048438
0 0.000070 0.896090 0.040600 0.048438
0 0.000000 0.890700 0.003700 0.050000
0 0.070870 0.890188 0.000700 0.000000
0 0.000600 0.890600 0.000700 0.050000
0 0.009070 0.887000 0.000700 0.050000
0 0.078000 0.880908 0.000700 0.050000
0 0.000000 0.880000 0.000700 0.050000
0 0.700870 0.000000 0.037000 0.060937
0 0.689060 0.000030 0.037000 0.060937
0 0.009060 0.030030 0.003700 0.060937
0 0.070000 0.030030 0.003700 0.060937
0 0.007800 0.000000 0.003700 0.060937
0 0.009060 0.000030 0.003700 0.060937
0 0.070000 0.000000 0.003700 0.060937
0 0.600908 0.000030 0.003700 0.060937
