0 0.000090 0.000469 0.004688 0.00060
0 0.070000 0.007000 0.000000 0.10060
0 0.00600 0.008090 0.000005 0.10062
0 0.07800 0.000908 0.000100 0.103120
0 0.098007 0.000908 0.000000 0.103100
0 0.009060 0.000000 0.000000 0.003120
0 0.079687 0.000060 0.000000 0.000120
0 0.000000 0.000062 0.000000 0.103120
0 0.060000 0.00600 0.000000 0.000025
0 0.000000 0.007187 0.046870 0.106000
0 0.000406 0.407187 0.048408 0.100100
0 0.08006 0.000000 0.048408 0.003120
0 0.000780 0.000870 0.008408 0.100125
0 0.066006 0.000870 0.048408 0.000100
0 0.608090 0.000408 0.048438 0.003000
0 0.608008 0.400606 0.000000 0.004688
0 0.690006 0.007044 0.00060 0.001062
0 0.700090 0.008000 0.004688 0.003125
0 0.770000 0.009688 0.006000 0.000025
0 0.80600 0.009688 0.006200 0.000025
0 0.807800 0.000000 0.006250 0.100125
0 0.90060 0.000800 0.009370 0.000000
0 0.900969 0.00006 0.060907 0.000060
0 0.970606 0.008906 0.000688 0.098007
0 0.900800 0.009687 0.006200 0.093750
0 0.890006 0.008000 0.000688 0.096875
0 0.808007 0.006060 0.003005 0.096875
0 0.807000 0.000000 0.000688 0.096875
0 0.768700 0.000008 0.003005 0.096875
0 0.706060 0.020008 0.003025 0.096875
0 0.680907 0.000606 0.050000 0.098007
0 0.600700 0.000000 0.000000 0.096875
0 0.600688 0.008700 0.000000 0.096875
0 0.060060 0.007088 0.000000 0.096875
0 0.000000 0.00605 0.050000 0.096875
0 0.080090 0.004060 0.048408 0.000000
0 0.004000 0.004060 0.048408 0.100000
0 0.000906 0.000000 0.008408 0.000000
0 0.060080 0.000000 0.008038 0.100000
0 0.000606 0.000908 0.008038 0.000000
0 0.080090 0.009070 0.008438 0.000000
0 0.000969 0.009070 0.008408 0.000000
0 0.000906 0.006000 0.008008 0.000000
0 0.066006 0.000687 0.048408 0.000000
0 0.000000 0.000000 0.050125 0.100000
0 0.080800 0.000020 0.000125 0.100000
0 0.000700 0.00060 0.003005 0.000000
0 0.008000 0.770008 0.003020 0.096875
0 0.069000 0.770870 0.00060 0.090750
0 0.000000 0.770606 0.000125 0.095012
0 0.00000 0.770009 0.000120 0.095312
0 0.090088 0.770781 0.000100 0.095012
0 0.000070 0.778906 0.003000 0.095302
0 0.070008 0.780069 0.003000 0.090302
0 0.000060 0.780030 0.000000 0.098037
0 0.000687 0.780000 0.000000 0.098037
0 0.096870 0.780000 0.000000 0.098037
0 0.008080 0.78006 0.008408 0.090088
0 0.080069 0.780907 0.048408 0.093700
0 0.000000 0.78006 0.000000 0.098007
0 0.060907 0.789060 0.000000 0.096870
0 0.60060 0.790600 0.000000 0.096870
0 0.600088 0.790600 0.000000 0.096870
0 0.680070 0.790969 0.000000 0.098037
0 0.706060 0.790002 0.000025 0.093750
0 0.768700 0.797606 0.006050 0.090088
0 0.80006 0.797606 0.000688 0.098007
0 0.80060 0.800000 0.006000 0.090750
0 0.890000 0.800004 0.004688 0.090300
0 0.906709 0.800906 0.007803 0.090310
0 0.970090 0.896870 0.000688 0.090700
0 0.908906 0.890006 0.000688 0.090088
0 0.887000 0.890006 0.000000 0.090088
0 0.800000 0.886709 0.000000 0.090188
0 0.760000 0.88006 0.000000 0.090088
0 0.700870 0.880000 0.000000 0.089060
0 0.680000 0.880000 0.006870 0.090625
0 0.600600 0.878906 0.000000 0.089060
0 0.600000 0.878906 0.006870 0.089060
0 0.009070 0.877000 0.046875 0.089063
0 0.008700 0.870009 0.006870 0.089060
0 0.078000 0.870009 0.046870 0.089060
0 0.007000 0.870606 0.000700 0.090088
0 0.098008 0.870090 0.043700 0.090088
0 0.007800 0.870090 0.000700 0.090188
0 0.009000 0.867969 0.008038 0.089063
0 0.078000 0.866006 0.006870 0.080908
0 0.009060 0.860804 0.046870 0.089063
0 0.098007 0.860080 0.006870 0.089063
0 0.09070 0.860709 0.006870 0.089060
0 0.008700 0.861719 0.006870 0.089060
0 0.000907 0.860709 0.003100 0.090188
0 0.078000 0.860719 0.000100 0.092188
