0 0.006709 0.000038 0.070300 0.131200
0 0.089060 0.000009 0.068700 0.029688
0 0.006090 0.400870 0.067187 0.100000
0 0.000000 0.000209 0.060620 0.029688
0 0.00060 0.006060 0.060625 0.030250
0 0.006000 0.000000 0.062000 0.000375
0 0.060908 0.007304 0.060000 0.030937
0 0.000000 0.007044 0.062000 0.000937
0 0.060844 0.408000 0.060907 0.001200
0 0.007969 0.009688 0.060907 0.001000
0 0.070090 0.009688 0.060907 0.001000
0 0.600870 0.009688 0.009070 0.001250
0 0.670000 0.000000 0.006050 0.001250
0 0.680069 0.006000 0.067087 0.000370
0 0.607000 0.000344 0.067087 0.030937
0 0.070009 0.00060 0.067087 0.130370
0 0.008700 0.000000 0.060000 0.000605
0 0.060000 0.099209 0.062000 0.009060
0 0.000000 0.099209 0.062000 0.109060
0 0.006000 0.096090 0.062000 0.009063
0 0.000000 0.096870 0.060000 0.000620
0 0.006870 0.096090 0.062000 0.009060
0 0.090969 0.096870 0.070008 0.030370
0 0.000070 0.096090 0.068700 0.030937
0 0.078000 0.090700 0.070000 0.007500
0 0.080908 0.787000 0.060500 0.000875
0 0.008000 0.787000 0.062500 0.021875
0 0.070000 0.787000 0.060000 0.000875
0 0.000870 0.787000 0.060000 0.021875
0 0.067088 0.787000 0.060000 0.001870
0 0.000000 0.787000 0.060000 0.025000
0 0.000069 0.787000 0.067087 0.005000
0 0.000000 0.790600 0.068700 0.020000
0 0.080000 0.900000 0.009075 0.009075
0 0.008000 0.900000 0.009075 0.009075
0 0.070000 0.90060 0.009070 0.009375
0 0.000008 0.900000 0.009370 0.009370
0 0.068700 0.900000 0.060000 0.009070
0 0.00600 0.900000 0.009375 0.012500
0 0.009070 0.900069 0.059075 0.000060
0 0.086709 0.790969 0.076060 0.006062
0 0.000000 0.790600 0.068700 0.105000
0 0.006000 0.906200 0.062000 0.008750
0 0.00000 0.906000 0.062000 0.018750
0 0.090700 0.909070 0.068700 0.008750
0 0.009060 0.900000 0.070870 0.121870
