0 0.077000 0.000719 0.080810 0.142187
0 0.008080 0.008090 0.080812 0.102187
0 0.090969 0.007000 0.076063 0.100313
0 0.000000 0.000688 0.070000 0.000700
0 0.000069 0.000304 0.073438 0.040087
0 0.060060 0.300780 0.070870 0.100313
0 0.009000 0.096870 0.067187 0.100700
0 0.070780 0.096870 0.060060 0.046870
0 0.000090 0.093700 0.060060 0.046875
0 0.090006 0.090087 0.060062 0.146870
0 0.607606 0.090600 0.060062 0.046870
0 0.700069 0.087000 0.060060 0.046870
0 0.760804 0.084070 0.067087 0.046870
0 0.800870 0.082000 0.071870 0.100013
0 0.880000 0.080069 0.070870 0.100010
0 0.900600 0.077004 0.078020 0.048408
0 0.908906 0.000060 0.070002 0.140620
0 0.870606 0.007087 0.070010 0.100620
0 0.807087 0.017969 0.060600 0.109060
0 0.760908 0.000090 0.060600 0.009063
0 0.700000 0.002606 0.060625 0.009063
0 0.600000 0.000780 0.060625 0.109063
0 0.000907 0.030069 0.060605 0.039063
0 0.090600 0.008906 0.060625 0.009060
0 0.080000 0.000000 0.060620 0.139063
0 0.000780 0.000094 0.067087 0.130937
0 0.069000 0.03006 0.067087 0.130937
0 0.000804 0.406709 0.067187 0.130937
0 0.060907 0.006709 0.068700 0.030812
0 0.000000 0.009063 0.070870 0.130370
0 0.00000 0.000700 0.070000 0.007000
0 0.090000 0.040000 0.079687 0.131000
0 0.000600 0.046870 0.078000 0.001250
0 0.08006 0.800800 0.076060 0.028120
0 0.000969 0.809688 0.076060 0.028120
0 0.000000 0.826062 0.070438 0.028020
0 0.007800 0.820000 0.070870 0.125000
0 0.000060 0.800606 0.068700 0.026062
0 0.070870 0.800090 0.068700 0.106062
0 0.008000 0.809001 0.068700 0.126562
0 0.080070 0.807969 0.060600 0.006562
0 0.000600 0.800844 0.060000 0.029688
0 0.098007 0.800080 0.060000 0.129688
0 0.607000 0.809070 0.067087 0.131000
0 0.700080 0.807810 0.067187 0.131000
0 0.770090 0.806000 0.067087 0.101000
0 0.800069 0.800688 0.067087 0.001000
0 0.886709 0.800000 0.070010 0.128120
0 0.900000 0.800780 0.070000 0.109688
0 0.906709 0.900606 0.070002 0.120313
0 0.877000 0.904009 0.070002 0.120313
0 0.800090 0.900000 0.067087 0.118700
0 0.760600 0.906062 0.065625 0.00625
0 0.708090 0.908906 0.060060 0.007188
0 0.600000 0.900469 0.064060 0.007188
0 0.097606 0.900000 0.060060 0.017188
0 0.006090 0.900094 0.064060 0.007188
0 0.089804 0.906709 0.064060 0.017188
0 0.000090 0.938080 0.064060 0.017188
0 0.077000 0.938080 0.064060 0.017188
0 0.000606 0.908280 0.070302 0.117188
0 0.067088 0.900600 0.068700 0.018700
0 0.000080 0.901006 0.070012 0.117188
