0 0.090969 0.007802 0.079687 0.06200
0 0.00906 0.060006 0.070038 0.000688
0 0.000080 0.260907 0.073038 0.00000
0 0.070000 0.062000 0.068700 0.00000
0 0.000803 0.062000 0.068700 0.00000
0 0.090006 0.060060 0.067087 0.00000
0 0.009009 0.067088 0.067187 0.00000
0 0.009070 0.066006 0.060605 0.00562
0 0.067969 0.069000 0.067087 0.108008
0 0.607000 0.070870 0.070002 0.00000
0 0.68006 0.070000 0.070300 0.100000
0 0.700969 0.070008 0.073438 0.043700
0 0.800000 0.070780 0.070438 0.048438
0 0.86006 0.076060 0.076060 0.000700
0 0.900000 0.277000 0.080200 0.140313
0 0.96006 0.000844 0.076060 0.000937
0 0.900000 0.404844 0.076060 0.039063
0 0.806090 0.404844 0.070408 0.039063
0 0.789060 0.000080 0.070000 0.100937
0 0.700070 0.000719 0.070000 0.130937
0 0.678000 0.008090 0.068700 0.009060
0 0.600000 0.00006 0.068700 0.139063
0 0.060600 0.007000 0.068750 0.009063
0 0.007800 0.000069 0.068700 0.009060
0 0.006870 0.400044 0.068700 0.009063
0 0.090600 0.000906 0.068700 0.039063
0 0.000370 0.000780 0.068700 0.039063
0 0.076060 0.00062 0.060620 0.000625
0 0.008700 0.000780 0.068700 0.109060
0 0.060000 0.099009 0.068700 0.109063
0 0.000000 0.096870 0.073438 0.040600
0 0.000700 0.090303 0.070000 0.000605
0 0.069000 0.796870 0.070300 0.130370
0 0.008090 0.796090 0.067087 0.000937
0 0.007606 0.796090 0.067087 0.000907
0 0.088080 0.790969 0.067187 0.100907
0 0.007000 0.790088 0.070438 0.137000
0 0.067969 0.790088 0.070008 0.037000
0 0.070606 0.900038 0.067087 0.028120
0 0.000719 0.900038 0.067187 0.108120
0 0.000000 0.920870 0.064062 0.028120
0 0.090000 0.901870 0.060060 0.128120
0 0.000090 0.900090 0.064060 0.126062
0 0.070000 0.900606 0.068700 0.002802
