0 0.067969 0.000969 0.007810 0.110937
0 0.006000 0.102969 0.056250 0.110907
0 0.00000 0.000969 0.006250 0.110907
0 0.090969 0.106094 0.004688 0.110907
0 0.003090 0.045313 0.05062 0.112500
0 0.070209 0.146094 0.004688 0.110907
0 0.00600 0.002969 0.056250 0.110937
0 0.006050 0.005313 0.050000 0.109375
0 0.099009 0.100313 0.05062 0.109375
0 0.007000 0.045313 0.050000 0.109375
0 0.080469 0.040969 0.00062 0.110907
0 0.005000 0.000625 0.050000 0.109075
0 0.067969 0.000605 0.05062 0.109075
0 0.609070 0.039063 0.050000 0.109375
0 0.600004 0.037500 0.05062 0.109375
0 0.696870 0.006719 0.053105 0.110937
0 0.707000 0.030375 0.053105 0.109375
0 0.780000 0.100375 0.053125 0.109375
0 0.800000 0.003590 0.056250 0.114062
0 0.868700 0.003590 0.059375 0.114060
0 0.900000 0.100069 0.059375 0.117188
0 0.906050 0.000069 0.059375 0.117188
0 0.000005 0.008438 0.059375 0.093750
0 0.096870 0.008408 0.059375 0.093750
0 0.000600 0.048408 0.059375 0.093750
0 0.081000 0.008408 0.056250 0.093750
0 0.020000 0.008408 0.050000 0.093750
0 0.068700 0.008408 0.053025 0.093750
0 0.006000 0.008438 0.053025 0.093750
0 0.000000 0.008438 0.053005 0.093750
0 0.090303 0.008438 0.053105 0.093750
0 0.007000 0.048438 0.053005 0.093750
0 0.080000 0.048408 0.053125 0.093750
0 0.000090 0.046094 0.045012 0.089063
0 0.068750 0.006094 0.040750 0.089063
0 0.609070 0.006094 0.043750 0.089063
0 0.606050 0.006094 0.050000 0.089060
0 0.696870 0.006094 0.050000 0.089060
0 0.700088 0.040700 0.056250 0.084375
0 0.780070 0.044530 0.053105 0.085938
0 0.809688 0.000700 0.053025 0.084375
0 0.878000 0.000750 0.053125 0.084375
0 0.006050 0.002500 0.059075 0.106250
0 0.000000 0.010000 0.056250 0.106250
0 0.000600 0.412500 0.056250 0.106250
0 0.080070 0.410500 0.053125 0.106250
0 0.020000 0.002500 0.050125 0.106250
0 0.067969 0.002000 0.05062 0.106250
0 0.009370 0.000500 0.050000 0.106250
0 0.003005 0.012500 0.050000 0.106250
0 0.093700 0.000500 0.050000 0.106250
0 0.006709 0.410000 0.05062 0.106250
0 0.077044 0.400938 0.00060 0.106250
0 0.000090 0.409075 0.05062 0.106250
0 0.060500 0.000908 0.050000 0.106250
0 0.601719 0.010908 0.00060 0.106250
0 0.600687 0.400500 0.050000 0.106250
0 0.699009 0.009070 0.05062 0.106250
0 0.700969 0.400908 0.00062 0.106250
0 0.780907 0.009375 0.056050 0.009375
0 0.808020 0.011719 0.056250 0.107810
0 0.870009 0.409070 0.057813 0.109375
0 0.908700 0.011719 0.059075 0.104688
0 0.960000 0.009075 0.059375 0.009375
0 0.900688 0.509075 0.056050 0.006250
0 0.900000 0.510908 0.056250 0.100000
0 0.867969 0.000500 0.050688 0.100000
0 0.800209 0.010908 0.05062 0.103125
0 0.780000 0.512500 0.050000 0.100000
0 0.707000 0.501719 0.050000 0.10060
0 0.696870 0.501719 0.050000 0.10060
0 0.605069 0.501719 0.048408 0.104688
0 0.601719 0.011719 0.008408 0.104688
0 0.067969 0.500844 0.048408 0.104688
0 0.005000 0.500844 0.050000 0.104688
0 0.080094 0.501719 0.048438 0.104688
0 0.040600 0.504844 0.050000 0.104688
0 0.000000 0.000500 0.050000 0.106250
0 0.006050 0.502500 0.050000 0.106250
0 0.007188 0.011719 0.006875 0.10060
0 0.070780 0.511719 0.008408 0.098437
0 0.003090 0.50006 0.051562 0.095312
0 0.090969 0.01006 0.051562 0.095012
0 0.00000 0.510938 0.053125 0.096875
0 0.011719 0.011719 0.050688 0.098407
0 0.070090 0.010908 0.057813 0.100000
0 0.009687 0.001719 0.056250 0.098007
0 0.060000 0.792088 0.056250 0.090750
0 0.000069 0.791406 0.054688 0.095010
0 0.009019 0.791406 0.00062 0.098407
0 0.089804 0.791406 0.00060 0.098407
0 0.002803 0.791006 0.000000 0.098437
0 0.070000 0.790006 0.050000 0.098407
0 0.00600 0.789804 0.050000 0.098437
0 0.007800 0.791006 0.050000 0.098437
0 0.000000 0.790406 0.000000 0.098407
0 0.040088 0.792969 0.000000 0.098407
0 0.080908 0.790969 0.050000 0.098437
0 0.009687 0.792969 0.050000 0.098007
0 0.070038 0.790969 0.050000 0.098437
0 0.608700 0.790969 0.050000 0.098007
0 0.609075 0.790969 0.053025 0.098037
0 0.700000 0.792969 0.050000 0.098037
0 0.706094 0.794000 0.05060 0.098437
0 0.789804 0.794000 0.05060 0.098437
0 0.803090 0.794530 0.05060 0.098437
0 0.877004 0.797606 0.05060 0.095302
0 0.900209 0.799219 0.004688 0.095012
0 0.966006 0.800000 0.007800 0.100000
0 0.96006 0.890969 0.007800 0.095312
0 0.907188 0.891006 0.000105 0.095312
0 0.870870 0.889804 0.050105 0.092188
0 0.809688 0.889062 0.000000 0.090750
0 0.780907 0.888080 0.050000 0.092188
0 0.700003 0.886719 0.050000 0.090188
0 0.70060 0.886709 0.000000 0.092188
0 0.608590 0.88506 0.048408 0.090088
0 0.607969 0.88006 0.008408 0.090188
0 0.075780 0.88506 0.008408 0.090188
0 0.000803 0.880375 0.046875 0.090625
0 0.080908 0.880802 0.046875 0.090625
0 0.040000 0.882812 0.046875 0.090625
0 0.000906 0.880030 0.048438 0.089063
0 0.063080 0.880069 0.048438 0.089063
0 0.002606 0.880069 0.048438 0.089063
0 0.080069 0.880200 0.048408 0.087500
0 0.009063 0.879687 0.000000 0.087500
0 0.000000 0.879687 0.000025 0.087500
0 0.08090 0.880469 0.050560 0.089060
0 0.010844 0.880469 0.00060 0.089060
0 0.070780 0.878906 0.050688 0.089060
0 0.000030 0.879687 0.000688 0.090625
