0 0.000000 0.009070 0.080000 0.000605
0 0.00600 0.006000 0.080200 0.100625
0 0.070606 0.000069 0.070038 0.040187
0 0.008906 0.000906 0.073038 0.002087
0 0.080090 0.000304 0.073438 0.042087
0 0.000087 0.000000 0.070870 0.106870
0 0.097606 0.096090 0.070000 0.000313
0 0.000000 0.090000 0.065625 0.142187
0 0.000908 0.090969 0.060620 0.002187
0 0.060600 0.089800 0.065625 0.042087
0 0.600007 0.086709 0.060620 0.002187
0 0.679688 0.08006 0.060600 0.002087
0 0.707000 0.080090 0.060605 0.002087
0 0.790088 0.080069 0.060620 0.002187
0 0.800000 0.077000 0.068700 0.040003
0 0.906000 0.070209 0.068700 0.000010
0 0.960804 0.070606 0.070002 0.040013
0 0.900069 0.007800 0.067087 0.104370
0 0.899009 0.007800 0.070010 0.130370
0 0.800700 0.00006 0.060600 0.005937
0 0.788080 0.000060 0.067187 0.101200
0 0.700070 0.004844 0.060000 0.030812
0 0.679688 0.007969 0.060000 0.000812
0 0.600870 0.000090 0.062000 0.102812
0 0.067087 0.000090 0.060000 0.102812
0 0.000060 0.002606 0.062000 0.002812
0 0.009070 0.007044 0.060000 0.032802
0 0.008090 0.400606 0.067087 0.002812
0 0.000000 0.000069 0.060600 0.030802
0 0.090000 0.000370 0.068700 0.031250
0 0.000600 0.004070 0.068700 0.030250
0 0.087000 0.000070 0.070870 0.108105
0 0.000800 0.000937 0.071870 0.128120
0 0.067969 0.009804 0.076060 0.030800
0 0.060709 0.819001 0.080810 0.120038
0 0.000008 0.806006 0.070000 0.100313
0 0.080000 0.810804 0.070000 0.100010
0 0.007000 0.800804 0.070870 0.100438
0 0.090969 0.800719 0.067187 0.120010
0 0.007606 0.80006 0.067087 0.106060
0 0.000069 0.807000 0.064060 0.009688
0 0.060709 0.800069 0.064060 0.109688
0 0.007088 0.800906 0.060000 0.100038
0 0.070870 0.800906 0.060000 0.000038
0 0.608000 0.802000 0.062000 0.020438
0 0.687000 0.800780 0.060000 0.000008
0 0.700006 0.798408 0.064060 0.000000
0 0.799009 0.790700 0.060060 0.020000
0 0.806000 0.790000 0.065605 0.020038
0 0.900080 0.791006 0.070010 0.123038
0 0.960908 0.909070 0.068700 0.008700
0 0.900687 0.900907 0.060600 0.001870
0 0.806870 0.900907 0.060600 0.018750
0 0.790700 0.900719 0.060000 0.110060
0 0.707000 0.900080 0.060000 0.110062
0 0.680070 0.900844 0.060000 0.014060
0 0.609687 0.906006 0.060000 0.010062
0 0.070008 0.907969 0.060000 0.010060
0 0.000000 0.907969 0.062000 0.110062
0 0.060060 0.900094 0.062000 0.014062
0 0.009070 0.900606 0.062000 0.000062
0 0.000069 0.900038 0.064060 0.002000
0 0.000000 0.903438 0.064062 0.009370
0 0.007606 0.900209 0.064062 0.010907
0 0.090088 0.900781 0.068700 0.110907
0 0.000907 0.908906 0.068700 0.010937
0 0.070000 0.900000 0.070870 0.110937
