0 0.060080 0.169031 0.079687 0.01562
0 0.000038 0.170313 0.070000 0.00000
0 0.081000 0.171875 0.071875 0.00000
0 0.009063 0.073037 0.071870 0.00000
0 0.090002 0.175000 0.068750 0.00000
0 0.000304 0.074219 0.064062 0.148438
0 0.007000 0.177344 0.064060 0.148438
0 0.060605 0.078906 0.068750 0.01562
0 0.000038 0.080469 0.065625 0.01562
0 0.080050 0.180069 0.065625 0.01562
0 0.606709 0.178906 0.067187 0.100313
0 0.690969 0.070781 0.070012 0.105313
0 0.707606 0.079688 0.070010 0.146875
0 0.800688 0.079688 0.071870 0.146875
0 0.809075 0.078105 0.078125 0.106875
0 0.907188 0.179688 0.078100 0.106875
0 0.900000 0.560719 0.078125 0.105937
0 0.868700 0.558590 0.078005 0.105937
0 0.807800 0.06006 0.071875 0.139063
0 0.700780 0.557810 0.070310 0.100625
0 0.690087 0.057001 0.068750 0.102187
0 0.600370 0.556050 0.065625 0.043750
0 0.075780 0.550688 0.064060 0.140625
0 0.006006 0.555469 0.064060 0.109063
0 0.06006 0.057000 0.064060 0.139063
0 0.000780 0.055469 0.064060 0.109063
0 0.000406 0.053906 0.064060 0.139063
0 0.080070 0.555469 0.065625 0.039063
0 0.026062 0.550688 0.068750 0.040625
0 0.066006 0.054688 0.070438 0.140605
0 0.009070 0.553906 0.078105 0.139063
0 0.000000 0.550004 0.078025 0.139063
0 0.060719 0.680810 0.076063 0.131250
0 0.001090 0.680094 0.073438 0.129688
0 0.079688 0.680070 0.071875 0.108125
0 0.002803 0.683090 0.068750 0.126562
0 0.090006 0.684070 0.067187 0.128125
0 0.009009 0.68006 0.064062 0.129688
0 0.004687 0.68006 0.065605 0.029688
0 0.060908 0.686709 0.060605 0.129688
0 0.007969 0.686719 0.060060 0.129688
0 0.075780 0.686719 0.060060 0.129688
0 0.603090 0.686709 0.064060 0.129688
0 0.688080 0.688281 0.060062 0.129688
0 0.700003 0.68506 0.065605 0.123438
0 0.800000 0.680907 0.070875 0.105000
0 0.806050 0.686709 0.071875 0.126562
0 0.900000 0.688281 0.075000 0.129688
