0 0.049219 0.112500 0.082812 0.146875
0 0.108594 0.117188 0.079687 0.150000
0 0.164844 0.121094 0.073438 0.148438
0 0.221094 0.117969 0.073438 0.148438
0 0.278125 0.120313 0.071875 0.143750
0 0.332813 0.121094 0.068750 0.142187
0 0.387500 0.121094 0.068750 0.142187
0 0.440625 0.121875 0.068750 0.140625
0 0.496875 0.121875 0.068750 0.140625
0 0.554688 0.120313 0.068750 0.140625
0 0.607812 0.121875 0.068750 0.140625
0 0.660937 0.120313 0.068750 0.140625
0 0.719531 0.121875 0.067187 0.140625
0 0.771875 0.125000 0.068750 0.146875
0 0.826562 0.123438 0.068750 0.140625
0 0.882812 0.123438 0.075000 0.140625
0 0.937500 0.119531 0.078125 0.142187
0 0.036719 0.485938 0.070312 0.140625
0 0.091406 0.485156 0.073438 0.142187
0 0.147656 0.487500 0.070312 0.140625
0 0.205469 0.485938 0.070312 0.140625
0 0.263281 0.487500 0.070312 0.140625
0 0.320312 0.486719 0.068750 0.142187
0 0.378125 0.486719 0.068750 0.142187
0 0.432812 0.486719 0.068750 0.142187
0 0.492188 0.486719 0.068750 0.142187
0 0.548438 0.488281 0.068750 0.142187
0 0.603906 0.490625 0.070312 0.137500
0 0.660156 0.490625 0.070312 0.137500
0 0.716406 0.491406 0.076563 0.135937
0 0.774219 0.491406 0.076563 0.135937
0 0.828906 0.491406 0.076563 0.135937
0 0.885156 0.491406 0.076563 0.135937
0 0.942187 0.492969 0.078125 0.132812
0 0.929688 0.619531 0.075000 0.126562
0 0.874219 0.618750 0.073438 0.128125
0 0.818750 0.618750 0.068750 0.128125
0 0.764844 0.619531 0.067187 0.129688
0 0.710156 0.621094 0.067187 0.129688
0 0.653125 0.617188 0.065625 0.128125
0 0.600000 0.618750 0.065625 0.128125
0 0.545312 0.620313 0.065625 0.128125
0 0.490625 0.618750 0.065625 0.128125
0 0.434375 0.618750 0.062500 0.128125
0 0.378125 0.617188 0.062500 0.128125
0 0.323437 0.617188 0.062500 0.128125
0 0.267188 0.614062 0.062500 0.128125
0 0.210938 0.615625 0.062500 0.128125
0 0.155469 0.617188 0.067187 0.134375
0 0.100781 0.620313 0.067187 0.134375
0 0.041406 0.615625 0.067187 0.134375
