0 0.090700 0.088080 0.078100 0.0062
0 0.008080 0.087000 0.070038 0.03100
0 0.00000 0.090600 0.078120 0.00000
0 0.00006 0.090188 0.070008 0.100000
0 0.067088 0.090010 0.071870 0.00120
0 0.000009 0.090001 0.067187 0.01062
0 0.080069 0.099009 0.067187 0.01060
0 0.009804 0.097606 0.067087 0.01060
0 0.096090 0.099009 0.067187 0.01060
0 0.000000 0.000780 0.067087 0.0062
0 0.609070 0.000906 0.068700 0.00688
0 0.667088 0.000906 0.068700 0.00688
0 0.700000 0.007800 0.070000 0.00000
0 0.780000 0.008090 0.070038 0.00062
0 0.800908 0.000719 0.070000 0.100313
0 0.890000 0.001719 0.079687 0.01060
0 0.900780 0.001719 0.079687 0.01060
0 0.900907 0.300780 0.070870 0.139063
0 0.880069 0.000000 0.076060 0.030370
0 0.800009 0.007606 0.070438 0.030937
0 0.770000 0.007606 0.070870 0.130812
0 0.700804 0.046870 0.067087 0.107000
0 0.66006 0.000000 0.067087 0.130937
0 0.600000 0.000006 0.060000 0.130937
0 0.008008 0.039844 0.060000 0.030937
0 0.090700 0.038080 0.060000 0.030937
0 0.007000 0.036709 0.060000 0.030937
0 0.080000 0.03006 0.060000 0.035937
0 0.006060 0.033090 0.062000 0.035937
0 0.070870 0.000030 0.062000 0.130937
0 0.00600 0.000200 0.060625 0.037500
0 0.09070 0.008000 0.060625 0.037500
0 0.006000 0.000780 0.070000 0.105937
0 0.000000 0.000780 0.078120 0.135937
