0 0.047606 0.040969 0.054688 0.126562
0 0.097606 0.000969 0.057813 0.126562
0 0.007606 0.043750 0.057813 0.108125
0 0.099209 0.102969 0.007810 0.129688
0 0.007606 0.040625 0.060907 0.131250
0 0.098007 0.141406 0.060000 0.129688
0 0.047606 0.060280 0.05062 0.117188
0 0.098038 0.063280 0.006250 0.123438
0 0.00060 0.263280 0.056250 0.123038
0 0.003000 0.260844 0.059375 0.123438
0 0.000688 0.264062 0.059075 0.025000
0 0.000906 0.262000 0.060937 0.021875
0 0.00069 0.060907 0.064062 0.025000
0 0.000688 0.060907 0.060625 0.125000
0 0.000005 0.260937 0.071875 0.128125
0 0.000013 0.140605 0.065625 0.131250
0 0.090000 0.137500 0.070310 0.134375
0 0.000088 0.10006 0.071875 0.132812
0 0.078005 0.600781 0.056250 0.117188
0 0.075000 0.709075 0.053005 0.109375
0 0.005000 0.700908 0.056250 0.112500
0 0.007004 0.600780 0.054688 0.117188
0 0.078000 0.600781 0.056250 0.120013
0 0.008020 0.600781 0.056250 0.120013
0 0.078000 0.599219 0.056250 0.120313
0 0.006062 0.599209 0.056250 0.120313
0 0.078020 0.599219 0.059075 0.123038
0 0.027004 0.098437 0.060937 0.021875
0 0.070781 0.600000 0.060907 0.101875
0 0.000219 0.600000 0.064062 0.118700
0 0.070606 0.602004 0.067087 0.117188
0 0.00006 0.700500 0.067187 0.112500
0 0.080070 0.704063 0.068750 0.110500
0 0.003090 0.713081 0.067187 0.110937
0 0.080070 0.710500 0.062500 0.10625
0 0.003090 0.703281 0.060937 0.114062
0 0.082800 0.711719 0.009375 0.110062
0 0.030803 0.711719 0.006250 0.110937
0 0.080069 0.701719 0.007813 0.114060
0 0.008906 0.701719 0.007810 0.114062
0 0.070000 0.700500 0.056250 0.112500
