0 0.068750 0.606250 0.065625 0.125000
0 0.121094 0.606250 0.070312 0.125000
0 0.178125 0.605469 0.065625 0.129688
0 0.232813 0.604688 0.065625 0.128125
0 0.284375 0.605469 0.062500 0.129688
0 0.337500 0.605469 0.062500 0.129688
0 0.392188 0.605469 0.062500 0.123438
0 0.443750 0.606250 0.062500 0.125000
0 0.496875 0.606250 0.062500 0.125000
0 0.550000 0.605469 0.062500 0.123438
0 0.604688 0.605469 0.062500 0.123438
0 0.657813 0.605469 0.062500 0.123438
0 0.709375 0.604688 0.065625 0.121875
0 0.762500 0.604688 0.065625 0.121875
0 0.814844 0.604688 0.067187 0.121875
0 0.867188 0.604688 0.071875 0.121875
0 0.918750 0.604688 0.071875 0.121875
0 0.959375 0.715625 0.071875 0.115625
0 0.702344 0.721094 0.060937 0.120313
0 0.653125 0.720313 0.062500 0.115625
0 0.600000 0.720313 0.056250 0.118750
0 0.550000 0.718750 0.056250 0.118750
0 0.496875 0.721875 0.059375 0.118750
0 0.446875 0.721094 0.059375 0.120313
0 0.396094 0.721875 0.060937 0.118750
0 0.755469 0.721094 0.060937 0.120313
0 0.805469 0.718750 0.064062 0.121875
0 0.906250 0.718750 0.068750 0.115625
0 0.856250 0.718750 0.068750 0.115625
0 0.339844 0.723437 0.060937 0.118750
0 0.290625 0.723437 0.059375 0.118750
0 0.237500 0.721875 0.062500 0.118750
0 0.187500 0.725000 0.062500 0.121875
0 0.133594 0.724219 0.067187 0.117188
0 0.080469 0.725000 0.067187 0.118750
0 0.034375 0.112500 0.065625 0.150000
0 0.089844 0.114844 0.070312 0.148438
0 0.142969 0.114844 0.070312 0.148438
0 0.196875 0.114844 0.065625 0.142187
0 0.251563 0.117969 0.065625 0.142187
0 0.306250 0.117969 0.065625 0.142187
0 0.359375 0.117969 0.065625 0.142187
0 0.411719 0.117969 0.067187 0.142187
0 0.465625 0.114844 0.065625 0.142187
0 0.518750 0.117969 0.065625 0.142187
0 0.568750 0.114844 0.065625 0.142187
0 0.625000 0.114844 0.065625 0.142187
0 0.673438 0.117969 0.065625 0.142187
0 0.728125 0.116406 0.065625 0.142187
0 0.779687 0.118750 0.071875 0.140625
0 0.832812 0.115625 0.071875 0.140625
0 0.885938 0.117188 0.075000 0.140625
0 0.940625 0.114062 0.075000 0.146875
0 0.925000 0.248438 0.075000 0.134375
0 0.875000 0.249219 0.068750 0.135937
0 0.823438 0.250781 0.068750 0.135937
0 0.771875 0.250000 0.068750 0.134375
0 0.721875 0.247656 0.062500 0.135937
0 0.671875 0.250781 0.062500 0.135937
0 0.621875 0.250781 0.062500 0.135937
0 0.568750 0.249219 0.059375 0.132812
0 0.517188 0.249219 0.059375 0.132812
0 0.467187 0.249219 0.059375 0.132812
0 0.414844 0.250000 0.064062 0.134375
0 0.361719 0.251563 0.064062 0.134375
0 0.309375 0.250781 0.059375 0.132812
0 0.259375 0.250000 0.062500 0.134375
0 0.206250 0.249219 0.062500 0.132812
0 0.154688 0.248438 0.068750 0.134375
0 0.101562 0.248438 0.068750 0.134375
0 0.046875 0.246875 0.078125 0.131250
