0 0.069531 0.381250 0.073438 0.125000
0 0.121094 0.378125 0.073438 0.125000
0 0.171094 0.376563 0.070312 0.121875
0 0.222656 0.375000 0.070312 0.121875
0 0.271094 0.371094 0.067187 0.123438
0 0.322656 0.367969 0.067187 0.123438
0 0.371094 0.364063 0.067187 0.121875
0 0.420312 0.360938 0.062500 0.121875
0 0.471875 0.357031 0.059375 0.123438
0 0.521875 0.353906 0.059375 0.123438
0 0.573438 0.350781 0.059375 0.123438
0 0.621875 0.347656 0.059375 0.123438
0 0.672656 0.343750 0.057813 0.128125
0 0.722656 0.339062 0.057813 0.128125
0 0.775781 0.335938 0.064062 0.125000
0 0.828906 0.334375 0.064062 0.125000
0 0.882031 0.329688 0.064062 0.125000
0 0.930469 0.326562 0.064062 0.125000
0 0.921875 0.443750 0.062500 0.118750
0 0.875000 0.446094 0.059375 0.117188
0 0.823438 0.450000 0.059375 0.118750
0 0.775000 0.453125 0.059375 0.118750
0 0.723437 0.457031 0.056250 0.120313
0 0.673438 0.461719 0.056250 0.120313
0 0.623437 0.463281 0.056250 0.120313
0 0.573438 0.467969 0.056250 0.120313
0 0.526563 0.469531 0.056250 0.120313
0 0.476562 0.474219 0.056250 0.120313
0 0.428906 0.475781 0.057813 0.117188
0 0.381250 0.480469 0.056250 0.120313
0 0.332031 0.483594 0.057813 0.120313
0 0.283594 0.486719 0.060937 0.117188
0 0.235156 0.489063 0.060937 0.115625
0 0.186719 0.490625 0.064062 0.115625
0 0.139063 0.493750 0.068750 0.112500
0 0.090625 0.495312 0.068750 0.115625
0 0.041406 0.498437 0.073438 0.112500
0 0.041406 0.825781 0.070312 0.114062
0 0.091406 0.822656 0.070312 0.110937
0 0.142969 0.818750 0.073438 0.112500
0 0.194531 0.815625 0.070312 0.109375
0 0.242969 0.814063 0.067187 0.112500
0 0.293750 0.809375 0.065625 0.112500
0 0.342969 0.807031 0.067187 0.110937
0 0.392969 0.803906 0.064062 0.110937
0 0.443750 0.801562 0.059375 0.112500
0 0.492188 0.800000 0.059375 0.112500
0 0.542188 0.795312 0.059375 0.112500
0 0.593750 0.793750 0.059375 0.112500
0 0.641406 0.790625 0.057813 0.112500
0 0.689844 0.786719 0.057813 0.114062
0 0.741406 0.782031 0.057813 0.114062
0 0.791406 0.778906 0.057813 0.114062
0 0.841406 0.775781 0.057813 0.117188
0 0.892188 0.773438 0.059375 0.118750
0 0.945312 0.770312 0.059375 0.118750
0 0.939063 0.878906 0.059375 0.107813
0 0.889062 0.882031 0.056250 0.107813
0 0.839844 0.882812 0.054688 0.106250
0 0.789844 0.885938 0.054688 0.106250
0 0.741406 0.887500 0.054688 0.106250
0 0.691406 0.892188 0.054688 0.106250
0 0.642969 0.896875 0.054688 0.106250
0 0.592969 0.898438 0.054688 0.106250
0 0.544531 0.898438 0.054688 0.106250
0 0.496875 0.901563 0.056250 0.100000
0 0.449219 0.903125 0.054688 0.100000
0 0.400000 0.904687 0.056250 0.100000
0 0.350000 0.907813 0.056250 0.100000
0 0.304688 0.911719 0.056250 0.101562
0 0.255469 0.914844 0.057813 0.101562
0 0.207813 0.916406 0.059375 0.101562
0 0.157812 0.921094 0.062500 0.101562
0 0.109375 0.924219 0.065625 0.101562
0 0.059375 0.928125 0.068750 0.100000
