0 0.142969 0.053125 0.048438 0.103125
0 0.183594 0.052344 0.054688 0.101562
0 0.225000 0.053906 0.050000 0.104688
0 0.267188 0.054688 0.053125 0.106250
0 0.309375 0.054688 0.053125 0.106250
0 0.353125 0.053906 0.053125 0.104688
0 0.392188 0.053906 0.050000 0.104688
0 0.434375 0.053906 0.050000 0.104688
0 0.478125 0.053906 0.050000 0.104688
0 0.518750 0.055469 0.050000 0.107813
0 0.562500 0.055469 0.050000 0.107813
0 0.600000 0.055469 0.050000 0.107813
0 0.643750 0.055469 0.050000 0.107813
0 0.683594 0.055469 0.051562 0.107813
0 0.728125 0.055469 0.050000 0.107813
0 0.768750 0.055469 0.056250 0.107813
0 0.814844 0.055469 0.054688 0.107813
0 0.858594 0.056250 0.057813 0.109375
0 0.902344 0.054688 0.060937 0.106250
0 0.943750 0.053906 0.059375 0.104688
0 0.971875 0.156250 0.053125 0.109375
0 0.934375 0.158594 0.059375 0.110937
0 0.893750 0.158594 0.059375 0.110937
0 0.849219 0.158594 0.057813 0.107813
0 0.806250 0.159375 0.050000 0.109375
0 0.765625 0.156250 0.050000 0.109375
0 0.724219 0.159375 0.051562 0.109375
0 0.683594 0.156250 0.051562 0.109375
0 0.642969 0.156250 0.051562 0.109375
0 0.602344 0.156250 0.051562 0.106250
0 0.559375 0.158594 0.050000 0.107813
0 0.521094 0.156250 0.051562 0.106250
0 0.478125 0.156250 0.050000 0.106250
0 0.434375 0.156250 0.050000 0.106250
0 0.395313 0.154688 0.050000 0.106250
0 0.356250 0.154688 0.053125 0.109375
0 0.314844 0.154688 0.051562 0.106250
0 0.274219 0.154688 0.051562 0.106250
0 0.233594 0.153125 0.051562 0.106250
0 0.193750 0.153125 0.050000 0.106250
0 0.152344 0.153125 0.051562 0.106250
0 0.060937 0.417969 0.056250 0.101562
0 0.101562 0.419531 0.056250 0.101562
0 0.142969 0.419531 0.057813 0.104688
0 0.184375 0.420312 0.053125 0.103125
0 0.226562 0.419531 0.053125 0.104688
0 0.266406 0.421094 0.051562 0.098437
0 0.309375 0.421875 0.053125 0.103125
0 0.350000 0.421875 0.050000 0.103125
0 0.392188 0.421875 0.050000 0.103125
0 0.434375 0.421875 0.050000 0.103125
0 0.475000 0.421875 0.050000 0.103125
0 0.515625 0.425000 0.050000 0.103125
0 0.559375 0.426563 0.050000 0.103125
0 0.600000 0.425000 0.050000 0.103125
0 0.642188 0.425000 0.050000 0.103125
0 0.684375 0.423438 0.050000 0.103125
0 0.725781 0.425000 0.054688 0.106250
0 0.766406 0.425000 0.051562 0.109375
0 0.810937 0.426563 0.056250 0.106250
0 0.853125 0.426563 0.056250 0.106250
0 0.895312 0.426563 0.053125 0.109375
0 0.939063 0.428906 0.056250 0.107813
0 0.971875 0.525781 0.056250 0.098437
0 0.930469 0.526563 0.057813 0.096875
0 0.888281 0.525781 0.054688 0.098437
0 0.846094 0.525781 0.054688 0.098437
0 0.803906 0.524219 0.054688 0.098437
0 0.763281 0.524219 0.051562 0.098437
0 0.724219 0.522656 0.051562 0.098437
0 0.679688 0.522656 0.050000 0.098437
0 0.640625 0.521094 0.050000 0.098437
0 0.600000 0.521094 0.050000 0.098437
0 0.560937 0.519531 0.050000 0.098437
0 0.517188 0.521094 0.050000 0.098437
0 0.475000 0.517969 0.050000 0.098437
0 0.434375 0.521094 0.050000 0.098437
0 0.392188 0.517969 0.050000 0.098437
0 0.351562 0.519531 0.050000 0.098437
0 0.314063 0.517969 0.050000 0.098437
0 0.273438 0.517969 0.050000 0.098437
0 0.232813 0.517969 0.050000 0.098437
0 0.232813 0.517969 0.050000 0.098437
0 0.193750 0.516406 0.050000 0.098437
0 0.153125 0.514844 0.050000 0.098437
0 0.110937 0.514844 0.053125 0.098437
0 0.071094 0.514062 0.054688 0.100000
0 0.029687 0.514844 0.056250 0.101562
0 0.059375 0.788281 0.056250 0.098437
0 0.102344 0.787500 0.054688 0.096875
0 0.143750 0.789062 0.053125 0.093750
0 0.184375 0.789062 0.050000 0.093750
0 0.228125 0.787500 0.050000 0.093750
0 0.267188 0.789062 0.050000 0.093750
0 0.310937 0.789062 0.050000 0.093750
0 0.351562 0.790625 0.050000 0.093750
0 0.393750 0.790625 0.050000 0.093750
0 0.432812 0.793750 0.050000 0.093750
0 0.473438 0.793750 0.050000 0.093750
0 0.515625 0.792188 0.050000 0.093750
0 0.559375 0.793750 0.046875 0.100000
0 0.600000 0.793750 0.046875 0.100000
0 0.642188 0.795312 0.046875 0.100000
0 0.682031 0.798438 0.048438 0.093750
0 0.725781 0.797656 0.051562 0.095312
0 0.767969 0.800000 0.048438 0.096875
0 0.809375 0.800000 0.053125 0.100000
0 0.851562 0.799219 0.056250 0.098437
0 0.895312 0.803906 0.056250 0.095312
0 0.973437 0.894531 0.053125 0.092188
0 0.931250 0.892969 0.053125 0.092188
0 0.889062 0.894531 0.053125 0.092188
0 0.846875 0.891406 0.053125 0.092188
0 0.805469 0.889062 0.048438 0.087500
0 0.764844 0.887500 0.048438 0.087500
0 0.721094 0.885938 0.048438 0.087500
0 0.680469 0.885938 0.048438 0.090625
0 0.638281 0.885938 0.048438 0.090625
0 0.599219 0.884375 0.048438 0.090625
0 0.557813 0.883594 0.046875 0.092188
0 0.515625 0.882031 0.046875 0.092188
0 0.476562 0.882031 0.046875 0.092188
0 0.434375 0.878906 0.046875 0.092188
0 0.395313 0.880469 0.046875 0.092188
0 0.354687 0.878906 0.046875 0.092188
0 0.314063 0.877344 0.046875 0.092188
0 0.271875 0.877344 0.046875 0.092188
0 0.231250 0.877344 0.046875 0.092188
0 0.190625 0.877344 0.046875 0.092188
0 0.150000 0.877344 0.046875 0.092188
0 0.107813 0.878906 0.046875 0.092188
0 0.067969 0.880469 0.048438 0.095312
0 0.025000 0.878906 0.046875 0.095312
