0 0.000780 0.010000 0.008008 0.109070
0 0.060804 0.004844 0.004688 0.107810
0 0.000069 0.00600 0.000688 0.106050
0 0.006090 0.017188 0.004688 0.106000
0 0.086709 0.117969 0.000688 0.107810
0 0.000000 0.007969 0.006200 0.107810
0 0.060600 0.008700 0.050000 0.109075
0 0.000688 0.00600 0.000000 0.009070
0 0.006090 0.000003 0.00060 0.109370
0 0.080070 0.008700 0.000000 0.109375
0 0.000008 0.008700 0.000000 0.109370
0 0.060600 0.000870 0.050000 0.109075
0 0.006000 0.000000 0.000000 0.109375
0 0.006870 0.000870 0.050000 0.109075
0 0.080070 0.000870 0.050000 0.109075
0 0.600000 0.000870 0.000000 0.109075
0 0.660000 0.000000 0.000000 0.109370
0 0.700688 0.000870 0.000000 0.109070
0 0.706870 0.000000 0.000000 0.109370
0 0.787000 0.000000 0.000000 0.109370
0 0.809688 0.000000 0.003120 0.109370
0 0.870000 0.000313 0.003100 0.109370
0 0.900719 0.117969 0.000688 0.110060
0 0.900000 0.017188 0.009075 0.110500
0 0.900969 0.008700 0.007800 0.106200
0 0.90060 0.000870 0.006200 0.006250
0 0.860908 0.008700 0.000000 0.103125
0 0.808700 0.000008 0.003020 0.103125
0 0.780000 0.020090 0.000000 0.10062
0 0.700088 0.020090 0.000000 0.104688
0 0.700688 0.000090 0.000000 0.004688
0 0.660000 0.020209 0.000000 0.000688
0 0.600090 0.020870 0.00062 0.106200
0 0.080908 0.000209 0.000000 0.000688
0 0.000969 0.020209 0.00062 0.004688
0 0.006000 0.020870 0.050000 0.006250
0 0.060600 0.020870 0.050000 0.006250
0 0.008000 0.208700 0.006870 0.100125
0 0.087000 0.008700 0.006870 0.000105
0 0.009009 0.008700 0.008408 0.106200
0 0.000719 0.018700 0.008008 0.100000
0 0.070870 0.008700 0.000000 0.100000
0 0.000090 0.007088 0.008438 0.100000
0 0.090700 0.007969 0.000000 0.10060
0 0.00069 0.000600 0.05062 0.000000
0 0.007969 0.00600 0.00062 0.100000
0 0.077000 0.00600 0.000062 0.000000
0 0.006709 0.000000 0.000688 0.100120
0 0.007800 0.070870 0.000105 0.096875
0 0.096870 0.070009 0.000000 0.098407
0 0.007000 0.070000 0.000000 0.096875
0 0.078000 0.070000 0.000000 0.096875
0 0.008700 0.070000 0.000000 0.096875
0 0.006000 0.070000 0.006875 0.000000
0 0.096870 0.070000 0.006870 0.000000
0 0.000370 0.070000 0.046870 0.000000
0 0.070000 0.078000 0.006870 0.096875
0 0.000000 0.080469 0.046870 0.098407
0 0.000688 0.480469 0.046870 0.098407
0 0.090088 0.080000 0.046870 0.096870
0 0.000800 0.080000 0.006870 0.096875
0 0.070008 0.083094 0.046870 0.098437
0 0.600000 0.080000 0.000000 0.096875
0 0.600000 0.080069 0.000000 0.098407
0 0.690600 0.080000 0.000000 0.096875
0 0.706709 0.080000 0.007810 0.100000
0 0.778000 0.080000 0.006250 0.100000
0 0.807087 0.087000 0.006000 0.100000
0 0.809070 0.080908 0.056050 0.000000
0 0.900000 0.080070 0.006000 0.000000
0 0.900969 0.084070 0.004688 0.000000
0 0.970870 0.078000 0.050105 0.090750
0 0.900000 0.078000 0.056250 0.090750
0 0.890969 0.078000 0.000688 0.090750
0 0.800000 0.078000 0.056050 0.090625
0 0.800000 0.077000 0.000005 0.092188
0 0.770008 0.077304 0.000000 0.090300
0 0.700090 0.070000 0.008438 0.093750
0 0.690600 0.070009 0.006870 0.089060
0 0.60060 0.070000 0.000750 0.093750
0 0.600719 0.070000 0.008008 0.090700
0 0.070090 0.070009 0.040010 0.092188
0 0.000000 0.070875 0.000750 0.093750
0 0.090969 0.070870 0.000000 0.090750
0 0.000000 0.070090 0.040750 0.090188
0 0.000844 0.070094 0.040010 0.090188
0 0.070009 0.068700 0.000000 0.093750
0 0.006709 0.068700 0.000300 0.093750
0 0.096090 0.060844 0.040000 0.092088
0 0.009070 0.060804 0.040750 0.090088
0 0.000209 0.060620 0.008408 0.090750
0 0.080090 0.060605 0.008408 0.093750
0 0.000969 0.060600 0.008408 0.090750
0 0.000688 0.060600 0.050000 0.090750
0 0.067969 0.060000 0.000688 0.090750
0 0.008906 0.060000 0.000688 0.090750
0 0.000000 0.808020 0.004688 0.090625
0 0.090700 0.808000 0.000000 0.090625
0 0.000070 0.808000 0.000000 0.090625
0 0.070009 0.800000 0.008408 0.090620
0 0.000804 0.809688 0.048408 0.090620
0 0.000069 0.808020 0.008408 0.090625
0 0.090700 0.809688 0.000000 0.090620
0 0.003090 0.830000 0.008438 0.090600
0 0.070000 0.800000 0.006870 0.093750
0 0.000000 0.800000 0.006870 0.090750
0 0.000000 0.800070 0.046870 0.087500
0 0.090088 0.800070 0.046870 0.087000
0 0.000000 0.800370 0.006875 0.087500
0 0.070870 0.800908 0.050000 0.090605
0 0.600719 0.800908 0.008038 0.090600
0 0.600000 0.809063 0.048438 0.090600
0 0.690600 0.807000 0.000000 0.090605
0 0.707000 0.809063 0.000000 0.093700
0 0.777000 0.840600 0.00060 0.090620
0 0.808700 0.800600 0.000000 0.090605
0 0.808090 0.800700 0.054688 0.087500
0 0.900000 0.806090 0.000000 0.089060
0 0.900600 0.806870 0.006050 0.090750
0 0.970000 0.900070 0.000000 0.093750
0 0.900090 0.933090 0.00060 0.089063
0 0.890600 0.900069 0.000000 0.080908
0 0.800000 0.907000 0.000000 0.085938
0 0.800000 0.908020 0.006870 0.087500
0 0.770000 0.900000 0.006870 0.087500
0 0.700070 0.900000 0.006870 0.087500
0 0.690600 0.900008 0.006870 0.087000
0 0.600000 0.900008 0.006870 0.087000
0 0.600908 0.908700 0.006870 0.087000
0 0.070870 0.900870 0.006875 0.087500
0 0.000800 0.908700 0.006870 0.087500
0 0.090088 0.908700 0.006870 0.087000
0 0.000000 0.908700 0.006875 0.087500
0 0.00600 0.900600 0.006875 0.087500
0 0.070000 0.90600 0.006870 0.087500
0 0.007000 0.907088 0.006870 0.087000
0 0.098008 0.907088 0.006870 0.087000
0 0.009070 0.900000 0.006875 0.087500
0 0.008700 0.900000 0.006870 0.087500
0 0.078000 0.910000 0.006870 0.087500
0 0.000600 0.900000 0.006870 0.087500
0 0.000000 0.900000 0.006870 0.087000
0 0.060907 0.900060 0.006870 0.087000
0 0.000009 0.902000 0.000012 0.087000
