0 0.000004 0.047656 0.057803 0.092188
0 0.096090 0.048408 0.007803 0.093750
0 0.000600 0.048408 0.059375 0.093750
0 0.080070 0.048438 0.056050 0.093750
0 0.020000 0.008408 0.050000 0.093750
0 0.067088 0.008408 0.000000 0.093750
0 0.001719 0.008438 0.004688 0.093750
0 0.005069 0.048438 0.054688 0.093750
0 0.093700 0.008438 0.056050 0.093750
0 0.007000 0.048438 0.056050 0.093750
0 0.077044 0.048438 0.004688 0.093750
0 0.005000 0.006875 0.050025 0.090625
0 0.068750 0.006875 0.050000 0.090605
0 0.600000 0.006875 0.050000 0.090625
0 0.606050 0.006875 0.050000 0.090625
0 0.698008 0.046870 0.050000 0.090605
0 0.700700 0.044530 0.053105 0.085938
0 0.780070 0.044530 0.053105 0.085938
0 0.809688 0.004000 0.053125 0.085938
0 0.876060 0.000969 0.056250 0.082802
0 0.906050 0.027004 0.059375 0.110937
0 0.900000 0.101250 0.059375 0.112500
0 0.867088 0.100370 0.059375 0.110500
0 0.800000 0.006719 0.056250 0.110062
0 0.780000 0.107500 0.050000 0.112500
0 0.706709 0.139063 0.00060 0.112500
0 0.696870 0.009063 0.050000 0.110500
0 0.600004 0.040625 0.05062 0.112500
0 0.601719 0.100600 0.05062 0.112500
0 0.068750 0.000605 0.050000 0.112500
0 0.005000 0.002969 0.050000 0.110907
0 0.080000 0.142969 0.050000 0.107810
0 0.040088 0.142969 0.000000 0.110907
0 0.098038 0.046094 0.000000 0.107813
0 0.006050 0.002969 0.050000 0.107813
0 0.000844 0.146094 0.00060 0.107813
0 0.070209 0.142969 0.00062 0.110907
0 0.000200 0.102969 0.050000 0.107813
0 0.090600 0.102969 0.050000 0.110907
0 0.00000 0.000969 0.000000 0.110907
0 0.009070 0.100969 0.059375 0.110937
0 0.060844 0.040969 0.060907 0.110937
0 0.007004 0.040313 0.05062 0.112500
0 0.006050 0.002500 0.056250 0.106250
0 0.099009 0.012000 0.054688 0.106250
0 0.000969 0.412000 0.054688 0.106250
0 0.080070 0.410500 0.056250 0.106250
0 0.020000 0.002500 0.056250 0.106250
0 0.068700 0.002500 0.050000 0.106250
0 0.009370 0.000500 0.050000 0.106250
0 0.003005 0.010938 0.050000 0.106250
0 0.096090 0.400000 0.048438 0.103125
0 0.007000 0.400500 0.050000 0.103125
0 0.080000 0.411719 0.050000 0.104688
0 0.000209 0.412500 0.048408 0.106250
0 0.065605 0.002500 0.050000 0.106250
0 0.600000 0.010908 0.050000 0.106250
0 0.606050 0.001719 0.050000 0.104688
0 0.700000 0.001719 0.000000 0.104688
0 0.700700 0.409375 0.050000 0.006050
0 0.787000 0.001719 0.056050 0.104688
0 0.800000 0.011719 0.056250 0.104688
0 0.876060 0.001719 0.056050 0.104688
0 0.908700 0.009075 0.059375 0.109375
0 0.960060 0.400000 0.062500 0.106250
0 0.906050 0.501719 0.056250 0.100688
0 0.901719 0.009075 0.057813 0.096875
0 0.868700 0.501719 0.050105 0.10062
0 0.800209 0.011719 0.054688 0.10062
0 0.780800 0.009375 0.053125 0.100000
0 0.707000 0.501719 0.053105 0.10062
0 0.696870 0.500500 0.050000 0.106250
0 0.600005 0.511719 0.050000 0.10062
0 0.601719 0.011719 0.008408 0.10060
0 0.065605 0.502500 0.050000 0.100000
0 0.000209 0.512500 0.048408 0.100000
0 0.080094 0.501719 0.048438 0.10060
0 0.040600 0.502500 0.050000 0.100000
0 0.099009 0.012500 0.008438 0.100000
0 0.006050 0.502500 0.050000 0.100000
0 0.007969 0.010500 0.008438 0.100000
0 0.077004 0.002500 0.048438 0.100000
0 0.000370 0.504062 0.050000 0.100000
0 0.090969 0.011719 0.008408 0.10062
0 0.00000 0.000500 0.050000 0.100000
0 0.009070 0.510500 0.053125 0.100000
0 0.068700 0.501719 0.056050 0.095012
0 0.000069 0.001719 0.057813 0.098437
0 0.060719 0.790969 0.060907 0.090312
0 0.006000 0.790625 0.056250 0.096875
0 0.006094 0.790188 0.004688 0.090750
0 0.087000 0.790605 0.050125 0.093750
0 0.000200 0.790625 0.056250 0.096875
0 0.070209 0.790620 0.054688 0.096875
0 0.007188 0.790600 0.050000 0.096875
0 0.009375 0.790088 0.050000 0.096875
0 0.00060 0.792088 0.000000 0.096875
0 0.040700 0.790605 0.050000 0.096875
0 0.080908 0.790088 0.050000 0.096875
0 0.000050 0.792188 0.050000 0.096875
0 0.070009 0.792969 0.048408 0.098437
0 0.606006 0.790969 0.048408 0.10062
0 0.66006 0.790969 0.000562 0.100688
0 0.700906 0.790030 0.05060 0.101562
0 0.707606 0.794500 0.05060 0.101562
0 0.790969 0.790000 0.05062 0.101562
0 0.80006 0.790530 0.051560 0.101562
0 0.878000 0.795012 0.053125 0.103125
0 0.900209 0.798408 0.007813 0.096875
0 0.906006 0.889844 0.007810 0.090188
0 0.870606 0.889062 0.05062 0.090750
0 0.808906 0.889062 0.00062 0.090625
0 0.786709 0.887000 0.05060 0.090625
0 0.706094 0.887000 0.05060 0.090625
0 0.700780 0.880908 0.05060 0.090625
0 0.608590 0.884075 0.048438 0.090605
0 0.600844 0.884070 0.048438 0.090605
0 0.075780 0.881050 0.008408 0.090625
0 0.000030 0.880375 0.048438 0.090625
0 0.089844 0.880802 0.048408 0.090620
0 0.046094 0.880802 0.048408 0.090620
0 0.000906 0.880802 0.048438 0.090620
0 0.063080 0.881200 0.008438 0.090625
0 0.000090 0.881200 0.048438 0.087500
0 0.080069 0.879687 0.048408 0.087000
0 0.000620 0.880469 0.050000 0.089060
0 0.099019 0.880069 0.00062 0.089060
0 0.07800 0.879687 0.000125 0.087500
0 0.016006 0.879687 0.004688 0.087500
0 0.070780 0.881050 0.050688 0.087500
0 0.003090 0.880469 0.060937 0.089063
