0 0.058594 0.185156 0.073438 0.148438
0 0.116406 0.188281 0.073438 0.148438
0 0.175000 0.191406 0.071875 0.148438
0 0.231250 0.192969 0.071875 0.148438
0 0.287500 0.195312 0.065625 0.150000
0 0.343750 0.196875 0.065625 0.150000
0 0.400781 0.200000 0.070312 0.146875
0 0.458594 0.201563 0.070312 0.146875
0 0.513281 0.203125 0.070312 0.146875
0 0.569531 0.206250 0.070312 0.146875
0 0.628906 0.212500 0.070312 0.146875
0 0.740625 0.213281 0.071875 0.148438
0 0.797656 0.211719 0.073438 0.145313
0 0.854688 0.214844 0.075000 0.145313
0 0.912500 0.216406 0.075000 0.145313
0 0.953906 0.354687 0.076563 0.134375
0 0.897656 0.353125 0.073438 0.137500
0 0.841406 0.353125 0.073438 0.137500
0 0.788281 0.350781 0.070312 0.132812
0 0.730469 0.349219 0.070312 0.132812
0 0.676562 0.346094 0.068750 0.135937
0 0.621875 0.346094 0.065625 0.132812
0 0.623437 0.344531 0.065625 0.132812
0 0.566406 0.342187 0.060937 0.134375
0 0.511719 0.339062 0.060937 0.134375
0 0.457031 0.337500 0.060937 0.134375
0 0.401562 0.333594 0.062500 0.129688
0 0.347656 0.334375 0.067187 0.137500
0 0.291406 0.334375 0.067187 0.137500
0 0.239063 0.331250 0.062500 0.137500
0 0.183594 0.328125 0.067187 0.137500
0 0.128125 0.325000 0.068750 0.137500
0 0.073438 0.321875 0.075000 0.137500
0 0.957031 0.744531 0.079687 0.129688
0 0.899219 0.741406 0.079687 0.129688
0 0.842969 0.737500 0.076563 0.128125
0 0.787500 0.735156 0.078125 0.129688
0 0.729688 0.731250 0.071875 0.131250
0 0.671094 0.728906 0.064062 0.132812
0 0.613281 0.727344 0.064062 0.132812
0 0.558594 0.725781 0.064062 0.132812
0 0.503906 0.721094 0.064062 0.132812
0 0.442969 0.721094 0.064062 0.132812
0 0.389844 0.719531 0.064062 0.132812
0 0.332813 0.717187 0.059375 0.128125
0 0.276562 0.712500 0.065625 0.131250
0 0.221875 0.709375 0.065625 0.131250
0 0.165625 0.709375 0.065625 0.131250
0 0.117969 0.827344 0.067187 0.120313
0 0.172656 0.829688 0.064062 0.121875
0 0.228125 0.832031 0.062500 0.120313
0 0.281250 0.835156 0.062500 0.120313
0 0.337500 0.836719 0.062500 0.120313
0 0.390625 0.838281 0.062500 0.120313
0 0.446875 0.842969 0.062500 0.120313
0 0.503125 0.846094 0.062500 0.120313
0 0.554688 0.844531 0.062500 0.120313
0 0.610938 0.849219 0.062500 0.120313
0 0.667188 0.849219 0.062500 0.120313
0 0.719531 0.852344 0.064062 0.120313
0 0.776563 0.853125 0.065625 0.118750
0 0.831250 0.857031 0.068750 0.117188
0 0.887500 0.860156 0.071875 0.120313
0 0.942969 0.864062 0.073438 0.121875
