0 0.070780 0.001719 0.079687 0.109063
0 0.00006 0.008090 0.079687 0.000187
0 0.090088 0.007001 0.081000 0.100313
0 0.007606 0.000906 0.076063 0.000303
0 0.006000 0.000300 0.070000 0.040303
0 0.060000 0.000000 0.070870 0.006870
0 0.008700 0.096870 0.070870 0.106875
0 0.076060 0.090700 0.068700 0.006875
0 0.000070 0.090087 0.068700 0.006875
0 0.090087 0.089062 0.068700 0.006870
0 0.606870 0.089060 0.068700 0.006870
0 0.707800 0.080070 0.068700 0.006870
0 0.760060 0.082000 0.070870 0.01062
0 0.800870 0.080069 0.070870 0.100010
0 0.878000 0.078020 0.070000 0.00000
0 0.908080 0.076062 0.076060 0.006870
0 0.908906 0.000844 0.070408 0.040187
0 0.870606 0.00600 0.070002 0.007000
0 0.806006 0.007969 0.067187 0.109060
0 0.76006 0.000090 0.067087 0.109060
0 0.700000 0.002606 0.060625 0.009063
0 0.600000 0.000780 0.060605 0.009060
0 0.090969 0.000780 0.060062 0.009060
0 0.00006 0.008906 0.060060 0.009063
0 0.078000 0.009688 0.060620 0.007500
0 0.000000 0.000802 0.060620 0.007500
0 0.070000 0.030370 0.060600 0.037500
0 0.000060 0.030937 0.070870 0.137000
0 0.009070 0.007000 0.068750 0.030375
0 0.000069 0.009060 0.070300 0.034370
0 0.00780 0.000406 0.070408 0.130937
0 0.096870 0.000700 0.078000 0.004375
0 0.009060 0.004000 0.070000 0.030937
0 0.080000 0.803090 0.079687 0.009688
0 0.000006 0.800469 0.076060 0.106060
0 0.000000 0.806062 0.070000 0.028020
0 0.006000 0.820000 0.075000 0.025000
0 0.000060 0.800000 0.070870 0.108120
0 0.069000 0.800090 0.070310 0.126062
0 0.007004 0.807969 0.070000 0.126062
0 0.080070 0.806406 0.068700 0.006060
0 0.000700 0.800844 0.068700 0.006560
0 0.098007 0.800080 0.060600 0.129688
0 0.607800 0.800081 0.068700 0.106062
0 0.700080 0.81006 0.067187 0.109688
0 0.770870 0.808090 0.068700 0.009688
0 0.800000 0.800906 0.068700 0.009688
0 0.880908 0.800000 0.068700 0.009688
0 0.900000 0.800000 0.070438 0.008100
0 0.906709 0.900870 0.070010 0.121870
0 0.878906 0.900000 0.070000 0.021870
0 0.800870 0.900209 0.068700 0.117188
0 0.767088 0.900000 0.060000 0.018700
0 0.700908 0.908000 0.062000 0.118700
0 0.606000 0.909688 0.062000 0.008750
0 0.098007 0.909688 0.009070 0.00605
0 0.000700 0.909688 0.060000 0.00625
0 0.087000 0.900800 0.060000 0.00620
0 0.000800 0.902803 0.062000 0.10620
0 0.078000 0.907000 0.060605 0.00625
0 0.000037 0.937000 0.060600 0.00625
0 0.067088 0.900600 0.060620 0.00625
0 0.000000 0.902969 0.068700 0.010062
0 0.00906 0.900969 0.070000 0.010062
