0 0.050781 0.558594 0.082812 0.142187
0 0.113281 0.560937 0.076563 0.143750
0 0.178125 0.559375 0.075000 0.143750
0 0.239844 0.560937 0.067187 0.146875
0 0.296094 0.560937 0.067187 0.146875
0 0.355469 0.560937 0.067187 0.146875
0 0.410938 0.564844 0.062500 0.142187
0 0.471094 0.565625 0.067187 0.140625
0 0.528906 0.564063 0.067187 0.140625
0 0.588281 0.565625 0.067187 0.140625
0 0.646094 0.566406 0.067187 0.139063
0 0.706250 0.567187 0.068750 0.140625
0 0.765625 0.566406 0.071875 0.142187
0 0.821875 0.567969 0.075000 0.135937
0 0.880469 0.567969 0.076563 0.135937
0 0.940625 0.569531 0.078125 0.139063
0 0.928125 0.698438 0.078125 0.128125
0 0.869531 0.696094 0.073438 0.129688
0 0.812500 0.696875 0.068750 0.131250
0 0.757031 0.698438 0.064062 0.134375
0 0.698438 0.696875 0.065625 0.131250
0 0.642188 0.696875 0.065625 0.131250
0 0.585156 0.692969 0.060937 0.126562
0 0.530469 0.694531 0.060937 0.129688
0 0.472656 0.694531 0.060937 0.129688
0 0.416406 0.694531 0.060937 0.129688
0 0.358594 0.693750 0.064062 0.128125
0 0.302344 0.692187 0.064062 0.128125
0 0.244531 0.692187 0.064062 0.128125
0 0.186719 0.691406 0.070312 0.129688
0 0.067969 0.690625 0.076563 0.128125
0 0.123438 0.691406 0.071875 0.126562
0 0.069531 0.178125 0.076563 0.146875
0 0.130469 0.178125 0.076563 0.146875
0 0.190625 0.179688 0.075000 0.146875
0 0.250000 0.182031 0.071875 0.148438
0 0.307812 0.181250 0.068750 0.146875
0 0.364063 0.181250 0.068750 0.146875
0 0.420312 0.181250 0.062500 0.146875
0 0.476562 0.182812 0.062500 0.146875
0 0.533594 0.184375 0.067187 0.146875
0 0.592969 0.184375 0.067187 0.146875
0 0.646875 0.185938 0.065625 0.150000
0 0.704688 0.188281 0.068750 0.151562
0 0.762500 0.187500 0.068750 0.150000
0 0.816406 0.185938 0.073438 0.143750
0 0.876563 0.186719 0.078125 0.145313
0 0.932813 0.185156 0.078125 0.145313
