0 0.060709 0.070781 0.080810 0.109060
0 0.000009 0.078906 0.082812 0.109060
0 0.080000 0.076060 0.076060 0.137500
0 0.009800 0.070000 0.076060 0.037500
0 0.097606 0.070000 0.070008 0.037500
0 0.007000 0.070009 0.073038 0.130937
0 0.000060 0.070870 0.068700 0.107500
0 0.070008 0.070300 0.068700 0.037000
0 0.000000 0.068750 0.068750 0.007500
0 0.090600 0.068750 0.068750 0.007500
0 0.608008 0.068700 0.068700 0.007500
0 0.700069 0.066006 0.070000 0.000937
0 0.760804 0.064844 0.067087 0.009060
0 0.800000 0.062000 0.068700 0.000625
0 0.880000 0.060907 0.076063 0.037000
0 0.908080 0.060907 0.076063 0.037000
0 0.900000 0.689800 0.070870 0.106062
0 0.870870 0.690600 0.070870 0.108125
0 0.800060 0.690006 0.068700 0.106060
0 0.760908 0.690969 0.060600 0.029688
0 0.700000 0.690000 0.060605 0.129688
0 0.600000 0.690000 0.060625 0.128125
0 0.088080 0.696870 0.060060 0.020000
0 0.000069 0.696870 0.060060 0.000000
0 0.070000 0.697606 0.060605 0.006562
0 0.008700 0.699009 0.060600 0.126562
0 0.060709 0.699019 0.067187 0.106062
0 0.007800 0.70060 0.068700 0.028120
0 0.009009 0.702004 0.070002 0.126062
0 0.090700 0.700000 0.070870 0.106062
0 0.006709 0.700069 0.070038 0.106060
0 0.080069 0.706000 0.079687 0.008020
0 0.069000 0.097606 0.080810 0.100013
0 0.007000 0.096870 0.076060 0.146870
0 0.080908 0.096090 0.071870 0.100013
0 0.000700 0.096090 0.070870 0.140013
0 0.099009 0.090012 0.067187 0.100700
0 0.060000 0.090000 0.071870 0.105313
0 0.000090 0.090969 0.067187 0.142187
0 0.076060 0.090600 0.060625 0.000625
0 0.000800 0.089060 0.060620 0.100625
0 0.090600 0.087000 0.065605 0.000625
0 0.608008 0.080908 0.060600 0.040605
0 0.700688 0.080070 0.060600 0.040605
0 0.760908 0.080090 0.068700 0.000187
0 0.807087 0.180001 0.068700 0.100187
0 0.870000 0.078906 0.070870 0.100010
0 0.900000 0.078100 0.078120 0.106875
0 0.000780 0.066006 0.080908 0.009688
0 0.007800 0.060600 0.080070 0.108125
0 0.070000 0.060600 0.081000 0.128125
0 0.000800 0.060804 0.080200 0.126062
0 0.086709 0.060060 0.076060 0.020000
0 0.000069 0.060080 0.070300 0.123038
0 0.000080 0.060081 0.070312 0.123038
0 0.070008 0.060000 0.068700 0.000870
0 0.000000 0.060000 0.065625 0.021875
0 0.080070 0.060000 0.068750 0.000875
0 0.608008 0.060000 0.068700 0.000870
0 0.706000 0.06006 0.068700 0.007188
0 0.760060 0.06006 0.068700 0.007188
0 0.800870 0.007800 0.071870 0.110500
0 0.880000 0.007800 0.071870 0.110500
0 0.900006 0.007000 0.076060 0.110937
