0 0.039844 0.186719 0.070312 0.139063
0 0.093750 0.183594 0.071875 0.139063
0 0.148438 0.186719 0.068750 0.139063
0 0.202344 0.189844 0.070312 0.139063
0 0.255469 0.187500 0.064062 0.137500
0 0.306250 0.187500 0.062500 0.137500
0 0.361719 0.187500 0.064062 0.137500
0 0.414844 0.187500 0.064062 0.137500
0 0.464844 0.187500 0.064062 0.137500
0 0.512500 0.185938 0.062500 0.137500
0 0.568750 0.187500 0.062500 0.137500
0 0.618750 0.187500 0.059375 0.134375
0 0.667969 0.189844 0.057813 0.135937
0 0.718750 0.189844 0.059375 0.135937
0 0.771875 0.189844 0.059375 0.135937
0 0.827344 0.189844 0.064062 0.135937
0 0.878125 0.189844 0.068750 0.135937
0 0.930469 0.187500 0.073438 0.134375
0 0.967969 0.314844 0.064062 0.126562
0 0.918750 0.314844 0.068750 0.126562
0 0.817969 0.314844 0.070312 0.126562
0 0.867188 0.314844 0.068750 0.126562
0 0.761719 0.315625 0.054688 0.131250
0 0.714844 0.314063 0.057813 0.128125
0 0.665625 0.317188 0.059375 0.128125
0 0.612500 0.314844 0.056250 0.126562
0 0.565625 0.317969 0.056250 0.132812
0 0.514844 0.314844 0.057813 0.126562
0 0.465625 0.314844 0.059375 0.129688
0 0.415625 0.315625 0.059375 0.131250
0 0.364844 0.312500 0.060937 0.131250
0 0.314844 0.312500 0.060937 0.131250
0 0.261719 0.312500 0.060937 0.131250
0 0.211719 0.314844 0.064062 0.126562
0 0.158594 0.311719 0.064062 0.126562
0 0.104688 0.314063 0.065625 0.128125
0 0.052344 0.312500 0.070312 0.131250
0 0.076563 0.661719 0.071875 0.126562
0 0.130469 0.658594 0.067187 0.123438
0 0.184375 0.659375 0.065625 0.121875
0 0.237500 0.659375 0.065625 0.121875
0 0.287500 0.659375 0.062500 0.125000
0 0.340625 0.656250 0.062500 0.125000
0 0.393750 0.657813 0.062500 0.125000
0 0.443750 0.656250 0.062500 0.125000
0 0.496875 0.656250 0.062500 0.125000
0 0.550000 0.656250 0.062500 0.125000
0 0.600000 0.656250 0.062500 0.125000
0 0.653125 0.653125 0.062500 0.125000
0 0.705469 0.653125 0.060937 0.125000
0 0.755469 0.653125 0.060937 0.125000
0 0.808594 0.652344 0.064062 0.120313
0 0.858594 0.652344 0.064062 0.120313
0 0.909375 0.656250 0.068750 0.118750
0 0.965625 0.656250 0.065625 0.125000
0 0.955469 0.768750 0.067187 0.115625
0 0.902344 0.768750 0.067187 0.112500
0 0.850000 0.768750 0.062500 0.112500
0 0.800000 0.767188 0.062500 0.112500
0 0.750000 0.767969 0.059375 0.114062
0 0.702344 0.767969 0.060937 0.114062
0 0.652344 0.767969 0.057813 0.114062
0 0.599219 0.772656 0.060937 0.110937
0 0.550000 0.771094 0.059375 0.114062
0 0.500000 0.767969 0.059375 0.114062
0 0.446875 0.771094 0.059375 0.114062
0 0.396875 0.771094 0.059375 0.114062
0 0.346094 0.771094 0.057813 0.114062
0 0.293750 0.771875 0.059375 0.112500
0 0.243750 0.774219 0.062500 0.114062
0 0.192969 0.775000 0.064062 0.118750
0 0.140625 0.773438 0.065625 0.115625
0 0.089063 0.777344 0.065625 0.117188
0 0.034375 0.777344 0.065625 0.117188
