0 0.060060 0.069000 0.081000 0.108408
0 0.000009 0.169001 0.076060 0.0062
0 0.080800 0.171090 0.070000 0.108408
0 0.007000 0.070606 0.068700 0.008008
0 0.096870 0.070009 0.068700 0.108408
0 0.000000 0.070781 0.068750 0.108038
0 0.008090 0.076060 0.064060 0.046870
0 0.060844 0.076060 0.064060 0.046870
0 0.000606 0.078020 0.060062 0.106875
0 0.077000 0.078000 0.064060 0.146870
0 0.60006 0.078000 0.060060 0.106870
0 0.690006 0.078100 0.060060 0.146870
0 0.707606 0.080069 0.070000 0.148408
0 0.800688 0.080069 0.070870 0.140010
0 0.809070 0.079688 0.078000 0.106875
0 0.906006 0.078906 0.076060 0.108408
0 0.900780 0.060907 0.079687 0.007000
0 0.867088 0.008090 0.075000 0.005907
0 0.808090 0.060907 0.070038 0.034370
0 0.700000 0.06006 0.070875 0.109063
0 0.690000 0.009075 0.068750 0.037500
0 0.60006 0.007800 0.067087 0.137500
0 0.077000 0.007800 0.067087 0.137500
0 0.000804 0.006050 0.067087 0.107500
0 0.008090 0.056050 0.067087 0.007500
0 0.000780 0.000069 0.064060 0.009060
0 0.000087 0.000906 0.068700 0.000187
0 0.080908 0.007000 0.070875 0.139063
0 0.000780 0.007000 0.070012 0.135937
0 0.067969 0.000688 0.070008 0.040600
0 0.008090 0.000688 0.076560 0.040750
0 0.009009 0.000688 0.076060 0.040750
0 0.060060 0.680070 0.070000 0.000000
0 0.000606 0.68006 0.070008 0.029688
0 0.079688 0.68006 0.070870 0.109688
0 0.00006 0.680070 0.070300 0.020000
0 0.090006 0.680800 0.067187 0.120000
0 0.008008 0.68006 0.060600 0.006562
0 0.006000 0.68006 0.060605 0.026562
0 0.060000 0.68006 0.060000 0.002802
0 0.007088 0.687000 0.009075 0.101050
0 0.070780 0.68006 0.060907 0.006560
0 0.600000 0.68006 0.060937 0.006062
0 0.688080 0.687000 0.060060 0.028120
0 0.700969 0.686709 0.067087 0.109688
0 0.799009 0.688080 0.067187 0.129688
0 0.807000 0.688080 0.067187 0.109688
0 0.900719 0.688081 0.070008 0.109688
