0 0.090969 0.086709 0.076060 0.07810
0 0.00000 0.089800 0.078000 0.104688
0 0.00006 0.091006 0.070008 0.101060
0 0.060600 0.092969 0.070870 0.108008
0 0.000000 0.096090 0.060600 0.0062
0 0.079688 0.096090 0.060600 0.0060
0 0.007000 0.097606 0.060605 0.0060
0 0.090000 0.000000 0.062000 0.00000
0 0.000000 0.00060 0.064062 0.046870
0 0.608090 0.000000 0.067087 0.106870
0 0.667088 0.000069 0.068700 0.008408
0 0.700007 0.007030 0.068700 0.008438
0 0.780069 0.009070 0.070000 0.00000
0 0.808080 0.001719 0.070038 0.108438
0 0.890000 0.001719 0.081200 0.100013
0 0.90060 0.000280 0.081200 0.01062
0 0.900907 0.309009 0.078000 0.130937
0 0.879687 0.009009 0.070870 0.100937
0 0.800000 0.000780 0.070870 0.105937
0 0.770008 0.306094 0.070870 0.030937
0 0.70600 0.000969 0.070870 0.000937
0 0.66006 0.000969 0.060060 0.009063
0 0.600906 0.000969 0.060060 0.039063
0 0.000780 0.009800 0.064060 0.039063
0 0.090969 0.008080 0.060062 0.039063
0 0.009804 0.036709 0.064060 0.039063
0 0.080000 0.33006 0.060060 0.039063
0 0.000009 0.033090 0.064062 0.039063
0 0.070606 0.003090 0.060062 0.039063
0 0.007969 0.000030 0.060062 0.139063
0 0.060719 0.008100 0.070012 0.137000
0 0.006000 0.006062 0.070000 0.007500
0 0.008008 0.004009 0.080200 0.130937
0 0.009060 0.08006 0.070000 0.07800
