0 0.071875 0.382031 0.075000 0.123438
0 0.121875 0.380469 0.071875 0.123438
0 0.171875 0.377344 0.071875 0.123438
0 0.219531 0.374219 0.067187 0.123438
0 0.270313 0.371094 0.065625 0.123438
0 0.321875 0.367969 0.065625 0.123438
0 0.371094 0.364063 0.064062 0.125000
0 0.421094 0.360156 0.064062 0.123438
0 0.470313 0.358594 0.059375 0.126562
0 0.520312 0.355469 0.059375 0.126562
0 0.571875 0.350781 0.059375 0.126562
0 0.621094 0.347656 0.057813 0.126562
0 0.672656 0.342969 0.057813 0.126562
0 0.722656 0.339844 0.057813 0.123438
0 0.775781 0.335156 0.060937 0.123438
0 0.830469 0.332031 0.064062 0.129688
0 0.879687 0.331250 0.062500 0.128125
0 0.930469 0.325781 0.067187 0.123438
0 0.923438 0.443750 0.062500 0.121875
0 0.875781 0.446094 0.060937 0.120313
0 0.824219 0.450000 0.057813 0.118750
0 0.774219 0.453125 0.057813 0.118750
0 0.724219 0.457813 0.057813 0.118750
0 0.674219 0.460938 0.057813 0.118750
0 0.622656 0.465625 0.057813 0.118750
0 0.574219 0.468750 0.057813 0.118750
0 0.525781 0.471875 0.057813 0.118750
0 0.476562 0.475000 0.056250 0.121875
0 0.427344 0.476562 0.060937 0.118750
0 0.381250 0.478125 0.062500 0.115625
0 0.331250 0.481250 0.062500 0.115625
0 0.284375 0.484375 0.065625 0.112500
0 0.235156 0.487500 0.064062 0.115625
0 0.188281 0.492188 0.064062 0.115625
0 0.139844 0.494531 0.070312 0.114062
0 0.091406 0.496094 0.073438 0.114062
0 0.040625 0.499219 0.075000 0.114062
0 0.041406 0.824219 0.070312 0.114062
0 0.091406 0.821094 0.070312 0.114062
0 0.144531 0.819531 0.067187 0.110937
0 0.194531 0.814844 0.067187 0.110937
0 0.244531 0.813281 0.064062 0.110937
0 0.294531 0.810156 0.064062 0.110937
0 0.342969 0.807031 0.064062 0.110937
0 0.392969 0.804688 0.060937 0.109375
0 0.444531 0.801562 0.057813 0.109375
0 0.492969 0.800000 0.057813 0.109375
0 0.542188 0.797656 0.056250 0.110937
0 0.591406 0.793750 0.054688 0.109375
0 0.642188 0.790625 0.056250 0.112500
0 0.692187 0.787500 0.056250 0.112500
0 0.740625 0.782813 0.056250 0.112500
0 0.792188 0.779687 0.056250 0.112500
0 0.842969 0.775000 0.057813 0.115625
0 0.894531 0.775000 0.060937 0.115625
0 0.945312 0.771094 0.062500 0.117188
0 0.939844 0.878125 0.060937 0.109375
0 0.887500 0.880469 0.059375 0.104688
0 0.839844 0.882031 0.054688 0.104688
0 0.790625 0.885938 0.056250 0.109375
0 0.740625 0.887500 0.053125 0.106250
0 0.692187 0.891406 0.053125 0.104688
0 0.642188 0.894531 0.053125 0.104688
0 0.593750 0.896094 0.053125 0.104688
0 0.545312 0.899219 0.053125 0.104688
0 0.496875 0.901563 0.056250 0.100000
0 0.448437 0.903125 0.053125 0.100000
0 0.400781 0.903906 0.054688 0.098437
0 0.352344 0.909375 0.054688 0.103125
0 0.303125 0.910937 0.056250 0.100000
0 0.254688 0.914844 0.059375 0.101562
0 0.207031 0.920312 0.060937 0.106250
0 0.158594 0.922656 0.064062 0.104688
0 0.107813 0.926562 0.065625 0.106250
0 0.060937 0.929688 0.071875 0.103125
