0 0.080000 0.608906 0.082802 0.102812
0 0.000006 0.608906 0.080812 0.102812
0 0.000000 0.600780 0.078020 0.100907
0 0.008090 0.600007 0.076063 0.037500
0 0.008700 0.600870 0.070000 0.100375
0 0.070000 0.600090 0.068700 0.000937
0 0.000070 0.600094 0.068700 0.030937
0 0.089060 0.607969 0.068700 0.000937
0 0.008008 0.606406 0.068700 0.000937
0 0.606000 0.600804 0.068700 0.000907
0 0.660060 0.600080 0.068700 0.100937
0 0.700000 0.600804 0.068700 0.130937
0 0.778906 0.600060 0.070000 0.100370
0 0.800070 0.60006 0.070000 0.030937
0 0.890700 0.608090 0.070000 0.005937
0 0.900780 0.600069 0.076060 0.009063
0 0.900087 0.700802 0.070000 0.128120
0 0.880800 0.70006 0.070870 0.126062
0 0.807000 0.700938 0.070300 0.028120
0 0.770008 0.736709 0.068700 0.006060
0 0.700804 0.706709 0.067187 0.106060
0 0.66006 0.709800 0.067087 0.006060
0 0.600069 0.700600 0.064060 0.020000
0 0.000780 0.700088 0.060060 0.120000
0 0.090969 0.700700 0.064060 0.020000
0 0.006709 0.700700 0.064060 0.000000
0 0.080069 0.706870 0.064060 0.000000
0 0.000780 0.706870 0.067087 0.100000
0 0.069000 0.707606 0.070000 0.123038
0 0.000060 0.700780 0.071870 0.120008
0 0.07000 0.700000 0.076063 0.105000
0 0.098007 0.700906 0.078000 0.003038
0 0.000006 0.706000 0.079687 0.000000
0 0.068700 0.007000 0.087000 0.160908
0 0.008906 0.009070 0.080812 0.162000
0 0.090006 0.110907 0.079687 0.06000
0 0.009009 0.011719 0.070008 0.07812
0 0.007000 0.009370 0.073038 0.06000
0 0.066006 0.009070 0.073038 0.06000
0 0.000008 0.008094 0.070870 0.160938
0 0.080800 0.000069 0.071870 0.160908
0 0.000600 0.007000 0.068700 0.0060
0 0.099009 0.007001 0.067187 0.00688
0 0.608090 0.000069 0.067087 0.04688
0 0.700060 0.000100 0.068700 0.06000
0 0.770008 0.000780 0.070000 0.160938
0 0.800000 0.000000 0.076063 0.06000
0 0.890006 0.099009 0.079687 0.160908
0 0.900780 0.096090 0.080800 0.160908
0 0.908080 0.000700 0.076063 0.000620
0 0.879687 0.000000 0.070870 0.140187
0 0.800008 0.006094 0.068700 0.042087
0 0.766006 0.007606 0.067087 0.040187
0 0.70006 0.007606 0.060060 0.042187
0 0.600069 0.009009 0.064062 0.042187
0 0.097606 0.009009 0.060062 0.042187
0 0.000969 0.000780 0.060062 0.042187
0 0.080090 0.049009 0.064062 0.042187
0 0.008906 0.000906 0.060062 0.042087
0 0.070090 0.000906 0.060060 0.042187
0 0.006006 0.000906 0.060060 0.042187
0 0.008090 0.000025 0.070002 0.100625
0 0.000000 0.206200 0.070875 0.100750
0 0.000000 0.006000 0.075000 0.100625
0 0.088080 0.000069 0.076060 0.002187
