0 0.082812 0.080469 0.078125 0.157812
0 0.141406 0.083594 0.073438 0.164062
0 0.204687 0.088281 0.068750 0.160938
0 0.265625 0.092969 0.068750 0.160938
0 0.325000 0.094531 0.068750 0.160938
0 0.381250 0.097656 0.068750 0.160938
0 0.440625 0.099219 0.068750 0.160938
0 0.498437 0.105469 0.068750 0.160938
0 0.556250 0.105469 0.068750 0.160938
0 0.614062 0.112500 0.071875 0.150000
0 0.671875 0.112500 0.075000 0.150000
0 0.731250 0.117969 0.078125 0.151562
0 0.789844 0.117188 0.079687 0.159375
0 0.847656 0.119531 0.079687 0.157812
0 0.906250 0.117188 0.084375 0.159375
0 0.943750 0.268750 0.081250 0.143750
0 0.889062 0.266406 0.075000 0.142187
0 0.832031 0.264844 0.076563 0.139063
0 0.774219 0.262500 0.073438 0.140625
0 0.719531 0.258594 0.067187 0.142187
0 0.664062 0.257031 0.068750 0.139063
0 0.607031 0.254688 0.067187 0.140625
0 0.550781 0.253125 0.064062 0.140625
0 0.494531 0.250000 0.064062 0.140625
0 0.436719 0.245312 0.064062 0.140625
0 0.382031 0.243750 0.064062 0.140625
0 0.326562 0.242969 0.062500 0.145313
0 0.268750 0.238281 0.065625 0.139063
0 0.210938 0.230469 0.065625 0.139063
0 0.154688 0.231250 0.065625 0.143750
0 0.096094 0.227344 0.070312 0.148438
0 0.035937 0.227344 0.068750 0.148438
0 0.072656 0.617969 0.073438 0.135937
0 0.135937 0.619531 0.065625 0.135937
0 0.193750 0.622656 0.065625 0.135937
0 0.253125 0.624219 0.065625 0.135937
0 0.310937 0.627344 0.065625 0.135937
0 0.370312 0.628906 0.065625 0.135937
0 0.430469 0.632812 0.064062 0.137500
0 0.488281 0.632812 0.067187 0.137500
0 0.547656 0.634375 0.067187 0.137500
0 0.605469 0.637500 0.067187 0.137500
0 0.663281 0.640625 0.070312 0.134375
0 0.721094 0.644531 0.070312 0.132812
0 0.780469 0.647656 0.070312 0.135937
0 0.839063 0.649219 0.075000 0.135937
0 0.895312 0.651563 0.081250 0.137500
0 0.956250 0.655469 0.081250 0.135937
0 0.937500 0.780469 0.081250 0.126562
0 0.882031 0.778906 0.076563 0.126562
0 0.823438 0.775781 0.075000 0.129688
0 0.767188 0.773438 0.075000 0.125000
0 0.710156 0.770312 0.073438 0.125000
0 0.654687 0.768750 0.068750 0.125000
0 0.596094 0.766406 0.064062 0.126562
0 0.541406 0.764844 0.064062 0.126562
0 0.483594 0.761719 0.064062 0.126562
0 0.427344 0.758594 0.064062 0.126562
0 0.371094 0.755469 0.064062 0.126562
0 0.313281 0.753906 0.064062 0.126562
0 0.257031 0.750781 0.064062 0.126562
0 0.197656 0.749219 0.064062 0.126562
0 0.139844 0.746094 0.070312 0.126562
0 0.078906 0.744531 0.070312 0.126562
