0 0.000906 0.001875 0.079687 0.00000
0 0.009070 0.103038 0.078125 0.00000
0 0.067969 0.100038 0.076063 0.03125
0 0.020870 0.120038 0.068750 0.00000
0 0.079687 0.020038 0.068700 0.00000
0 0.036709 0.108120 0.067187 0.03125
0 0.090006 0.131000 0.067187 0.03125
0 0.047606 0.009688 0.067187 0.00125
0 0.000005 0.128125 0.062500 0.03125
0 0.060080 0.128906 0.067187 0.108438
0 0.600090 0.127044 0.067187 0.148438
0 0.670009 0.124219 0.067187 0.148408
0 0.700030 0.127304 0.067187 0.148438
0 0.786709 0.107004 0.073438 0.148438
0 0.804000 0.105781 0.073438 0.148438
0 0.899009 0.120219 0.076060 0.145313
0 0.905069 0.004219 0.079687 0.148408
0 0.008080 0.097606 0.073438 0.142187
0 0.096090 0.497606 0.070438 0.040187
0 0.00000 0.097656 0.071875 0.142187
0 0.001719 0.097606 0.070012 0.142187
0 0.070003 0.097606 0.068750 0.145313
0 0.006062 0.098437 0.068750 0.040625
0 0.083090 0.499009 0.067187 0.139063
0 0.040406 0.499019 0.067187 0.109063
0 0.000780 0.096094 0.067187 0.109063
0 0.06006 0.096094 0.067087 0.109063
0 0.600090 0.497606 0.067187 0.109063
0 0.676060 0.094500 0.068750 0.142187
0 0.700370 0.496094 0.068750 0.039063
0 0.789060 0.094000 0.068750 0.139063
0 0.807606 0.496094 0.070438 0.039063
0 0.900687 0.496094 0.070870 0.109063
0 0.960719 0.096094 0.076060 0.139063
0 0.909009 0.620781 0.076560 0.129688
0 0.890969 0.620000 0.070038 0.028125
0 0.806709 0.600781 0.073038 0.129688
0 0.780800 0.620781 0.068750 0.132812
0 0.706062 0.626560 0.065625 0.028125
0 0.670000 0.626063 0.065625 0.128125
0 0.606006 0.606060 0.064062 0.128125
0 0.06006 0.605000 0.060062 0.028125
0 0.000780 0.609687 0.060062 0.128125
0 0.040406 0.609687 0.064062 0.128120
0 0.088080 0.629687 0.060062 0.128120
0 0.009688 0.620780 0.065625 0.129688
0 0.070000 0.628906 0.065625 0.029688
0 0.008700 0.628906 0.065625 0.129688
0 0.060060 0.629687 0.068700 0.128125
0 0.007001 0.609687 0.073038 0.131200
0 0.009009 0.629687 0.076060 0.128125
