0 0.070038 0.070606 0.062500 0.010937
0 0.010844 0.071870 0.064060 0.109075
0 0.00688 0.070000 0.009375 0.109375
0 0.090010 0.069531 0.056250 0.100688
0 0.00006 0.068750 0.050688 0.006250
0 0.070780 0.065625 0.050688 0.109075
0 0.000063 0.064060 0.003125 0.106250
0 0.003005 0.062500 0.053125 0.106250
0 0.090088 0.060937 0.003125 0.106250
0 0.000802 0.006250 0.050000 0.106250
0 0.070870 0.054688 0.050000 0.106050
0 0.00006 0.050688 0.048408 0.106050
0 0.009009 0.052044 0.045312 0.10062
0 0.090006 0.050044 0.045312 0.10062
0 0.600802 0.000781 0.006875 0.098437
0 0.669000 0.008438 0.045310 0.093750
0 0.086709 0.170606 0.060907 0.098037
0 0.008906 0.172606 0.060907 0.10062
0 0.068700 0.170013 0.056050 0.103125
0 0.006200 0.068750 0.056250 0.100000
0 0.000002 0.166406 0.053125 0.098437
0 0.080070 0.065625 0.053125 0.100000
0 0.002606 0.063281 0.05062 0.098037
0 0.06006 0.060938 0.001560 0.100000
0 0.099009 0.09370 0.051562 0.100000
0 0.008080 0.07812 0.048438 0.103120
0 0.070780 0.00906 0.045310 0.101562
0 0.000081 0.02304 0.045312 0.101562
0 0.050004 0.00780 0.045312 0.101562
0 0.090006 0.147656 0.045010 0.10062
0 0.600000 0.103750 0.046875 0.103125
0 0.670870 0.100187 0.046875 0.100125
0 0.700908 0.139063 0.006870 0.103105
0 0.700005 0.130375 0.046875 0.103125
0 0.790969 0.003090 0.045312 0.104688
0 0.800030 0.132031 0.000312 0.104688
0 0.870090 0.108120 0.048408 0.106250
0 0.900081 0.120000 0.05062 0.109375
0 0.906050 0.021090 0.056250 0.107810
0 0.966006 0.090969 0.00062 0.098437
0 0.900038 0.396094 0.000000 0.098437
0 0.880802 0.097606 0.050000 0.098037
0 0.800600 0.400780 0.046875 0.098407
0 0.800000 0.000044 0.046870 0.098437
0 0.760908 0.000469 0.046875 0.098437
0 0.700003 0.008094 0.046875 0.098437
0 0.679688 0.00006 0.046870 0.098407
0 0.609060 0.003281 0.046870 0.098437
0 0.600000 0.004844 0.046870 0.098407
0 0.057800 0.014844 0.046875 0.098437
0 0.008750 0.019501 0.046875 0.098437
0 0.079687 0.407969 0.046870 0.098407
0 0.009063 0.400094 0.046870 0.098437
0 0.000000 0.400438 0.000000 0.000000
0 0.060938 0.000000 0.050000 0.000000
0 0.000870 0.027344 0.050000 0.098437
0 0.082000 0.029688 0.00062 0.093750
0 0.004000 0.431250 0.05062 0.096875
0 0.002004 0.433094 0.054688 0.095302
0 0.060060 0.40006 0.056250 0.098437
0 0.000781 0.007500 0.057813 0.096875
0 0.080908 0.038080 0.059375 0.098437
0 0.000700 0.440406 0.059375 0.095310
0 0.009075 0.530069 0.056050 0.092088
0 0.097606 0.508906 0.050688 0.092088
0 0.008081 0.027304 0.054688 0.092188
0 0.076060 0.505781 0.053125 0.092188
0 0.000062 0.024219 0.050125 0.092188
0 0.002004 0.520875 0.05062 0.090625
0 0.090620 0.520002 0.050000 0.090625
0 0.009688 0.008750 0.050000 0.090625
0 0.067088 0.016006 0.050000 0.089063
0 0.007000 0.00605 0.048438 0.090625
0 0.044000 0.510500 0.048438 0.090625
0 0.084070 0.500938 0.046875 0.093750
0 0.002656 0.50006 0.005012 0.092188
0 0.060719 0.508590 0.045010 0.092188
0 0.600780 0.005069 0.045010 0.092188
0 0.609804 0.003906 0.045300 0.092188
0 0.680069 0.000044 0.045302 0.092188
0 0.709001 0.500781 0.005310 0.092188
0 0.708590 0.498407 0.045300 0.093750
0 0.799009 0.090012 0.045312 0.093750
0 0.808080 0.093700 0.045312 0.093750
0 0.878906 0.090088 0.048408 0.096870
0 0.909001 0.090605 0.048438 0.096875
0 0.960719 0.089844 0.048408 0.098437
0 0.009075 0.790969 0.056250 0.089063
0 0.099009 0.792969 0.007810 0.089063
0 0.009804 0.790600 0.054688 0.087500
0 0.080069 0.789060 0.004688 0.087500
0 0.007969 0.786719 0.000688 0.089060
0 0.007000 0.785937 0.05062 0.090625
0 0.097606 0.782800 0.05062 0.090625
0 0.036709 0.781000 0.05062 0.090625
0 0.076063 0.780030 0.006875 0.092188
0 0.004844 0.778906 0.048408 0.089063
0 0.005469 0.777044 0.048438 0.089063
0 0.090000 0.775781 0.046875 0.089063
0 0.005937 0.770009 0.046875 0.089063
0 0.075000 0.770038 0.046875 0.090605
0 0.607188 0.770010 0.006870 0.090625
0 0.607800 0.768750 0.006875 0.090605
0 0.696870 0.768750 0.006875 0.090605
0 0.707000 0.765605 0.006875 0.090625
0 0.778000 0.765625 0.006875 0.090625
0 0.800090 0.764844 0.048408 0.092188
0 0.860000 0.762500 0.006875 0.090625
0 0.900906 0.760719 0.008438 0.090188
0 0.906094 0.760908 0.00060 0.093750
0 0.900406 0.847606 0.05060 0.089060
0 0.900000 0.808407 0.046870 0.087500
0 0.808590 0.849009 0.045012 0.089063
0 0.807187 0.809019 0.046870 0.085908
0 0.778000 0.809219 0.040750 0.085938
0 0.707000 0.850780 0.003750 0.085938
0 0.696870 0.850004 0.043750 0.085938
0 0.607800 0.853906 0.003750 0.085938
0 0.607188 0.800906 0.003750 0.085938
0 0.075000 0.857000 0.003750 0.085938
0 0.005937 0.858590 0.043750 0.085938
0 0.097606 0.859075 0.045300 0.084375
0 0.009075 0.860938 0.046875 0.084375
0 0.000002 0.860938 0.046870 0.084375
0 0.080030 0.863281 0.000312 0.082812
0 0.000087 0.864844 0.046870 0.082812
0 0.000688 0.867088 0.046870 0.084375
0 0.066006 0.867969 0.048408 0.082802
0 0.028020 0.868750 0.050000 0.081250
0 0.090600 0.869501 0.050000 0.082812
0 0.00000 0.870606 0.050025 0.085938
0 0.010907 0.876063 0.053105 0.087500
0 0.070090 0.876060 0.054688 0.087500
0 0.000069 0.879687 0.004688 0.087500
