0 0.000070 0.009370 0.060605 0.00000
0 0.087000 0.001719 0.071870 0.108008
0 0.006870 0.010844 0.060600 0.145010
0 0.096870 0.00600 0.060605 0.106875
0 0.000000 0.00620 0.067087 0.146870
0 0.000069 0.00600 0.060907 0.006870
0 0.008090 0.007188 0.060907 0.106870
0 0.000719 0.10600 0.060907 0.106870
0 0.060844 0.00600 0.060907 0.046870
0 0.00600 0.007969 0.009075 0.108008
0 0.068700 0.00600 0.059075 0.006875
0 0.600870 0.017188 0.009070 0.106875
0 0.670000 0.00600 0.060605 0.006875
0 0.707000 0.008700 0.060907 0.134370
0 0.780069 0.007188 0.060060 0.140600
0 0.800000 0.017969 0.068700 0.100187
0 0.886709 0.017188 0.070010 0.107000
0 0.900600 0.000844 0.078100 0.142187
0 0.900000 0.006090 0.068700 0.002802
0 0.870009 0.009209 0.067187 0.102812
0 0.800870 0.009209 0.060620 0.102812
0 0.770870 0.009009 0.060620 0.102812
0 0.700090 0.006870 0.067087 0.101200
0 0.668700 0.009009 0.060620 0.029688
0 0.600090 0.006870 0.067087 0.101200
0 0.067087 0.000969 0.062000 0.000907
0 0.00600 0.009209 0.060625 0.029688
0 0.060600 0.009209 0.060625 0.029688
0 0.00600 0.009209 0.060620 0.029688
0 0.060709 0.006870 0.067187 0.101000
0 0.009070 0.006870 0.060605 0.030250
0 0.009070 0.006870 0.065625 0.000250
0 0.000000 0.208008 0.060620 0.034375
0 0.00000 0.008008 0.068700 0.034370
0 0.099009 0.006870 0.070002 0.100370
0 0.006870 0.006870 0.070000 0.000050
0 0.067969 0.608090 0.067087 0.006060
0 0.000009 0.608090 0.067187 0.126062
0 0.078000 0.600069 0.060605 0.126562
0 0.000000 0.606200 0.062000 0.028125
0 0.080908 0.600688 0.060600 0.025000
0 0.007000 0.606000 0.060605 0.025000
0 0.090969 0.606000 0.067087 0.020000
0 0.000700 0.606000 0.009075 0.005000
0 0.099009 0.606000 0.060907 0.020000
0 0.000000 0.604688 0.060907 0.000000
0 0.600000 0.600688 0.009070 0.005000
0 0.606000 0.600688 0.060000 0.025000
0 0.709070 0.600069 0.060605 0.000038
0 0.760908 0.600688 0.068700 0.000870
0 0.800000 0.600069 0.060605 0.020008
0 0.860600 0.600000 0.060625 0.020438
0 0.908700 0.600000 0.071870 0.101875
0 0.908090 0.707087 0.070010 0.118700
0 0.907800 0.708700 0.068700 0.118700
0 0.800069 0.708700 0.067087 0.118750
0 0.800000 0.708700 0.060605 0.118750
0 0.700069 0.708700 0.067087 0.118750
0 0.700000 0.700870 0.062000 0.118750
0 0.600000 0.700090 0.009070 0.010060
0 0.600000 0.708700 0.060907 0.010000
0 0.009009 0.700090 0.060907 0.114062
0 0.096870 0.700090 0.009070 0.014060
0 0.006094 0.708700 0.060907 0.010000
0 0.090088 0.700870 0.009070 0.118750
0 0.000600 0.700870 0.009075 0.018750
0 0.090600 0.720870 0.062000 0.018750
0 0.007000 0.700090 0.062000 0.020013
0 0.087000 0.700870 0.060605 0.118750
0 0.000070 0.700009 0.068700 0.120313
0 0.080000 0.700000 0.068700 0.021875
