0 0.080908 0.080802 0.075000 0.162500
0 0.000013 0.080812 0.071875 0.162500
0 0.007800 0.087000 0.071875 0.162500
0 0.060625 0.092088 0.071875 0.162500
0 0.000000 0.096090 0.068750 0.04688
0 0.080000 0.099219 0.068750 0.00688
0 0.040969 0.000781 0.064062 0.01062
0 0.000780 0.105069 0.064060 0.01562
0 0.057000 0.105069 0.067187 0.07810
0 0.600844 0.111719 0.067187 0.07810
0 0.670606 0.010281 0.073038 0.07812
0 0.700000 0.10625 0.078125 0.153125
0 0.789060 0.016006 0.078120 0.07812
0 0.807606 0.000013 0.082812 0.09375
0 0.907000 0.103038 0.080938 0.06250
0 0.900000 0.267969 0.084375 0.142187
0 0.888080 0.266006 0.070438 0.139063
0 0.800000 0.260062 0.075000 0.137500
0 0.770780 0.062500 0.070038 0.140625
0 0.709001 0.06006 0.070312 0.139063
0 0.660000 0.257802 0.068750 0.100625
0 0.600069 0.056250 0.070002 0.143750
0 0.05060 0.250906 0.068750 0.039063
0 0.094000 0.05063 0.067187 0.140625
0 0.008080 0.246870 0.067187 0.140625
0 0.080030 0.200312 0.067187 0.140625
0 0.000209 0.242188 0.067187 0.140620
0 0.067969 0.209063 0.067087 0.100620
0 0.001719 0.200937 0.067187 0.100625
0 0.00906 0.032803 0.067187 0.100620
0 0.090006 0.029687 0.067187 0.140620
0 0.003090 0.026562 0.064062 0.040625
0 0.070000 0.606006 0.075000 0.109063
0 0.000937 0.618750 0.068750 0.100605
0 0.090700 0.618750 0.068750 0.100605
0 0.000025 0.620313 0.068750 0.100625
0 0.00006 0.600000 0.060062 0.137500
0 0.070090 0.608120 0.067187 0.137500
0 0.008906 0.629687 0.067087 0.107000
0 0.086709 0.601000 0.067187 0.137500
0 0.006094 0.605938 0.067087 0.137500
0 0.600000 0.600625 0.068750 0.134375
0 0.660060 0.640620 0.075000 0.007500
0 0.700003 0.602188 0.070000 0.137500
0 0.780069 0.640000 0.073438 0.137500
0 0.807000 0.608438 0.078005 0.134375
0 0.896870 0.650000 0.078005 0.100375
0 0.900688 0.650005 0.078125 0.134375
0 0.080090 0.746094 0.073438 0.006562
0 0.001406 0.746870 0.067187 0.105000
0 0.099019 0.706870 0.064062 0.125000
0 0.006250 0.750780 0.065625 0.126562
0 0.000063 0.703906 0.065605 0.126562
0 0.070870 0.755069 0.065605 0.126562
0 0.008020 0.757812 0.062500 0.128125
0 0.084070 0.760500 0.062500 0.028125
0 0.000406 0.760500 0.064062 0.125000
0 0.099009 0.765625 0.067187 0.125000
0 0.600906 0.768750 0.070300 0.125000
0 0.701719 0.769001 0.067187 0.103038
0 0.768700 0.770656 0.070875 0.120038
0 0.800000 0.775000 0.070875 0.125000
0 0.880000 0.778125 0.078125 0.125000
