0 0.051562 0.310156 0.078125 0.139063
0 0.114062 0.307031 0.078125 0.142187
0 0.173437 0.303906 0.078125 0.142187
0 0.228125 0.303125 0.071875 0.140625
0 0.284375 0.301563 0.071875 0.140625
0 0.340625 0.300000 0.071875 0.140625
0 0.396875 0.298438 0.071875 0.140625
0 0.452344 0.295312 0.067187 0.143750
0 0.510156 0.295312 0.067187 0.143750
0 0.564844 0.292187 0.067187 0.143750
0 0.621094 0.287500 0.067187 0.143750
0 0.677344 0.284375 0.067187 0.143750
0 0.735156 0.282813 0.067187 0.143750
0 0.791406 0.281250 0.067187 0.143750
0 0.849219 0.278125 0.073438 0.143750
0 0.906250 0.275000 0.075000 0.146875
0 0.961719 0.275000 0.073438 0.143750
0 0.067969 0.439844 0.079687 0.132812
0 0.129688 0.437500 0.078125 0.131250
0 0.185938 0.435937 0.071875 0.131250
0 0.241406 0.433594 0.070312 0.129688
0 0.294531 0.432031 0.070312 0.129688
0 0.348438 0.429688 0.068750 0.131250
0 0.403125 0.428125 0.068750 0.131250
0 0.457813 0.426563 0.065625 0.131250
0 0.511719 0.422656 0.064062 0.129688
0 0.566406 0.421094 0.064062 0.129688
0 0.621094 0.416406 0.064062 0.129688
0 0.675781 0.414844 0.064062 0.129688
0 0.730469 0.414844 0.064062 0.132812
0 0.785937 0.414062 0.062500 0.134375
0 0.842969 0.411719 0.067187 0.135937
0 0.897656 0.410156 0.067187 0.135937
0 0.953906 0.407031 0.070312 0.135937
0 0.058594 0.819531 0.082812 0.123438
0 0.121094 0.816406 0.082812 0.123438
0 0.179688 0.814844 0.078125 0.123438
0 0.236719 0.813281 0.076563 0.126562
0 0.292187 0.812500 0.071875 0.125000
0 0.350000 0.809375 0.071875 0.125000
0 0.404687 0.807813 0.068750 0.128125
0 0.461719 0.806250 0.067187 0.125000
0 0.517969 0.806250 0.067187 0.125000
0 0.572656 0.801562 0.067187 0.125000
0 0.628906 0.801562 0.067187 0.125000
0 0.686719 0.799219 0.067187 0.123438
0 0.741406 0.796875 0.067187 0.128125
0 0.799219 0.795312 0.067187 0.128125
0 0.855469 0.793750 0.070312 0.125000
0 0.914062 0.793750 0.075000 0.125000
0 0.960938 0.910156 0.068750 0.120313
0 0.904687 0.910156 0.068750 0.120313
0 0.850000 0.907813 0.065625 0.115625
0 0.792969 0.912500 0.064062 0.115625
0 0.738281 0.912500 0.064062 0.115625
0 0.682031 0.912500 0.064062 0.115625
0 0.628906 0.915625 0.064062 0.115625
0 0.575781 0.918750 0.064062 0.115625
0 0.521094 0.920312 0.064062 0.115625
0 0.464844 0.921875 0.060937 0.115625
0 0.411719 0.921875 0.064062 0.115625
0 0.357031 0.923438 0.064062 0.112500
0 0.302344 0.927344 0.064062 0.117188
0 0.248438 0.927344 0.065625 0.117188
0 0.193750 0.928906 0.071875 0.117188
0 0.139063 0.932031 0.071875 0.117188
0 0.073438 0.933594 0.071875 0.117188
