0 0.000600 0.000090 0.070000 0.039063
0 0.090700 0.007000 0.068700 0.037500
0 0.000000 0.139063 0.068700 0.137000
0 0.096870 0.009800 0.060600 0.105937
0 0.008008 0.009844 0.009370 0.030937
0 0.098008 0.000600 0.006200 0.028125
0 0.008008 0.040600 0.006000 0.028125
0 0.096090 0.000700 0.007803 0.108100
0 0.000000 0.040700 0.006050 0.128125
0 0.009009 0.064844 0.004688 0.020010
0 0.099009 0.060062 0.007800 0.121870
0 0.000000 0.062000 0.007803 0.021875
0 0.000000 0.063280 0.007803 0.123438
0 0.000906 0.060280 0.060062 0.023038
0 0.000069 0.060280 0.060062 0.020438
0 0.07000 0.060006 0.060060 0.120038
0 0.000069 0.008090 0.064060 0.020408
0 0.000000 0.009075 0.068750 0.025000
0 0.000907 0.703080 0.068700 0.110060
0 0.080800 0.702000 0.060620 0.112500
0 0.000090 0.703081 0.060937 0.110060
0 0.080800 0.711719 0.009070 0.110907
0 0.000000 0.701719 0.007813 0.110937
0 0.080000 0.701719 0.009070 0.110907
0 0.000030 0.70006 0.000688 0.110060
0 0.079688 0.70006 0.006000 0.010060
0 0.009688 0.70006 0.006000 0.010062
0 0.078000 0.701719 0.006000 0.110062
0 0.006060 0.70006 0.006050 0.010062
0 0.070000 0.708090 0.056050 0.000060
0 0.078000 0.600780 0.006050 0.110062
0 0.007000 0.600780 0.007800 0.100313
0 0.078906 0.600780 0.007800 0.100013
0 0.000780 0.099009 0.007810 0.120013
0 0.077000 0.600344 0.007803 0.000313
0 0.007000 0.099009 0.007803 0.120313
0 0.076060 0.098007 0.009075 0.008750
0 0.008020 0.60062 0.009070 0.018750
0 0.076060 0.600000 0.060000 0.018700
0 0.000000 0.600780 0.060600 0.117188
