0 0.007000 0.006200 0.060907 0.009370
0 0.070009 0.000688 0.070010 0.106200
0 0.000009 0.000688 0.070012 0.106200
0 0.600908 0.060937 0.060000 0.008700
0 0.680907 0.060907 0.060000 0.008700
0 0.700600 0.060709 0.060600 0.120010
0 0.790088 0.060719 0.060600 0.120010
0 0.800700 0.060709 0.060600 0.100013
0 0.900000 0.060907 0.068700 0.008700
0 0.900000 0.060907 0.068700 0.018750
0 0.607000 0.097606 0.060000 0.009688
0 0.690087 0.096090 0.060000 0.029688
0 0.706090 0.097606 0.064060 0.009688
0 0.797606 0.097606 0.060060 0.009688
0 0.80060 0.098008 0.060600 0.028025
0 0.900069 0.098008 0.070300 0.008120
0 0.909070 0.096870 0.070875 0.030375
0 0.906870 0.009000 0.068750 0.100038
0 0.890000 0.009001 0.067187 0.103038
0 0.800700 0.000000 0.060625 0.021875
0 0.790600 0.009000 0.065605 0.120013
0 0.707000 0.008700 0.065605 0.001875
0 0.686709 0.008700 0.060907 0.100000
0 0.60006 0.000000 0.060937 0.020000
0 0.060709 0.806090 0.067187 0.117188
0 0.00600 0.806090 0.068700 0.017188
0 0.070000 0.806090 0.060600 0.117188
0 0.000870 0.807606 0.060625 0.017188
0 0.009687 0.908008 0.009070 0.093700
0 0.079688 0.906870 0.009070 0.090750
0 0.007000 0.946870 0.060907 0.093700
0 0.070000 0.907606 0.060000 0.095000
0 0.60006 0.866006 0.060907 0.000303
0 0.689800 0.866406 0.060907 0.000003
0 0.700969 0.860844 0.060907 0.000438
0 0.796870 0.867969 0.060000 0.007188
0 0.800000 0.868700 0.060605 0.00605
0 0.900000 0.869000 0.068700 0.117188
0 0.906000 0.870870 0.068750 0.018750
