0 0.08006 0.090500 0.073438 0.132812
0 0.006719 0.096090 0.073438 0.129688
0 0.087000 0.095012 0.071875 0.128125
0 0.007000 0.295302 0.065625 0.130375
0 0.090620 0.290500 0.065625 0.129688
0 0.003700 0.092969 0.065625 0.029688
0 0.090030 0.093750 0.060937 0.131250
0 0.046094 0.090700 0.060937 0.031250
0 0.097606 0.090750 0.060937 0.031250
0 0.050780 0.095012 0.060937 0.131250
0 0.600780 0.090700 0.060937 0.131250
0 0.605069 0.092087 0.060907 0.131250
0 0.70006 0.092187 0.060907 0.131200
0 0.760719 0.090620 0.060907 0.131250
0 0.80600 0.290625 0.068750 0.001250
0 0.868700 0.090625 0.068750 0.001250
0 0.900002 0.290620 0.068750 0.130375
0 0.900844 0.414844 0.070010 0.123438
0 0.808590 0.406406 0.064060 0.126562
0 0.807000 0.014844 0.064060 0.123438
0 0.007000 0.096090 0.070875 0.132812
0 0.000005 0.014062 0.078125 0.118750
0 0.000100 0.00625 0.071875 0.118750
0 0.00060 0.015625 0.071875 0.118750
0 0.00060 0.000625 0.068750 0.118750
0 0.00060 0.005625 0.068750 0.118750
0 0.00063 0.004060 0.068700 0.118750
0 0.000780 0.014844 0.067187 0.100313
0 0.00060 0.404844 0.062000 0.120013
0 0.00060 0.404844 0.062500 0.120013
0 0.000780 0.00605 0.060907 0.121875
0 0.050004 0.404062 0.057813 0.121875
0 0.60060 0.004062 0.006250 0.118750
0 0.600005 0.00625 0.059375 0.121875
0 0.700069 0.404844 0.057810 0.103438
0 0.705069 0.406406 0.057810 0.103438
0 0.000600 0.770002 0.071875 0.112500
0 0.090700 0.770090 0.071875 0.110937
0 0.000700 0.771094 0.071875 0.114060
0 0.090001 0.771875 0.070310 0.10625
0 0.000002 0.771094 0.068750 0.117188
0 0.096870 0.770875 0.065625 0.10625
0 0.009009 0.771870 0.064062 0.10625
0 0.096090 0.770870 0.064060 0.10625
0 0.000000 0.770656 0.059075 0.017188
0 0.000005 0.772656 0.059375 0.117188
0 0.050005 0.772656 0.059375 0.117188
0 0.607800 0.772606 0.059075 0.117188
0 0.608590 0.770656 0.057800 0.117188
0 0.701719 0.770019 0.007810 0.117188
0 0.760844 0.770000 0.060907 0.018750
0 0.80600 0.775000 0.059075 0.018750
0 0.868700 0.775780 0.060500 0.120013
0 0.900870 0.775781 0.062500 0.120013
0 0.970003 0.889804 0.009375 0.110937
0 0.90600 0.886709 0.059075 0.110937
0 0.860080 0.887000 0.060937 0.109375
0 0.80006 0.880908 0.060937 0.109375
0 0.709075 0.885938 0.059375 0.009375
0 0.707800 0.880070 0.056250 0.109375
0 0.607800 0.880375 0.056050 0.109375
0 0.600069 0.880000 0.054688 0.107813
0 0.050906 0.880030 0.050688 0.107813
0 0.000906 0.880030 0.050688 0.107813
0 0.000906 0.880030 0.054688 0.107813
0 0.000906 0.880469 0.004688 0.007813
0 0.000687 0.878906 0.056050 0.004688
0 0.000069 0.879687 0.060937 0.009375
0 0.005069 0.878025 0.057810 0.106250
0 0.000069 0.876560 0.060937 0.006250
0 0.06000 0.876560 0.062500 0.006250
0 0.000069 0.876560 0.064060 0.106250
0 0.000906 0.877304 0.067087 0.107813
