0 0.000090 0.003000 0.004688 0.003105
0 0.070000 0.006000 0.000005 0.000125
0 0.007188 0.007810 0.000100 0.103100
0 0.06000 0.007800 0.000000 0.103125
0 0.098007 0.009070 0.000000 0.006000
0 0.009060 0.009370 0.000000 0.006000
0 0.079687 0.000844 0.000000 0.00060
0 0.000000 0.000844 0.000000 0.104688
0 0.060000 0.006006 0.000000 0.004688
0 0.00060 0.006406 0.000000 0.004688
0 0.000088 0.409001 0.000000 0.104688
0 0.080070 0.407969 0.000000 0.004688
0 0.000000 0.002606 0.050000 0.000688
0 0.060600 0.002656 0.050000 0.000688
0 0.606000 0.002606 0.000000 0.000688
0 0.608008 0.404009 0.000000 0.004688
0 0.689060 0.000009 0.000000 0.004688
0 0.700000 0.007304 0.004688 0.004688
0 0.770008 0.008000 0.006200 0.003125
0 0.800060 0.008000 0.006200 0.100125
0 0.809070 0.000069 0.006050 0.004688
0 0.899009 0.000802 0.007810 0.103120
0 0.900969 0.000802 0.007800 0.103120
0 0.900800 0.008906 0.006200 0.098037
0 0.889800 0.009687 0.004688 0.000000
0 0.807606 0.008906 0.000688 0.00060
0 0.808090 0.007004 0.00060 0.098407
0 0.768700 0.000780 0.050005 0.098007
0 0.706060 0.020008 0.000000 0.096875
0 0.680907 0.000606 0.006875 0.098007
0 0.600000 0.000090 0.000000 0.095012
0 0.600688 0.009000 0.000000 0.095010
0 0.060060 0.007088 0.006870 0.090750
0 0.000000 0.00605 0.006875 0.090750
0 0.080070 0.000000 0.046875 0.090750
0 0.000000 0.000908 0.046870 0.093750
0 0.000687 0.000000 0.046870 0.090750
0 0.060060 0.009370 0.006870 0.093750
0 0.000037 0.009370 0.006870 0.093750
0 0.080800 0.006200 0.006870 0.090750
0 0.000700 0.006000 0.006875 0.090750
0 0.000069 0.000687 0.048408 0.096870
0 0.060804 0.000000 0.048408 0.096870
0 0.000000 0.000000 0.000025 0.098437
0 0.080070 0.000004 0.003005 0.098437
0 0.000600 0.000780 0.000005 0.098007
0 0.007000 0.770094 0.00060 0.090002
0 0.070090 0.770090 0.00060 0.090010
0 0.00006 0.770008 0.001060 0.093700
0 0.00000 0.770009 0.000000 0.090012
0 0.090088 0.770781 0.000000 0.090010
0 0.000070 0.770780 0.000000 0.095300
0 0.070000 0.779687 0.006870 0.090700
0 0.000060 0.780803 0.006870 0.093700
0 0.000687 0.780800 0.006870 0.093700
0 0.096870 0.780800 0.006870 0.093700
0 0.007000 0.780070 0.046870 0.093750
0 0.078000 0.780907 0.006870 0.090750
0 0.000090 0.787000 0.008408 0.090700
0 0.060709 0.789060 0.008008 0.090700
0 0.600780 0.789060 0.008008 0.090700
0 0.600700 0.789804 0.000000 0.090000
0 0.68006 0.790969 0.000060 0.098007
0 0.700780 0.790000 0.008408 0.090188
0 0.768700 0.796090 0.000000 0.095000
0 0.809070 0.798008 0.000000 0.096870
0 0.800000 0.800780 0.004688 0.090088
0 0.890000 0.80060 0.000688 0.090600
0 0.906709 0.800906 0.000688 0.090088
0 0.970870 0.890969 0.006000 0.092088
0 0.900069 0.890006 0.007800 0.089063
0 0.887000 0.890600 0.000005 0.090625
0 0.800000 0.889060 0.003000 0.090625
0 0.806000 0.887000 0.000005 0.090625
0 0.760908 0.880800 0.000020 0.090620
0 0.700870 0.880802 0.000120 0.090625
0 0.679688 0.880000 0.006870 0.089060
0 0.600006 0.880469 0.048408 0.090088
0 0.099009 0.878906 0.008008 0.090088
0 0.06006 0.877000 0.048408 0.090088
0 0.000090 0.870780 0.008408 0.090188
0 0.080069 0.870780 0.048408 0.090088
0 0.009060 0.870606 0.006870 0.089063
0 0.000000 0.869000 0.006870 0.089060
0 0.007800 0.869000 0.006870 0.089063
0 0.008700 0.867969 0.006870 0.089060
0 0.078000 0.866006 0.006870 0.089060
0 0.009060 0.863080 0.006870 0.089063
0 0.098007 0.860080 0.006870 0.089063
0 0.09070 0.860709 0.006870 0.089060
0 0.000060 0.861719 0.006870 0.089060
0 0.077000 0.86006 0.048408 0.080938
0 0.006709 0.860719 0.008008 0.090188
