0 0.142969 0.053125 0.048438 0.103125
0 0.184375 0.053125 0.053125 0.103125
0 0.225000 0.053125 0.053125 0.103125
0 0.270313 0.053125 0.053125 0.103125
0 0.309375 0.053125 0.053125 0.103125
0 0.350000 0.054688 0.053125 0.106250
0 0.393750 0.054688 0.050000 0.106250
0 0.437500 0.054688 0.050000 0.106250
0 0.478125 0.056250 0.050000 0.109375
0 0.518750 0.056250 0.050000 0.109375
0 0.559375 0.056250 0.050000 0.109375
0 0.604688 0.056250 0.050000 0.109375
0 0.646875 0.056250 0.050000 0.109375
0 0.687500 0.056250 0.050000 0.109375
0 0.730469 0.054688 0.054688 0.106250
0 0.771094 0.054688 0.054688 0.106250
0 0.814063 0.054688 0.053125 0.106250
0 0.859375 0.056250 0.059375 0.109375
0 0.900000 0.055469 0.059375 0.107813
0 0.946875 0.055469 0.059375 0.107813
0 0.971875 0.154688 0.053125 0.106250
0 0.934375 0.156250 0.059375 0.106250
0 0.890625 0.156250 0.059375 0.106250
0 0.850000 0.158594 0.056250 0.107813
0 0.808594 0.160938 0.054688 0.112500
0 0.765625 0.159375 0.053125 0.112500
0 0.724219 0.159375 0.054688 0.112500
0 0.683594 0.159375 0.048438 0.112500
0 0.639062 0.156250 0.050000 0.106250
0 0.602344 0.159375 0.048438 0.109375
0 0.561719 0.159375 0.048438 0.109375
0 0.521094 0.156250 0.048438 0.109375
0 0.480469 0.156250 0.048438 0.109375
0 0.437500 0.154688 0.050000 0.109375
0 0.396875 0.154688 0.050000 0.109375
0 0.355469 0.153125 0.048438 0.109375
0 0.315625 0.154688 0.050000 0.109375
0 0.274219 0.154688 0.048438 0.109375
0 0.234375 0.152344 0.050000 0.107813
0 0.193750 0.153125 0.056250 0.109375
0 0.150000 0.153125 0.059375 0.109375
0 0.059375 0.417969 0.059375 0.101562
0 0.103125 0.417969 0.056250 0.101562
0 0.143750 0.418750 0.056250 0.103125
0 0.186719 0.418750 0.054688 0.103125
0 0.228125 0.418750 0.056250 0.103125
0 0.267969 0.418750 0.051562 0.103125
0 0.309375 0.421875 0.050000 0.103125
0 0.350000 0.421875 0.050000 0.103125
0 0.392969 0.421875 0.051562 0.103125
0 0.433594 0.421875 0.051562 0.103125
0 0.475000 0.421875 0.050000 0.106250
0 0.517188 0.421875 0.050000 0.106250
0 0.559375 0.421875 0.050000 0.106250
0 0.600000 0.421875 0.050000 0.106250
0 0.640625 0.425000 0.050000 0.106250
0 0.685937 0.423438 0.050000 0.106250
0 0.728125 0.423438 0.050000 0.106250
0 0.767188 0.425000 0.050000 0.106250
0 0.810156 0.427344 0.051562 0.104688
0 0.853906 0.427344 0.051562 0.104688
0 0.895312 0.428906 0.059375 0.101562
0 0.939063 0.427344 0.056250 0.104688
0 0.971094 0.526563 0.054688 0.100000
0 0.928906 0.526563 0.054688 0.100000
0 0.886719 0.526563 0.054688 0.100000
0 0.844531 0.525781 0.054688 0.098437
0 0.803125 0.525000 0.053125 0.100000
0 0.762500 0.525000 0.050000 0.100000
0 0.721875 0.525000 0.050000 0.100000
0 0.681250 0.524219 0.046875 0.098437
0 0.639062 0.522656 0.046875 0.098437
0 0.600000 0.521094 0.046875 0.098437
0 0.558594 0.518750 0.045312 0.100000
0 0.515625 0.521094 0.046875 0.098437
0 0.476562 0.521094 0.046875 0.098437
0 0.434375 0.519531 0.046875 0.098437
0 0.394531 0.518750 0.048438 0.100000
0 0.353906 0.518750 0.048438 0.100000
0 0.314844 0.518750 0.048438 0.100000
0 0.272656 0.518750 0.048438 0.100000
0 0.234375 0.517969 0.050000 0.098437
0 0.193750 0.516406 0.050000 0.098437
0 0.152344 0.515625 0.054688 0.096875
0 0.113281 0.514062 0.051562 0.100000
0 0.071094 0.514062 0.054688 0.096875
0 0.030469 0.513281 0.057813 0.095312
0 0.057031 0.787500 0.051562 0.096875
0 0.100000 0.788281 0.053125 0.095312
0 0.143750 0.788281 0.053125 0.095312
0 0.184375 0.786719 0.053125 0.095312
0 0.226562 0.788281 0.053125 0.095312
0 0.267188 0.787500 0.053125 0.096875
0 0.309375 0.790625 0.050000 0.093750
0 0.350000 0.792188 0.050000 0.093750
0 0.392188 0.790625 0.050000 0.093750
0 0.431250 0.792188 0.050000 0.093750
0 0.473438 0.792969 0.053125 0.095312
0 0.514062 0.794531 0.053125 0.095312
0 0.556250 0.794531 0.053125 0.095312
0 0.598437 0.794531 0.053125 0.095312
0 0.639062 0.797656 0.053125 0.095312
0 0.684375 0.797656 0.053125 0.095312
0 0.725000 0.796094 0.053125 0.095312
0 0.767188 0.797656 0.053125 0.095312
0 0.809375 0.800781 0.053125 0.095312
0 0.851562 0.800781 0.056250 0.098437
0 0.893750 0.802344 0.056250 0.098437
0 0.939063 0.805469 0.059375 0.095312
0 0.974219 0.896094 0.051562 0.095312
0 0.929688 0.894531 0.056250 0.089063
0 0.888281 0.892188 0.051562 0.090625
0 0.847656 0.890625 0.051562 0.090625
0 0.804688 0.890625 0.050000 0.090625
0 0.762500 0.887500 0.050000 0.090625
0 0.720313 0.887500 0.050000 0.090625
0 0.681250 0.885938 0.050000 0.090625
0 0.639062 0.885938 0.046875 0.090625
0 0.598437 0.885938 0.046875 0.090625
0 0.557813 0.884375 0.046875 0.090625
0 0.517188 0.882812 0.046875 0.090625
0 0.475000 0.879687 0.046875 0.090625
0 0.435937 0.881250 0.046875 0.090625
0 0.393750 0.879687 0.046875 0.090625
0 0.353125 0.878125 0.046875 0.090625
0 0.312500 0.878125 0.046875 0.090625
0 0.271875 0.878125 0.046875 0.090625
0 0.231250 0.876563 0.046875 0.090625
0 0.190625 0.876563 0.046875 0.090625
0 0.151562 0.876563 0.050000 0.090625
0 0.109375 0.876563 0.050000 0.090625
0 0.067187 0.876563 0.056250 0.090625
0 0.028125 0.876563 0.053125 0.090625
