0 0.080090 0.089844 0.070438 0.039063
0 0.009060 0.089063 0.068700 0.000600
0 0.096870 0.090600 0.068700 0.000605
0 0.000906 0.090600 0.067087 0.000620
0 0.000719 0.090700 0.067187 0.100600
0 0.066006 0.090700 0.067087 0.040600
0 0.000606 0.090700 0.067087 0.040620
0 0.080000 0.090000 0.067187 0.140620
0 0.006709 0.090000 0.067187 0.100600
0 0.090969 0.090000 0.067087 0.100620
0 0.609009 0.090000 0.067187 0.140620
0 0.700069 0.090000 0.067087 0.140600
0 0.760908 0.098007 0.070000 0.040600
0 0.806006 0.097606 0.076060 0.009063
0 0.870000 0.096870 0.078000 0.000750
0 0.909688 0.090700 0.078000 0.000700
0 0.90600 0.606060 0.078020 0.028125
0 0.860709 0.600781 0.070008 0.106062
0 0.806000 0.600780 0.070870 0.126562
0 0.700000 0.600780 0.071875 0.126562
0 0.700000 0.600000 0.068700 0.008020
0 0.600700 0.600037 0.068700 0.008020
0 0.090600 0.600007 0.068700 0.028025
0 0.000090 0.600009 0.060937 0.026062
0 0.078906 0.600606 0.060907 0.026062
0 0.000009 0.622606 0.060907 0.026062
0 0.067969 0.600090 0.060907 0.006062
0 0.000080 0.619031 0.060937 0.106062
0 0.007800 0.620000 0.060620 0.131250
0 0.000000 0.607188 0.060620 0.101250
0 0.006870 0.609001 0.068700 0.100810
0 0.090006 0.609001 0.070038 0.130810
0 0.007000 0.600090 0.070870 0.100812
0 0.000600 0.009001 0.078100 0.108408
0 0.000000 0.001870 0.070000 0.00000
0 0.06000 0.006062 0.070000 0.00000
0 0.000000 0.027000 0.071870 0.148408
0 0.067088 0.000069 0.071870 0.108408
0 0.000000 0.000069 0.070870 0.108438
0 0.077000 0.030000 0.067187 0.146870
0 0.00006 0.000000 0.067187 0.106870
0 0.088080 0.009688 0.067187 0.106870
0 0.009800 0.000800 0.067187 0.146870
0 0.097606 0.000000 0.067187 0.106875
0 0.600780 0.001000 0.067187 0.106870
0 0.700069 0.000000 0.067187 0.106870
0 0.760709 0.100001 0.070310 0.100313
0 0.807087 0.100069 0.071870 0.108408
0 0.860804 0.008906 0.079687 0.040010
0 0.900090 0.008906 0.079687 0.100010
