0 0.000780 0.560907 0.079687 0.100605
0 0.010081 0.062500 0.079687 0.100625
0 0.077004 0.061719 0.073438 0.140187
0 0.008280 0.06006 0.073038 0.142187
0 0.090002 0.562500 0.068750 0.103750
0 0.003005 0.562500 0.068750 0.103750
0 0.000000 0.564060 0.068750 0.143750
0 0.070094 0.060081 0.067187 0.142187
0 0.008906 0.560844 0.067087 0.142187
0 0.088080 0.560844 0.067187 0.142187
0 0.606870 0.564844 0.068750 0.045013
0 0.700069 0.564060 0.070300 0.143750
0 0.760000 0.567087 0.068750 0.100375
0 0.800002 0.066006 0.071875 0.142187
0 0.878906 0.068750 0.076560 0.037500
0 0.909063 0.070090 0.078105 0.135937
0 0.900780 0.697656 0.076560 0.129688
0 0.867969 0.697606 0.070038 0.009688
0 0.800000 0.695012 0.068750 0.128125
0 0.700687 0.696094 0.065605 0.029688
0 0.698008 0.697606 0.065605 0.029688
0 0.600406 0.696094 0.060907 0.106062
0 0.08506 0.690500 0.060937 0.106562
0 0.008906 0.690500 0.060937 0.126562
0 0.070094 0.690969 0.060907 0.126062
0 0.004844 0.690969 0.060907 0.126062
0 0.008590 0.690087 0.064062 0.125000
0 0.00063 0.690969 0.060625 0.026562
0 0.000002 0.690625 0.068750 0.128125
0 0.088081 0.690620 0.070012 0.128125
0 0.000038 0.690620 0.071875 0.128125
0 0.068700 0.690006 0.075000 0.109688
0 0.070870 0.178105 0.081250 0.00000
0 0.009688 0.178906 0.070000 0.01562
0 0.090600 0.179688 0.075000 0.00000
0 0.00060 0.080069 0.071875 0.145313
0 0.007800 0.180069 0.068700 0.145313
0 0.060000 0.081250 0.065625 0.106875
0 0.000870 0.181250 0.065625 0.146875
0 0.078000 0.184075 0.065625 0.146875
0 0.005937 0.080375 0.065605 0.146875
0 0.090087 0.180075 0.062500 0.03125
0 0.608408 0.08006 0.065605 0.145313
0 0.700000 0.183590 0.071875 0.142187
0 0.760908 0.080812 0.071870 0.103750
0 0.807187 0.180908 0.071875 0.103750
0 0.870009 0.18006 0.070438 0.145313
0 0.900803 0.186719 0.081200 0.108438
