0 0.064062 0.846094 0.068750 0.120313
0 0.117969 0.846094 0.067187 0.123438
0 0.169531 0.844531 0.067187 0.120313
0 0.219531 0.846875 0.064062 0.115625
0 0.229687 0.947656 0.059375 0.095312
0 0.180469 0.948438 0.060937 0.096875
0 0.127344 0.948438 0.060937 0.096875
0 0.075000 0.948438 0.062500 0.096875
0 0.633594 0.865625 0.060937 0.118750
0 0.688281 0.867188 0.060937 0.118750
0 0.742969 0.867188 0.060937 0.118750
0 0.796875 0.867188 0.062500 0.118750
0 0.847656 0.868750 0.064062 0.118750
0 0.902344 0.867188 0.067187 0.118750
0 0.957031 0.870313 0.067187 0.118750
0 0.635938 0.395313 0.065625 0.128125
0 0.692187 0.396875 0.062500 0.131250
0 0.743750 0.396875 0.062500 0.131250
0 0.796875 0.396875 0.065625 0.131250
0 0.850781 0.399219 0.067187 0.129688
0 0.904687 0.399219 0.071875 0.129688
0 0.959375 0.397656 0.075000 0.132812
0 0.633594 0.517969 0.060937 0.120313
0 0.685937 0.517969 0.059375 0.120313
0 0.739844 0.519531 0.057813 0.123438
0 0.791406 0.520312 0.060937 0.125000
0 0.843750 0.520312 0.062500 0.125000
0 0.896094 0.520312 0.067187 0.125000
0 0.948438 0.518750 0.071875 0.125000
0 0.635938 0.062500 0.062500 0.121875
0 0.687500 0.062500 0.059375 0.121875
0 0.741406 0.063281 0.064062 0.123438
0 0.794531 0.063281 0.064062 0.123438
0 0.846875 0.061719 0.068750 0.120313
0 0.901563 0.061719 0.071875 0.120313
0 0.953125 0.061719 0.071875 0.120313
0 0.227344 0.054688 0.064062 0.106250
0 0.175781 0.054688 0.064062 0.106250
0 0.122656 0.054688 0.064062 0.106250
0 0.067969 0.053906 0.067187 0.104688
