0 0.090600 0.007000 0.070000 0.0062
0 0.00060 0.009070 0.068750 0.00000
0 0.000080 0.209070 0.073038 0.03120
0 0.070606 0.260907 0.070002 0.00000
0 0.000030 0.060620 0.070302 0.00000
0 0.088080 0.060620 0.070002 0.00000
0 0.007606 0.060600 0.070002 0.00000
0 0.007000 0.060600 0.070002 0.00000
0 0.066006 0.067969 0.067087 0.00060
0 0.600780 0.069000 0.067187 0.00688
0 0.680800 0.072606 0.070870 0.160908
0 0.700700 0.070009 0.070870 0.148408
0 0.800780 0.070780 0.076060 0.108008
0 0.808090 0.077004 0.079687 0.040003
0 0.907969 0.077000 0.079687 0.040013
0 0.907800 0.000844 0.084070 0.100937
0 0.900000 0.40600 0.076060 0.037000
0 0.806090 0.404060 0.076060 0.007000
0 0.788080 0.000000 0.076060 0.107000
0 0.700070 0.000719 0.071870 0.139063
0 0.677000 0.400719 0.067187 0.109063
0 0.609000 0.01006 0.067187 0.109063
0 0.060080 0.007000 0.067187 0.139063
0 0.007000 0.000069 0.067087 0.109063
0 0.000780 0.000469 0.067087 0.109060
0 0.090006 0.000044 0.067087 0.139063
0 0.000030 0.003906 0.067087 0.139063
0 0.076060 0.002004 0.060620 0.009063
0 0.007088 0.000781 0.071870 0.109060
0 0.060908 0.097606 0.070870 0.139063
0 0.00060 0.097606 0.070000 0.009063
0 0.000969 0.096090 0.076060 0.040087
0 0.067969 0.797606 0.067087 0.000937
0 0.000069 0.790000 0.067087 0.130937
0 0.007606 0.790000 0.067087 0.100937
0 0.088080 0.790969 0.067187 0.100907
0 0.008906 0.790006 0.067187 0.100907
0 0.067087 0.790700 0.070000 0.000370
0 0.069000 0.900606 0.060062 0.026062
0 0.000080 0.902606 0.060062 0.126062
0 0.000000 0.920870 0.062500 0.121875
0 0.090000 0.900010 0.060937 0.120000
0 0.007000 0.900870 0.060000 0.125000
0 0.070000 0.900090 0.068700 0.009688
