0 0.039062 0.379688 0.075000 0.140625
0 0.096875 0.382031 0.078125 0.142187
0 0.154688 0.380469 0.075000 0.142187
0 0.211719 0.378906 0.076563 0.142187
0 0.269531 0.378906 0.070312 0.145313
0 0.327344 0.377344 0.070312 0.145313
0 0.384375 0.376563 0.065625 0.143750
0 0.439063 0.376563 0.065625 0.143750
0 0.496875 0.375000 0.065625 0.143750
0 0.551562 0.375000 0.065625 0.143750
0 0.607812 0.374219 0.062500 0.142187
0 0.661719 0.372656 0.064062 0.139063
0 0.719531 0.371094 0.064062 0.142187
0 0.774219 0.371094 0.064062 0.142187
0 0.830469 0.372656 0.067187 0.139063
0 0.884375 0.372656 0.068750 0.139063
0 0.939844 0.370312 0.073438 0.143750
0 0.930469 0.502344 0.070312 0.132812
0 0.878125 0.502344 0.068750 0.135937
0 0.821875 0.501563 0.062500 0.131250
0 0.766406 0.500781 0.060937 0.126562
0 0.715625 0.499219 0.062500 0.126562
0 0.662500 0.502344 0.062500 0.126562
0 0.607812 0.503906 0.062500 0.126562
0 0.550000 0.505469 0.062500 0.126562
0 0.496875 0.505469 0.062500 0.126562
0 0.443750 0.505469 0.062500 0.126562
0 0.385937 0.505469 0.062500 0.126562
0 0.332813 0.506250 0.065625 0.128125
0 0.278125 0.505469 0.065625 0.126562
0 0.220312 0.508594 0.068750 0.129688
0 0.168750 0.510156 0.071875 0.126562
0 0.111719 0.511719 0.073438 0.126562
0 0.054688 0.510938 0.078125 0.131250
0 0.049219 0.916406 0.073438 0.132812
0 0.108594 0.916406 0.073438 0.132812
0 0.167187 0.914062 0.068750 0.128125
0 0.225000 0.910937 0.068750 0.128125
0 0.284375 0.909375 0.068750 0.128125
0 0.339844 0.907031 0.067187 0.129688
0 0.398438 0.907031 0.062500 0.123438
0 0.453125 0.907031 0.062500 0.123438
0 0.508594 0.902344 0.060937 0.123438
0 0.564844 0.902344 0.060937 0.123438
0 0.623437 0.902344 0.062500 0.123438
0 0.678125 0.902344 0.065625 0.120313
0 0.734375 0.901563 0.065625 0.125000
0 0.792188 0.901563 0.065625 0.125000
0 0.848437 0.900000 0.068750 0.125000
0 0.904687 0.898438 0.075000 0.125000
0 0.962500 0.898438 0.071875 0.128125
