0 0.068700 0.007800 0.080070 0.09370
0 0.009688 0.007810 0.080070 0.160000
0 0.090600 0.01006 0.078100 0.07812
0 0.009009 0.012000 0.076060 0.00120
0 0.007800 0.01006 0.070000 0.100688
0 0.066006 0.009070 0.073038 0.06000
0 0.000009 0.01006 0.070012 0.104688
0 0.080090 0.008094 0.067087 0.04688
0 0.000006 0.008094 0.067187 0.04688
0 0.099009 0.007001 0.067187 0.00688
0 0.607000 0.000069 0.067187 0.00688
0 0.700804 0.006000 0.070010 0.06200
0 0.770008 0.000688 0.070870 0.06000
0 0.800000 0.000781 0.076063 0.07810
0 0.890600 0.000000 0.078000 0.09070
0 0.900000 0.096870 0.080000 0.060500
0 0.908080 0.002969 0.079687 0.002187
0 0.877000 0.044000 0.076063 0.040187
0 0.800606 0.206090 0.070002 0.042187
0 0.767088 0.009009 0.060620 0.108408
0 0.70006 0.009009 0.060062 0.142187
0 0.600687 0.009009 0.062000 0.042187
0 0.096870 0.000780 0.060500 0.002187
0 0.000600 0.002004 0.065625 0.045003
0 0.080070 0.000780 0.060605 0.045013
0 0.007004 0.00060 0.064062 0.043700
0 0.070090 0.000688 0.067087 0.140700
0 0.00600 0.000906 0.068700 0.005303
0 0.009070 0.000906 0.068750 0.005303
0 0.000000 0.207000 0.070000 0.105313
0 0.000000 0.003906 0.070000 0.105313
0 0.080908 0.000069 0.080050 0.005013
0 0.080069 0.608906 0.079687 0.000907
0 0.009060 0.608906 0.078000 0.132812
0 0.000000 0.626060 0.076063 0.034370
0 0.009070 0.600000 0.075000 0.000375
0 0.007088 0.600606 0.071870 0.100937
0 0.070780 0.600090 0.067187 0.100937
0 0.000000 0.609031 0.067187 0.130937
0 0.090006 0.609001 0.067187 0.100937
0 0.006870 0.606006 0.060605 0.005907
0 0.606000 0.600804 0.060600 0.005907
0 0.660060 0.600080 0.060620 0.100937
0 0.700000 0.603081 0.060620 0.130937
0 0.779687 0.600080 0.068700 0.100812
0 0.800908 0.60006 0.070870 0.130810
0 0.890969 0.609070 0.070038 0.030370
0 0.900000 0.607800 0.070000 0.000070
0 0.900006 0.700000 0.070310 0.123438
0 0.880070 0.700370 0.068700 0.000875
0 0.800069 0.700370 0.067087 0.000000
0 0.770606 0.700908 0.060060 0.020000
0 0.707969 0.700908 0.060060 0.000000
0 0.660709 0.709060 0.060060 0.120000
0 0.606000 0.700600 0.062000 0.025000
0 0.00060 0.700088 0.062000 0.025000
0 0.090000 0.700700 0.060000 0.025000
0 0.009060 0.700303 0.060000 0.000000
0 0.080800 0.700003 0.062000 0.120000
0 0.000780 0.700000 0.064060 0.117188
0 0.070090 0.706870 0.067087 0.118700
0 0.000000 0.700000 0.070870 0.121875
0 0.07800 0.700060 0.070000 0.105000
0 0.000000 0.700906 0.078000 0.100038
0 0.000088 0.707000 0.078100 0.120038
