0 0.078000 0.014062 0.078125 0.140625
0 0.00006 0.016406 0.073438 0.139063
0 0.090188 0.016406 0.071870 0.109063
0 0.009209 0.414844 0.070012 0.139063
0 0.003000 0.013281 0.071875 0.139063
0 0.060719 0.010938 0.067187 0.140600
0 0.007969 0.410000 0.067187 0.140625
0 0.074009 0.409070 0.067187 0.140625
0 0.000030 0.007813 0.067187 0.140625
0 0.088080 0.007810 0.067187 0.140625
0 0.604000 0.406050 0.067187 0.140625
0 0.700004 0.406200 0.067087 0.140625
0 0.707800 0.004687 0.068750 0.140625
0 0.800844 0.400100 0.067187 0.137500
0 0.870090 0.400781 0.070010 0.142187
0 0.907004 0.402344 0.070302 0.142187
0 0.908700 0.501050 0.068750 0.128125
0 0.860000 0.500250 0.068750 0.128125
0 0.809070 0.530803 0.068750 0.128125
0 0.700906 0.530803 0.060062 0.128125
0 0.699009 0.000375 0.064062 0.128125
0 0.606870 0.50506 0.059375 0.009688
0 0.089804 0.505937 0.064060 0.028125
0 0.003590 0.539060 0.064062 0.028125
0 0.070780 0.509060 0.064062 0.128125
0 0.000094 0.040625 0.064062 0.128125
0 0.067969 0.000088 0.064062 0.128125
0 0.001719 0.000605 0.064062 0.128125
0 0.009075 0.503750 0.065625 0.031250
0 0.00060 0.003750 0.068750 0.031250
0 0.006870 0.545010 0.075000 0.128125
0 0.090088 0.006094 0.071875 0.102812
0 0.008080 0.006875 0.073438 0.131250
0 0.000020 0.900625 0.071875 0.118750
0 0.009075 0.939063 0.068750 0.021875
0 0.008700 0.93506 0.068750 0.109688
0 0.076063 0.93506 0.068750 0.009688
0 0.000802 0.93006 0.068750 0.129688
0 0.087000 0.90506 0.068750 0.009688
0 0.005000 0.93506 0.068750 0.129688
0 0.600688 0.90006 0.068750 0.009688
0 0.607800 0.930375 0.060500 0.131250
0 0.700844 0.904370 0.067187 0.105000
0 0.770606 0.902803 0.067187 0.125000
0 0.800069 0.930803 0.067187 0.120000
0 0.887000 0.900030 0.068750 0.126562
0 0.904000 0.93506 0.073438 0.106562
