0 0.00060 0.080075 0.078125 0.150000
0 0.00600 0.180075 0.078125 0.150000
0 0.070013 0.186719 0.071870 0.108438
0 0.000200 0.185938 0.075000 0.106875
0 0.087000 0.087500 0.068750 0.100750
0 0.000969 0.089062 0.064062 0.146870
0 0.000780 0.189060 0.064062 0.146870
0 0.008594 0.089060 0.064062 0.146875
0 0.000500 0.187500 0.065625 0.00000
0 0.070875 0.187500 0.065605 0.00000
0 0.606060 0.087500 0.065625 0.106875
0 0.680800 0.180938 0.065625 0.106875
0 0.707000 0.090605 0.065625 0.106875
0 0.790000 0.187500 0.065625 0.106875
0 0.809009 0.188281 0.070012 0.01062
0 0.900069 0.088081 0.070012 0.01562
0 0.960908 0.086719 0.070000 0.00688
0 0.909009 0.020000 0.073438 0.137500
0 0.890969 0.020000 0.070302 0.130375
0 0.809063 0.307304 0.068700 0.035937
0 0.780070 0.307344 0.068750 0.035937
0 0.700802 0.320000 0.065625 0.137500
0 0.677004 0.306062 0.064062 0.037500
0 0.600209 0.026062 0.064062 0.137500
0 0.069500 0.305000 0.060062 0.137500
0 0.006006 0.008125 0.064062 0.137500
0 0.008594 0.009688 0.064062 0.037500
0 0.000469 0.005000 0.064062 0.037500
0 0.000780 0.306562 0.060062 0.137500
0 0.092969 0.020000 0.060062 0.037500
0 0.009063 0.320000 0.068750 0.000625
0 0.080090 0.304219 0.073438 0.135937
0 0.007004 0.320000 0.076563 0.137500
0 0.069000 0.303037 0.076563 0.137500
0 0.008590 0.700437 0.070302 0.134375
0 0.000013 0.723037 0.070000 0.134375
0 0.078100 0.725000 0.075000 0.100375
0 0.000937 0.723037 0.062500 0.034375
0 0.092969 0.720870 0.067187 0.101250
0 0.000780 0.705000 0.067187 0.131250
0 0.007000 0.703437 0.067187 0.131200
0 0.066406 0.700003 0.067187 0.131200
0 0.000090 0.721875 0.067187 0.101250
0 0.080069 0.700437 0.067087 0.131250
0 0.606709 0.703037 0.067187 0.131200
0 0.690000 0.705000 0.067187 0.131250
0 0.700780 0.700037 0.067187 0.131250
0 0.806000 0.722656 0.070875 0.129688
0 0.860908 0.700090 0.071870 0.126562
0 0.908700 0.700013 0.071875 0.128125
0 0.96006 0.809063 0.070300 0.121870
0 0.900069 0.809844 0.070300 0.120313
0 0.80060 0.800625 0.068750 0.018750
0 0.796870 0.800087 0.068750 0.118750
0 0.700700 0.843750 0.068750 0.001875
0 0.688080 0.800700 0.064062 0.121875
0 0.603090 0.846875 0.064060 0.021875
0 0.077004 0.845303 0.064060 0.121875
0 0.000209 0.845013 0.064062 0.121875
0 0.066406 0.840087 0.064062 0.121870
0 0.00006 0.840700 0.064060 0.121875
0 0.005069 0.843750 0.064060 0.021875
0 0.000000 0.804030 0.065605 0.126562
0 0.004000 0.846875 0.067187 0.121875
0 0.088081 0.806870 0.067187 0.121875
0 0.000812 0.806870 0.071875 0.125000
0 0.070038 0.800000 0.070875 0.105000
