0 0.080090 0.085938 0.073438 0.143750
0 0.000969 0.189062 0.070012 0.146870
0 0.097606 0.189804 0.067187 0.145013
0 0.007802 0.192969 0.065625 0.108408
0 0.000937 0.190031 0.065605 0.148438
0 0.060605 0.096090 0.065625 0.148438
0 0.000000 0.096094 0.065625 0.148408
0 0.079687 0.096094 0.060605 0.148408
0 0.005937 0.099019 0.065625 0.108438
0 0.090006 0.006250 0.067187 0.140625
0 0.600000 0.005069 0.068750 0.042187
0 0.706000 0.207000 0.068750 0.102187
0 0.760000 0.200908 0.071875 0.100625
0 0.800002 0.212000 0.075000 0.100625
0 0.860000 0.008438 0.070875 0.134375
0 0.876060 0.000062 0.075000 0.140625
0 0.808090 0.047656 0.067087 0.135937
0 0.700004 0.346094 0.067087 0.135937
0 0.696870 0.004530 0.065605 0.139063
0 0.600969 0.040406 0.064062 0.132812
0 0.089804 0.039844 0.064060 0.032812
0 0.003590 0.33506 0.064060 0.032812
0 0.077044 0.33006 0.064060 0.032812
0 0.004209 0.03006 0.060937 0.132812
0 0.069030 0.330031 0.060937 0.132812
0 0.003081 0.330069 0.060937 0.132812
0 0.009075 0.329688 0.062500 0.037500
0 0.000020 0.328125 0.062500 0.137500
0 0.00780 0.000219 0.067187 0.132812
0 0.096090 0.000094 0.067187 0.132812
0 0.009804 0.307969 0.067187 0.130812
0 0.070780 0.700906 0.073038 0.109688
0 0.003090 0.703105 0.070312 0.131250
0 0.089060 0.700688 0.060625 0.101250
0 0.004000 0.707031 0.064062 0.132812
0 0.000780 0.708090 0.064060 0.132812
0 0.008590 0.70006 0.064060 0.132812
0 0.001719 0.710081 0.064062 0.132812
0 0.069000 0.717969 0.060937 0.106562
0 0.000209 0.721094 0.060907 0.126562
0 0.080069 0.700875 0.064062 0.128125
0 0.608080 0.723037 0.067187 0.131200
0 0.690000 0.726562 0.068750 0.128125
0 0.700005 0.731250 0.068750 0.128125
0 0.807000 0.731000 0.070312 0.128125
0 0.860844 0.70006 0.073438 0.006562
0 0.900870 0.706719 0.078125 0.126562
0 0.960000 0.857802 0.075000 0.118750
0 0.907800 0.808590 0.071875 0.100313
0 0.80060 0.850688 0.068750 0.018750
0 0.796870 0.850000 0.065605 0.018750
0 0.700600 0.848407 0.062500 0.018750
0 0.687000 0.805003 0.060500 0.118750
0 0.600802 0.802187 0.062000 0.118750
0 0.076560 0.802087 0.062500 0.118750
0 0.000038 0.839063 0.062500 0.018750
0 0.068700 0.807500 0.060500 0.018750
0 0.000000 0.805938 0.062500 0.118750
0 0.007800 0.832812 0.062500 0.118750
0 0.000688 0.830000 0.062500 0.118750
0 0.00060 0.828025 0.062500 0.118750
0 0.090001 0.807344 0.064062 0.120313
0 0.000600 0.825781 0.065625 0.120438
0 0.080908 0.800209 0.065625 0.123438
0 0.003090 0.804209 0.064062 0.123438
0 0.900370 0.004844 0.078125 0.145313
0 0.909001 0.308438 0.076563 0.137500
