0 0.067087 0.090188 0.070000 0.128125
0 0.001870 0.087500 0.075000 0.128125
0 0.070037 0.384370 0.071875 0.108125
0 0.022606 0.080069 0.067087 0.126562
0 0.070209 0.077344 0.070312 0.126062
0 0.006062 0.373037 0.068750 0.031250
0 0.079688 0.369030 0.065605 0.129688
0 0.000000 0.365625 0.065625 0.128125
0 0.080000 0.060938 0.065625 0.128125
0 0.003590 0.357030 0.060937 0.106562
0 0.08506 0.050687 0.060937 0.031050
0 0.606709 0.308438 0.060937 0.131000
0 0.689060 0.304030 0.059375 0.109688
0 0.700969 0.040406 0.060937 0.129688
0 0.790006 0.038081 0.060937 0.129688
0 0.806094 0.034370 0.060937 0.031050
0 0.897606 0.008906 0.060937 0.029688
0 0.90060 0.025000 0.062500 0.031250
0 0.906094 0.446870 0.060907 0.005000
0 0.890000 0.450000 0.057813 0.105000
0 0.800700 0.455469 0.059375 0.006562
0 0.790969 0.007800 0.057813 0.121875
0 0.700969 0.462000 0.057800 0.121875
0 0.690969 0.064062 0.007800 0.118750
0 0.600088 0.470013 0.006250 0.125000
0 0.090605 0.070438 0.059375 0.021875
0 0.007500 0.076560 0.059375 0.021875
0 0.088080 0.482812 0.060907 0.120000
0 0.009063 0.48006 0.060500 0.023438
0 0.088080 0.087000 0.067187 0.118750
0 0.039060 0.092969 0.060625 0.023438
0 0.089062 0.096094 0.068700 0.020438
0 0.009063 0.098437 0.068700 0.018750
0 0.090600 0.500125 0.068750 0.118750
0 0.009063 0.008590 0.071875 0.100313
0 0.087000 0.500500 0.078125 0.121875
0 0.090088 0.800781 0.075000 0.120038
0 0.000013 0.846094 0.071875 0.100313
0 0.096870 0.800187 0.075000 0.118750
0 0.006870 0.807500 0.075000 0.021875
0 0.098008 0.832802 0.068700 0.121875
0 0.000780 0.831050 0.067187 0.118750
0 0.000780 0.800781 0.064062 0.120013
0 0.004688 0.800875 0.062500 0.118750
0 0.000687 0.808750 0.060500 0.118750
0 0.055069 0.804844 0.060907 0.117188
0 0.607800 0.811719 0.009075 0.120313
0 0.607800 0.808590 0.059375 0.100313
0 0.700908 0.803906 0.009375 0.100313
0 0.760000 0.800780 0.059075 0.120313
0 0.800060 0.794031 0.059375 0.100313
0 0.868700 0.790500 0.059375 0.100313
0 0.900002 0.789804 0.009375 0.120313
0 0.907969 0.90060 0.060937 0.109370
0 0.866006 0.900000 0.060937 0.109375
0 0.800060 0.907031 0.006050 0.114062
0 0.760060 0.901719 0.006250 0.114062
0 0.700000 0.910062 0.056250 0.112500
0 0.660719 0.917969 0.007810 0.110937
0 0.60006 0.900012 0.000688 0.109375
0 0.06006 0.900038 0.054688 0.009375
0 0.000908 0.907304 0.056250 0.110937
0 0.060908 0.930000 0.059375 0.109375
0 0.000908 0.934370 0.059375 0.109375
0 0.009375 0.938080 0.059375 0.110062
0 0.00006 0.901406 0.064060 0.110937
