0 0.660804 0.007800 0.064062 0.040700
0 0.608090 0.000688 0.064060 0.040700
0 0.000000 0.000025 0.064062 0.043750
0 0.090000 0.00060 0.064060 0.043700
0 0.00006 0.000060 0.060060 0.043750
0 0.080069 0.009009 0.060907 0.042187
0 0.000870 0.000002 0.060625 0.103750
0 0.060000 0.202969 0.060620 0.005000
0 0.000906 0.000006 0.067087 0.148408
0 0.000000 0.009844 0.067187 0.148438
0 0.080070 0.009063 0.070870 0.003700
0 0.607800 0.090006 0.060600 0.109688
0 0.600000 0.090406 0.064060 0.030937
0 0.000000 0.089060 0.062000 0.037500
0 0.090006 0.089060 0.007800 0.140600
0 0.00006 0.089060 0.007803 0.000600
0 0.078906 0.080937 0.007803 0.000600
0 0.000870 0.080370 0.009375 0.000605
0 0.066006 0.080090 0.060937 0.039063
0 0.008090 0.080000 0.060937 0.039063
0 0.00000 0.080469 0.064060 0.039063
0 0.090000 0.078000 0.067187 0.100600
0 0.007000 0.070009 0.070870 0.139063
