0 0.076563 0.277344 0.081250 0.151562
0 0.135937 0.277344 0.075000 0.151562
0 0.196094 0.276562 0.070312 0.153125
0 0.250781 0.276562 0.070312 0.153125
0 0.310156 0.276562 0.070312 0.153125
0 0.364844 0.279687 0.070312 0.153125
0 0.424219 0.279687 0.070312 0.153125
0 0.479687 0.276562 0.065625 0.150000
0 0.537500 0.276562 0.065625 0.150000
0 0.595313 0.278125 0.065625 0.150000
0 0.653125 0.278906 0.065625 0.145313
0 0.710938 0.278906 0.068750 0.142187
0 0.767188 0.277344 0.068750 0.142187
0 0.825000 0.278906 0.071875 0.139063
0 0.881250 0.278125 0.075000 0.143750
0 0.938281 0.277344 0.076563 0.142187
0 0.924219 0.410156 0.073438 0.132812
0 0.867969 0.414062 0.073438 0.134375
0 0.811719 0.414062 0.070312 0.134375
0 0.760156 0.412500 0.070312 0.134375
0 0.702344 0.414844 0.067187 0.139063
0 0.646875 0.412500 0.065625 0.137500
0 0.595313 0.415625 0.065625 0.137500
0 0.537500 0.417187 0.065625 0.137500
0 0.482031 0.416406 0.067187 0.132812
0 0.427344 0.417969 0.067187 0.132812
0 0.372656 0.414844 0.067187 0.132812
0 0.316406 0.414844 0.067187 0.132812
0 0.258594 0.417969 0.067187 0.132812
0 0.202344 0.416406 0.067187 0.132812
0 0.149219 0.417969 0.067187 0.132812
0 0.089844 0.418750 0.070312 0.137500
0 0.036719 0.416406 0.070312 0.132812
0 0.087500 0.808594 0.071875 0.132812
0 0.146875 0.808594 0.071875 0.132812
0 0.206250 0.807031 0.068750 0.129688
0 0.262500 0.806250 0.062500 0.131250
0 0.321094 0.806250 0.064062 0.128125
0 0.378906 0.806250 0.064062 0.128125
0 0.435156 0.806250 0.064062 0.128125
0 0.492969 0.807813 0.064062 0.128125
0 0.550781 0.806250 0.064062 0.128125
0 0.608594 0.806250 0.064062 0.128125
0 0.664844 0.806250 0.064062 0.125000
0 0.721875 0.807813 0.062500 0.125000
0 0.779687 0.807813 0.068750 0.125000
0 0.837500 0.804688 0.071875 0.125000
0 0.894531 0.804688 0.073438 0.125000
0 0.953125 0.806250 0.078125 0.125000
0 0.940625 0.925000 0.075000 0.121875
0 0.882812 0.925000 0.075000 0.118750
0 0.828125 0.925000 0.068750 0.118750
0 0.771094 0.924219 0.067187 0.117188
0 0.716406 0.924219 0.067187 0.114062
0 0.660156 0.923438 0.064062 0.112500
0 0.605469 0.923438 0.060937 0.112500
0 0.549219 0.925000 0.060937 0.112500
0 0.494531 0.925000 0.060937 0.112500
0 0.438281 0.925000 0.060937 0.115625
0 0.382031 0.926562 0.060937 0.115625
0 0.270313 0.925000 0.062500 0.112500
0 0.212500 0.926562 0.065625 0.112500
0 0.154688 0.928906 0.065625 0.117188
0 0.096094 0.930469 0.067187 0.120313
0 0.035937 0.932813 0.068750 0.125000
