0 0.729688 0.486719 0.046875 0.095312
0 0.769531 0.485938 0.048438 0.093750
0 0.809375 0.486719 0.053125 0.095312
0 0.848437 0.488281 0.053125 0.095312
0 0.889062 0.489063 0.056250 0.093750
0 0.928125 0.490625 0.056250 0.093750
0 0.971094 0.491406 0.057813 0.095312
0 0.723437 0.576562 0.050000 0.093750
0 0.764062 0.576562 0.050000 0.093750
0 0.800000 0.578125 0.050000 0.093750
0 0.839844 0.576562 0.051562 0.090625
0 0.880469 0.578125 0.051562 0.090625
0 0.920312 0.580469 0.056250 0.092188
0 0.960156 0.581250 0.057813 0.093750
0 0.219531 0.814844 0.045312 0.089063
0 0.258594 0.817969 0.048438 0.089063
0 0.297656 0.817969 0.048438 0.089063
0 0.335156 0.820312 0.045312 0.090625
0 0.372656 0.821875 0.045312 0.090625
0 0.411719 0.821875 0.045312 0.090625
0 0.449219 0.825000 0.045312 0.090625
0 0.488281 0.823438 0.045312 0.090625
0 0.527344 0.826562 0.045312 0.090625
0 0.567969 0.829688 0.045312 0.090625
0 0.605469 0.829688 0.045312 0.090625
0 0.644531 0.829688 0.045312 0.090625
0 0.683594 0.831250 0.048438 0.090625
0 0.722656 0.832031 0.045312 0.092188
0 0.760938 0.833594 0.050000 0.092188
0 0.800781 0.838281 0.048438 0.089063
0 0.843750 0.838281 0.053125 0.089063
0 0.883594 0.842969 0.054688 0.092188
0 0.921875 0.844531 0.056250 0.089063
0 0.964844 0.845313 0.057813 0.090625
0 0.957031 0.929688 0.051562 0.087500
0 0.914844 0.927344 0.054688 0.082812
0 0.875000 0.925000 0.050000 0.084375
0 0.835156 0.922656 0.048438 0.082812
0 0.796094 0.921094 0.048438 0.085938
0 0.758594 0.919531 0.048438 0.085938
0 0.717969 0.916406 0.048438 0.085938
0 0.680469 0.914844 0.048438 0.085938
0 0.641406 0.913281 0.048438 0.085938
0 0.603906 0.911719 0.048438 0.085938
0 0.563281 0.907031 0.048438 0.085938
0 0.528906 0.908594 0.048438 0.082812
0 0.489063 0.907813 0.050000 0.081250
0 0.449219 0.907031 0.048438 0.082812
0 0.414062 0.903125 0.050000 0.081250
0 0.375000 0.903906 0.046875 0.082812
0 0.337500 0.900781 0.046875 0.082812
0 0.298438 0.900781 0.046875 0.082812
0 0.262500 0.899219 0.046875 0.082812
0 0.225000 0.897656 0.046875 0.082812
