0 0.039844 0.162500 0.076563 0.140625
0 0.096094 0.164844 0.079687 0.142187
0 0.150781 0.166406 0.073438 0.142187
0 0.206250 0.168750 0.068750 0.140625
0 0.263281 0.170313 0.067187 0.140625
0 0.316406 0.172656 0.064062 0.142187
0 0.369531 0.174219 0.064062 0.142187
0 0.425781 0.177344 0.064062 0.142187
0 0.478906 0.175781 0.064062 0.142187
0 0.532031 0.178125 0.060937 0.137500
0 0.586719 0.176563 0.060937 0.137500
0 0.638281 0.179688 0.064062 0.137500
0 0.694531 0.180469 0.064062 0.135937
0 0.744531 0.180469 0.064062 0.135937
0 0.796875 0.182812 0.068750 0.140625
0 0.850000 0.185938 0.068750 0.140625
0 0.903125 0.183594 0.071875 0.139063
0 0.955469 0.183594 0.076563 0.139063
0 0.076563 0.530469 0.075000 0.132812
0 0.137500 0.532031 0.071875 0.135937
0 0.193750 0.533594 0.071875 0.139063
0 0.250000 0.530469 0.068750 0.139063
0 0.307031 0.532031 0.067187 0.135937
0 0.363281 0.533594 0.067187 0.135937
0 0.419531 0.533594 0.067187 0.135937
0 0.472656 0.534375 0.064062 0.137500
0 0.528906 0.534375 0.064062 0.131250
0 0.584375 0.534375 0.062500 0.131250
0 0.639844 0.535937 0.064062 0.131250
0 0.692969 0.536719 0.064062 0.132812
0 0.747656 0.535156 0.067187 0.132812
0 0.803125 0.536719 0.068750 0.129688
0 0.857031 0.536719 0.073438 0.129688
0 0.910937 0.535937 0.078125 0.134375
0 0.964063 0.535937 0.071875 0.137500
0 0.953906 0.659375 0.073438 0.121875
0 0.899219 0.659375 0.073438 0.121875
0 0.846094 0.660156 0.067187 0.123438
0 0.794531 0.660156 0.067187 0.123438
0 0.741406 0.659375 0.064062 0.121875
0 0.689063 0.660156 0.062500 0.123438
0 0.635156 0.658594 0.060937 0.120313
0 0.582031 0.657031 0.060937 0.120313
0 0.525781 0.658594 0.060937 0.120313
0 0.472656 0.658594 0.060937 0.120313
0 0.419531 0.655469 0.060937 0.120313
0 0.366406 0.658594 0.060937 0.123438
0 0.312500 0.657813 0.062500 0.125000
0 0.257812 0.657813 0.062500 0.125000
0 0.202344 0.656250 0.067187 0.125000
0 0.147656 0.657031 0.070312 0.126562
0 0.090625 0.655469 0.071875 0.123438
0 0.037500 0.657813 0.071875 0.128125
