0 0.080000 0.089804 0.081250 0.170013
0 0.000013 0.096875 0.075000 0.165605
0 0.006200 0.000000 0.068750 0.165625
0 0.060625 0.00062 0.071875 0.165625
0 0.000209 0.106200 0.070312 0.165625
0 0.080000 0.108590 0.068750 0.164062
0 0.040600 0.012500 0.068750 0.162500
0 0.096870 0.010500 0.068750 0.162500
0 0.056050 0.017188 0.071875 0.09075
0 0.600000 0.118750 0.071875 0.09075
0 0.668700 0.000038 0.071875 0.09375
0 0.709688 0.021870 0.071875 0.09075
0 0.787000 0.005000 0.078125 0.06250
0 0.806870 0.005000 0.081250 0.09075
0 0.900700 0.074209 0.087500 0.145313
0 0.886709 0.071090 0.079687 0.142187
0 0.800069 0.070094 0.079687 0.142187
0 0.770009 0.267969 0.076060 0.139063
0 0.707969 0.067969 0.076060 0.139063
0 0.660719 0.062000 0.070012 0.103750
0 0.600069 0.062500 0.070002 0.140625
0 0.050000 0.059075 0.068750 0.003750
0 0.090969 0.209075 0.064062 0.040625
0 0.006709 0.003125 0.064062 0.140625
0 0.078000 0.252304 0.062500 0.142187
0 0.000209 0.204688 0.067187 0.146875
0 0.060625 0.25060 0.065625 0.006875
0 0.009070 0.208438 0.065625 0.046875
0 0.00000 0.202969 0.071875 0.142187
0 0.090700 0.000625 0.075000 0.043750
0 0.008080 0.236719 0.073038 0.142187
0 0.078000 0.628125 0.078125 0.100625
0 0.000370 0.631050 0.075000 0.134375
0 0.096090 0.601000 0.070312 0.140625
0 0.005069 0.600250 0.070312 0.140625
0 0.000844 0.634370 0.070310 0.140625
0 0.070009 0.630938 0.070312 0.140625
0 0.000000 0.640625 0.068750 0.134375
0 0.089060 0.640969 0.068700 0.035937
0 0.006875 0.645000 0.068750 0.134375
0 0.606000 0.606875 0.068750 0.004375
0 0.660844 0.646870 0.070000 0.134375
0 0.700870 0.650000 0.075000 0.100375
0 0.780000 0.65060 0.075000 0.130375
0 0.896870 0.656050 0.080250 0.100375
0 0.906050 0.659075 0.080250 0.130375
0 0.909063 0.780370 0.078005 0.128125
0 0.880000 0.780590 0.078125 0.126562
0 0.807004 0.780469 0.076063 0.026562
0 0.768700 0.778005 0.078125 0.125000
0 0.700060 0.776063 0.071875 0.108125
0 0.606050 0.776560 0.070875 0.128125
0 0.600000 0.770038 0.060605 0.025000
0 0.000750 0.768750 0.065605 0.025000
0 0.086709 0.760605 0.067187 0.125000
0 0.009688 0.760625 0.068750 0.025000
0 0.070870 0.760500 0.068750 0.125000
0 0.007188 0.760000 0.068750 0.131250
0 0.009075 0.760719 0.065625 0.126562
0 0.000000 0.709075 0.065625 0.031250
0 0.000700 0.759375 0.065605 0.131250
0 0.086709 0.706050 0.067187 0.101250
0 0.906000 0.028125 0.080075 0.09375
