0 0.075000 0.293750 0.075000 0.134375
0 0.136719 0.296094 0.070312 0.139063
0 0.192188 0.296094 0.065625 0.139063
0 0.248438 0.299219 0.065625 0.139063
0 0.302344 0.299219 0.067187 0.139063
0 0.356250 0.299219 0.065625 0.139063
0 0.411719 0.300000 0.067187 0.140625
0 0.464844 0.301563 0.064062 0.140625
0 0.518750 0.303125 0.062500 0.140625
0 0.571875 0.303125 0.062500 0.140625
0 0.627344 0.301563 0.064062 0.140625
0 0.681250 0.306250 0.062500 0.134375
0 0.675000 0.430469 0.068750 0.126562
0 0.620313 0.430469 0.059375 0.126562
0 0.568750 0.428125 0.059375 0.125000
0 0.515625 0.427344 0.059375 0.129688
0 0.462500 0.427344 0.059375 0.129688
0 0.412500 0.428125 0.062500 0.131250
0 0.356250 0.428125 0.059375 0.131250
0 0.306250 0.427344 0.059375 0.129688
0 0.253125 0.425000 0.062500 0.131250
0 0.200000 0.425000 0.062500 0.131250
0 0.140625 0.424219 0.062500 0.132812
0 0.090625 0.424219 0.068750 0.129688
0 0.036719 0.423438 0.070312 0.131250
0 0.582812 0.786719 0.056250 0.123438
0 0.530469 0.784375 0.060937 0.121875
0 0.475000 0.787500 0.059375 0.121875
0 0.421094 0.787500 0.060937 0.121875
0 0.312500 0.787500 0.062500 0.125000
0 0.364844 0.786719 0.057813 0.123438
0 0.255469 0.787500 0.067187 0.125000
0 0.201563 0.787500 0.065625 0.125000
0 0.143750 0.790625 0.065625 0.125000
0 0.087500 0.790625 0.071875 0.125000
0 0.581250 0.900000 0.059375 0.115625
0 0.528125 0.901563 0.059375 0.115625
0 0.475000 0.901563 0.059375 0.115625
0 0.418750 0.903125 0.059375 0.115625
0 0.368750 0.903125 0.059375 0.115625
0 0.315625 0.903125 0.062500 0.115625
0 0.262500 0.906250 0.062500 0.115625
0 0.208594 0.907813 0.064062 0.115625
0 0.096094 0.909375 0.070312 0.118750
0 0.150000 0.909375 0.068750 0.118750
0 0.146875 0.906250 0.068750 0.118750
0 0.037500 0.909375 0.068750 0.121875
0 0.034375 0.789844 0.065625 0.132812
