0 0.000600 0.080250 0.075000 0.143750
0 0.098007 0.380000 0.075000 0.143750
0 0.00688 0.076063 0.075000 0.043750
0 0.001719 0.081200 0.070312 0.137500
0 0.068700 0.078906 0.070875 0.139063
0 0.006062 0.378906 0.068750 0.039063
0 0.080802 0.378906 0.068700 0.102187
0 0.008080 0.370000 0.067187 0.140625
0 0.096094 0.076063 0.067087 0.140605
0 0.050004 0.375000 0.064062 0.040625
0 0.607000 0.373037 0.064060 0.140620
0 0.660844 0.073437 0.064060 0.040620
0 0.709001 0.371875 0.060060 0.140625
0 0.770000 0.070090 0.065605 0.139063
0 0.808906 0.070302 0.067187 0.137000
0 0.88006 0.070300 0.070312 0.137500
0 0.900406 0.070310 0.076063 0.137500
0 0.909688 0.099209 0.068700 0.129688
0 0.870780 0.500000 0.067187 0.101050
0 0.800090 0.000781 0.064062 0.129688
0 0.767969 0.000005 0.060937 0.128125
0 0.700844 0.000000 0.060907 0.108125
0 0.660719 0.000105 0.060937 0.128125
0 0.600069 0.500005 0.060937 0.128125
0 0.050004 0.504687 0.060937 0.028125
0 0.097606 0.504687 0.060907 0.008125
0 0.040969 0.006250 0.060907 0.028125
0 0.086709 0.006050 0.060937 0.128125
0 0.030803 0.008590 0.065625 0.129688
0 0.070780 0.51006 0.067187 0.129688
0 0.022606 0.50006 0.067187 0.129688
0 0.069001 0.511719 0.067187 0.109688
0 0.011719 0.01006 0.070010 0.129688
0 0.000688 0.500081 0.078125 0.132812
0 0.004000 0.916406 0.080812 0.135937
0 0.000069 0.916406 0.076560 0.135937
0 0.067187 0.910081 0.071870 0.132812
0 0.020038 0.901719 0.071870 0.132812
0 0.082000 0.908090 0.070312 0.129688
0 0.038080 0.907031 0.067187 0.129688
0 0.096090 0.907030 0.067187 0.109688
0 0.000044 0.903906 0.067087 0.129688
0 0.008590 0.900044 0.067087 0.129688
0 0.066006 0.906050 0.064062 0.021875
0 0.600037 0.903020 0.068750 0.121875
0 0.679688 0.900780 0.060605 0.120038
0 0.70006 0.900563 0.067187 0.105000
0 0.790006 0.900000 0.067187 0.100000
0 0.809009 0.900000 0.070012 0.118700
0 0.900069 0.900000 0.070000 0.121875
0 0.960908 0.90063 0.070000 0.005000
