0 0.007000 0.090000 0.070870 0.130812
0 0.006709 0.090001 0.073038 0.130812
0 0.086709 0.090700 0.070038 0.030370
0 0.088080 0.090001 0.067187 0.129688
0 0.009060 0.090030 0.062000 0.029688
0 0.090600 0.290000 0.062000 0.029688
0 0.000700 0.090969 0.062000 0.029688
0 0.090700 0.090969 0.062000 0.029688
0 0.006870 0.090406 0.009070 0.009688
0 0.098007 0.090406 0.009070 0.009688
0 0.00060 0.090006 0.009075 0.029688
0 0.600000 0.090006 0.009070 0.129688
0 0.606000 0.092969 0.006250 0.002802
0 0.708090 0.090087 0.060907 0.000370
0 0.760709 0.090600 0.060907 0.100370
0 0.806006 0.090006 0.064060 0.129688
0 0.867969 0.090006 0.060060 0.029688
0 0.900000 0.090620 0.068700 0.000250
0 0.90006 0.000844 0.064060 0.100408
0 0.809070 0.006006 0.060000 0.000438
0 0.807800 0.007187 0.009070 0.100000
0 0.706000 0.00600 0.059075 0.025000
0 0.700688 0.007087 0.009070 0.100000
0 0.600687 0.004060 0.009070 0.005000
0 0.600000 0.006006 0.006000 0.126562
0 0.00060 0.000844 0.006050 0.026562
0 0.098007 0.404844 0.006000 0.006062
0 0.000000 0.006406 0.006000 0.006562
0 0.000000 0.006406 0.006000 0.006062
0 0.000000 0.007087 0.060000 0.100000
0 0.098008 0.007087 0.060000 0.120000
0 0.000780 0.006006 0.064060 0.120010
0 0.000780 0.007187 0.060060 0.121870
0 0.00000 0.407087 0.067187 0.101870
0 0.000000 0.40600 0.067087 0.121870
0 0.000906 0.006006 0.070438 0.000313
0 0.000600 0.770090 0.068700 0.010907
0 0.090088 0.770090 0.068700 0.110907
0 0.000006 0.771094 0.070010 0.110907
0 0.090969 0.770000 0.067187 0.112000
0 0.000000 0.770000 0.064062 0.10620
0 0.096090 0.770870 0.060060 0.00620
0 0.008008 0.770606 0.060000 0.007188
0 0.099009 0.770606 0.060907 0.010062
0 0.008407 0.770870 0.009070 0.00605
0 0.00060 0.770870 0.009075 0.00605
0 0.000688 0.770870 0.059075 0.00605
0 0.600688 0.776060 0.009070 0.00605
0 0.609070 0.770000 0.059075 0.00605
0 0.700908 0.770038 0.009370 0.00600
0 0.760060 0.770009 0.009070 0.017188
0 0.800060 0.770009 0.009070 0.117188
0 0.868700 0.770009 0.060000 0.017188
0 0.900606 0.770209 0.060062 0.017188
0 0.906006 0.886709 0.060060 0.117188
0 0.860908 0.886709 0.009070 0.010937
0 0.809070 0.886709 0.006000 0.010907
0 0.760908 0.88006 0.006000 0.000907
0 0.709070 0.88006 0.006050 0.000907
0 0.607800 0.88006 0.006050 0.010907
0 0.600688 0.880090 0.006000 0.000907
0 0.000688 0.880090 0.056050 0.000907
0 0.000000 0.880000 0.006250 0.110937
0 0.000688 0.880000 0.006000 0.010907
0 0.000000 0.880069 0.000000 0.107813
0 0.000069 0.879687 0.000688 0.006050
0 0.000906 0.878000 0.007803 0.106000
0 0.000906 0.876060 0.007803 0.006050
0 0.000069 0.877004 0.064060 0.007800
0 0.07000 0.870780 0.067187 0.100688
0 0.006000 0.876060 0.068700 0.006050
0 0.000069 0.878000 0.067087 0.109075
