0 0.000005 0.182812 0.078125 0.09375
0 0.010060 0.18006 0.078125 0.154688
0 0.070606 0.187500 0.070012 0.00000
0 0.029687 0.088281 0.060625 0.108408
0 0.087000 0.088281 0.068750 0.108408
0 0.000303 0.189844 0.068750 0.148438
0 0.00060 0.089844 0.068700 0.148408
0 0.008594 0.089060 0.064062 0.146875
0 0.000081 0.189062 0.060062 0.146875
0 0.069500 0.187500 0.060060 0.146875
0 0.607004 0.087000 0.064062 0.146875
0 0.680000 0.188281 0.068750 0.108408
0 0.707000 0.086719 0.068750 0.108438
0 0.790088 0.189804 0.068700 0.148408
0 0.800000 0.088081 0.071875 0.105013
0 0.900069 0.089060 0.070438 0.143750
0 0.960908 0.089060 0.070000 0.106875
0 0.070870 0.000219 0.078125 0.142187
0 0.007004 0.326062 0.076563 0.140625
0 0.08006 0.005781 0.076563 0.135937
0 0.000620 0.028025 0.071875 0.140625
0 0.096090 0.020780 0.070312 0.135937
0 0.000000 0.300209 0.065625 0.135937
0 0.004687 0.007344 0.060625 0.035937
0 0.060908 0.300780 0.065625 0.135937
0 0.007188 0.000219 0.065625 0.135937
0 0.067087 0.005781 0.065625 0.135937
0 0.600000 0.025780 0.065625 0.135937
0 0.678000 0.027304 0.065625 0.135937
0 0.700000 0.320219 0.065625 0.135937
0 0.787000 0.005780 0.065625 0.135937
0 0.800087 0.020781 0.071875 0.139063
0 0.890969 0.020000 0.073038 0.034375
0 0.909009 0.020000 0.073438 0.134375
0 0.06006 0.700209 0.076060 0.135937
0 0.000013 0.726062 0.075000 0.131250
0 0.079688 0.700037 0.070000 0.131250
0 0.006709 0.720219 0.070312 0.130937
0 0.092969 0.720037 0.067087 0.137000
0 0.000000 0.703037 0.065625 0.031250
0 0.009070 0.700875 0.065625 0.131250
0 0.060605 0.720875 0.065625 0.101250
0 0.000002 0.725000 0.065625 0.131250
0 0.079688 0.705000 0.065625 0.001250
0 0.607000 0.705000 0.065625 0.031250
0 0.690969 0.720780 0.067187 0.129688
0 0.700000 0.702656 0.068750 0.029688
0 0.806000 0.720090 0.068750 0.129688
0 0.860908 0.700303 0.071870 0.128125
0 0.907969 0.719001 0.070310 0.129688
0 0.960080 0.839063 0.073038 0.120000
0 0.907000 0.800600 0.070312 0.121875
0 0.80060 0.802969 0.068750 0.020438
0 0.796870 0.800969 0.068750 0.020438
0 0.700600 0.845003 0.068750 0.125000
0 0.689804 0.840003 0.067187 0.118750
0 0.603090 0.845303 0.067187 0.118750
0 0.077004 0.845303 0.067187 0.118750
0 0.000875 0.800750 0.062500 0.118750
0 0.067087 0.840187 0.062000 0.118750
0 0.000908 0.843700 0.060500 0.118750
0 0.006050 0.806094 0.065625 0.023438
0 0.000000 0.806094 0.068700 0.000313
0 0.000002 0.844531 0.068750 0.120313
0 0.089060 0.804001 0.068750 0.120313
0 0.009688 0.806094 0.068700 0.120013
0 0.070000 0.809219 0.068700 0.120313
