0 0.664062 0.257031 0.065625 0.145313
0 0.607812 0.255469 0.065625 0.145313
0 0.495312 0.252344 0.065625 0.145313
0 0.553125 0.252344 0.062500 0.145313
0 0.435937 0.250781 0.062500 0.142187
0 0.379688 0.249219 0.062500 0.142187
0 0.320312 0.247656 0.062500 0.142187
0 0.261719 0.245312 0.064062 0.143750
0 0.203906 0.243750 0.064062 0.143750
0 0.146094 0.239844 0.067187 0.142187
0 0.085938 0.239063 0.068750 0.143750
0 0.039062 0.375000 0.075000 0.134375
0 0.097656 0.376563 0.070312 0.140625
0 0.153906 0.378906 0.067187 0.135937
0 0.210156 0.380469 0.067187 0.139063
0 0.265625 0.381250 0.065625 0.137500
0 0.324219 0.384375 0.064062 0.140625
0 0.382031 0.385937 0.064062 0.140625
0 0.436719 0.387500 0.060937 0.140625
0 0.491406 0.392188 0.060937 0.140625
0 0.547656 0.388281 0.057813 0.139063
0 0.602344 0.389062 0.060937 0.137500
0 0.658594 0.393750 0.060937 0.137500
