0 0.070312 0.071094 0.062500 0.110937
0 0.114062 0.071875 0.062500 0.109375
0 0.153906 0.071094 0.057813 0.107813
0 0.194531 0.070312 0.057813 0.109375
0 0.234375 0.067969 0.056250 0.107813
0 0.274219 0.066406 0.054688 0.107813
0 0.313281 0.063281 0.054688 0.107813
0 0.352344 0.061719 0.054688 0.107813
0 0.392188 0.060156 0.053125 0.104688
0 0.432031 0.057813 0.051562 0.106250
0 0.471875 0.055469 0.050000 0.107813
0 0.510938 0.054688 0.050000 0.106250
0 0.549219 0.053125 0.048438 0.103125
0 0.591406 0.050781 0.048438 0.098437
0 0.086719 0.172656 0.057813 0.098437
0 0.128125 0.172656 0.056250 0.101562
0 0.167187 0.170313 0.056250 0.103125
0 0.205469 0.169531 0.054688 0.101562
0 0.245312 0.167187 0.053125 0.096875
0 0.283594 0.166406 0.051562 0.098437
0 0.322656 0.161719 0.051562 0.098437
0 0.360156 0.160156 0.051562 0.098437
0 0.398438 0.157812 0.050000 0.100000
0 0.437500 0.157031 0.050000 0.101562
0 0.476562 0.156250 0.046875 0.106250
0 0.516406 0.151562 0.045312 0.100000
0 0.553906 0.150000 0.045312 0.100000
0 0.591406 0.146094 0.045312 0.101562
0 0.632031 0.142969 0.045312 0.101562
0 0.672656 0.139844 0.045312 0.101562
0 0.711719 0.138281 0.045312 0.101562
0 0.750781 0.134375 0.048438 0.106250
0 0.792188 0.134375 0.046875 0.109375
0 0.832031 0.130469 0.045312 0.104688
0 0.872656 0.127344 0.048438 0.104688
0 0.913281 0.125000 0.051562 0.109375
0 0.955469 0.121875 0.054688 0.112500
0 0.044531 0.440625 0.057813 0.096875
0 0.085156 0.439844 0.057813 0.092188
0 0.125000 0.437500 0.056250 0.093750
0 0.163281 0.434375 0.054688 0.096875
0 0.203125 0.433594 0.053125 0.095312
0 0.243750 0.433594 0.053125 0.095312
0 0.281250 0.430469 0.053125 0.095312
0 0.321875 0.428906 0.053125 0.095312
0 0.361719 0.426563 0.051562 0.096875
0 0.400000 0.425000 0.050000 0.096875
0 0.439844 0.421875 0.048438 0.096875
0 0.478906 0.419531 0.048438 0.098437
0 0.519531 0.418750 0.048438 0.096875
0 0.559375 0.417187 0.046875 0.096875
0 0.600000 0.414062 0.046875 0.096875
0 0.637500 0.413281 0.046875 0.098437
0 0.679688 0.410156 0.046875 0.098437
0 0.720313 0.408594 0.046875 0.098437
0 0.760938 0.407031 0.046875 0.098437
0 0.801562 0.403906 0.046875 0.098437
0 0.839844 0.400000 0.048438 0.100000
0 0.882031 0.398438 0.048438 0.100000
0 0.924219 0.395313 0.048438 0.100000
0 0.965625 0.394531 0.050000 0.101562
0 0.959375 0.489844 0.050000 0.098437
0 0.918750 0.491406 0.050000 0.098437
0 0.878125 0.492188 0.050000 0.096875
0 0.836719 0.492969 0.048438 0.095312
0 0.796875 0.496094 0.046875 0.098437
0 0.758594 0.497656 0.045312 0.092188
0 0.717969 0.499219 0.045312 0.092188
0 0.678906 0.500781 0.045312 0.092188
0 0.639844 0.502344 0.045312 0.092188
0 0.599219 0.507031 0.045312 0.092188
0 0.560156 0.507031 0.045312 0.092188
0 0.521094 0.508594 0.045312 0.092188
0 0.482031 0.511719 0.045312 0.092188
0 0.443750 0.513281 0.046875 0.092188
0 0.407031 0.514844 0.048438 0.092188
0 0.367969 0.516406 0.048438 0.092188
0 0.328906 0.519531 0.048438 0.092188
0 0.291406 0.521094 0.051562 0.092188
0 0.253125 0.522656 0.053125 0.092188
0 0.212500 0.524219 0.053125 0.092188
0 0.175000 0.525000 0.053125 0.093750
0 0.137500 0.528125 0.053125 0.093750
0 0.097656 0.528125 0.054688 0.090625
0 0.059375 0.531250 0.056250 0.090625
0 0.059375 0.792188 0.056250 0.093750
0 0.099219 0.792188 0.054688 0.090625
0 0.139844 0.789062 0.054688 0.090625
0 0.179688 0.788281 0.053125 0.089063
0 0.218750 0.786719 0.053125 0.089063
0 0.259375 0.783594 0.050000 0.092188
0 0.297656 0.784375 0.048438 0.087500
0 0.337500 0.781250 0.050000 0.090625
0 0.376563 0.780469 0.046875 0.089063
0 0.415625 0.778906 0.046875 0.089063
0 0.456250 0.777344 0.046875 0.089063
0 0.496094 0.776563 0.045312 0.090625
0 0.535156 0.773438 0.045312 0.090625
0 0.575000 0.772656 0.046875 0.089063
0 0.617188 0.771094 0.046875 0.092188
0 0.658594 0.767969 0.045312 0.092188
0 0.699219 0.766406 0.045312 0.092188
0 0.738281 0.766406 0.045312 0.092188
0 0.779687 0.764844 0.046875 0.089063
0 0.821094 0.764062 0.048438 0.090625
0 0.863281 0.762500 0.048438 0.090625
0 0.904687 0.762500 0.050000 0.090625
0 0.945312 0.760938 0.053125 0.093750
0 0.940625 0.846094 0.050000 0.089063
0 0.897656 0.848437 0.048438 0.090625
0 0.859375 0.849219 0.046875 0.085938
0 0.818750 0.849219 0.046875 0.085938
0 0.777344 0.849219 0.045312 0.085938
0 0.736719 0.850781 0.045312 0.085938
0 0.696875 0.852344 0.043750 0.089063
0 0.657813 0.853906 0.043750 0.089063
0 0.619531 0.854688 0.045312 0.087500
0 0.576562 0.857031 0.046875 0.085938
0 0.537500 0.858594 0.043750 0.085938
0 0.498437 0.860156 0.043750 0.085938
0 0.457813 0.861719 0.043750 0.085938
0 0.419531 0.863281 0.045312 0.085938
0 0.382031 0.864062 0.045312 0.087500
0 0.343750 0.865625 0.046875 0.087500
0 0.304688 0.866406 0.046875 0.082812
0 0.267188 0.866406 0.046875 0.082812
0 0.225781 0.868750 0.048438 0.084375
0 0.189062 0.871875 0.050000 0.084375
0 0.150781 0.873437 0.051562 0.084375
0 0.110937 0.875000 0.053125 0.084375
0 0.070312 0.877344 0.056250 0.085938
