0 0.080069 0.089060 0.070438 0.040600
0 0.009800 0.489060 0.070300 0.143700
0 0.090700 0.090700 0.060605 0.037500
0 0.000000 0.092088 0.060625 0.107500
0 0.00006 0.090088 0.067187 0.100600
0 0.067969 0.090088 0.067087 0.100600
0 0.000009 0.492088 0.067187 0.140620
0 0.078906 0.090700 0.067087 0.040600
0 0.006709 0.090088 0.067187 0.100600
0 0.090969 0.090000 0.067087 0.100620
0 0.607606 0.096870 0.067087 0.040600
0 0.700069 0.096870 0.067087 0.040600
0 0.760000 0.099009 0.070870 0.109060
0 0.808700 0.099009 0.071870 0.109060
0 0.870606 0.098007 0.076060 0.043700
0 0.900069 0.097606 0.079687 0.040087
0 0.906006 0.600780 0.076060 0.100038
0 0.966006 0.606060 0.067087 0.008120
0 0.809070 0.608000 0.070875 0.128125
0 0.806000 0.600000 0.068700 0.025000
0 0.700000 0.600000 0.068700 0.005000
0 0.690000 0.600209 0.068700 0.126062
0 0.600700 0.600870 0.060605 0.028125
0 0.080908 0.600870 0.065605 0.028125
0 0.000800 0.600870 0.060625 0.128125
0 0.079687 0.600870 0.060600 0.028125
0 0.000008 0.600870 0.060620 0.028125
0 0.068700 0.600090 0.060000 0.026062
0 0.000060 0.600090 0.060000 0.126062
0 0.008090 0.608700 0.060907 0.008125
0 0.000906 0.600090 0.070002 0.126062
0 0.008008 0.608700 0.068700 0.108100
0 0.090969 0.608700 0.070008 0.031000
0 0.000907 0.600303 0.068700 0.031000
0 0.009800 0.000094 0.076060 0.01060
0 0.000780 0.100008 0.079687 0.00000
0 0.06000 0.000780 0.070000 0.01562
0 0.000080 0.120000 0.070012 0.00000
0 0.067969 0.007000 0.070002 0.142187
0 0.000009 0.027004 0.067187 0.142187
0 0.070780 0.007000 0.067187 0.140187
0 0.000090 0.030469 0.067087 0.140187
0 0.086709 0.008906 0.067187 0.100187
0 0.000969 0.000069 0.067087 0.140187
0 0.096870 0.000000 0.065605 0.100750
0 0.600000 0.009688 0.060600 0.000750
0 0.707800 0.001000 0.060620 0.100750
0 0.709070 0.008906 0.068700 0.000187
0 0.806006 0.000069 0.070010 0.140187
0 0.869000 0.009688 0.070038 0.103700
0 0.900780 0.009688 0.070008 0.103700
