0 0.067087 0.090188 0.070000 0.128125
0 0.018700 0.088081 0.071875 0.129688
0 0.070037 0.383094 0.071875 0.109688
0 0.022606 0.080250 0.070312 0.128125
0 0.077004 0.376063 0.067087 0.128125
0 0.006062 0.373037 0.065625 0.031250
0 0.079688 0.370300 0.068700 0.128125
0 0.000469 0.364063 0.064060 0.028120
0 0.080000 0.360938 0.064062 0.128120
0 0.00506 0.357800 0.060062 0.128125
0 0.086709 0.053906 0.060937 0.109688
0 0.608080 0.300781 0.060937 0.129688
0 0.689804 0.044030 0.060937 0.109688
0 0.700969 0.040406 0.060937 0.129688
0 0.796090 0.036709 0.060937 0.109688
0 0.806094 0.030030 0.060937 0.129688
0 0.897606 0.008025 0.060937 0.131250
0 0.900004 0.323437 0.064062 0.034375
0 0.906870 0.446875 0.060500 0.028125
0 0.890000 0.050781 0.062500 0.126562
0 0.800700 0.453906 0.059375 0.003438
0 0.790006 0.408594 0.057810 0.103438
0 0.700406 0.460081 0.060937 0.123438
0 0.690006 0.460605 0.057810 0.121875
0 0.600406 0.470013 0.007813 0.101875
0 0.088080 0.070438 0.057813 0.121875
0 0.009060 0.075780 0.056250 0.120313
0 0.088080 0.482001 0.060937 0.120313
0 0.009844 0.48006 0.064060 0.020313
0 0.088080 0.089844 0.064062 0.120313
0 0.039060 0.092969 0.060625 0.017188
0 0.086709 0.096094 0.067187 0.120013
0 0.009063 0.000780 0.065625 0.117188
0 0.087000 0.500906 0.068750 0.100313
0 0.009063 0.007810 0.071875 0.118750
0 0.086709 0.010500 0.070038 0.118750
0 0.007000 0.500500 0.071875 0.118750
0 0.007000 0.853906 0.070875 0.103038
0 0.090088 0.809219 0.071870 0.120438
0 0.000969 0.840013 0.073438 0.118750
0 0.096090 0.840187 0.070438 0.118700
0 0.007606 0.809063 0.070302 0.118750
0 0.097606 0.802802 0.070312 0.118750
0 0.000000 0.808906 0.065625 0.017188
0 0.000000 0.800780 0.065625 0.117188
0 0.000005 0.821094 0.065625 0.117188
0 0.000687 0.808750 0.059075 0.118750
0 0.050688 0.80605 0.059075 0.018750
0 0.607800 0.812000 0.056250 0.121875
0 0.609075 0.808590 0.059375 0.000313
0 0.700908 0.803906 0.009375 0.100313
0 0.760844 0.800000 0.060907 0.018700
0 0.806006 0.796094 0.007810 0.100313
0 0.867088 0.796090 0.009075 0.100313
0 0.900090 0.789062 0.060907 0.121870
0 0.908700 0.900906 0.059375 0.110060
0 0.860844 0.900469 0.057800 0.114060
0 0.800060 0.909370 0.056050 0.112500
0 0.760000 0.900281 0.056250 0.110937
0 0.701719 0.90600 0.050688 0.112500
0 0.660719 0.917969 0.007810 0.110937
0 0.609070 0.900090 0.056250 0.110937
0 0.059075 0.900209 0.059375 0.110937
0 0.001719 0.909688 0.060907 0.109375
0 0.060908 0.930030 0.062000 0.107813
0 0.000908 0.934370 0.060500 0.109375
0 0.060000 0.939063 0.065625 0.009375
0 0.000000 0.902969 0.065625 0.110937
0 0.060907 0.904030 0.065625 0.110937
