0 0.062500 0.114844 0.081250 0.154688
0 0.125000 0.114844 0.078125 0.157812
0 0.185938 0.117969 0.071875 0.160938
0 0.242188 0.118750 0.068750 0.165625
0 0.299219 0.121094 0.067187 0.157812
0 0.356250 0.120313 0.062500 0.159375
0 0.412500 0.123438 0.065625 0.156250
0 0.471875 0.125000 0.065625 0.156250
0 0.584375 0.125000 0.065625 0.156250
0 0.531250 0.125000 0.065625 0.156250
0 0.643750 0.125000 0.071875 0.156250
0 0.699219 0.127344 0.070312 0.160938
0 0.756250 0.127344 0.075000 0.151562
0 0.814063 0.127344 0.078125 0.154688
0 0.875000 0.128125 0.078125 0.156250
0 0.932813 0.127344 0.084375 0.157812
0 0.915625 0.270313 0.078125 0.140625
0 0.860938 0.270313 0.071875 0.140625
0 0.803125 0.270313 0.071875 0.140625
0 0.746875 0.271875 0.071875 0.140625
0 0.692187 0.267969 0.068750 0.139063
0 0.637500 0.267969 0.068750 0.139063
0 0.580469 0.264844 0.067187 0.142187
0 0.526563 0.267969 0.065625 0.145313
0 0.471875 0.269531 0.065625 0.145313
0 0.414062 0.266406 0.065625 0.145313
0 0.356250 0.267969 0.065625 0.145313
0 0.303125 0.267969 0.065625 0.145313
0 0.248438 0.264844 0.065625 0.145313
0 0.191406 0.261719 0.067187 0.142187
0 0.135156 0.260937 0.070312 0.143750
0 0.078906 0.257812 0.076563 0.140625
0 0.056250 0.643750 0.075000 0.134375
0 0.115625 0.645312 0.075000 0.134375
0 0.173437 0.646875 0.071875 0.134375
0 0.232031 0.645312 0.070312 0.137500
0 0.289062 0.647656 0.068750 0.132812
0 0.345313 0.646094 0.068750 0.132812
0 0.405469 0.648438 0.067187 0.134375
0 0.463281 0.651563 0.067187 0.134375
0 0.521094 0.651563 0.067187 0.134375
0 0.575781 0.651563 0.067187 0.134375
0 0.636719 0.651563 0.067187 0.134375
0 0.692969 0.652344 0.070312 0.132812
0 0.749219 0.653906 0.070312 0.132812
0 0.807031 0.654687 0.073438 0.131250
0 0.865625 0.655469 0.075000 0.132812
0 0.922656 0.657031 0.079687 0.132812
0 0.962500 0.781250 0.075000 0.125000
0 0.908594 0.778906 0.079687 0.123438
0 0.850781 0.778125 0.076563 0.121875
0 0.796875 0.778906 0.071875 0.123438
0 0.740625 0.776563 0.068750 0.121875
0 0.685937 0.775000 0.065625 0.121875
0 0.629687 0.775000 0.065625 0.121875
0 0.574219 0.776563 0.067187 0.128125
0 0.517188 0.773438 0.062500 0.118750
0 0.462500 0.771875 0.062500 0.118750
0 0.404687 0.771094 0.062500 0.120313
0 0.350781 0.771094 0.067187 0.123438
0 0.294531 0.771094 0.064062 0.123438
0 0.239844 0.770312 0.064062 0.125000
0 0.185156 0.768750 0.067187 0.121875
0 0.125781 0.768750 0.073438 0.125000
0 0.071094 0.768750 0.073438 0.125000
