0 0.00060 0.012500 0.078125 0.106875
0 0.01006 0.110605 0.076560 0.106875
0 0.060844 0.114060 0.070438 0.146870
0 0.020090 0.119001 0.070312 0.145313
0 0.070780 0.117969 0.070012 0.105313
0 0.033090 0.000313 0.070312 0.143750
0 0.086709 0.102606 0.060062 0.148438
0 0.040406 0.100781 0.064062 0.148408
0 0.096094 0.004219 0.064062 0.148408
0 0.050004 0.024219 0.064062 0.148438
0 0.607000 0.107304 0.064062 0.148438
0 0.66006 0.000781 0.067187 0.108408
0 0.706006 0.107044 0.070312 0.01062
0 0.770870 0.105000 0.068750 0.00000
0 0.800000 0.026562 0.071875 0.00000
0 0.880000 0.120219 0.076063 0.148438
0 0.908080 0.120219 0.079687 0.148438
0 0.900700 0.490088 0.081250 0.137500
0 0.88006 0.090406 0.076560 0.139063
0 0.800069 0.490406 0.073438 0.130937
0 0.770009 0.492969 0.070438 0.130937
0 0.709001 0.091406 0.073438 0.135937
0 0.609075 0.089844 0.068750 0.039063
0 0.606000 0.089844 0.068750 0.009063
0 0.008408 0.488080 0.068750 0.139063
0 0.090600 0.489844 0.068750 0.009063
0 0.004370 0.486709 0.068750 0.139063
0 0.070606 0.089063 0.060937 0.037500
0 0.009031 0.088081 0.064062 0.139063
0 0.060719 0.086719 0.064062 0.109063
0 0.000069 0.488280 0.070438 0.139063
0 0.007606 0.486719 0.070438 0.139063
0 0.090600 0.087500 0.075000 0.040625
0 0.006709 0.086719 0.070310 0.140313
0 0.000700 0.604844 0.075000 0.109688
0 0.000781 0.616006 0.070010 0.129688
0 0.07000 0.610844 0.070310 0.129688
0 0.002000 0.616006 0.068750 0.102812
0 0.069000 0.616006 0.067187 0.132812
0 0.003037 0.606406 0.062000 0.132812
0 0.079688 0.607969 0.060000 0.132812
0 0.004370 0.607969 0.060500 0.132812
0 0.089060 0.607969 0.060000 0.132812
0 0.000750 0.609531 0.060500 0.132812
0 0.600000 0.607969 0.060000 0.102812
0 0.605069 0.600094 0.067187 0.102812
0 0.707800 0.620013 0.068700 0.131250
0 0.760844 0.608700 0.070010 0.128125
0 0.808700 0.618750 0.071875 0.108125
0 0.870037 0.609031 0.071875 0.109688
0 0.907004 0.609031 0.073438 0.126562
