0 0.22235576923076922 0.18990384615384615 0.31460336538461536 0.21604567307692307
0 0.49399038461538464 0.1935096153846154 0.3097956730769231 0.21634615384615385
0 0.7620192307692307 0.20432692307692307 0.2977764423076923 0.22536057692307693
0 0.22235576923076922 0.4026442307692308 0.31460336538461536 0.21424278846153846
0 0.49399038461538464 0.4074519230769231 0.3055889423076923 0.22355769230769232
0 0.7620192307692307 0.41586538461538464 0.30258413461538464 0.2169471153846154
0 0.22355769230769232 0.5817307692307693 0.31310096153846156 0.22566105769230768
0 0.49399038461538464 0.5829326923076923 0.30078125 0.22806490384615385
0 0.7584134615384616 0.5841346153846154 0.2956730769230769 0.21183894230769232
0 0.22115384615384615 0.7596153846153846 0.32241586538461536 0.22115384615384615
0 0.49278846153846156 0.7584134615384616 0.3034855769230769 0.22355769230769232
0 0.7560096153846154 0.7524038461538461 0.2959735576923077 0.23106971153846154
0 0.22235576923076922 0.9086538461538461 0.3194110576923077 0.1778846153846154
0 0.49038461538461536 0.9074519230769231 0.30799278846153844 0.18058894230769232
0 0.7608173076923077 0.8930288461538461 0.31009615384615385 0.2091346153846154