0 0.2439903846153846 0.18509615384615385 0.3055889423076923 0.20733173076923078
0 0.5084134615384616 0.18870192307692307 0.30078125 0.21153846153846154
0 0.7704326923076923 0.19951923076923078 0.29086538461538464 0.2166466346153846
0 0.2439903846153846 0.39302884615384615 0.3055889423076923 0.2091346153846154
0 0.5084134615384616 0.39663461538461536 0.3004807692307692 0.2166466346153846
0 0.7704326923076923 0.4050480769230769 0.2956730769230769 0.21394230769230768
0 0.2439903846153846 0.5673076923076923 0.3076923076923077 0.2208533653846154
0 0.5084134615384616 0.5685096153846154 0.2956730769230769 0.22325721153846154
0 0.7668269230769231 0.5697115384615384 0.28846153846153844 0.20703125
0 0.24158653846153846 0.7403846153846154 0.3152043269230769 0.21604567307692307
0 0.5072115384615384 0.7403846153846154 0.2980769230769231 0.2166466346153846
0 0.7644230769230769 0.734375 0.2890625 0.22596153846153846
0 0.24278846153846154 0.8990384615384616 0.3121995192307692 0.1971153846153846
0 0.5060096153846154 0.8966346153846154 0.30078125 0.20192307692307693
0 0.7692307692307693 0.8846153846153846 0.30288461538461536 0.23016826923076922