0 0.23317307692307693 0.09254807692307693 0.30258413461538464 0.18479567307692307
0 0.5012019230769231 0.0889423076923077 0.3055889423076923 0.1778846153846154
0 0.7596153846153846 0.08774038461538461 0.30288461538461536 0.17548076923076922
0 0.234375 0.2403846153846154 0.30528846153846156 0.20222355769230768
0 0.4987980769230769 0.23557692307692307 0.3055889423076923 0.21183894230769232
0 0.7644230769230769 0.23918269230769232 0.29296875 0.21364182692307693
0 0.23918269230769232 0.41346153846153844 0.3076923076923077 0.2109375
0 0.5012019230769231 0.41346153846153844 0.30078125 0.21153846153846154
0 0.7668269230769231 0.41346153846153844 0.29296875 0.2109375
0 0.24158653846153846 0.5853365384615384 0.31009615384615385 0.20402644230769232
0 0.5084134615384616 0.5805288461538461 0.29116586538461536 0.20673076923076922
0 0.765625 0.5733173076923077 0.29116586538461536 0.20673076923076922
0 0.23918269230769232 0.7560096153846154 0.30078125 0.21364182692307693
0 0.5096153846153846 0.7451923076923077 0.30288461538461536 0.21153846153846154
0 0.7728365384615384 0.7391826923076923 0.29056490384615385 0.2091346153846154