0 0.19831730769230768 0.08413461538461539 0.32211538461538464 0.16796875
0 0.47475961538461536 0.08533653846153846 0.31490384615384615 0.17067307692307693
0 0.7463942307692307 0.0889423076923077 0.30078125 0.1778846153846154
0 0.20192307692307693 0.22596153846153846 0.3167067307692308 0.22566105769230768
0 0.4735576923076923 0.22716346153846154 0.31189903846153844 0.22806490384615385
0 0.7475961538461539 0.23677884615384615 0.30228365384615385 0.22115384615384615
0 0.19951923076923078 0.40384615384615385 0.3173076923076923 0.21634615384615385
0 0.47475961538461536 0.4050480769230769 0.3097956730769231 0.21875
0 0.7463942307692307 0.4050480769230769 0.3004807692307692 0.21875
0 0.20192307692307693 0.578125 0.3167067307692308 0.21875
0 0.47475961538461536 0.5805288461538461 0.3055889423076923 0.21875
0 0.7439903846153846 0.5769230769230769 0.3049879807692308 0.2205528846153846
0 0.20072115384615385 0.7572115384615384 0.31460336538461536 0.22566105769230768
0 0.47475961538461536 0.7584134615384616 0.3055889423076923 0.22355769230769232
0 0.7403846153846154 0.7475961538461539 0.30709134615384615 0.23557692307692307