0 0.39302884615384615 0.09615384615384616 0.2863581730769231 0.19230769230769232
0 0.390625 0.2548076923076923 0.28846153846153844 0.20252403846153846
0 0.38461538461538464 0.4230769230769231 0.28846153846153844 0.21123798076923078
0 0.38100961538461536 0.5877403846153846 0.2860576923076923 0.21905048076923078
0 0.375 0.7548076923076923 0.2932692307692308 0.2208533653846154
0 0.37259615384615385 0.9014423076923077 0.28846153846153844 0.19230769230769232
0 0.14182692307692307 0.09375 0.28335336538461536 0.18719951923076922
0 0.14182692307692307 0.25 0.28365384615384615 0.20192307692307693
0 0.14182692307692307 0.41466346153846156 0.28335336538461536 0.20673076923076922
0 0.13701923076923078 0.5769230769230769 0.2737379807692308 0.21213942307692307
0 0.13581730769230768 0.7391826923076923 0.27163461538461536 0.22355769230769232
0 0.13221153846153846 0.9002403846153846 0.26412259615384615 0.19501201923076922