0 0.2283653846153846 0.07211538461538461 0.3125 0.14393028846153846
0 0.49278846153846156 0.08052884615384616 0.32181490384615385 0.16075721153846154
0 0.7680288461538461 0.08413461538461539 0.32962740384615385 0.16826923076923078
0 0.21995192307692307 0.19831730769230768 0.31009615384615385 0.22596153846153846
0 0.4855769230769231 0.2091346153846154 0.3125 0.2400841346153846
0 0.7620192307692307 0.22596153846153846 0.32662259615384615 0.2400841346153846
0 0.21394230769230768 0.3701923076923077 0.3125 0.23137019230769232
0 0.47836538461538464 0.38341346153846156 0.3128004807692308 0.24519230769230768
0 0.7524038461538461 0.3954326923076923 0.32271634615384615 0.24759615384615385
0 0.20793269230769232 0.5396634615384616 0.3076923076923077 0.23317307692307693
0 0.46875 0.5564903846153846 0.3125 0.24519230769230768
0 0.7451923076923077 0.5769230769230769 0.32632211538461536 0.2400841346153846
0 0.20192307692307693 0.7067307692307693 0.31700721153846156 0.25060096153846156
0 0.46033653846153844 0.7355769230769231 0.3200120192307692 0.25060096153846156
0 0.7391826923076923 0.7536057692307693 0.32481971153846156 0.24519230769230768
0 0.19230769230769232 0.8774038461538461 0.30799278846153844 0.24068509615384615
0 0.4543269230769231 0.8894230769230769 0.32181490384615385 0.21634615384615385
0 0.7331730769230769 0.9002403846153846 0.32662259615384615 0.19471153846153846