0 0.21995192307692307 0.0625 0.2692307692307692 0.12469951923076923
0 0.44591346153846156 0.06490384615384616 0.25721153846153844 0.12980769230769232
0 0.6598557692307693 0.06850961538461539 0.25721153846153844 0.13671875
0 0.8725961538461539 0.06971153846153846 0.2542067307692308 0.13912259615384615
0 0.21754807692307693 0.16105769230769232 0.2620192307692308 0.18719951923076922
0 0.44350961538461536 0.16466346153846154 0.25210336538461536 0.1875
0 0.6622596153846154 0.16947115384615385 0.25210336538461536 0.18058894230769232
0 0.8713942307692307 0.18028846153846154 0.24759615384615385 0.18239182692307693
0 0.21754807692307693 0.3125 0.26171875 0.19681490384615385
0 0.4411057692307692 0.3125 0.2569110576923077 0.1974158653846154
0 0.6598557692307693 0.3112980769230769 0.2527043269230769 0.19230769230769232
0 0.8701923076923077 0.3125 0.2503004807692308 0.1875
0 0.21754807692307693 0.4519230769230769 0.26171875 0.19170673076923078
0 0.43990384615384615 0.4483173076923077 0.2551081730769231 0.18990384615384615
0 0.6610576923076923 0.4495192307692308 0.2542067307692308 0.18299278846153846
0 0.8689903846153846 0.453125 0.25240384615384615 0.18028846153846154
0 0.21754807692307693 0.5925480769230769 0.26171875 0.17307692307692307
0 0.4411057692307692 0.5913461538461539 0.25721153846153844 0.1778846153846154
0 0.6586538461538461 0.5877403846153846 0.2503004807692308 0.17097355769230768
0 0.8701923076923077 0.5841346153846154 0.24939903846153846 0.16766826923076922
0 0.21995192307692307 0.7644230769230769 0.2527043269230769 0.1778846153846154
0 0.4411057692307692 0.7632211538461539 0.2527043269230769 0.18028846153846154
0 0.6574519230769231 0.7608173076923077 0.2478966346153846 0.18028846153846154
0 0.875 0.7596153846153846 0.24939903846153846 0.18299278846153846
0 0.21875 0.9074519230769231 0.25961538461538464 0.18058894230769232
0 0.44350961538461536 0.90625 0.2569110576923077 0.17848557692307693
0 0.6586538461538461 0.8966346153846154 0.2503004807692308 0.19651442307692307
0 0.875 0.8978365384615384 0.24549278846153846 0.1875