0 0.20552884615384615 0.06370192307692307 0.2668269230769231 0.12740384615384615
0 0.42788461538461536 0.06490384615384616 0.2503004807692308 0.12980769230769232
0 0.6382211538461539 0.06971153846153846 0.25721153846153844 0.13942307692307693
0 0.8461538461538461 0.07091346153846154 0.25 0.14182692307692307
0 0.20192307692307693 0.1622596153846154 0.25931490384615385 0.18269230769230768
0 0.4254807692307692 0.1658653846153846 0.24549278846153846 0.18689903846153846
0 0.6394230769230769 0.17067307692307693 0.24549278846153846 0.17818509615384615
0 0.8461538461538461 0.1814903846153846 0.24489182692307693 0.17998798076923078
0 0.203125 0.3125 0.2569110576923077 0.19260817307692307
0 0.4230769230769231 0.3112980769230769 0.2503004807692308 0.19471153846153846
0 0.6382211538461539 0.31009615384615385 0.25 0.18780048076923078
0 0.84375 0.3125 0.24549278846153846 0.18329326923076922
0 0.203125 0.4495192307692308 0.2569110576923077 0.1875
0 0.4206730769230769 0.44471153846153844 0.2503004807692308 0.1875
0 0.6382211538461539 0.44591346153846156 0.2478966346153846 0.18058894230769232
0 0.84375 0.45072115384615385 0.24969951923076922 0.17578125
0 0.203125 0.5877403846153846 0.2569110576923077 0.17067307692307693
0 0.421875 0.5853365384615384 0.2527043269230769 0.17518028846153846
0 0.6358173076923077 0.5817307692307693 0.24729567307692307 0.16826923076923078
0 0.84375 0.5793269230769231 0.24489182692307693 0.16316105769230768
0 0.20432692307692307 0.7560096153846154 0.25 0.17518028846153846
0 0.421875 0.7548076923076923 0.25 0.1775841346153846
0 0.6358173076923077 0.7536057692307693 0.24519230769230768 0.17578125
0 0.8497596153846154 0.75 0.24519230769230768 0.17818509615384615
0 0.203125 0.8978365384615384 0.2527043269230769 0.18269230769230768
0 0.42427884615384615 0.8954326923076923 0.25210336538461536 0.17578125
0 0.6358173076923077 0.8858173076923077 0.24729567307692307 0.19020432692307693
0 0.8497596153846154 0.8870192307692307 0.24248798076923078 0.18689903846153846