0 0.12620192307692307 0.12379807692307693 0.25240384615384615 0.19951923076923078
0 0.34375 0.1201923076923077 0.2551081730769231 0.19290865384615385
0 0.11899038461538461 0.3004807692307692 0.23768028846153846 0.19200721153846154
0 0.33653846153846156 0.3076923076923077 0.2647235576923077 0.1736778846153846
0 0.1201923076923077 0.4423076923076923 0.2403846153846154 0.20162259615384615
0 0.3329326923076923 0.4423076923076923 0.2692307692307692 0.1971153846153846
0 0.11899038461538461 0.5865384615384616 0.23768028846153846 0.20222355769230768
0 0.33052884615384615 0.59375 0.27163461538461536 0.19200721153846154
0 0.11658653846153846 0.7367788461538461 0.23287259615384615 0.20462740384615385
0 0.32572115384615385 0.7451923076923077 0.2692307692307692 0.2013221153846154
0 0.1141826923076923 0.8822115384615384 0.2283653846153846 0.20192307692307693
0 0.3269230769230769 0.890625 0.2698317307692308 0.20462740384615385