0 0.18509615384615385 0.030048076923076924 0.24969951923076922 0.06009615384615385
0 0.4050480769230769 0.036057692307692304 0.2620192307692308 0.07211538461538461
0 0.6298076923076923 0.046875 0.27403846153846156 0.09375
0 0.8545673076923077 0.04807692307692308 0.2860576923076923 0.09615384615384616
0 0.1814903846153846 0.1045673076923077 0.24278846153846154 0.19441105769230768
0 0.39903846153846156 0.11658653846153846 0.2644230769230769 0.19471153846153846
0 0.6213942307692307 0.12980769230769232 0.27193509615384615 0.20252403846153846
0 0.8473557692307693 0.14182692307692307 0.2863581730769231 0.22536057692307693
0 0.17668269230769232 0.24759615384615385 0.25240384615384615 0.19651442307692307
0 0.390625 0.25721153846153844 0.2692307692307692 0.20643028846153846
0 0.6141826923076923 0.2704326923076923 0.2764423076923077 0.20462740384615385
0 0.8425480769230769 0.2860576923076923 0.2932692307692308 0.22115384615384615
0 0.17067307692307693 0.38461538461538464 0.2548076923076923 0.20192307692307693
0 0.3870192307692308 0.39663461538461536 0.26893028846153844 0.21123798076923078
0 0.6081730769230769 0.4050480769230769 0.27884615384615385 0.21875
0 0.8353365384615384 0.4254807692307692 0.28575721153846156 0.22536057692307693
0 0.16466346153846154 0.5252403846153846 0.2548076923076923 0.19441105769230768
0 0.3798076923076923 0.5372596153846154 0.26893028846153844 0.19951923076923078
0 0.6033653846153846 0.5492788461538461 0.2746394230769231 0.20462740384615385
0 0.828125 0.5673076923076923 0.28575721153846156 0.21183894230769232
0 0.15865384615384615 0.6622596153846154 0.25060096153846156 0.21364182692307693
0 0.37259615384615385 0.6754807692307693 0.26893028846153844 0.2169471153846154
0 0.59375 0.7043269230769231 0.26502403846153844 0.22536057692307693
0 0.8233173076923077 0.7163461538461539 0.28125 0.21604567307692307
0 0.15144230769230768 0.7932692307692307 0.24489182692307693 0.20252403846153846
0 0.36778846153846156 0.8137019230769231 0.25540865384615385 0.1971153846153846
0 0.5877403846153846 0.8353365384615384 0.25721153846153844 0.20943509615384615
0 0.8233173076923077 0.8629807692307693 0.2764423076923077 0.20643028846153846