0 0.23076923076923078 0.0673076923076923 0.2400841346153846 0.1346153846153846
0 0.4411057692307692 0.07211538461538461 0.2478966346153846 0.14423076923076922
0 0.65625 0.0829326923076923 0.25991586538461536 0.1658653846153846
0 0.8677884615384616 0.08413461538461539 0.25991586538461536 0.16796875
0 0.22716346153846154 0.1778846153846154 0.23317307692307693 0.18719951923076922
0 0.43509615384615385 0.18870192307692307 0.25450721153846156 0.1875
0 0.6490384615384616 0.20192307692307693 0.26021634615384615 0.19681490384615385
0 0.8641826923076923 0.21394230769230768 0.2692307692307692 0.21634615384615385
0 0.22235576923076922 0.31490384615384615 0.24278846153846154 0.1875
0 0.42788461538461536 0.3245192307692308 0.25961538461538464 0.1974158653846154
0 0.6430288461538461 0.33653846153846156 0.2665264423076923 0.1974158653846154
0 0.859375 0.35336538461538464 0.27674278846153844 0.21604567307692307
0 0.21634615384615385 0.44591346153846156 0.24489182692307693 0.19471153846153846
0 0.42427884615384615 0.45913461538461536 0.25721153846153844 0.20192307692307693
0 0.6370192307692307 0.46634615384615385 0.26502403846153844 0.21123798076923078
0 0.8545673076923077 0.4855769230769231 0.27403846153846156 0.21604567307692307
0 0.21153846153846154 0.5829326923076923 0.24489182692307693 0.1853966346153846
0 0.4170673076923077 0.59375 0.25721153846153844 0.19230769230769232
0 0.6334134615384616 0.6057692307692307 0.2665264423076923 0.1974158653846154
0 0.8485576923076923 0.6225961538461539 0.27403846153846156 0.20612980769230768
0 0.20552884615384615 0.7139423076923077 0.24278846153846154 0.20612980769230768
0 0.4110576923076923 0.7271634615384616 0.25540865384615385 0.20943509615384615
0 0.6225961538461539 0.7536057692307693 0.2551081730769231 0.21424278846153846
0 0.84375 0.7668269230769231 0.26953125 0.20673076923076922
0 0.19831730769230768 0.8401442307692307 0.23347355769230768 0.19501201923076922
0 0.40625 0.859375 0.24579326923076922 0.18990384615384615
0 0.6165865384615384 0.8798076923076923 0.24759615384615385 0.20192307692307693
0 0.8449519230769231 0.9026442307692307 0.2668269230769231 0.18990384615384615