0 0.15865384615384615 0.1141826923076923 0.26021634615384615 0.1896033653846154
0 0.38100961538461536 0.11298076923076923 0.24759615384615385 0.18780048076923078
0 0.15384615384615385 0.2860576923076923 0.24549278846153846 0.18269230769230768
0 0.375 0.29447115384615385 0.2590144230769231 0.17067307692307693
0 0.15384615384615385 0.421875 0.25060096153846156 0.19230769230769232
0 0.3713942307692308 0.4230769230769231 0.26171875 0.19200721153846154
0 0.1502403846153846 0.5625 0.2527043269230769 0.19290865384615385
0 0.36899038461538464 0.5697115384615384 0.2620192307692308 0.18299278846153846
0 0.14783653846153846 0.7067307692307693 0.24759615384615385 0.1971153846153846
0 0.3641826923076923 0.7175480769230769 0.26171875 0.19230769230769232
0 0.14182692307692307 0.8485576923076923 0.2503004807692308 0.19230769230769232
0 0.36538461538461536 0.8581730769230769 0.26021634615384615 0.1974158653846154