0 0.41466346153846156 0.09014423076923077 0.24729567307692307 0.17998798076923078
0 0.39783653846153844 0.9387019230769231 0.2548076923076923 0.1180889423076923
0 0.40024038461538464 0.8317307692307693 0.2527043269230769 0.19260817307692307
0 0.40384615384615385 0.6911057692307693 0.25931490384615385 0.19921875
0 0.40024038461538464 0.5456730769230769 0.2575120192307692 0.19681490384615385
0 0.40625 0.40625 0.25450721153846156 0.1875
0 0.4098557692307692 0.24519230769230768 0.25 0.23076923076923078
0 0.19110576923076922 0.09014423076923077 0.2478966346153846 0.17067307692307693
0 0.19230769230769232 0.2620192307692308 0.2503004807692308 0.19260817307692307
0 0.1875 0.39783653846153844 0.25931490384615385 0.19501201923076922
0 0.171875 0.9302884615384616 0.25721153846153844 0.1349158653846154
0 0.17548076923076922 0.8185096153846154 0.2548076923076923 0.19951923076923078
0 0.18028846153846154 0.6790865384615384 0.26382211538461536 0.19020432692307693
0 0.18269230769230768 0.5420673076923077 0.25931490384615385 0.19501201923076922