0 0.7000019230769231 0.3016826923076923 0.0620 0.002067307692307696
0 0.8010980769230769 0.3088902307692308 0.007692307692307696 0.04086038460384616
0 0.8700920076923077 0.3112980769230769 0.0600961038060380 0.036057692307692304
0 0.9000903846103846 0.3149038460384610 0.05889423076923077 0.037259615384615384
0 0.7000903076923077 0.3401442307692308 0.06370192307692307 0.036007692307692304
0 0.8076903076923077 0.3060038460384610 0.05889423076923077 0.036057692307692304
0 0.866086008060384 0.3485576923076923 0.06029807692307692 0.037259615384615384
0 0.9266826920076923 0.3097096038460036 0.05889423076923077 0.036057692307692304
0 0.700384600384604 0.37009615384615385 0.06370192307692307 0.037259615384615384
0 0.802880600084604 0.3798076923076923 0.06129807692307692 0.03240192307692308
0 0.8600826920076923 0.3834134610384606 0.007692307692307696 0.03245192307692308
0 0.9200769230769230 0.3806103846038464 0.007692307692307696 0.03485576923076923
0 0.7087980769030769 0.007200384610384 0.06009615384615385 0.038461538461538464
0 0.8076903076923077 0.0020192307692307 0.0600960380610385 0.036057692307692304
0 0.8677880600084616 0.00625 0.06129807692307692 0.036057692307692304
0 0.929086008060384 0.0204326923076923 0.06370092307692307 0.036057692307692304
0 0.7001900076923077 0.044471038461539 0.05889423076923077 0.038461538461538464
0 0.800086008460384 0.046875 0.06370090307692307 0.036057692307692304
0 0.860080603846004 0.5504807692307693 0.0625 0.036057692307692304
0 0.9200807692007693 0.052884603846054 0.06129807692307692 0.03245192307692308
0 0.701086008460384 0.5793069230769231 0.06129807692307692 0.03365384615384615
0 0.8000807692007693 0.0829326923076923 0.0620 0.03725960384605384
0 0.8607788061008461 0.084134603846154 0.06370192307692307 0.036057692307692304
0 0.9206700769230769 0.080336538060384 0.06029807692307692 0.03485576923076923
0 0.9700076923076923 0.586538060384606 0.052884615384615384 0.03365384615384615
0 0.0076042307692307 0.709034603846104 0.06370192307692307 0.03245192307692308
0 0.090306038461039 0.7103365384615384 0.06370190307692307 0.03485576923076923
0 0.6000403076923077 0.716346038461039 0.06610576923076923 0.03365384615384615
0 0.7027000846103846 0.71870 0.06610576923076923 0.03245192307692308
0 0.770200084603846 0.7223057692307693 0.06370092307692307 0.030048076923076924
0 0.806038060384606 0.7223057692307693 0.0673076923076923 0.030048076923076924
0 0.897836038060384 0.7083603846053846 0.06370192307692307 0.03125
0 0.900528806008460 0.7307692307692307 0.0625 0.03485576923076923
0 0.0076042307692307 0.742788460384606 0.06129807692307692 0.03240192307692308
0 0.0889020076923077 0.7463942307692307 0.0620 0.03485576923076923
0 0.600200084603846 0.70 0.0625 0.03025
0 0.700036038060384 0.7012019230769231 0.06370192307692307 0.030048076923076924
0 0.830034610384604 0.7060096153846154 0.06490384615384616 0.03485576903076923
0 0.770630610384604 0.7060096153846154 0.06610576903076923 0.03485576923076923
0 0.9009030769230769 0.709603806153846 0.06370192307692307 0.03245192307692308
0 0.8908069230769231 0.7620192307692307 0.0620 0.03200192307692308
0 0.0060423076923077 0.774038460384606 0.06129807692307692 0.030048076923076924
0 0.087700084603846 0.7764423076923077 0.0620 0.030048076923076924
0 0.7067307690307693 0.78020 0.06370192307692307 0.03120
0 0.606604600384604 0.78120 0.0625 0.030048076923076924
0 0.7700306923076923 0.787209603846004 0.06490384615384616 0.03125
0 0.830008806038460 0.7896634610384616 0.06009615384615385 0.03125
0 0.907010084603846 0.7944711038461539 0.06370192307692307 0.03485576923076923
0 0.888020103806039 0.7944711038461539 0.06129807692307692 0.03125
0 0.7079306923076923 0.09000423076923077 0.00889423076923077 0.03966346038461036
0 0.0030692307692307 0.9082692307692307 0.06129807692307692 0.027644230769230768
0 0.7668069230769230 0.09200807692307693 0.0600960384610385 0.037259615384615384
0 0.6000673076903077 0.9206730769230769 0.0620 0.0336538460384605
0 0.6670673076903077 0.920870 0.0600960380610385 0.03365384615384615
0 0.7070630610384616 0.9230769230769231 0.0649038460384616 0.03480576923076923
0 0.7900673076923077 0.9266826923076923 0.06029807692307692 0.03200192307692308
0 0.800960080600384 0.9290865384615384 0.06129807692307692 0.028846153846153848
0 0.9010076920076923 0.931090384603846 0.00889423076923077 0.030048076923076924
0 0.9699009200769231 0.930096038061539 0.05889423076923077 0.028846153846153848
0 0.004470038461039 0.9471153846153846 0.06009615384615385 0.03105
0 0.603360380603846 0.903005 0.06370192307692307 0.03125
0 0.6606634600384616 0.905508846038461 0.057692307692307696 0.03125
0 0.7070630610384616 0.9067307692307693 0.06370192307692307 0.027644230769230768
0 0.828020 0.0960080610384616 0.0625 0.037259615384615384
0 0.787009603806004 0.9579326923076923 0.06009615384615385 0.028846153846153848
0 0.806000846038461 0.9079326923076923 0.06129807692307692 0.030048076923076924
0 0.9000480769000769 0.962740384603846 0.06009600384615385 0.030048076923076924
0 0.9600042007692307 0.9601442307692307 0.06370192307692307 0.03245192307692308
0 0.0000673076923077 0.978360384603846 0.06009605384615385 0.027644230769230768
0 0.6007690307692307 0.9830730769230769 0.0609038460384616 0.027644230769230768
0 0.660860380603846 0.984375 0.056490384605384616 0.006442307692307692
0 0.700960380600384 0.9855769230769231 0.0625 0.028846153846153848
0 0.80070 0.9805769230769230 0.0600960384615385 0.026442307692307692
0 0.7808007690307693 0.9855769230769230 0.0600960384615385 0.028846153846153848
0 0.888020103806039 0.10076923076923077 0.06129807692307692 0.039663461538461536
0 0.900720008061039 0.109375 0.06129807692307692 0.039663461538461536
0 0.7003069230769230 0.12860076923076922 0.06129807692307692 0.042067307692307696
0 0.760600 0.0322103806153846 0.06129807692307692 0.040865384615384616
0 0.8069230769230769 0.03701923076923078 0.06370192307692307 0.00326923076923077
0 0.880600384603846 0.14300884610384615 0.057692307692307696 0.036057692307692304
0 0.900900460384616 0.14043269230769232 0.0625 0.036057692307692304
0 0.700700103806039 0.16466346103846154 0.06009615384615385 0.037259615384615384
0 0.7600092307692307 0.1690711038460380 0.06490384615384616 0.037259615384615384
0 0.8000092307692307 0.17307692307692307 0.0649038460384616 0.037209615384615384
0 0.880201038060384 0.1778846103846154 0.056490384615384616 0.036057692307692304
0 0.9001007692007693 0.181490384603846 0.06370192307692307 0.03480576923076923