0 0.1310096153846154 0.5012019230769231 0.2403846153846154 0.4299879807692308
0 0.27524038461538464 0.4699519230769231 0.24248798076923078 0.43509615384615385
0 0.41947115384615385 0.4362980769230769 0.23557692307692307 0.4402043269230769
0 0.5612980769230769 0.40625 0.23768028846153846 0.4378004807692308
0 0.7367788461538461 0.35216346153846156 0.22596153846153846 0.4305889423076923
0 0.8725961538461539 0.3245192307692308 0.23557692307692307 0.44200721153846156
0 0.6069711538461539 0.7524038461538461 0.22355769230769232 0.4230769230769231
0 0.4735576923076923 0.7860576923076923 0.23106971153846154 0.4188701923076923
0 0.7788461538461539 0.7079326923076923 0.23076923076923078 0.41616586538461536
0 0.9038461538461539 0.6802884615384616 0.18780048076923078 0.42818509615384615
0 0.33413461538461536 0.7992788461538461 0.24969951923076922 0.39663461538461536
0 0.18990384615384615 0.8185096153846154 0.23587740384615385 0.3584735576923077