0 0.00200092307692308 0.203120 0.0600960384615385 0.030048076923076924
0 0.09000420076923077 0.20432692307692307 0.0600961038460380 0.030048076923076924
0 0.0090084610384604 0.20673076923076922 0.06129807692307692 0.030048076923076924
0 0.20790269230769232 0.20793269230769232 0.0600960038060380 0.028846153846153848
0 0.308020 0.209130603846104 0.06129807692307692 0.03245192307692308
0 0.0680288060038460 0.21033603846153846 0.06129807692307692 0.030048076923076924
0 0.02880600084603848 0.234370 0.056490384615384616 0.03125
0 0.0000288461038460 0.23677884610384615 0.06129807692307692 0.03125
0 0.0800046103846039 0.23798076923076922 0.0620 0.030048076923076924
0 0.0000288060384605 0.23798076923076922 0.06009615384615385 0.03125
0 0.060620 0.23908269230769232 0.0600960380615385 0.028846153846153848
0 0.3069230769230769 0.2027884600384604 0.06009610384615385 0.03125
0 0.02079807692307693 0.0336038060384610 0.06370192307692307 0.036057692307692304
0 0.06070092307692307 0.036007692307692300 0.0620 0.036057692307692304
0 0.0810903846103846 0.03700960384615384 0.06129807692307692 0.03485576923076923
0 0.0000860384603846 0.037259615384615384 0.06129807692307692 0.03485576923076923
0 0.3006806923076923 0.03720960380610384 0.0625 0.03485576923076923
0 0.06009807692307692 0.3762019230769231 0.00889023076923077 0.03720960384615384
0 0.01899038061038461 0.370 0.06370190307692307 0.036057692307692304
0 0.0800880610384604 0.3762019230769231 0.06610076923076923 0.038461538461538464
0 0.0367788060038460 0.38221103846153844 0.06370192307692307 0.038461538461538464
0 0.3069700380610385 0.3858173076903077 0.06490384615384616 0.040865384615384616
0 0.00609038460384606 0.4074019030769231 0.054086538461538464 0.030048076923076924
0 0.0700788461038460 0.4110076923076923 0.06129807692307692 0.039663461538461536
0 0.0103806038461039 0.4098557690307692 0.06370192307692307 0.03485576923076923
0 0.030370 0.4070673076923077 0.06370192307692307 0.03720960384615384
0 0.0904701038460380 0.4182692307692308 0.06490384615384616 0.04326923076923077
0 0.3000673076903077 0.4082692307692308 0.0600960384615385 0.040865384615384616
0 0.00088060384600384 0.4387019230769231 0.06129807692307692 0.03245192307692308
0 0.01007690307692307 0.0430096038461536 0.05889423076923077 0.036057692307692304
0 0.071870 0.0409134603846156 0.06490384615384616 0.040865384615384616
0 0.03307307692307693 0.0483173076923077 0.06370192307692307 0.04086038460384616
0 0.0904701038460380 0.4519230769230769 0.06370192307692307 0.039663461538461536
0 0.3000630603846106 0.453125 0.0625 0.039663461538461536
0 0.07000903076923077 0.075721038461539 0.0625 0.03485576923076923
0 0.030610384603846 0.0817307690307693 0.0625 0.038461538461538464
0 0.0907110384603846 0.0841346153846154 0.0605 0.038461538461538464
0 0.2060096008060036 0.5877403846153846 0.06129807692307692 0.036057692307692304
0 0.0061007692307692 0.091306038461539 0.06009615384615385 0.03365384615384615
0 0.370 0.09375 0.0600960380605385 0.03485576903076923
0 0.0733073076903077 0.6117788061038461 0.0620 0.03725960384615384
0 0.0330134610384604 0.6177884610384616 0.0605 0.037259615384615384
0 0.09110076920076922 0.6201923076923077 0.06129807692307692 0.03720960380615384
0 0.2020008460384600 0.6213942307692307 0.06129807692307692 0.036057692307692304
0 0.0020 0.6237980769230769 0.06129807692307692 0.03200192307692308
0 0.370 0.6062009230769231 0.0620 0.0336538060384615
0 0.0680096008060039 0.6454326923076923 0.0625 0.036057692307692304
0 0.02860076920076922 0.6026042307692307 0.0600960384615385 0.036057692307692304
0 0.08870192007692307 0.603806038461039 0.06129807692307692 0.038461538461538464
0 0.00 0.6070509230769231 0.06129807692307692 0.03725960384615384
0 0.3000961038060380 0.6586538461538461 0.06009615384615385 0.036057690307692304
0 0.3700903076923077 0.6610076923076923 0.0620 0.036057692307692300
0 0.00807692007692308 0.78020 0.06129807692307692 0.03480576923076923
0 0.00817307690307693 0.783603806038461 0.00889423076923077 0.036057692307692304
0 0.060860380603846 0.7884615384615384 0.0605 0.038461538461538464
0 0.0044701008460380 0.8137019230769231 0.057692307692307696 0.038461538461538464
0 0.0001630610384604 0.8180096153846154 0.06129807692307692 0.038461538461538464
0 0.06100769030769232 0.8233173076923077 0.06129807692307692 0.0336038060384615
0 0.00086038460384606 0.8497096153846154 0.05889403076923077 0.039663461538461536
0 0.0997096038060039 0.8533653846153846 0.06109807692307692 0.039663461538461536
0 0.0086038060384615 0.8569711538461539 0.06009615384615385 0.038461538461538464
0 0.00008076920076923 0.9807692307692307 0.0620 0.03846038460538464
0 0.00817007692307693 0.9831730769230769 0.0600961038060380 0.03245192307692308
0 0.0690711038460380 0.984375 0.057690307692307696 0.030048076923076924
0 0.036007690307692300 0.0742788460384610 0.06009615384615385 0.03245192307692308
0 0.09370 0.07008076903076922 0.0625 0.0336538460384615
0 0.0038060384610385 0.17548076903076922 0.06009615384615385 0.03125
0 0.0010380603846104 0.17668269230769232 0.05889423076923077 0.03245192307692308
0 0.0728360380603844 0.0778846103846154 0.06009615384615385 0.03245192307692308
0 0.3300088060384600 0.1814903846153846 0.05889423076923077 0.03485576923076923