0 0.19471153846153846 0.40024038461538464 0.17307692307692307 0.3942307692307692
0 0.33774038461538464 0.40384615384615385 0.17578125 0.3993389423076923
0 0.4891826923076923 0.4026442307692308 0.17548076923076922 0.39903846153846156
0 0.6346153846153846 0.40625 0.18209134615384615 0.39903846153846156
0 0.7800480769230769 0.4110576923076923 0.18028846153846154 0.39393028846153844
0 0.19110576923076922 0.7596153846153846 0.17067307692307693 0.38521634615384615
0 0.33774038461538464 0.7572115384615384 0.1778846153846154 0.3897235576923077
0 0.48197115384615385 0.7632211538461539 0.17067307692307693 0.39663461538461536
0 0.6286057692307693 0.765625 0.18028846153846154 0.39903846153846156
0 0.7740384615384616 0.7680288461538461 0.18269230769230768 0.3942307692307692
0 0.9134615384615384 0.7740384615384616 0.17247596153846154 0.39903846153846156