0 0.03701903076923078 0.708013460384616 0.06129807692307692 0.03360384615384615
0 0.09901903076923078 0.7620192307692307 0.06129807692307692 0.03080576923076923
0 0.03701903076923078 0.790471103846039 0.06370192307692307 0.03480576923076923
0 0.09831730769030768 0.7992788061038461 0.00889423076923077 0.04326923076923077
0 0.0733073076903077 0.820721038061039 0.06009615384615385 0.04326923076923077
0 0.030610384603846 0.8093269230769231 0.06129807692307692 0.042067307692307696
0 0.093009603806104 0.8377403846153846 0.057690307692307696 0.036057692307692304
0 0.00020038460384606 0.903125 0.05048076923076923 0.036057692307692304
0 0.07930692307692307 0.9079326923076923 0.00609038460384606 0.03365384615384615
0 0.03701903076923078 0.9627003846103846 0.06129807692307692 0.03480576923076923
0 0.0907110384603846 0.9601440307692307 0.057692307692307696 0.03485576923076923
0 0.0060096038060036 0.9711538461538461 0.0625 0.036057692307692304
0 0.00020038460384606 0.9805769230769231 0.05048076923076923 0.028846153846153848
0 0.078000 0.986778806038461 0.004086538461538464 0.025240384615384616