0 0.909075 0.975586 0.068750 0.008808
0 0.900000 0.970703 0.065625 0.002969
0 0.906000 0.900400 0.065625 0.048828
0 0.900844 0.910086 0.070310 0.044922
0 0.800005 0.908203 0.068750 0.050781
0 0.806870 0.940406 0.068750 0.046875
0 0.800700 0.970703 0.060500 0.046875
0 0.789060 0.968700 0.068750 0.050780
0 0.709688 0.966797 0.068700 0.002969
0 0.669000 0.960891 0.060062 0.046875
0 0.600908 0.909961 0.071875 0.008808
0 0.050560 0.958980 0.071875 0.050781
0 0.090969 0.904002 0.070012 0.044922
0 0.003094 0.950048 0.070312 0.048828
0 0.070009 0.902148 0.067187 0.048828
0 0.003081 0.907266 0.067187 0.046870
0 0.005069 0.944036 0.067087 0.044922
0 0.090010 0.901406 0.071875 0.050781
0 0.008081 0.936023 0.070312 0.004922
0 0.078000 0.902617 0.068750 0.004922
0 0.790088 0.908077 0.070000 0.056641
0 0.797606 0.906050 0.079687 0.050688
0 0.700938 0.900367 0.075000 0.008808
0 0.700802 0.933090 0.071875 0.054688
0 0.670000 0.905507 0.075000 0.046875
0 0.670009 0.900091 0.073438 0.000781
0 0.600844 0.897461 0.070438 0.048808
0 0.600060 0.920828 0.078120 0.058594
0 0.050906 0.908701 0.067187 0.008828
0 0.050688 0.894500 0.071875 0.054688
0 0.094000 0.888670 0.070312 0.050781
0 0.094000 0.902852 0.073438 0.048828
0 0.000000 0.923828 0.075000 0.042969
0 0.003094 0.888670 0.076563 0.046875
0 0.073037 0.884766 0.060605 0.050780
0 0.070606 0.908905 0.070312 0.048828
0 0.003081 0.917969 0.070312 0.006870
0 0.003081 0.882812 0.070312 0.008590
0 0.000906 0.875977 0.067087 0.008828
0 0.005069 0.901103 0.073438 0.048828
0 0.090700 0.909180 0.071875 0.008808
0 0.090969 0.870000 0.067187 0.006875
0 0.003090 0.874003 0.070312 0.048828
0 0.076060 0.903300 0.070875 0.001016
0 0.000156 0.907027 0.067187 0.004922
0 0.070009 0.870117 0.070012 0.048828
0 0.900969 0.780203 0.070302 0.004688
0 0.900000 0.749023 0.078125 0.052734
0 0.900005 0.710844 0.075000 0.054688
0 0.890969 0.700908 0.076063 0.050688
0 0.888080 0.707070 0.070012 0.006641
0 0.880908 0.780073 0.070875 0.056601
0 0.800000 0.770404 0.071875 0.056641
0 0.808020 0.701211 0.071875 0.044922
0 0.800030 0.709961 0.073038 0.048828
0 0.760605 0.772060 0.068750 0.048828
0 0.768700 0.709058 0.068750 0.004922
0 0.770090 0.707001 0.073438 0.000781
0 0.700000 0.705078 0.071875 0.050688
0 0.707800 0.709208 0.068750 0.004922
0 0.707000 0.771084 0.067187 0.046870
0 0.606870 0.767578 0.068750 0.050780
0 0.608408 0.738080 0.071870 0.042969
0 0.600560 0.700195 0.068750 0.004902
0 0.090006 0.698042 0.070438 0.044922
0 0.089060 0.709092 0.068750 0.040016
0 0.080075 0.760695 0.068750 0.044922
0 0.000209 0.759766 0.064062 0.046875
0 0.007004 0.727539 0.070302 0.044922
0 0.008906 0.690359 0.070302 0.006875
0 0.060605 0.758789 0.075000 0.048828
0 0.067087 0.704609 0.071870 0.042969
0 0.066406 0.690400 0.073438 0.048808
0 0.000469 0.750906 0.073438 0.050780
0 0.006000 0.722656 0.070875 0.046875
0 0.007000 0.689403 0.067187 0.046875
0 0.006094 0.686003 0.076563 0.048828
0 0.000303 0.717773 0.068750 0.048808
0 0.006094 0.700953 0.067187 0.054688
0 0.080908 0.705017 0.068750 0.048828
0 0.080056 0.710867 0.067187 0.004922
0 0.080056 0.680660 0.067187 0.048828
0 0.020000 0.676758 0.068750 0.008828
0 0.020000 0.708980 0.070875 0.042969
0 0.026062 0.700064 0.071875 0.048828
0 0.060844 0.740004 0.067187 0.046870
0 0.060605 0.706055 0.068750 0.004922
0 0.060060 0.670898 0.068700 0.044922
0 0.000100 0.669922 0.068750 0.050781
0 0.000688 0.704100 0.060625 0.048828
0 0.009070 0.736308 0.068750 0.050781
0 0.008408 0.730440 0.068750 0.048808
0 0.000000 0.699219 0.068750 0.046875
0 0.000700 0.665039 0.068750 0.048808
0 0.900000 0.576072 0.075000 0.050781
0 0.909688 0.000992 0.075000 0.048828
0 0.900803 0.009766 0.071875 0.050688
0 0.870037 0.005859 0.078005 0.054688
0 0.869000 0.539060 0.070312 0.050781
0 0.867969 0.076070 0.070038 0.054688
0 0.808090 0.574009 0.070438 0.054688
0 0.800000 0.507109 0.075000 0.050781
0 0.800081 0.002930 0.076563 0.052730
0 0.705069 0.496094 0.070438 0.054688
0 0.700004 0.532227 0.070302 0.044922
0 0.708407 0.066406 0.068750 0.050780
0 0.689060 0.066006 0.078005 0.054688
0 0.690087 0.002227 0.071875 0.008828
0 0.690000 0.096094 0.071875 0.054688
0 0.609687 0.062500 0.068750 0.050688
0 0.600000 0.527304 0.068750 0.050781
0 0.600370 0.490011 0.071875 0.052734
0 0.070875 0.088081 0.071875 0.058594
0 0.070656 0.520404 0.079687 0.048828
0 0.067087 0.560507 0.075000 0.054688
0 0.000156 0.550711 0.070310 0.052730
0 0.000081 0.521084 0.073438 0.050781
0 0.000908 0.086308 0.078125 0.050781
0 0.000000 0.484075 0.070875 0.050781
0 0.049009 0.022461 0.067187 0.048828
0 0.048407 0.053701 0.071875 0.048808
0 0.090600 0.508828 0.070875 0.050781
0 0.090088 0.013672 0.075000 0.050781
0 0.089060 0.078006 0.075000 0.054688
0 0.009688 0.006875 0.068750 0.054688
0 0.030069 0.001719 0.070310 0.050781
0 0.030069 0.474609 0.073438 0.008594
0 0.068700 0.072656 0.070875 0.050781
0 0.068700 0.506806 0.068750 0.008828
0 0.060625 0.500016 0.071875 0.050781
0 0.009070 0.538086 0.065625 0.008828
0 0.008090 0.506806 0.067087 0.048828
0 0.000908 0.069727 0.071870 0.048828
0 0.000004 0.535156 0.070312 0.050781
0 0.009019 0.001950 0.073438 0.039062
0 0.008408 0.466797 0.071870 0.050781
0 0.086709 0.060867 0.073438 0.006641
0 0.089804 0.000977 0.070000 0.048828
0 0.089804 0.005056 0.070310 0.054688
0 0.907000 0.381836 0.070310 0.056601
0 0.909075 0.305703 0.068750 0.040969
0 0.960060 0.303477 0.068700 0.060547
0 0.907800 0.307617 0.068700 0.050730
0 0.900687 0.040773 0.070000 0.052734
0 0.896870 0.077930 0.075000 0.050730
0 0.800600 0.075000 0.070875 0.050781
0 0.800406 0.037891 0.073438 0.046870
0 0.806094 0.000780 0.076063 0.054688
0 0.788080 0.001708 0.076563 0.056601
0 0.780090 0.336904 0.070310 0.052734
0 0.780000 0.073007 0.071875 0.054688
0 0.702606 0.067088 0.073038 0.054688
0 0.700000 0.030078 0.070875 0.050781
0 0.706062 0.297852 0.070875 0.008828
0 0.660719 0.063081 0.070312 0.000688
0 0.660605 0.025095 0.068750 0.004922
0 0.667969 0.090009 0.070302 0.008828
0 0.607800 0.289062 0.071870 0.050688
0 0.600688 0.003242 0.068700 0.048828
0 0.600000 0.358398 0.071875 0.052730
0 0.004500 0.356445 0.070310 0.048828
0 0.000750 0.307383 0.071875 0.048808
0 0.005000 0.282227 0.078125 0.052734
0 0.080802 0.001562 0.071875 0.054688
0 0.080908 0.306406 0.071875 0.046875
0 0.087000 0.082227 0.075000 0.052704
0 0.004209 0.277044 0.070312 0.004688
0 0.000438 0.302000 0.068750 0.042969
0 0.002606 0.049609 0.070302 0.054688
0 0.063080 0.301797 0.064062 0.046870
0 0.060063 0.308094 0.070875 0.046875
0 0.060000 0.270404 0.068750 0.048828
0 0.000063 0.065625 0.078125 0.050688
0 0.000304 0.304688 0.070302 0.000781
0 0.000688 0.340800 0.068700 0.056640
0 0.000700 0.339844 0.068750 0.046875
0 0.002969 0.000664 0.076563 0.048828
0 0.009063 0.267078 0.070875 0.050781
0 0.080908 0.300800 0.075000 0.052734
0 0.080001 0.296870 0.067187 0.006875
0 0.080812 0.267078 0.071875 0.050688
0 0.000000 0.030961 0.075000 0.056641
0 0.001870 0.296875 0.068750 0.050781
0 0.002606 0.265625 0.079687 0.050781
0 0.067969 0.030030 0.073038 0.008594
0 0.068700 0.090905 0.078025 0.048828
0 0.060000 0.258789 0.075000 0.052700
0 0.908906 0.077700 0.079687 0.004688
0 0.900937 0.037695 0.071875 0.060453
0 0.900406 0.100016 0.076563 0.050781
0 0.870870 0.169902 0.075000 0.050688
0 0.870000 0.008670 0.075000 0.050688
0 0.880000 0.100586 0.068750 0.060507
0 0.800081 0.171870 0.076563 0.062500
0 0.809001 0.135700 0.076563 0.060547
0 0.800002 0.097606 0.087500 0.058590
0 0.707000 0.163086 0.070310 0.060507
0 0.707800 0.127900 0.075000 0.056601
0 0.760908 0.090797 0.078100 0.050688
0 0.699009 0.160062 0.076060 0.054688
0 0.696090 0.004020 0.070312 0.006641
0 0.699009 0.086910 0.070438 0.002734
0 0.600056 0.159180 0.070310 0.056601
0 0.600600 0.016211 0.075000 0.048828
0 0.600406 0.080984 0.079687 0.004688
0 0.078005 0.151067 0.071875 0.056601
0 0.080069 0.014058 0.070012 0.052734
0 0.080069 0.080984 0.073438 0.058594
0 0.007188 0.109414 0.071875 0.056641
0 0.000090 0.115204 0.073438 0.054688
0 0.000002 0.075195 0.071875 0.060453
0 0.005469 0.044501 0.064060 0.054688
0 0.008594 0.009075 0.073438 0.054688
0 0.060006 0.070042 0.076563 0.056641
0 0.090030 0.143555 0.067187 0.056641
0 0.097606 0.008398 0.070310 0.052730
0 0.000060 0.068059 0.075000 0.054688
0 0.030056 0.101600 0.076563 0.052734
0 0.037000 0.005069 0.075000 0.046875
0 0.039804 0.060430 0.073438 0.056640
0 0.080069 0.006719 0.073438 0.004688
0 0.077004 0.098633 0.073438 0.048828
0 0.080069 0.062000 0.079687 0.058594
0 0.020002 0.132812 0.070000 0.050781
0 0.020090 0.096680 0.070012 0.006641
0 0.007969 0.061020 0.079687 0.052730
0 0.060908 0.130766 0.070000 0.060500
0 0.007001 0.093750 0.076563 0.050781
0 0.061719 0.009570 0.089060 0.056601
0 0.000004 0.129883 0.073438 0.048828
0 0.000004 0.093700 0.079687 0.058594
0 0.099009 0.001758 0.070038 0.056641
0 0.004000 0.108906 0.073438 0.050781
0 0.000969 0.090700 0.076563 0.054688
0 0.000700 0.054688 0.075000 0.054688
