0 0.0829326923076923 0.41346153846153844 0.1658653846153846 0.41856971153846156
0 0.22235576923076922 0.41466346153846156 0.18269230769230768 0.41616586538461536
0 0.37259615384615385 0.4170673076923077 0.18810096153846154 0.41586538461538464
0 0.5216346153846154 0.4182692307692308 0.18689903846153846 0.41346153846153844
0 0.6730769230769231 0.4206730769230769 0.19170673076923078 0.41796875
0 0.8245192307692307 0.4230769230769231 0.19230769230769232 0.4140625
0 0.0829326923076923 0.7776442307692307 0.1658653846153846 0.41586538461538464
0 0.21754807692307693 0.7788461538461539 0.18479567307692307 0.41346153846153844
0 0.36778846153846156 0.7824519230769231 0.1875 0.42037259615384615
0 0.5168269230769231 0.7848557692307693 0.18269230769230768 0.4065504807692308
0 0.6646634615384616 0.7848557692307693 0.1875 0.41075721153846156
0 0.8149038461538461 0.7884615384615384 0.1971153846153846 0.41856971153846156