0 0.680070 0.604490 0.068750 0.044922
0 0.688080 0.066006 0.070012 0.042969
0 0.689060 0.030080 0.071875 0.044902
0 0.700004 0.538086 0.070302 0.048828
0 0.709009 0.070012 0.070312 0.046875
0 0.700003 0.606445 0.068750 0.048808
0 0.800069 0.609075 0.070300 0.050781
0 0.809070 0.577008 0.068750 0.044902
0 0.800000 0.504922 0.075000 0.046875
0 0.860605 0.600258 0.065625 0.048828
0 0.867969 0.080008 0.070300 0.008828
0 0.870870 0.505898 0.071875 0.048808
0 0.900780 0.622070 0.067187 0.001016
0 0.900069 0.084960 0.070310 0.044922
0 0.903090 0.548808 0.073438 0.046875
0 0.690969 0.096084 0.073438 0.046870
0 0.070090 0.087695 0.073438 0.048808
0 0.600069 0.390600 0.070312 0.006641
0 0.700005 0.397061 0.068750 0.052734
0 0.806006 0.404097 0.064062 0.004688
0 0.877004 0.408003 0.073438 0.008594
0 0.900030 0.019922 0.073438 0.008594
0 0.909063 0.376903 0.065605 0.050688
0 0.880802 0.066211 0.071870 0.052730
0 0.806006 0.066011 0.076063 0.056641
0 0.707000 0.360350 0.076563 0.052730
0 0.690000 0.358398 0.073438 0.050734
0 0.600370 0.353506 0.075000 0.054688
0 0.070000 0.306680 0.075000 0.056641
0 0.070875 0.010453 0.075000 0.050781
0 0.600000 0.320312 0.071875 0.050781
0 0.690000 0.301289 0.076563 0.056641
0 0.707800 0.026172 0.078125 0.050688
0 0.809001 0.308125 0.067187 0.050688
0 0.880069 0.039844 0.079687 0.008594
0 0.909063 0.300773 0.068700 0.056640
0 0.903090 0.007030 0.073438 0.054688
0 0.900937 0.070852 0.075000 0.052730
0 0.900087 0.102812 0.071870 0.050781
0 0.870037 0.007030 0.068700 0.054688
0 0.870009 0.160009 0.076563 0.056641
0 0.880000 0.128906 0.076063 0.050688
0 0.807187 0.000120 0.071875 0.058590
0 0.807187 0.160109 0.071870 0.050688
0 0.800002 0.126903 0.071875 0.050688
0 0.700560 0.199019 0.078125 0.062500
0 0.707000 0.157027 0.073038 0.052734
0 0.708590 0.016011 0.076560 0.048828
0 0.690700 0.093359 0.075000 0.050688
0 0.690000 0.153300 0.073438 0.052734
0 0.690000 0.114058 0.073438 0.060547
0 0.608020 0.188077 0.071875 0.052704
0 0.600056 0.106484 0.073438 0.050781
0 0.607000 0.013081 0.078125 0.050688
0 0.070090 0.180594 0.070310 0.054688
0 0.070038 0.040578 0.075000 0.050781
0 0.070656 0.007022 0.070438 0.050781
0 0.008590 0.078711 0.070438 0.048808
0 0.001719 0.101600 0.076560 0.052734
0 0.000060 0.102509 0.071875 0.052734
0 0.048407 0.070781 0.071875 0.050781
0 0.000780 0.104766 0.076563 0.054688
0 0.000780 0.097656 0.076560 0.054688
