0 0.15384615384615385 0.3173076923076923 0.23076923076923078 0.42367788461538464
0 0.3004807692307692 0.33774038461538464 0.21183894230769232 0.41616586538461536
0 0.4483173076923077 0.35697115384615385 0.2091346153846154 0.42037259615384615
0 0.5949519230769231 0.3762019230769231 0.20432692307692307 0.4209735576923077
0 0.7415865384615384 0.39302884615384615 0.20402644230769232 0.4230769230769231
0 0.8882211538461539 0.41586538461538464 0.21364182692307693 0.42788461538461536
0 0.11658653846153846 0.6826923076923077 0.23287259615384615 0.4522235576923077
0 0.26802884615384615 0.7079326923076923 0.21905048076923078 0.4519230769230769
0 0.4182692307692308 0.7223557692307693 0.2208533653846154 0.4402043269230769
0 0.5673076923076923 0.7427884615384616 0.20703125 0.44771634615384615
0 0.7163461538461539 0.7632211538461539 0.21153846153846154 0.4450120192307692
0 0.8701923076923077 0.7776442307692307 0.21213942307692307 0.4402043269230769