0 0.125 0.30288461538461536 0.25 0.48587740384615385
0 0.2776442307692308 0.3293269230769231 0.26712740384615385 0.48587740384615385
0 0.4423076923076923 0.359375 0.26021634615384615 0.48768028846153844
0 0.6057692307692307 0.3870192307692308 0.25 0.49008413461538464
0 0.7668269230769231 0.4182692307692308 0.25 0.4852764423076923
0 0.9050480769230769 0.44591346153846156 0.1875 0.4930889423076923
0 0.0985576923076923 0.703125 0.1971153846153846 0.5024038461538461
0 0.2283653846153846 0.7307692307692307 0.2644230769230769 0.5
0 0.3954326923076923 0.7560096153846154 0.27193509615384615 0.48287259615384615
0 0.5612980769230769 0.7716346153846154 0.2548076923076923 0.4519230769230769
0 0.7259615384615384 0.7848557692307693 0.2590144230769231 0.4254807692307692
0 0.8834134615384616 0.8004807692307693 0.2286658653846154 0.3942307692307692