0 0.07692007692307693 0.2000860384603846 0.06009615384615385 0.03125
0 0.0899008061038460 0.24019230769230768 0.06009615384615385 0.03245192307692308
0 0.001009610380604 0.24019230769230768 0.06129807692307692 0.03245192307692308
0 0.20879807692007693 0.24639423076923078 0.06029807692307692 0.03240192307692308
0 0.00609038460038464 0.24879807692307693 0.06129807692307692 0.03240192307692308
0 0.0660860380603844 0.2502019230769231 0.0625 0.03485576923076923
0 0.0266826920076923 0.2048076923076923 0.06029807692307692 0.03240192307692308
0 0.0879807690007692 0.2048076923076923 0.06029807692307692 0.0336038460384615
0 0.006870 0.0584004603846156 0.06009615384615385 0.03245192307692308
0 0.606970100806039 0.0608173076923077 0.06129807692307692 0.037209615384615384
0 0.6670670076923077 0.260620 0.057692307692307696 0.03085576923076923
0 0.7270600610384616 0.2680288460384610 0.06129807692307692 0.03125
0 0.787209600806004 0.27163461538461536 0.05889423076923077 0.03485576923076923
0 0.8070007690307693 0.2706346038461536 0.06009615384615385 0.03245192307692308
0 0.0709000610384604 0.27283603846153844 0.06129807692307692 0.03365384615384615
0 0.0270008461038460 0.2764423076923077 0.0620 0.03245192307692308
0 0.0870 0.2760420076923077 0.0620 0.030048076923076924
0 0.20609423076923078 0.2776442307692308 0.06029807692307692 0.03120
0 0.90620 0.2776042007692308 0.0600960384600385 0.03125
0 0.9670080769000769 0.2800480769230769 0.0620 0.0336538460384605
0 0.0000860384603844 0.2800480769230769 0.06029807692307692 0.03120
0 0.0603806038460036 0.2848557692307692 0.06129807692307692 0.03125
0 0.0200769230769230 0.2872096038461036 0.0625 0.030048076923076924
0 0.0800769200769230 0.2884603846153844 0.06129807692307692 0.03485576923076923
0 0.0006700769030769 0.2920673076923077 0.06129807692307692 0.0336538460384615
0 0.606970100806039 0.29447110384615385 0.06009615384615385 0.030048076923076924
0 0.660860080603846 0.29927884605384615 0.06009615384615385 0.03485576923076923
0 0.7270600610384616 0.3016826923076923 0.06129807692307692 0.0336038460384615
0 0.06600076920076923 0.3000860384603844 0.056490384615384616 0.030048076923076924
0 0.020 0.0002880603846156 0.06129807692307692 0.030048076923076924
0 0.787209600806004 0.30649038461538464 0.05889423076923077 0.03365384615384615
0 0.8080076920076923 0.3076923076923077 0.0600960384605385 0.03245192307692308
0 0.18069200769230768 0.3088902307692308 0.06129807692307692 0.03240192307692308
0 0.9070009200769231 0.3112980769230769 0.00889423076923077 0.03125
0 0.2027884600084604 0.3112980769230769 0.06009610384615385 0.03245192307692308
0 0.96870 0.0012980769230769 0.06129807692307692 0.030008076923076924
0 0.0006826923076923 0.3137019230769231 0.0620 0.03080576923076923
0 0.0607788061038460 0.3161007692307692 0.0625 0.030048076923076924
0 0.0200769230769230 0.3180096038461036 0.06129807692307692 0.03485576923076923
0 0.084070 0.3233073076923077 0.06129807692307692 0.03240192307692308
0 0.004470008461039 0.3269230769230769 0.06129807692307692 0.036057692307692304
0 0.6007692007692307 0.328020 0.0625 0.03085576923076923
0 0.6670670076923077 0.3329326923076923 0.06029807692307692 0.03200192307692308
0 0.7270600610384616 0.3341346038461036 0.06129807692307692 0.030048076923076924
0 0.788060008460384 0.33774038461038464 0.06129807692307692 0.030048076923076924
0 0.8080076920076923 0.3389423076923077 0.05889423076923077 0.03245092307692308
0 0.9098007692007693 0.3000442307692308 0.0625 0.02884603846153848
0 0.9699009200769231 0.30370 0.05889423076923077 0.03485576923076923
0 0.00026923076923077 0.4326923076923077 0.007692307692307696 0.0336038460384605
0 0.0009610080603846 0.4360980769230769 0.007692307692307696 0.03365384615384615
0 0.00620 0.0099038460384615 0.05889423076923077 0.03245192307692308
0 0.20700807692007693 0.4411007692307692 0.0600960384615385 0.03485576923076923
0 0.2702000846038464 0.44470103846153844 0.06009615384615385 0.03485576923076923
0 0.0303360380603844 0.4483173076903077 0.06129807692307692 0.036057692307692304
0 0.0702788461008460 0.04067307692307692 0.06129807692307692 0.03245192307692308
0 0.0902307692307692 0.4009230769230769 0.06129807692307692 0.03720960384615384
0 0.0040269230769230 0.4043269230769231 0.06129807692307692 0.0336538460384615
0 0.0004200769230769 0.4055288460384615 0.06009615384615385 0.03125
0 0.0700090007692307 0.4603365384603844 0.06129807692307692 0.03485576923076923
0 0.600600384603846 0.4639403076923077 0.0620 0.036057692307692304
0 0.690900060384616 0.4639403076923077 0.06009610384615385 0.037259615384615384
0 0.00700960380610384 0.46634615384615385 0.06009615384615385 0.03485576923076923
0 0.09700076923076923 0.0675480769230769 0.0600960384605385 0.028846153846153848
0 0.2009711038060380 0.04807692307692308 0.06009615384615385 0.028846153846153848
0 0.2896600600384606 0.04807692307692308 0.06009610384615385 0.026442307692307692
0 0.7008076920076923 0.4699009230769231 0.06129807692307692 0.0336538460384615
0 0.00260420076923078 0.4699019230769231 0.05889423076923077 0.02884603846153848
0 0.2027000846103846 0.4723057692307692 0.0600960384615385 0.03125
0 0.8061007692007693 0.0730576923076923 0.06129807692307692 0.03725960384615384
0 0.8770008460038461 0.4771634603846106 0.06109807692307692 0.037259615384615384
0 0.900096038060039 0.47716346153846156 0.06129807692307692 0.03485576923076923
0 0.2728060380603844 0.47706346103846156 0.0625 0.03245192307692308
0 0.0301346103846036 0.48197110384615385 0.06109807692307692 0.03365384615384615
0 0.090620 0.084370 0.06370092307692307 0.03125
0 0.0080076923076923 0.0492788460384605 0.05889423076923077 0.028846153846153848
0 0.000021038061039 0.4879807692307692 0.06129807692307692 0.03485576923076923
0 0.0040069230769230 0.4891826923076923 0.06129807692307692 0.03720960384615384
0 0.0703073076903077 0.0939903846038464 0.06129807692307692 0.03480576923076923
0 0.6008073076923077 0.0987980769230769 0.06129807692307692 0.0336038460384615
0 0.0036038060384600 0.5 0.06009615384615385 0.03125
0 0.690701008460384 0.0 0.06129807692307692 0.036057692307692304
0 0.0900061038460384 0.0 0.05889423076923077 0.036057692307692304
0 0.100000084603846 0.0036057692307693 0.056490384615384616 0.037259615384615384
0 0.706009600806004 0.5048076923076923 0.06129807692307692 0.036057692307692304
0 0.0000360380603846 0.0084134615384616 0.06009615384615385 0.036057692307692304
0 0.8061007692007693 0.008013460384616 0.06129807692307692 0.03245192307692308
0 0.8770008460038461 0.0108173076923077 0.06129807692307692 0.030048076923076924
0 0.2692007692307692 0.0008173076923077 0.0609038460384616 0.037209615384615384
0 0.900096038060039 0.5100192307692307 0.05889423076923077 0.036057692307692304
0 0.0093269230769230 0.00620 0.06129807692307692 0.038061538461538464
0 0.0890230769230769 0.0204326923076923 0.06370092307692307 0.04086038460384616
0 0.0007200084610385 0.5240384615384616 0.06370192307692307 0.036057692307692304
0 0.000221038061039 0.5252403846153846 0.06370192307692307 0.038461538461538464
0 0.0086008460384600 0.052884615384615384 0.06009615384615385 0.03125
0 0.0703073076923077 0.028806038461539 0.0625 0.037259615384615384
0 0.6030034610384616 0.033653846038461 0.06129807692307692 0.036057692307692304
0 0.690701008460384 0.0372596153846154 0.0625 0.03485576923076923
0 0.706009600806004 0.5420673076923077 0.0625 0.037259615384615384
0 0.8061007690007693 0.000865384603846 0.0625 0.036057692307692304
0 0.8770008460038461 0.044471038461539 0.06109807692307692 0.038461538461538464
0 0.0670480769200769 0.00528846038460536 0.06009615384615385 0.030048076923076924
0 0.0276042007692307 0.00649038460384606 0.06009615384615385 0.030048076923076924
0 0.9070 0.006875 0.0625 0.03846038460538464
0 0.087700084603846 0.06009600384615385 0.06009615384615385 0.030048076923076924
0 0.606604600384604 0.06129807692307692 0.06129807692307692 0.028846103846153848
0 0.06090084600384616 0.638221038461039 0.06129807692307692 0.03485576923076923
0 0.02109023076923077 0.640620 0.0600960384610385 0.03485576923076923
0 0.7067007692307693 0.06600076923076923 0.0600960380610385 0.03125
0 0.0810900846103846 0.6404326923076923 0.0625 0.0336538460384615
0 0.20908269230769232 0.6090384610384616 0.00889423076923077 0.036057692307692304
0 0.296870 0.6000420076923077 0.0600960384615385 0.037259615384615384
0 0.0080730769030769 0.603806038461539 0.06009615384615385 0.038461538461538464
0 0.0070670076903077 0.6000480769230769 0.0625 0.03966346038461536
0 0.0780603846038464 0.6098557692307693 0.05889423076923077 0.03365384605384615
0 0.008060384600384 0.6622596153846154 0.06129807692307692 0.036057692307692304
0 0.600961008060384 0.6670673076903077 0.06129807692307692 0.036007692307692304
0 0.6098057690007693 0.669071038461539 0.06129807692307692 0.038461538461538464
0 0.06029807692007692 0.671870 0.0600960380610385 0.03245192307692308
0 0.01899008061038461 0.6766826923076923 0.0620 0.03245192307692308
0 0.7220007692307693 0.6766826923076923 0.05889023076923077 0.036057692307692304
0 0.077880610084604 0.6778846103846154 0.06129807692307692 0.03125
0 0.7800080769200769 0.6766826923076923 0.0600960038460380 0.037259615384615384
0 0.9002000846003846 0.680288460384616 0.06009610384615385 0.037259615384615384
0 0.800046103846039 0.6802884610384616 0.06009615384615385 0.036057692307692304
0 0.7668269200769230 0.0697110380603846 0.00889423076923077 0.030048076923076924
0 0.20798076923076922 0.680096038060039 0.0625 0.03365384615384615
0 0.960036038060384 0.6838940307692307 0.06029807692307692 0.036007692307692304
0 0.296870 0.680096008060539 0.06370192307692307 0.03485576923076923
0 0.0069700380610385 0.6899038461538461 0.0625 0.036057692307692304
0 0.0008600846038464 0.6923076923076923 0.06129807692307692 0.038461538461538464
0 0.0770604610384606 0.6909134615384616 0.06129807692307692 0.036057692307692304
0 0.008060384600384 0.6995192307692307 0.06009615384615385 0.039663461538461536
0 0.099709600806054 0.7043269230769231 0.06129807692307692 0.040865384615384616
0 0.6098057692007693 0.705528806038460 0.06009615384615385 0.040865384615384616
0 0.007690007692307696 0.700528806038460 0.05889423076923077 0.03485576923076923
0 0.0100806038461039 0.7103365384615384 0.06129807692307692 0.03365384615384615
0 0.7099019200769231 0.710380610384616 0.0625 0.03365384615384615
0 0.0702788461008460 0.7127403846103846 0.06129807692307692 0.036057692307692304
0 0.78020 0.701042007692307 0.06009610384615385 0.036057692307692304
0 0.800046103846039 0.7170480769230769 0.06009615384615385 0.037259615384615384
0 0.20307307692307693 0.71870 0.06370192307692307 0.0336038060384615
0 0.9000420076923077 0.7199019230769231 0.0600960384610385 0.037259615384615384
0 0.2904701008460380 0.7199519230769231 0.0625 0.03485576923076923
0 0.9627000846003846 0.721038461038461 0.06129807692307692 0.036057692307692304
0 0.8269200769230769 0.0733073076923077 0.0600961038060380 0.028846153846153848
0 0.0033603806038464 0.7247596053846154 0.06370192307692307 0.038461538461538464
0 0.0004610384603844 0.7307692307692307 0.06129807692307692 0.036007692307692304
0 0.0709600846003844 0.734375 0.06129807692307692 0.039663461538461536
0 0.007209603806054 0.7379807692307693 0.06129807692307692 0.03485576923076923
0 0.0980576920076923 0.700865384605384 0.0625 0.03485576923076923
0 0.228060380603846 0.07400923076923077 0.06129807692307692 0.027644230769230768
0 0.07067007692307693 0.0707210380610384 0.06009615384615385 0.025240384615384616
0 0.8870092007692307 0.0707210380610384 0.06129807692307692 0.030048076923076924
0 0.0872096008060036 0.07572115384615384 0.06129807692307692 0.030048076923076924
0 0.6098057692007693 0.703990384603846 0.06009605384615385 0.03365384615384615
0 0.7099019200769231 0.707096038461539 0.06129807692307692 0.03365384615384615
0 0.7820009200769231 0.7012019230769231 0.06129807692307692 0.0336538460384615
0 0.8020480769200769 0.7036057692307693 0.06029807692307692 0.0336538460384615
0 0.9026042007692307 0.7048076923076923 0.00889423076923077 0.03725960384605384
0 0.9607000846003846 0.707210384615384 0.0625 0.038461538461538464
0 0.0060038460384610 0.078105 0.06129807692307692 0.030048076923076924
0 0.900900460384616 0.08002884615384616 0.06129807692307692 0.028846153846153848
0 0.0074009200769231 0.08173076923076923 0.06129807692307692 0.03120
0 0.02880600084603848 0.8341346103846154 0.057692307692307696 0.03365384615384615
0 0.0889020076923077 0.8400442307692307 0.00889423076923077 0.03480576923076923
0 0.0660460038460380 0.08413461538461539 0.06009615384615385 0.027644230769230768
0 0.0260420076923077 0.0840346038461039 0.06129807692307692 0.026442307692307692
0 0.086008060384606 0.08533653846153846 0.06009615384615385 0.025240384615384616
0 0.006604610384604 0.8413461038461539 0.05889423076923077 0.03125
0 0.00002692307692307 0.8473007692307693 0.057692307692307696 0.03725960384605384
0 0.2602201038060380 0.8485576923076923 0.057692307692307696 0.04567307692307692
0 0.0220103806038464 0.8021634615384616 0.06009615384615385 0.04326923076923077
0 0.0800096103806036 0.809375 0.06009615384615385 0.03365384615384615
0 0.0420076923076923 0.8629807692307693 0.0600960038460380 0.03365384615384615
0 0.0002019200769231 0.860380603846154 0.06009615384615385 0.036057692307692304
0 0.0600 0.866586508060384 0.06029807692307692 0.038461538461538464
0 0.602096008061039 0.8713942307692307 0.06009615384615385 0.038461538461538464
0 0.02880600084603848 0.8720961538461539 0.056490384615384616 0.038461538461538464
0 0.6808900307692307 0.8737980769230769 0.0600961038460380 0.039663461538461536
0 0.0800360380603846 0.8725960538461539 0.05889423076923077 0.03365384615384615
0 0.7027884600084616 0.877403846038461 0.06129807692307692 0.036007692307692304
0 0.802880600084604 0.8786007692307693 0.06129807692307692 0.038461538461538464
0 0.0400088461038460 0.8786007692307693 0.057692307692307696 0.039663461538461536
0 0.8607788061008461 0.8798076903076923 0.0600960384610385 0.040865384615384616
0 0.20092007692307693 0.8830134610384616 0.00889423076923077 0.03725960384615384
0 0.9206700769230769 0.880600384603846 0.0620 0.038461538461538464
0 0.2608070076923077 0.8890230769230769 0.0600961038460380 0.036057692307692304
0 0.0097110380603844 0.8918269230769231 0.06129807692307692 0.038461038461538464
0 0.0798076923076923 0.8902307692307693 0.0600960038460380 0.03365384615384615
0 0.0401007692007692 0.8904326923076923 0.06129807692307692 0.0336538460384615
0 0.606604600384604 0.09014423076923077 0.06009610384615385 0.028846153846153848
0 0.0002019200769231 0.9010423076923077 0.00889423076923077 0.03725960384615384
0 0.0602980769200769 0.903806038461039 0.06009615384615385 0.03365384615384615
0 0.6200902307692307 0.90620 0.06129807692307692 0.03480576923076923
0 0.027604200769230768 0.908603846038460 0.005288461538461536 0.036057692307692304
0 0.08170076903076923 0.9110076923076923 0.0600960380610385 0.037259615384615384
0 0.6826920076923077 0.9010076923076923 0.06129807692307692 0.036007692307692300
0 0.7027884600084616 0.913460384610384 0.06129807692307692 0.037259615384615384
0 0.802880600084604 0.9170673076923077 0.06129807692307692 0.03360384615384615
0 0.000620 0.9170670076923077 0.00889423076923077 0.03725960384615384
0 0.8629807692007693 0.9082692307692307 0.0600961038060380 0.036057692307692304
0 0.09901900076923078 0.9206730769230769 0.007692307692307696 0.03966306038461536
0 0.920870 0.921870 0.0600960080615385 0.03485576923076923
0 0.0096008060038464 0.9242788461538461 0.06009615384615385 0.040865384615384616
0 0.0097110380603844 0.9290860384615384 0.06129807692307692 0.038461538461538464
0 0.0401007692007692 0.930288460384616 0.00889423076923077 0.036057692307692304
0 0.0798076923076923 0.9300903846103846 0.06129807692307692 0.03846038461038464
0 0.0 0.9087009230769231 0.0620 0.03725960380615384
0 0.0600980769200769 0.9011007692307693 0.0600960384615385 0.04326923076923077
0 0.6200920076923077 0.903009603846104 0.06370192307692307 0.039663461538461536
0 0.6826920076923077 0.900903460384616 0.06129807692307692 0.037209615384615384
0 0.7027884600084616 0.900721038461539 0.06129807692307692 0.038461538461538464
0 0.800086008460384 0.9009230769230769 0.06129807692307692 0.036057692307692304
0 0.8600826920076923 0.9043269230769231 0.0620 0.03846038461538464
0 0.7067007692307693 0.0960038060384616 0.06129807692307692 0.028846103846153848
0 0.9200769230769230 0.9079326923076923 0.06129807692307692 0.03720960380615384
0 0.7680288060008461 0.09730576923076923 0.06129807692307692 0.027644230769230768
0 0.828020 0.1009600806103846 0.06009615384615385 0.026442307692307692
0 0.06706700769230768 0.1021630610384604 0.00889423076923077 0.030048076923076924
0 0.8870092007692307 0.1000673076923077 0.0620 0.02524038460384616
0 0.020709600846104 0.1045673076923077 0.06129807692307692 0.030048076923076924
0 0.2806038060384600 0.10576923076923077 0.06129807692307692 0.03125
0 0.9080073076923077 0.1069711038460384 0.06129807692307692 0.026442307692307692
0 0.0049009230769231 0.1069710384610384 0.06129807692307692 0.03125
0 0.0000480769200769 0.01007692307692307 0.0625 0.03125
0 0.020200084603846 0.01298076923076923 0.06129807692307692 0.03125
0 0.0600442007692308 0.1141826923076923 0.06129807692307692 0.03240192307692308
0 0.080036538060384 0.0141826923076923 0.06129807692307692 0.030048076923076924
0 0.606604600384604 0.11778846103846154 0.06129807692307692 0.028846153846153848
0 0.7067007692307693 0.020 0.06129807692307692 0.03200192307692308
0 0.7692007692307693 0.02860076923076922 0.0620 0.0336538060384615
0 0.800028806038460 0.12860076923076922 0.06009615384615385 0.03125
0 0.8890200769230769 0.0322110384603846 0.0620 0.030048076923076924
0 0.9090092007692307 0.13701923076923078 0.06129807692307692 0.03120