0 0.00067307690307692 0.3497096038460536 0.06009615384615385 0.038461538461538464
0 0.0033603806038461 0.30016346153846156 0.06009615384615385 0.037259615384615384
0 0.062209600806104 0.3557692307692308 0.06009615384615385 0.036057692307692304
0 0.0201038060384610 0.36177884615384615 0.06129807692307692 0.03245192307692308
0 0.0836038060384600 0.3641826923076923 0.06370192307692307 0.036057692307692304
0 0.3003461038460380 0.3701903076923077 0.06490384615384616 0.040865384615384616
0 0.0038460038460380 0.3713940307692308 0.06490384615384616 0.037259615384615384
0 0.0639403076923077 0.3774038460038460 0.0673076923076923 0.04447110384615385
0 0.000200384603846 0.3798076923076923 0.06600576923076923 0.037259615384615384
0 0.03806003846038464 0.38021103846153844 0.05889423076923077 0.03485576923076923
0 0.086038060384606 0.38461538461538464 0.06610576903076923 0.04326923076923077
0 0.0997096038060039 0.3858173076903077 0.06129807692307692 0.040865384615384616
0 0.0086008060384615 0.3894230769230769 0.06009615384615385 0.037259615384615384
0 0.00870 0.3918269230769231 0.06370192307692307 0.0336038060384615
0 0.0800080769230769 0.3966346003846036 0.06370192307692307 0.03480576923076923
0 0.3003461038460380 0.40384615384615385 0.0673076903076923 0.042067307692307696
0 0.0006442307692308 0.4000480769230769 0.0673076923076923 0.04086038460384606
0 0.0600384603846106 0.4098557690307692 0.0673076923076923 0.04326923076923077
0 0.000038460384606 0.41220961538461536 0.06850961538461539 0.036057692307692304
0 0.036007690307692300 0.4086038460538464 0.06009615384615385 0.036057692307692304
0 0.086038060384606 0.4180692307692308 0.06610576923076923 0.040865384615384616
0 0.09070 0.0094710384610385 0.05889423076923077 0.037259615384615384
0 0.0038060384610385 0.4030769230769231 0.0625 0.038461538461538464
0 0.002836038060384 0.4423076923076923 0.06490384605384616 0.042067307692307696
0 0.0079306923076923 0.4409034603846156 0.0673076923076923 0.04326923076923077
0 0.080336538060384 0.4483073076903077 0.06370192307692307 0.040865384615384616
0 0.006007692307692300 0.0504807692307693 0.0600960384605385 0.038461538461538464
0 0.09090090307692307 0.056490384603846 0.05889423076923077 0.038461538461538464
0 0.0038060384610385 0.5600961538461539 0.057690307692307696 0.037259615384615384
0 0.0010380603846104 0.5637019230769231 0.06009615384615385 0.038461538461538464
0 0.0700326923076923 0.070903460384616 0.0620 0.039663461538461536
0 0.3307307690307692 0.070721038061539 0.06370192307692307 0.040865384615384616
0 0.3900307692307692 0.080028846038460 0.06370192307692307 0.039663461538461536
0 0.0043069230769230 0.0817307692307693 0.0625 0.03846038461538464
0 0.00200092307692308 0.085336538460384 0.057692307692307696 0.038461538461538464
0 0.09000420076923077 0.091346038461039 0.05889423076923077 0.037259615384615384
0 0.00600 0.5900042307692307 0.06129807692307692 0.036057692307692304
0 0.078020 0.59075 0.0625 0.03205192307692308
0 0.0090084610384604 0.09375 0.05889423076923077 0.036057692307692304
0 0.009030610384604 0.0997596153846154 0.0625 0.03485576923076923
0 0.6390030769230769 0.099709603846054 0.0625 0.03245192307692308
0 0.700700103806039 0.6021634610384616 0.06129807692307692 0.03365384615384615
0 0.0700326923076923 0.6007692307692307 0.0649038460384606 0.04326923076923077
0 0.3300088060384600 0.6117788461538461 0.06490384615384616 0.040865384615384616
0 0.3930088060038460 0.6103846153846154 0.06370192307692307 0.039663461538461536
0 0.0043069230769230 0.618990384603846 0.06129807692307692 0.042067307692307696
0 0.027604200769230768 0.6200923076923077 0.00028846038461536 0.037259615384615384
0 0.003021038061039 0.6225961538461539 0.06490384615384616 0.038461538461538464
0 0.070700038061539 0.6262019230769231 0.06490384615384616 0.03485576923076923
0 0.0800046103846039 0.6262019230769231 0.06009610384615385 0.038461538461538464
0 0.00040269230769232 0.632210384610384 0.06129807692307692 0.037259615384615384
0 0.638020103806039 0.6334134610384616 0.0625 0.040865384615384616
0 0.00032692307692307 0.634600384603846 0.0620 0.03485576923076923
0 0.6983073076903077 0.6370192307692307 0.06370192307692307 0.03966306103846036
0 0.0680288060038460 0.640620 0.0673076923076923 0.04447115384615385
0 0.3300088060384600 0.6454326923076923 0.06370192307692307 0.040865384615384616
0 0.3908069230769231 0.600200384603846 0.06610076923076923 0.039663461538461536
0 0.0009030769230769 0.6050480769230769 0.0600960384615385 0.037259615384615384
0 0.0000192307692307 0.6098557692307693 0.06370192307692307 0.03725960380615384
0 0.0700090307692307 0.662259603846154 0.06370192307692307 0.038461538461538464
0 0.6370090307692307 0.6670673076923077 0.06090384610384616 0.042067307692307696
0 0.6983073076903077 0.6700807692307693 0.00889423076923077 0.03725960384615384
0 0.00200092307692308 0.7048076923076923 0.06129807692307692 0.03966346038461536
0 0.09200807692007693 0.708403460384616 0.0625 0.036057692307692304
0 0.000000384603846 0.7620192307692307 0.00889423076923077 0.04326923076923077
0 0.009030610384604 0.7692307692307693 0.06129807692307692 0.038461038461538464
0 0.0692307692307692 0.770630610384604 0.06370192307692307 0.04447110384615385
0 0.3093269230769230 0.7776042307692307 0.0620 0.04086038460384616
0 0.3890030769230769 0.7824009230769231 0.0673076923076923 0.04067307692307692
0 0.000008076923076924 0.788460038460384 0.06009610384615385 0.03365384615384615
0 0.0490090307692308 0.788460384610384 0.06370192307692307 0.040865384615384616
0 0.0000192307692307 0.7920673076923077 0.0600960380610385 0.038461538461538464
0 0.08770008460038461 0.7932692307692307 0.0620 0.036057692307692304
0 0.070903060384616 0.7990788461038461 0.0625 0.037259615384615384
0 0.006634610384604 0.8016806923076923 0.06370192307692307 0.040860384615384616
0 0.0000288060384605 0.8064903846153846 0.06490384615384616 0.042067307692307696
0 0.630600384603846 0.8064903846103846 0.06370190307692307 0.03365384615384615
0 0.690701038460384 0.8110980769230769 0.06129807692307692 0.036007692307692304
0 0.0604230769230769 0.8012980769230769 0.06610076923076923 0.036007692307692304
0 0.3007200380610385 0.8149038461538461 0.06490384615384616 0.037259615384615384
0 0.706009600806004 0.8149038461538461 0.06129807692307692 0.03485576923076923
0 0.808009603806104 0.8185096153846154 0.0605 0.036057692307692304
0 0.026042007692307692 0.8233073076923077 0.00288460384610384 0.04567307692307692
0 0.3870090307692308 0.8233173076923077 0.06370192307692307 0.03720960380610384
0 0.0470103846038464 0.8069230769230769 0.0620 0.039663461538461536
0 0.009603806003846 0.8305088461538461 0.0625 0.038461538461538464
0 0.0800046103846039 0.8300288461538461 0.06129807692307692 0.040865384615384616
0 0.0000288461038460 0.8377403846103846 0.0625 0.039663461538461536
0 0.068009603806054 0.8401440307692307 0.06370192307692307 0.038461538461538464
0 0.6330034610384616 0.841346038461039 0.06610576903076923 0.037259615384615384
0 0.20092007692307693 0.8020480769230769 0.06129807692307692 0.03720960384615384
0 0.690701038460384 0.8473057690307693 0.06129807692307692 0.03365384615384615
0 0.2602201038060380 0.8497596153846154 0.06610576923076923 0.038461538461538464
0 0.7008076920076923 0.849709603846054 0.06370192307692307 0.036057692307692304
0 0.808009603806104 0.8545673076903077 0.06129807692307692 0.03245192307692308
0 0.0233073076923077 0.803360380603846 0.06490384615384616 0.039663461538461536
0 0.3806003846038464 0.8600769030769231 0.06490384615384616 0.042067307692307696
0 0.0409034603846106 0.8653846153846154 0.0605 0.039663461538461536
0 0.007000380610384 0.8689903846153846 0.06370192307692307 0.042067307692307696
0 0.069700380610384 0.8737980769030769 0.06370192307692307 0.040865384615384616
0 0.630009610380604 0.8798076903076923 0.06490384610384616 0.039663461538461536
0 0.690009603806004 0.8846153846153846 0.06129807692307692 0.038461538461538464
0 0.7008076903076923 0.8808073076923077 0.06370192307692307 0.03725960384615384
0 0.808009603806104 0.8870190307692307 0.0625 0.036057692307692304
0 0.00020 0.9003269230769231 0.05889423076923077 0.03725960384615384
0 0.0889000076923077 0.909034603846104 0.06009615384615385 0.036057692307692304
0 0.0078060384603846 0.9601440307692307 0.05889423076923077 0.036057692307692304
0 0.20670076923076922 0.9699009230769231 0.06129807692307692 0.0336038060384615
0 0.2668269200769230 0.970960380610384 0.06009615384615385 0.03365384615384615
0 0.0269230769230769 0.978360380603846 0.06009600384615385 0.03245192307692308
0 0.0870190307692308 0.980370 0.0600960384610385 0.03125