0 0.960908 0.970606 0.068700 0.006870
0 0.900780 0.970606 0.067087 0.009060
0 0.909070 0.900000 0.078000 0.002969
0 0.900080 0.916990 0.076060 0.000922
0 0.808007 0.969707 0.070000 0.048808
0 0.800000 0.900006 0.070000 0.040969
0 0.800000 0.900086 0.070300 0.044922
0 0.780907 0.970700 0.068700 0.006870
0 0.790600 0.900000 0.070000 0.044902
0 0.790700 0.907007 0.070000 0.000922
0 0.700800 0.909080 0.070000 0.002700
0 0.700000 0.900030 0.073438 0.000734
0 0.707000 0.968700 0.070438 0.046870
0 0.670606 0.900070 0.070038 0.000006
0 0.670090 0.900090 0.070300 0.039060
0 0.666006 0.960890 0.067087 0.000969
0 0.607000 0.960908 0.070300 0.039060
0 0.600006 0.900090 0.073038 0.046870
0 0.600719 0.898008 0.076060 0.000781
0 0.008008 0.908008 0.070870 0.044900
0 0.000060 0.900805 0.068750 0.004922
0 0.000000 0.890500 0.071875 0.050781
0 0.090006 0.906000 0.070408 0.044900
0 0.090088 0.900800 0.070870 0.044922
0 0.090700 0.890005 0.070875 0.050730
0 0.000069 0.890000 0.070300 0.050734
0 0.000069 0.900780 0.067087 0.046870
0 0.008000 0.900002 0.062000 0.044922
0 0.070000 0.900090 0.068700 0.000902
0 0.068700 0.908900 0.070870 0.008808
0 0.067969 0.880700 0.070038 0.048808
0 0.000907 0.880836 0.071870 0.008808
0 0.008090 0.900009 0.070010 0.000781
0 0.000080 0.901170 0.079687 0.000781
0 0.000780 0.900080 0.073038 0.002734
0 0.000688 0.900100 0.078100 0.008828
0 0.000000 0.880802 0.068700 0.000688
0 0.090600 0.909000 0.070000 0.006875
0 0.090600 0.901100 0.078100 0.002730
0 0.090088 0.876900 0.081000 0.000688
0 0.009688 0.900007 0.068700 0.050780
0 0.000069 0.900070 0.076063 0.008808
0 0.000000 0.871090 0.071870 0.006870
0 0.076060 0.900600 0.078100 0.000781
0 0.070870 0.900000 0.070870 0.000730
0 0.068700 0.868060 0.070870 0.008808
0 0.800090 0.770084 0.070010 0.000781
0 0.800009 0.700204 0.067087 0.046870
0 0.807000 0.700078 0.070438 0.000780
0 0.760080 0.769000 0.073038 0.000781
0 0.760600 0.700022 0.068700 0.002969
0 0.767088 0.700090 0.071870 0.000700
0 0.700000 0.770080 0.071870 0.008594
0 0.700069 0.700040 0.076060 0.056640
0 0.708090 0.700008 0.076060 0.006640
0 0.606090 0.767078 0.070408 0.000780
0 0.606870 0.700040 0.080000 0.056641
0 0.600000 0.697066 0.079687 0.008094
0 0.086709 0.760670 0.079687 0.008090
0 0.080006 0.700002 0.076560 0.050688
0 0.086709 0.690000 0.079687 0.006600
0 0.000000 0.706806 0.075000 0.056600
0 0.000000 0.700609 0.080200 0.050688
0 0.008906 0.689000 0.080802 0.000688
0 0.060709 0.700809 0.070008 0.050781
0 0.060600 0.708700 0.075000 0.050780
0 0.067087 0.690000 0.070000 0.000704
0 0.000000 0.700900 0.070870 0.008828
0 0.000687 0.708700 0.080000 0.000781
0 0.000069 0.686000 0.076060 0.050734
0 0.000087 0.700000 0.068700 0.000780
0 0.000000 0.707773 0.073438 0.060047
0 0.006870 0.679688 0.070000 0.000780
0 0.080070 0.706094 0.068700 0.004688
0 0.080090 0.700910 0.070438 0.006641
0 0.080070 0.670780 0.070000 0.058590
0 0.000000 0.700007 0.068700 0.052700
0 0.006062 0.700908 0.070870 0.000781
0 0.000008 0.677730 0.070000 0.004688
0 0.060804 0.709008 0.070000 0.002734
0 0.060804 0.700078 0.070408 0.000780
0 0.060060 0.670898 0.070870 0.000700
0 0.000069 0.700000 0.073038 0.048808
0 0.000069 0.700170 0.070008 0.046870
0 0.000069 0.668900 0.076060 0.056640
0 0.007606 0.709090 0.070002 0.002704
0 0.009009 0.690000 0.079687 0.006870
0 0.006090 0.660009 0.076060 0.006640
0 0.709009 0.070089 0.076060 0.006601
0 0.707606 0.000080 0.070438 0.000734
0 0.700687 0.000900 0.080070 0.050734
0 0.680006 0.060500 0.070000 0.058590
0 0.689800 0.000000 0.070438 0.000780
0 0.690087 0.096090 0.070870 0.000781
0 0.608000 0.009570 0.068750 0.052700
0 0.609687 0.006067 0.070870 0.006600
0 0.600000 0.093060 0.079687 0.000734
0 0.067087 0.007607 0.068750 0.056601
0 0.069000 0.000038 0.073038 0.046875
0 0.069000 0.089008 0.076560 0.008808
0 0.007800 0.000700 0.068750 0.050780
0 0.000006 0.019501 0.070010 0.006875
0 0.000908 0.087000 0.068700 0.056600
0 0.008407 0.000708 0.068750 0.056640
0 0.008407 0.000600 0.070875 0.050781
0 0.000004 0.480469 0.070438 0.046870
0 0.088080 0.008808 0.067087 0.000781
0 0.089060 0.000719 0.070000 0.000688
0 0.087000 0.078006 0.070000 0.050780
0 0.006060 0.000898 0.070875 0.052700
0 0.007000 0.007800 0.076063 0.004688
0 0.007000 0.476060 0.073438 0.008094
0 0.068700 0.000898 0.068750 0.060507
0 0.067088 0.007800 0.068700 0.000781
0 0.069000 0.070086 0.079687 0.050700
0 0.000069 0.009060 0.070002 0.000780
0 0.007000 0.000809 0.070000 0.050688
0 0.008090 0.069707 0.070002 0.006640
0 0.000780 0.007109 0.076060 0.050781
0 0.000780 0.000977 0.070008 0.008808
0 0.006870 0.060914 0.070000 0.060047
0 0.090600 0.007009 0.068700 0.006875
0 0.088080 0.099000 0.070002 0.008828
0 0.080006 0.060908 0.076060 0.050688
0 0.900000 0.080809 0.065605 0.058590
0 0.907000 0.003700 0.073038 0.004688
0 0.908090 0.007607 0.076060 0.056600
0 0.890006 0.070000 0.070000 0.000781
0 0.896090 0.006900 0.070300 0.006641
0 0.900000 0.000700 0.078100 0.060007
0 0.806709 0.070090 0.076063 0.008090
0 0.800006 0.033980 0.076063 0.050780
0 0.800006 0.000704 0.073438 0.004688
0 0.770780 0.070007 0.070300 0.000781
0 0.779687 0.000960 0.070000 0.006600
0 0.780000 0.096870 0.070002 0.008090
0 0.708700 0.070090 0.068700 0.000688
0 0.700606 0.029002 0.076060 0.060007
0 0.700007 0.090006 0.081200 0.006870
0 0.606000 0.008098 0.070875 0.056600
0 0.607800 0.003002 0.070000 0.060007
0 0.660907 0.086003 0.070000 0.060007
0 0.600000 0.007000 0.070000 0.008590
0 0.600688 0.000000 0.078020 0.000688
0 0.600000 0.088086 0.068700 0.060007
0 0.008080 0.00060 0.076063 0.050688
0 0.009800 0.008309 0.070300 0.004688
0 0.009800 0.080000 0.076060 0.058594
0 0.079687 0.006680 0.078000 0.006640
0 0.080000 0.000077 0.078100 0.060047
0 0.080000 0.078020 0.070870 0.002700
0 0.000090 0.040700 0.070300 0.004688
0 0.009000 0.011003 0.073038 0.000734
0 0.000090 0.077044 0.070438 0.004688
0 0.009070 0.300707 0.070870 0.050734
0 0.009070 0.306600 0.070870 0.050781
0 0.060006 0.066600 0.070038 0.002730
0 0.099009 0.009800 0.067087 0.004688
0 0.098008 0.003700 0.071870 0.000730
0 0.097606 0.060709 0.070008 0.008090
0 0.007000 0.038867 0.070870 0.000730
0 0.007000 0.099800 0.070870 0.052700
0 0.000006 0.062690 0.070002 0.002704
0 0.080000 0.000031 0.071870 0.008590
0 0.080000 0.090898 0.071870 0.056601
0 0.079688 0.060700 0.070870 0.060007
0 0.000090 0.000031 0.070312 0.000781
0 0.000090 0.091992 0.067187 0.002700
0 0.000606 0.208789 0.070002 0.008828
0 0.060080 0.030078 0.067087 0.000688
0 0.060000 0.090009 0.070870 0.002700
0 0.060006 0.000880 0.070038 0.006640
0 0.067087 0.000977 0.060600 0.052700
0 0.060600 0.090700 0.068750 0.050780
0 0.060600 0.007607 0.075000 0.056600
0 0.000606 0.007607 0.070008 0.006601
0 0.000008 0.096680 0.060600 0.006600
0 0.000008 0.008906 0.071870 0.000781
0 0.080800 0.107690 0.070000 0.006601
0 0.080000 0.098603 0.067187 0.000730
0 0.080000 0.061000 0.070312 0.006601
0 0.000006 0.060477 0.070438 0.000734
0 0.000088 0.000086 0.070000 0.006601
0 0.000700 0.000600 0.068700 0.002704
0 0.000000 0.000078 0.068700 0.050781
0 0.000060 0.006000 0.068700 0.056641
0 0.000000 0.060030 0.070000 0.060507
0 0.060000 0.067083 0.070000 0.060007
0 0.060080 0.003016 0.070310 0.000688
0 0.060080 0.001600 0.070312 0.008828
0 0.000870 0.000008 0.071875 0.056641
0 0.000870 0.008098 0.070000 0.060007
0 0.006060 0.069036 0.070000 0.006600
0 0.600060 0.000097 0.071870 0.050781
0 0.600060 0.016011 0.071870 0.008828
0 0.600000 0.079000 0.068700 0.008828
0 0.006709 0.000000 0.073438 0.004688
0 0.000088 0.010008 0.071870 0.052704
0 0.000700 0.070009 0.070870 0.058594
0 0.080000 0.006484 0.071870 0.004688
0 0.080000 0.011008 0.070312 0.000688
0 0.080090 0.070040 0.076063 0.064403
