0 0.903090 0.960890 0.076563 0.066406
0 0.900056 0.905781 0.073038 0.054688
0 0.903090 0.890578 0.073438 0.050780
0 0.870009 0.889648 0.070438 0.002734
0 0.870000 0.909902 0.078125 0.050781
0 0.877004 0.908984 0.073438 0.058594
0 0.800605 0.959961 0.075000 0.056601
0 0.800081 0.916992 0.079687 0.008828
0 0.800844 0.884766 0.070438 0.000781
0 0.700906 0.880802 0.070312 0.006875
0 0.700005 0.918905 0.071875 0.044922
0 0.700005 0.956055 0.071875 0.060507
0 0.690006 0.906055 0.070438 0.050734
0 0.690006 0.910009 0.067187 0.050734
0 0.690087 0.876900 0.068750 0.050781
0 0.600802 0.876903 0.068750 0.050688
0 0.609687 0.902109 0.060625 0.006875
0 0.600069 0.900095 0.073438 0.056641
0 0.070000 0.952108 0.075000 0.052734
0 0.070875 0.910156 0.075000 0.058590
0 0.070875 0.876950 0.068750 0.050688
0 0.008590 0.940083 0.070302 0.056641
0 0.000908 0.907027 0.071875 0.008828
0 0.001719 0.867188 0.070038 0.050781
0 0.047606 0.940083 0.073438 0.060547
0 0.048407 0.900344 0.070870 0.050781
0 0.000000 0.865004 0.070875 0.050781
0 0.006062 0.929688 0.070875 0.050781
0 0.086709 0.936003 0.067187 0.060507
0 0.089804 0.898438 0.073438 0.000780
0 0.093700 0.865030 0.070875 0.054688
0 0.030030 0.808398 0.067187 0.004922
0 0.008020 0.889608 0.071875 0.048828
0 0.909804 0.709766 0.070300 0.062500
0 0.907000 0.700703 0.075000 0.050780
0 0.907000 0.689053 0.075000 0.050780
0 0.870780 0.680570 0.076560 0.056641
0 0.878000 0.718750 0.071875 0.050688
0 0.880069 0.700906 0.070300 0.054688
0 0.807969 0.700977 0.076560 0.056601
0 0.806006 0.717770 0.070310 0.048828
0 0.806006 0.681641 0.070010 0.004688
0 0.705069 0.748047 0.070438 0.054688
0 0.707800 0.710844 0.075000 0.046875
0 0.700687 0.674805 0.070875 0.048808
0 0.690000 0.676758 0.071875 0.052730
0 0.690969 0.701910 0.079687 0.044922
0 0.690969 0.700000 0.076560 0.050688
0 0.600056 0.703164 0.073438 0.056641
0 0.603090 0.706055 0.079687 0.056640
0 0.600370 0.670898 0.070875 0.050734
0 0.075000 0.670875 0.075000 0.050781
0 0.070090 0.705078 0.070438 0.046875
0 0.070090 0.744141 0.070438 0.054688
0 0.001719 0.705350 0.076563 0.056601
0 0.000908 0.701170 0.071875 0.006875
0 0.000500 0.666016 0.071875 0.050781
0 0.000005 0.660156 0.075000 0.050781
0 0.000906 0.694336 0.070300 0.048828
0 0.000780 0.704375 0.067187 0.054688
