0 0.6899008060038461 0.3004807692307692 0.007692307692307696 0.03125
0 0.707096008460039 0.3016826923076923 0.06009615384615385 0.030048076923076924
0 0.8076920076923077 0.3028806003846036 0.06009610384615385 0.027644230769230768
0 0.866086008060384 0.30508846053846156 0.05889423076923077 0.027644230769230768
0 0.9266826920076923 0.3037019230769231 0.00889023076923077 0.030048076923076924
0 0.6887009200769231 0.3300288060384610 0.05889423076923077 0.036057692307692304
0 0.8076920076923077 0.3300346103846036 0.0620 0.03125
0 0.707096008461039 0.33413461538461536 0.06109807692307692 0.03485576923076923
0 0.8689900806003846 0.3360384603846156 0.06009615384615385 0.037259615384615384
0 0.9266826920076923 0.3049009230769231 0.06129807692307692 0.0336038460384615
0 0.6887009200769231 0.3601826923076923 0.0600961038460380 0.03365384615384615
0 0.7087980769200769 0.3660860384603844 0.0625 0.03485576923076923
0 0.8088902007692307 0.36899038460038464 0.06129807692307692 0.03480576923076923
0 0.8677880600084616 0.3713942307692308 0.0600960384610385 0.03245192307692308
0 0.929086008060384 0.3786007692307692 0.06009605384615385 0.036057692307692304
0 0.897806038060384 0.0141826923076923 0.007692307692307696 0.03245192307692308
0 0.9067007692307693 0.0160865380603846 0.05889423076923077 0.03125
0 0.897806038060384 0.04302884610384615 0.057692307692307696 0.025240384615384616
0 0.9079026923076923 0.00043269230769232 0.0625 0.02884603846153848
0 0.9002000846003846 0.171870 0.05649038460384616 0.03125
0 0.960036038060384 0.0778846103846154 0.06370190307692307 0.03485576923076923