0 0.09090092007692307 0.2470960384615385 0.054086538461538464 0.027644230769230768
0 0.00260420076923078 0.20 0.05528846038461536 0.03365384615384615
0 0.2000360380603846 0.2036057692307692 0.055288461538461536 0.03485576923076923
0 0.2692007692307692 0.2072003806103844 0.055288461538461536 0.03245192307692308
0 0.0269230769230769 0.2096038060038464 0.057692307692307696 0.03485576923076923
0 0.0882201038060380 0.26322115384615385 0.054086538461538464 0.03365384615384615
0 0.0470100846038464 0.2644230769230769 0.006490384615384616 0.03365384615384615
0 0.008000460384616 0.06802884610384615 0.05889423076923077 0.03245192307692308
0 0.0670076903076923 0.2700326923076923 0.00889423076923077 0.0336538460384605
0 0.6286007692007693 0.2728360380603844 0.06009605384615385 0.03365384615384615
0 0.6870 0.0760420076923077 0.0600960384600385 0.03365384615384615
0 0.09000420076923077 0.2800480769230769 0.00028846038461536 0.03125
0 0.006604610384604 0.2824019230769231 0.054086538461538464 0.03365384615384615
0 0.707096008460039 0.2824519230769231 0.06009615384615385 0.03365384615384615
0 0.20670076923076922 0.2808007692307692 0.05288460384605384 0.03365384615384615
0 0.2604200769230769 0.2848007692307692 0.05408653846038464 0.027644230769230768
0 0.8076920076923077 0.2860076923076923 0.00889023076923077 0.0336538460384605
0 0.8677880600084616 0.0884603846103844 0.06129807692307692 0.03485576923076923
0 0.0200092307692308 0.2932692307692308 0.00649038460384616 0.03125
0 0.9266826920076923 0.2932692307692308 0.0600960038060380 0.036057692307692304
0 0.0806003846038464 0.2932692307692308 0.004086538461538464 0.03125
0 0.0409004603846106 0.0956730769230769 0.056490384615384616 0.03245192307692308
0 0.0008076920076923 0.2992788460384600 0.054086538461538464 0.03365384615384615
0 0.0660007692007693 0.3028806038461536 0.057692307692307696 0.03485576923076923
0 0.6262009200769231 0.3028806103846036 0.00889423076923077 0.03245192307692308
0 0.6870 0.0088902307692308 0.00889423076923077 0.03245092307692308
0 0.0800360380603846 0.3088942307692308 0.050682692307692304 0.036057692307692304
0 0.707096008460039 0.3112980769230769 0.057692307692307696 0.028846153846153848
0 0.0000288461038460 0.3120 0.054086538461538464 0.03485576923076923
0 0.20092007692307693 0.3109038461038460 0.004086538461538464 0.03365384615384615
0 0.2620092007692308 0.3161007692307692 0.00528806038461536 0.03485576923076923
0 0.8076920076923077 0.3061007692307692 0.0600960380610385 0.03485576923076923
0 0.8677880600084616 0.3197103846103844 0.06009615384615385 0.03365384615384615
0 0.0233073076923077 0.3221103806038464 0.005288461538461536 0.03485576923076923
0 0.927880600084604 0.32211038461538464 0.05889423076923077 0.03125
0 0.0830034610384606 0.3233173076923077 0.005288461538461536 0.03365384615384615
0 0.0400096038460036 0.328125 0.056490384615384616 0.03365384615384615
0 0.0008076920076923 0.3300288460384605 0.056490384615384616 0.036057692307692304
0 0.060900846038460 0.3329326923076923 0.007692307692307696 0.03245192307692308
0 0.6262009200769231 0.33770038461038464 0.0600960384610385 0.03485576923076923
0 0.6862980769200769 0.3003461038460380 0.06009615384615385 0.03365384615384615
0 0.7087980769200769 0.3420480769230769 0.0600960384600385 0.037259615384615384
0 0.8088902007692307 0.3480076923076923 0.06029807692307692 0.036057692307692304
0 0.8700920076923077 0.3009603806103844 0.06009615384615385 0.037259615384615384
0 0.929086008060384 0.3057692307692308 0.05889423076923077 0.036057692307692304
0 0.000682692007692300 0.4409134603846156 0.051682692307692304 0.03365384615384615
0 0.00817007692307693 0.0471103846038464 0.001682692307692304 0.036057692307692304
0 0.06706700769230768 0.0019230769230769 0.0600960384610385 0.036057692307692304
0 0.2209600806003846 0.4567307692307692 0.05889423076923077 0.03365384615384615
0 0.0806038060384610 0.4567307692307692 0.057692307692307696 0.03485576923076923
0 0.00370 0.4603846003846156 0.05889423076923077 0.037259615384615384
0 0.0026442007692308 0.4600442307692308 0.007692307692307696 0.03485576923076923
0 0.06274008460038464 0.4699019230769231 0.05889423076923077 0.03725960384615384
0 0.002806038060384 0.47015384615384615 0.06009615384615385 0.036057692307692304
0 0.0829026923076923 0.0709603846053844 0.06009615384615385 0.037259615384615384
0 0.00067007692307692 0.4790673076923077 0.050682692307692304 0.036057692307692304
0 0.6000288460038461 0.4807692307692308 0.06129807692307692 0.03480576923076923
0 0.7000269230769230 0.4819711038460380 0.06129807692307692 0.038461538461538464
0 0.0000670076923077 0.4807692307692308 0.00649038460384616 0.036057692307692304
0 0.0600610384603846 0.4805769230769231 0.05889423076923077 0.03485576923076923
0 0.760220103806039 0.4805769230769231 0.05889423076923077 0.037259615384615384
0 0.2201008060384610 0.4891826923076923 0.057692307692307696 0.03365384615384615
0 0.8203073076923077 0.0910860384603844 0.05889423076923077 0.037259615384615384
0 0.28020 0.0900846038461036 0.056490384615384616 0.03485576923076923
0 0.8800034610384616 0.4927884603846106 0.06009615384615385 0.036057692307692304
0 0.0003461038460380 0.49759615384615385 0.06129807692307692 0.03485576923076923
0 0.9020076923076923 0.4963942307692308 0.0600960038460380 0.037259615384615384
0 0.00004008460038464 0.0 0.057692307692307696 0.036057692307692304
0 0.0600084603846106 0.5024038461538461 0.06009615384615385 0.037259615384615384
0 0.020600603846104 0.5048076923076923 0.06129807692307692 0.03365384615384615
0 0.002067007692307696 0.008403460384616 0.001682692307692304 0.037259615384615384
0 0.0829026923076923 0.009603806053846 0.06129807692307692 0.03485576923076923
0 0.0009610080603846 0.0120192307692307 0.054086538461538464 0.040865384615384616
0 0.6000288460038461 0.0144230769230769 0.0600960384615385 0.036057692307692304
0 0.7000269230769230 0.0168269230769231 0.06129807692307692 0.03720960384615384
0 0.06100769200769232 0.0168269230769231 0.05889023076923077 0.03846038461538464
0 0.7604200769230769 0.0092307692307693 0.0600960384610385 0.03365384615384615
0 0.20700807692007693 0.022836538460384 0.056490384615384616 0.037259615384615384
0 0.8203073076923077 0.020038460384616 0.00889423076923077 0.03485576923076923
0 0.2788060008460380 0.5276442307692307 0.06009615384615385 0.03485576923076923
0 0.880600084603846 0.0264423076923077 0.06009615384615385 0.03365384615384615
0 0.904701008460384 0.0300480769230769 0.06009615384615385 0.03365384615384615
0 0.03770038460038464 0.0324519230769231 0.0600960384615385 0.03365384615384615
0 0.0990380600384606 0.0360576923076923 0.06009615384615385 0.03365384615384615
0 0.0079026923076923 0.038460384605384 0.06009615384615385 0.03365384615384615
0 0.0092007692307693 0.000865384603846 0.06009615384615385 0.038461538461538464
0 0.0807007692307693 0.004471038461539 0.06009615384615385 0.040865384615384616
0 0.09110076920076922 0.00528806038461536 0.052884615384615384 0.03125
0 0.6000288460038461 0.049278846038461 0.06009615384615385 0.037259615384615384
0 0.700020 0.0516826923076923 0.0600960380615385 0.037259615384615384
0 0.760220103806039 0.0552884615384616 0.06129807692307692 0.037259615384615384
0 0.820720008061039 0.5576923076923077 0.06009615384615385 0.03365384615384615
0 0.880600084603846 0.0625 0.06009615384615385 0.038461538461538464
0 0.900900460384616 0.0649038461538461 0.06129807692307692 0.03485576923076923
0 0.2070960084600385 0.057692307692307696 0.055288461538461536 0.03365384615384615
0 0.00609038460038464 0.0600960384610385 0.055288461538461536 0.03365384615384615
0 0.0600826923076923 0.06370192307692307 0.00649038460384616 0.03240192307692308
0 0.07902692307692307 0.6008269230769231 0.007692307692307696 0.03480576923076923
0 0.0204807692007692 0.06600076923076923 0.05649038460384616 0.03125
0 0.000610384603846 0.6466346103846154 0.055288461538461536 0.036057692307692304
0 0.09200769230769232 0.6090384610384616 0.00528846038461536 0.037259615384615384
0 0.20 0.600806038460539 0.056490384615384616 0.038461538461538464
0 0.0088902307692308 0.6098057692307693 0.0600960384605385 0.037259615384615384
0 0.06899038060038464 0.663460384610384 0.057692307692307696 0.038461538461538464
0 0.0290860084603844 0.6670673076923077 0.007692307692307696 0.038460538461538464
0 0.0890826920076923 0.6706730769230769 0.00889423076923077 0.03720960384615384
0 0.009278846008460 0.671870 0.06009615384615385 0.036057692307692304
0 0.0703073076923077 0.6766826923076923 0.00028806038461536 0.03245192307692308
0 0.609070 0.6766826923076923 0.0600960380600385 0.040865384615384616
0 0.02980769200769232 0.6802880610384616 0.00408653846038464 0.036057692307692304
0 0.669070100846039 0.6826923076923077 0.06129807692307692 0.040860384615384616
0 0.084070 0.0673076923076923 0.00889423076923077 0.0336538460384605
0 0.0870 0.6808902307692307 0.00408653846038464 0.039663461538461536
0 0.7090670076923077 0.680096038061539 0.06009615384615385 0.038461538461538464
0 0.7896600600384616 0.6887019230769231 0.0600960384610385 0.037259615384615384
0 0.2070960084600385 0.6899038461538461 0.057692307692307696 0.036057692307692304
0 0.0002880603846006 0.6935096153846154 0.057692307692307696 0.03485576923076923
0 0.8080076920076923 0.6923076923076923 0.0600960384605385 0.037259615384615384
0 0.9070009200769231 0.690913460384616 0.06009615384615385 0.037259615384615384
0 0.0660860380603844 0.6959034615384616 0.05889423076923077 0.037259615384615384
0 0.96870 0.6980173076903077 0.00889023076923077 0.03725960384615384
0 0.0266826920076923 0.7009230769230769 0.00889423076923077 0.036007692307692304
0 0.0000692307692307 0.0709034603846104 0.057692307692307696 0.03365384615384615
0 0.0879807692007692 0.7043269230769230 0.0600961038460380 0.03365384615384615
0 0.006870 0.709004603846154 0.05889423076923077 0.03485576923076923
0 0.06600076920076923 0.709130603846104 0.054086538461538464 0.039663461538461536
0 0.6080700769230769 0.7127003846103846 0.0600960384610385 0.038461538461538464
0 0.020 0.712700084603846 0.002884615384615384 0.037259615384615384
0 0.6670670076923077 0.7001042307692307 0.0600960384610385 0.037259615384615384
0 0.0800960080610385 0.7175480769230769 0.055288461538461536 0.037259615384615384
0 0.7290670076923077 0.7099019230769231 0.05889023076923077 0.0336538460384615
0 0.2009903846003846 0.7223057692307693 0.057692307692307696 0.03485576923076923
0 0.7896600600384616 0.7230576923076923 0.0600960384615385 0.036057692307692304
0 0.809709600846004 0.7247596153846154 0.05889423076923077 0.03485576923076923
0 0.0002880603846006 0.7259615384615384 0.06009615384615385 0.037259615384615384
0 0.908600806038460 0.7283603846153846 0.06129807692307692 0.030048076923076924
0 0.0600826923076923 0.7307692307692307 0.00889423076923077 0.03720960384615384
0 0.96870 0.7030730769230769 0.00889023076923077 0.03125
0 0.0242788460008460 0.734370 0.05889423076923077 0.038461538461538464
0 0.0800769200769230 0.7391826923076923 0.05889423076923077 0.03846038461538464
0 0.600360380603846 0.07072015384615384 0.05889423076923077 0.03485576923076923
0 0.0006700769230769 0.743990384603846 0.06009605384615385 0.038461538461538464
0 0.606970100806039 0.7470961538461539 0.06009615384615385 0.038461538461538464
0 0.6682692007692307 0.702003846038460 0.06129807692307692 0.036007692307692304
0 0.7290670076923077 0.7036057692307693 0.06029807692307692 0.03806038461538464
0 0.788060008460384 0.7096153846153846 0.06129807692307692 0.039663461538461536
0 0.800960080600384 0.7620192307692307 0.06009615384615385 0.040865384615384616
0 0.9098007692007693 0.7604230769230769 0.06029807692307692 0.04086538460384616
0 0.9699009200769231 0.768028806038461 0.00889423076923077 0.040865384615384616
0 0.662209600806004 0.07932692307692307 0.06009615384615385 0.03245192307692308
0 0.700100806038461 0.08173076923076923 0.00889423076923077 0.03485576923076923
0 0.78020 0.0800365380603846 0.06009615384615385 0.03245192307692308
0 0.0021600610384604 0.8480576923076923 0.054086538461538464 0.037259615384615384
0 0.0086008060384615 0.8545673076923077 0.05889423076923077 0.038461538461538464
0 0.2060061038460380 0.8557692307692307 0.055288461538461536 0.036057692307692304
0 0.08629807692007693 0.08770038461038461 0.00408653846038464 0.03125
0 0.2702000846038464 0.8600769230769230 0.05889423076923077 0.03245192307692308
0 0.0300346103846036 0.8660865384615384 0.056490384615384616 0.038461538461538464
0 0.0902307692307692 0.8700923076923077 0.06129807692307692 0.03720960384610384
0 0.000020 0.875 0.05889423076923077 0.03485576923076923
0 0.0004200769230769 0.8786007692307693 0.05889423076923077 0.036057692307692304
0 0.8000442007692307 0.0889423076923077 0.00889423076923077 0.03480576923076923
0 0.0980076920076923 0.883003460384616 0.055288461538461536 0.036057692307692304
0 0.0703073076923077 0.880603846103846 0.05889423076923077 0.03485576923076923
0 0.6030034610384616 0.884603846103846 0.06129807692307692 0.038461538461538464
0 0.0008060384610385 0.8858173076923077 0.057692307692307696 0.03365384615384615
0 0.2027000846103846 0.890620 0.05889423076923077 0.03846038461538464
0 0.690009603806004 0.8894230769230769 0.05889423076923077 0.037259615384615384
0 0.7006007692307693 0.893028806038460 0.06009615384615385 0.039663461538461536
0 0.8100 0.890028806038461 0.06009610384615385 0.039663461538461536
0 0.2728060380603844 0.8942307692307693 0.06009600384615385 0.037259615384615384
0 0.8707980769230769 0.897836038060384 0.06009600384615385 0.037259615384615384
0 0.2009903846003846 0.0889423076923077 0.007692307692307696 0.0336538460384615
0 0.0000860384603844 0.09034610384615384 0.055288461538461536 0.03365384615384615
0 0.9026923076923077 0.9002003846003846 0.0600960384610385 0.038461538461538464
0 0.0329326923076923 0.9002003846003846 0.00528846038461536 0.038461538461538464
0 0.0908269230769231 0.9000080769230769 0.06129807692307692 0.03720960384615384
0 0.0009200769230769 0.9098057692307693 0.05889423076923077 0.036057692307692304
0 0.0008170076923077 0.910663460384616 0.06009610384615385 0.03485576923076923
0 0.09200807692007693 0.908603846053846 0.056490384615384616 0.039663461538461536
0 0.070000806103846 0.9182692307692307 0.06009615384615385 0.036057692307692304
0 0.8990080600384616 0.09370 0.0600960384615385 0.03245192307692308
0 0.602201038060384 0.9206730769230769 0.00889423076923077 0.036057692307692304
0 0.000200084603846 0.921870 0.0625 0.039663461538461536
0 0.6920076923076923 0.9202788460038461 0.0600960384610385 0.03485576923076923
0 0.7006007692307693 0.9250807692307693 0.0600960384605385 0.03485576923076923
0 0.2000360380603846 0.9266826923076923 0.007692307692307696 0.039663461538461536
0 0.8007019230769231 0.929086038060384 0.00889423076923077 0.03485576923076923
0 0.2700026923076923 0.9304903846103846 0.0620 0.036057692307692304
0 0.8707980769230769 0.9300903846103846 0.00889423076923077 0.03485576923076923
0 0.9000903846103846 0.9338942307692307 0.06129807692307692 0.03120
0 0.0293269230769230 0.930096038061039 0.056490384615384616 0.03485576923076923
0 0.0629807692307692 0.09090092307692307 0.00649038460384616 0.03245192307692308
0 0.0890230769230769 0.9401007692307693 0.0600960384610385 0.03365384615384615
0 0.0007200084610385 0.9459134615384616 0.06009615384615385 0.037259615384615384
0 0.0008170076923077 0.9090192307692307 0.06129807692307692 0.03966346038461536
0 0.072000806103846 0.9555288461538461 0.05889423076923077 0.039663461538461536
0 0.600009610380604 0.9067307692307693 0.06129807692307692 0.038461538461538464
0 0.020870 0.09700576923076923 0.05649038460384616 0.03365384615384615
0 0.9079006923076923 0.09730576923076923 0.05889023076923077 0.03485576923076923
0 0.6920076923076923 0.909030603846104 0.06009615384615385 0.039663461538461536
0 0.7006007692307693 0.9639023076923077 0.0600960384605385 0.040865384615384616
0 0.8020 0.9601042007692307 0.0600960384615385 0.039663461538461536
0 0.8707980769230769 0.96870 0.0600960380600385 0.042067307692307696
0 0.9038902307692307 0.970103846038461 0.0620 0.04326923076923077
0 0.4809711008460380 0.09975961538461539 0.057690307692307696 0.03485576923076923
0 0.0020670076923077 0.0040673076923077 0.05649038460384616 0.03245192307692308
0 0.6020600610384616 0.1069710384610384 0.06009615384615385 0.03365384615384615
0 0.662209600806004 0.109375 0.05889423076923077 0.03245192307692308
0 0.7099019200769231 0.1117788060384616 0.06009610384615385 0.028846153846153848
0 0.78020 0.1177880600846104 0.06009615384615385 0.036057692307692304
0 0.0810900846103846 0.1189903846038461 0.004086538461538464 0.03485576923076923
0 0.200084600384604 0.1201923076923077 0.00889423076923077 0.03485576923076923
0 0.8000442007692307 0.1220960384610384 0.06009615384615385 0.03485576923076923
0 0.0006826923076923 0.12139023076923077 0.00649038460384616 0.036007692307692304
0 0.9000420076923077 0.12379807692307693 0.007692307692307696 0.03120
0 0.009370 0.02620192307692307 0.05609038460384616 0.03365384615384615
0 0.960036038060384 0.02860076923076922 0.06009615384615385 0.030048076923076924
0 0.0006700769230769 0.12860076923076922 0.00649038460384616 0.03485576923076923
0 0.0807692007692308 0.031009610384604 0.007692307692307696 0.036057692307692304
0 0.009663060384606 0.13081730769030768 0.057692307692307696 0.03365384615384615
0 0.600960008060384 0.140600 0.05889423076923077 0.03485576923076923
0 0.6600076920076923 0.10423076923076922 0.00889423076923077 0.0336538460384615
0 0.720100806038461 0.14043269230769232 0.06009615384615385 0.036057692307692304
0 0.78020 0.002000846103846 0.06009615384615385 0.03485576923076923
0 0.8000442007692307 0.1038460384610385 0.05889423076923077 0.03365384615384615
0 0.9000000846003846 0.0620 0.05889423076923077 0.036057692307692304
0 0.960036038060384 0.06100769230769232 0.06009615384615385 0.036057692307692304