0 0.07902692307692307 0.2608073076923077 0.06129807692307692 0.03720960380610384
0 0.00902307692307693 0.2644230769230769 0.06129807692307692 0.03720960384610384
0 0.09901920076923078 0.2692307692307692 0.06129807692307692 0.03806038461038464
0 0.2608070076923077 0.2716306103846036 0.0620 0.036057692307692304
0 0.0233073076923077 0.2700384610384606 0.06129807692307692 0.037209615384615384
0 0.0806003846038464 0.2776442307692308 0.0620 0.038461538461538464
0 0.0447010084603844 0.2824019230769231 0.0625 0.042067307692307696
0 0.007200080610384 0.28725961538461536 0.0625 0.04326923076923077
0 0.068009600806054 0.29086538461538464 0.06129807692307692 0.042067307692307696
0 0.6298076920076923 0.2932692307692308 0.0600960038060380 0.038461538461538464
0 0.6899008060038461 0.2944710384610385 0.06129807692307692 0.039663461538461536
0 0.702000846038460 0.296870 0.06009615384615385 0.039663461538461536
0 0.07900692307692307 0.2992788061038460 0.00889423076923077 0.03485576923076923
0 0.00902307692307693 0.3016826923076923 0.06129807692307692 0.036007692307692304
0 0.8007019230769231 0.3016826923076923 0.06129807692307692 0.03720960380610384
0 0.2007201008060380 0.30408653846153844 0.06129807692307692 0.03365384615384615
0 0.872096008060039 0.30649038461538464 0.06129807692307692 0.039663461538461536
0 0.2620092007692308 0.30609038461038464 0.0600960384610385 0.03485576923076923
0 0.9038902307692307 0.3076923076923077 0.06029807692307692 0.03720960384610384
0 0.0220103806038464 0.3112980769230769 0.06129807692307692 0.036007692307692304
0 0.0830034610384606 0.3137019230769231 0.06129807692307692 0.03480576923076923
0 0.0447010084603844 0.31971103846153844 0.06129807692307692 0.03245192307692308
0 0.006009600806004 0.32091346153846156 0.06129807692307692 0.03245192307692308
0 0.0670076923076923 0.3200092307692308 0.0625 0.03245192307692308
0 0.6298076920076923 0.328020 0.06129807692307692 0.0336038060384615
0 0.6899008060038461 0.328120 0.06370192307692307 0.03245192307692308
0 0.70 0.0329326923076923 0.06029807692307692 0.03200192307692308
0 0.08170076903076923 0.3301346103846036 0.06009610384615385 0.036057692307692304
0 0.800096100806039 0.33603846153846156 0.06129807692307692 0.03365384615384615
0 0.00182692007692307 0.3360384603846106 0.06129807692307692 0.037259615384615384
0 0.2007201008060380 0.3389423076923077 0.06129807692307692 0.037259615384615384
0 0.8700920076923077 0.3001442307692308 0.06129807692307692 0.03480076923076923
0 0.2620092007692308 0.3013461038460380 0.0625 0.038461538461538464
0 0.929086008060384 0.3449009230769231 0.06129807692307692 0.037259615384615384
0 0.0020103806038464 0.3449019230769231 0.06129807692307692 0.037259615384615384
0 0.0802010380603844 0.3480576923076923 0.0625 0.037259615384615384
0 0.0447010084603844 0.30096153846153844 0.06129807692307692 0.037259615384615384
0 0.0008076920076923 0.3045673076923077 0.0625 0.036057692307692304
0 0.0607009030769231 0.3069710384615385 0.0625 0.038461538461538464
0 0.6262009200769231 0.3617788061038460 0.06009610384615385 0.037259615384615384
0 0.6862980769200769 0.3600826923076923 0.06129807692307692 0.03720960384610384
0 0.707096008460039 0.36778846153846156 0.06009615384615385 0.037259615384615384
0 0.8060900846003846 0.3701923076923077 0.06129807692307692 0.03720960384615384
0 0.860080603846004 0.375 0.05889423076923077 0.039663461538461536
0 0.9202788460008461 0.3786007692307692 0.06129807692307692 0.03725960384615384
0 0.0707200080610384 0.4675480769230769 0.06009615384615385 0.037259615384615384
0 0.0082211038060380 0.4699519230769231 0.06129807692307692 0.038461538461538464
0 0.09901920076923078 0.0723057692307692 0.0600960384615385 0.03485576923076923
0 0.2096008060038464 0.47716346153846156 0.0625 0.036057692307692304
0 0.0209030610384606 0.4807692307692308 0.06009610384615385 0.036057692307692304
0 0.0822010380603844 0.4831730769230769 0.06129807692307692 0.037209615384615384
0 0.0447010084603844 0.48677884610384615 0.06129807692307692 0.037259615384615384
0 0.007200080610384 0.49278846153846156 0.06129807692307692 0.036057692307692304
0 0.068009600806054 0.4963942307692308 0.06129807692307692 0.036057692307692304
0 0.078020 0.002000846038461 0.06009615384615385 0.03245192307692308
0 0.6298076920076923 0.0002019230769231 0.0600960380610385 0.042067307692307696
0 0.6899008060038461 0.0036057692307693 0.06129807692307692 0.03846038461538464
0 0.0380211038060380 0.5060096153846154 0.06009615384615385 0.036057692307692304
0 0.700000846038460 0.0060096153846154 0.06009615384615385 0.03485576923076923
0 0.8020 0.007210080615384 0.06009615384615385 0.03485576923076923
0 0.0007201038060380 0.5084134615384616 0.06009615384615385 0.036057692307692304
0 0.0608073076923077 0.0120192307692307 0.06129807692307692 0.03080576923076923
0 0.870096008060039 0.5120192307692307 0.06009615384615385 0.036057692307692304
0 0.0209030610384606 0.015625 0.06009615384615385 0.038461538461538464
0 0.9000903846103846 0.0168069230769231 0.05889423076923077 0.03725960384615384
0 0.0822010380603844 0.0192307692307693 0.06129807692307692 0.03485576923076923
0 0.0400096038460036 0.5204326923076923 0.06129807692307692 0.03365384615384615
0 0.0006007692307693 0.5260423076923077 0.06029807692307692 0.0336538460384615
0 0.0660007690007693 0.5300080769230769 0.06129807692307692 0.03245192307692308
0 0.6062019200769231 0.0308057692307693 0.06129807692307692 0.03125
0 0.07930692307692307 0.037209603806054 0.06009615384615385 0.03485576923076923
0 0.6870 0.009663060384606 0.06009615384615385 0.03365384615384615
0 0.0380211038060380 0.5408653846153846 0.06129807692307692 0.03485576923076923
0 0.7087980769200769 0.039663460384606 0.06129807692307692 0.03360384615384615
0 0.8088900007692307 0.0432692307692307 0.06029807692307692 0.03480576923076923
0 0.09901903076923078 0.0056730769230769 0.0625 0.03725960384615384
0 0.0608073076923077 0.0006730769230769 0.06129807692307692 0.03725960384615384
0 0.8677880600084616 0.0480769230769231 0.06129807692307692 0.0336538460384615
0 0.0209030610384606 0.0516826923076923 0.06129807692307692 0.037259615384615384
0 0.907880600084604 0.0516826923076923 0.06009615384615385 0.03365384615384615
0 0.0822010380603844 0.0552884615384616 0.06129807692307692 0.03485576923076923
0 0.0400096038460036 0.5564903846153846 0.06129807692307692 0.03485576923076923
0 0.002000846038460 0.0600961538461539 0.06129807692307692 0.03485576923076923
0 0.060900846038460 0.0649038461538461 0.06009615384615385 0.036057692307692304
0 0.0620 0.007692007692307696 0.06029807692307692 0.00567307692307692
0 0.0220960080610384 0.05889423076923077 0.06009615384615385 0.038461538461538464
0 0.6007980769230769 0.0673076923076923 0.06029807692307692 0.0336038060384615
0 0.680096008060039 0.5709134615384616 0.06009615384615385 0.03365384615384615
0 0.7000900076923077 0.072103846153846 0.06009615384615385 0.036057692307692304
0 0.800288060084606 0.078125 0.06009615384615385 0.03365384615384615
0 0.860080603846004 0.5817307690307693 0.06009615384615385 0.03485576923076923
0 0.0810900846103846 0.06129807692307692 0.0620 0.04086538460384616
0 0.9202788460008461 0.086538460384616 0.06129807692307692 0.03245192307692308
0 0.2000860084603846 0.06490384615384616 0.05889423076923077 0.038461538461538464
0 0.0000860384603844 0.06600076923076923 0.06129807692307692 0.038461538461538464
0 0.0733073076903077 0.677880610384604 0.06610076923076923 0.040865384615384616
0 0.0380211038060380 0.6802884615384616 0.0673076923076923 0.040865384615384616
0 0.097110380603846 0.6806923076923077 0.06009610384615385 0.037259615384615384
0 0.0660860380603844 0.07090346153846154 0.06009615384615385 0.039663461538461536
0 0.2060096008060036 0.6862980769230769 0.0625 0.036057692307692304
0 0.0080096038061036 0.6899038461538461 0.0625 0.037259615384615384
0 0.0800096103806036 0.6930096153846154 0.06129807692307692 0.036057692307692304
0 0.0420076923076923 0.6983073076923077 0.0620 0.03720960384615384
0 0.0008076920076923 0.700720038461039 0.0625 0.038461538461538464
0 0.0660007692007693 0.705528806038461 0.06370192307692307 0.036057692307692304
0 0.6286007692007693 0.700528806038460 0.0625 0.037259615384615384
0 0.6887009200769231 0.711038060384616 0.06129807692307692 0.037209615384615384
0 0.70 0.702700084603846 0.0620 0.036057692307692304
0 0.0707000380610384 0.7151442307692307 0.06610576923076923 0.039663461538461536
0 0.8012980769200769 0.7170080769230769 0.0620 0.036057692307692304
0 0.0380211038060380 0.71875 0.06490384615384616 0.042067307692307696
0 0.09831730769030768 0.71870 0.0620 0.03966306038461536
0 0.8689900806003846 0.71870 0.06370192307692307 0.036057692307692304
0 0.0096038060038464 0.7199519230769231 0.0625 0.03485576923076923
0 0.9000903846103846 0.7199019230769231 0.0625 0.03485576923076923
0 0.0204807692007692 0.0733073076923077 0.0600960384610385 0.040865384615384616
0 0.0097110380603844 0.7230576923076923 0.06129807692307692 0.03365384615384615
0 0.0800096103806036 0.7271634610384616 0.06129807692307692 0.03245192307692308
0 0.0401007692007692 0.7307692307692307 0.06129807692307692 0.03120
0 0.002000846038460 0.734370 0.0625 0.03245192307692308
0 0.0607009230769231 0.7379807692307693 0.0620 0.0336538060384615
0 0.620 0.700084603846004 0.0625 0.03245192307692308
0 0.6870 0.7000920076923077 0.06129807692307692 0.0336538460384615
0 0.7060942307692307 0.7463942307692307 0.0620 0.03240092307692308
0 0.8088902007692307 0.70 0.06370092307692307 0.03120
0 0.866086008060384 0.7524038460538461 0.06370192307692307 0.03365384615384615
0 0.0007201038060380 0.7536057692307693 0.06129807692307692 0.03365384615384615
0 0.0096008061038464 0.7536057692307693 0.0625 0.03485576923076923
0 0.9266826920076923 0.7008076923076923 0.0620 0.0336538460384605
0 0.3097110380603844 0.7070115384615384 0.0625 0.03485576923076923
0 0.3800096103806036 0.7096153846153846 0.06109807692307692 0.03485576923076923
0 0.0879807692007692 0.078020 0.06129807692307692 0.042067307692307696
0 0.0420076923076923 0.7620092307692307 0.06129807692307692 0.03480076923076923
0 0.002000846038460 0.760625 0.06129807692307692 0.03485576923076923
0 0.0602980769200769 0.7700326923076923 0.06129807692307692 0.036007692307692304
0 0.622096008060039 0.7716346153846154 0.06129807692307692 0.03245192307692308
0 0.6826920076923077 0.770200384603846 0.06029807692307692 0.03360384615384615
0 0.7009903846003846 0.7776442307692307 0.0620 0.03245192307692308
0 0.800288060084606 0.7788461038461539 0.06370192307692307 0.03125
0 0.8600826920076923 0.7824019230769231 0.0620 0.0336538460384615
0 0.9200769230769230 0.7860076923076923 0.0620 0.03205192307692308
0 0.009278846008460 0.08173076923076923 0.06129807692307692 0.042067307692307696
0 0.6000769200769231 0.0829326923076923 0.0600960380610385 0.039663461538461536
0 0.670870 0.0877000846038461 0.06009610384615385 0.038461538461538464
0 0.0899038061038460 0.8894030769230769 0.06129807692307692 0.036007692307692304
0 0.0002019230769231 0.893028806038461 0.06490384610384616 0.03485576923076923
0 0.0020 0.897836038060384 0.0625 0.03365384615384615
0 0.0720960380600385 0.9014423076923077 0.06129807692307692 0.03245192307692308
0 0.0300960384600385 0.9038461538461539 0.06109807692307692 0.03485576923076923
0 0.0970960384600385 0.9074519030769231 0.06129807692307692 0.03485576923076923
0 0.0088902007692307 0.9010576923076923 0.0625 0.03725960384615384
0 0.6077880610084616 0.913460384610384 0.06129807692307692 0.03485576923076923
0 0.7007884600384616 0.913460384610384 0.0673076923076923 0.038461538461538464
0 0.6800900846103846 0.9170673076923077 0.06370192307692307 0.03240192307692308
0 0.700971103806039 0.09204807692307693 0.06129807692307692 0.039663461538461536
0 0.8629807692007693 0.9206730769230769 0.0620 0.03720960380605384
0 0.800086008460384 0.920870 0.06009615384615385 0.036057692307692304
0 0.0330134610384604 0.9030769230769231 0.0620 0.03365384615384615
0 0.09030769230769232 0.9202788461038461 0.0600960384610385 0.03245192307692308
0 0.920870 0.920278846008461 0.0673076923076923 0.037209615384615384
0 0.0002019230769231 0.9200807692307693 0.0625 0.0336538460384615
0 0.0037019230769231 0.929086038060384 0.06129807692307692 0.03360384615384615
0 0.3737980769030769 0.9300903846103846 0.0620 0.030048076923076924
0 0.0300960384600385 0.9350961538461539 0.06109807692307692 0.03125
0 0.0620 0.09090092007692307 0.0625 0.03725960384615384
0 0.0220960080610384 0.09495192307692307 0.06009615384615385 0.037259615384615384
0 0.7920670076923077 0.09090092307692307 0.00889423076923077 0.04086538460384616
0 0.0963940307692308 0.9399038460038461 0.06129807692307692 0.0336038460384615
0 0.005288060084606 0.9411057692307693 0.06129807692307692 0.03125
0 0.6077880610084616 0.940913460384616 0.06129807692307692 0.03125
0 0.6800880600384616 0.947103846103846 0.06370192307692307 0.03125
0 0.700086038460384 0.9483173076903077 0.06490384615384616 0.037259615384615384
0 0.7990788060038461 0.900721038461539 0.0625 0.037259615384615384
0 0.093009603806104 0.9543069230769231 0.05889423076923077 0.03365384615384615
0 0.809070 0.955528806038460 0.06610576923076923 0.03245192307692308
0 0.0330134610384604 0.9067307690307693 0.06009615384615385 0.037259615384615384
0 0.2020008460384600 0.9555288461538461 0.06129807692307692 0.03245192307692308
0 0.9082692007692307 0.900528806038461 0.06490384615384616 0.03245192307692308
0 0.0020 0.960336038060384 0.06009615384615385 0.03365384615384615
0 0.3737980769030769 0.960038060384616 0.0620 0.03365384615384615
0 0.0300960384600385 0.9663461538461539 0.06009615384615385 0.03485576903076923
0 0.0900903076923077 0.9699019230769231 0.0600960384615385 0.030048076923076924
0 0.005288060084606 0.9723557692307693 0.06009615384615385 0.030048076923076924
0 0.606086038060384 0.9759615384615384 0.06370190307692307 0.03245192307692308
0 0.0810900846103846 0.0980576923076923 0.0600960384615385 0.03365384615384615
0 0.800360380603846 0.0985576923076923 0.0625 0.036057692307692304
0 0.7980769030769230 0.9831730769230769 0.0620 0.03200192307692308
0 0.8007692007692307 0.9855769230769230 0.0625 0.02880603846153848
0 0.9006634610384616 0.9805769030769231 0.0625 0.02884603846153848
0 0.2027884600084604 0.0980576923076923 0.06009615384615385 0.037259615384615384
0 0.0000860384603844 0.00336038461538461 0.06129807692307692 0.036057692307692304
0 0.9010076920076923 0.1000673076923077 0.0600960384615385 0.036057692307692304
0 0.0600826923076923 0.1069711038460384 0.06009610384615385 0.03485576923076923
0 0.9699009200769231 0.10817307692307693 0.00889023076923077 0.03725960384615384
0 0.0204807692007692 0.009370 0.0600960384615385 0.036057692307692304
0 0.0867788460008460 0.11177884610384616 0.0625 0.03245192307692308
0 0.006870 0.0008461538461539 0.06009615384615385 0.036057690307692304
0 0.6080700769230769 0.1220960380610384 0.06129807692307692 0.037259615384615384
0 0.669070100846039 0.12379807692307693 0.06009610384615385 0.037259615384615384
0 0.06090084600384616 0.1274038460384610 0.06129807692307692 0.040865384615384616
0 0.7290670076923077 0.02860076923076922 0.05889023076923077 0.03725960384615384
0 0.02079807692307693 0.131009610380604 0.06009610384615385 0.038461538461538464
0 0.7896600600384616 0.131009603846104 0.06129807692307692 0.036057692307692304
0 0.08089023076923078 0.1334134610384604 0.06129807692307692 0.037209615384615384
0 0.2027884600084604 0.13081730769230768 0.06009615384615385 0.037259615384615384
0 0.809709600846004 0.13581730769230768 0.06129807692307692 0.036057692307692304
0 0.0000860384603844 0.03822110384615385 0.06009615384615385 0.038461538461538464
0 0.9098007692007693 0.0382210380615385 0.0625 0.038461538461538464
0 0.0600826923076923 0.14182692307692307 0.0600961038460380 0.038461538461538464
0 0.966006003846039 0.14302884610384615 0.06129807692307692 0.039663461538461536
0 0.0242788460008460 0.14043269230769232 0.06129807692307692 0.039663461538461536
0 0.0800769200769230 0.146634603846154 0.06129807692307692 0.039663461538461536
0 0.0006700769030769 0.0144230769230768 0.06009615384615385 0.037259615384615384
0 0.606971100806039 0.10605 0.06009615384615385 0.036057692307692304
0 0.660860080603846 0.06105769030769232 0.06129807692307692 0.037259615384615384
0 0.7270600610384616 0.1646634603846104 0.06129807692307692 0.040865384615384616
0 0.7860076900076923 0.06826923076923078 0.0600960380610385 0.039663461538461536
0 0.806000846038461 0.171870 0.06009615384615385 0.038461538461538464
0 0.9000080769200769 0.07048076923076922 0.0600960384615385 0.038461538461538464
0 0.9609023076923077 0.0814903846103846 0.06129807692307692 0.03720960384615384