0 0.20673076923076922 0.27163461538461536 0.2208533653846154 0.4371995192307692
0 0.36177884615384615 0.28365384615384615 0.2091346153846154 0.42788461538461536
0 0.5096153846153846 0.29447115384615385 0.20643028846153846 0.42788461538461536
0 0.6586538461538461 0.30649038461538464 0.19200721153846154 0.42037259615384615
0 0.8485576923076923 0.31971153846153844 0.19260817307692307 0.4227764423076923
0 0.18629807692307693 0.640625 0.22385817307692307 0.4495192307692308
0 0.34134615384615385 0.6550480769230769 0.20703125 0.43990384615384615
0 0.4963942307692308 0.6670673076923077 0.21424278846153846 0.4495192307692308
0 0.6442307692307693 0.6778846153846154 0.20222355769230768 0.44741586538461536
0 0.8365384615384616 0.6947115384615384 0.20252403846153846 0.44771634615384615
0 0.08173076923076923 0.26802884615384615 0.16316105769230768 0.42518028846153844