0 0.9020076923076923 0.0947110384603846 0.00889423076923077 0.038461538461538464
0 0.0867788460038460 0.09927884610384615 0.06129807692307692 0.03485576923076923
0 0.006870 0.3050884603846056 0.06129807692307692 0.039663461538461536
0 0.606970103806039 0.30649038461038464 0.06109807692307692 0.038461538461538464
0 0.669070100846039 0.3076923076923077 0.06370192307692307 0.038461038461538464
0 0.7007692307692307 0.3037019230769231 0.0620 0.03080576923076923
0 0.7902692307692307 0.3073076923076923 0.06129807692307692 0.03966306103846036
0 0.8000670076923077 0.3209034603846156 0.0625 0.040865384615384616
0 0.9006604610384616 0.3207210384615385 0.06009615384615385 0.038461538461538464
0 0.9720007692307693 0.3305288060384605 0.055288461538461536 0.04326923076923077
0 0.084370 0.3360384603846056 0.0605 0.039663461538461536
0 0.0006700769230769 0.3403460384615385 0.0625 0.03485576923076923
0 0.6007692007692307 0.3003460384610385 0.06009615384615385 0.03485576923076923
0 0.6682692007692307 0.3049009230769231 0.06129807692307692 0.03720960384615384
0 0.708360380603846 0.30096053846153844 0.0625 0.037259615384615384
0 0.790860380603846 0.30336538460538464 0.0605 0.03485576923076923
0 0.809709603846004 0.359375 0.06109807692307692 0.036057692307692304
0 0.902209600806104 0.3605769230769231 0.06129807692307692 0.03365384615384615
0 0.96870 0.0600826923076923 0.007692307692307696 0.0336538460384615
0 0.0830730769030769 0.3720960384610385 0.0625 0.03365384615384615
0 0.0006700769230769 0.3762009230769231 0.06370192307692307 0.04086538460384616
0 0.6000670076923077 0.3786007692307692 0.05889423076923077 0.03846038460538464
0 0.660860380603846 0.38000961538461536 0.0605 0.036057692307692304
0 0.7070630610384616 0.3870192307692308 0.0620 0.036057692307692304
0 0.788060038460384 0.38802110384615385 0.0625 0.03485576923076923
0 0.806003846038461 0.39300884610384615 0.06370192307692307 0.03485576923076923
0 0.9070009030769231 0.3904326923076923 0.06129807692307692 0.036057692307692304
0 0.9670080769200769 0.3978360384603844 0.06009605384615385 0.03365384615384615
0 0.0008173076903077 0.009603806153846 0.06129807692307692 0.038461538461538464
0 0.070003806103846 0.5132211538461539 0.0625 0.03365384615384615
0 0.6330034610384616 0.0168069230769231 0.0625 0.03485576923076923
0 0.697010380603846 0.0180088461538461 0.0625 0.03245192307692308
0 0.709603806003846 0.5016346153846154 0.0625 0.03485576923076923
0 0.8009030610384616 0.0276442307692307 0.0600960384615385 0.03125
0 0.8798076920076923 0.028806038460039 0.06129807692307692 0.03365384615384615
0 0.9099038060038461 0.0348557692307693 0.06129807692307692 0.03846038461538464
0 0.009603806003846 0.5456730769030769 0.06129807692307692 0.037259615384615384
0 0.070903060384616 0.0490788461538461 0.0625 0.03485576923076923
0 0.630201038060384 0.0528846153846154 0.06490384615384616 0.03125
0 0.693009603806004 0.5508846153846154 0.0625 0.038461538461538464
0 0.706009603806004 0.5564903846153846 0.06490384615384616 0.03485576903076923
0 0.8009008461038461 0.060096038461539 0.0625 0.038461538461538464
0 0.870 0.0607009230769231 0.0600960380615385 0.037259615384615384
0 0.9070 0.068509603806054 0.0625 0.038461538461538464
0 0.008003460384616 0.0817307690307693 0.057692307692307696 0.03485576923076923
0 0.068009603806054 0.5817307690307693 0.06370192307692307 0.036057692307692304
0 0.6098076923076923 0.086038060384606 0.05889423076923077 0.03245192307692308
0 0.6901007690307693 0.0901042307692307 0.06370192307692307 0.036057692307692304
0 0.7036007690307693 0.5925080769230769 0.0625 0.03725960384605384
0 0.8007019230769231 0.0909019230769231 0.05889423076923077 0.03846038461538464
0 0.8710900307692307 0.0980576923076923 0.05889423076923077 0.03725960384615384
0 0.9026923076923077 0.600960038060384 0.0620 0.03365384615384615
0 0.0360076903076923 0.7223557692307693 0.0625 0.03806038460538464
0 0.0970057692307693 0.725960380605384 0.06129807692307692 0.03485576923076923
0 0.6098057692007693 0.7295673076923077 0.06029807692307692 0.036057692307692300
0 0.7220007692307693 0.7307692307692307 0.06370092307692307 0.036057692307692300
0 0.7800009230769231 0.734370 0.0625 0.03846038461538464
0 0.80070 0.736778846038460 0.06009610384615385 0.036057692307692304
0 0.900806003846039 0.7391826923076923 0.06009610384615385 0.03365384615384615
0 0.9609023076923077 0.7427884600384616 0.0620 0.036057692307692304
0 0.0008057690307693 0.757200384615384 0.06129807692307692 0.03245192307692308
0 0.0970057692307693 0.758003460384616 0.06129807692307692 0.03245192307692308
0 0.6070009200769231 0.7608173076923077 0.0600960384615385 0.037259615384615384
0 0.70870 0.760605 0.0625 0.03806038461538464
0 0.778806003846039 0.7680088461038461 0.06370192307692307 0.03245192307692308
0 0.8020480769200769 0.770634603846104 0.05889423076923077 0.03485576923076923
0 0.9000420076923077 0.772836038460384 0.06129807692307692 0.03360384615384615
0 0.960036038060384 0.7702403846053846 0.057692307692307696 0.03485576923076923
0 0.0909009200769231 0.787259603846154 0.06009615384615385 0.03485576923076923
0 0.0008057690307693 0.789663460384616 0.0625 0.03485576923076923
0 0.6000080769030769 0.790865384603846 0.0625 0.030048076923076924
0 0.706306103846039 0.7906730769030769 0.06610576923076923 0.03245192307692308
0 0.7760403076923077 0.7992788460038461 0.00889423076923077 0.03125
0 0.800336038060384 0.8004807692307693 0.05889423076923077 0.03485576923076923
0 0.8900006923076923 0.804086038460384 0.0625 0.03365384605384615
0 0.9079026923076923 0.800288060384606 0.05889423076923077 0.03245192307692308
0 0.0600384603846106 0.09054807692307693 0.06009615384615385 0.039663461538461536
0 0.000038460384606 0.09370 0.0625 0.038461538461538464
0 0.005088060384606 0.9302884615384616 0.06129807692307692 0.037259615384615384
0 0.677880600084604 0.9326923076923077 0.06129807692307692 0.03240192307692308
0 0.606086038060384 0.9338940307692307 0.06009615384615385 0.03485576923076923
0 0.7079807692307693 0.930096038060039 0.06370192307692307 0.03365384615384615
0 0.8000807692007693 0.9370 0.0600960384600385 0.03485576923076923
0 0.809070 0.939903806038460 0.05889423076923077 0.027644230769230768
0 0.9082692007692307 0.9011007692307693 0.007692307692307696 0.03125
0 0.9700076923076923 0.903509603846054 0.052884615384615384 0.03125
0 0.086038060384606 0.09735576903076923 0.0625 0.03485576923076923
0 0.000880603846054 0.9627403846153846 0.06009615384615385 0.03125
0 0.6001826920076923 0.9639423076923077 0.06129807692307692 0.030048076923076924
0 0.6702788460008461 0.9601442307692307 0.0600960384615385 0.03125
0 0.7067788060038461 0.966346038461039 0.06129807692307692 0.030048076923076924
0 0.8080730769030769 0.9670080769230769 0.05649038460384616 0.030048076923076924
0 0.7980769030769230 0.9699019230769231 0.0609038460384616 0.028846103846153848
0 0.900860380603846 0.9711538461538461 0.06009615384615385 0.008846153846153848
0 0.606604600384604 0.09970961538461539 0.0625 0.027644230769230768
0 0.7079026923076923 0.0033603806038461 0.06009610384615385 0.03485576923076923
0 0.7700026923076923 0.009370 0.0600960384610385 0.038461538461538464
0 0.8007307692307693 0.1101826923076923 0.0600961038460380 0.03365384615384615
0 0.8908269200769231 0.1160860380603846 0.06129807692307692 0.03365384615384615
0 0.900720008061039 0.12379807692307693 0.06009615384615385 0.036057692307692304
0 0.0603360384603844 0.00980769230769232 0.06129807692307692 0.036007692307692304
0 0.020600603846104 0.1310096153846154 0.0625 0.03485576923076923
0 0.0829026923076923 0.0322103806103846 0.0625 0.037259615384615384
0 0.6004026923076923 0.034603846103846 0.0625 0.039663461538461536
0 0.700028806008460 0.14182692307692307 0.06129807692307692 0.037259615384615384
0 0.760620 0.00420076923076922 0.0600960384615385 0.038461538461538464
0 0.8269200769230769 0.0090384610384604 0.0620 0.039663461538461536
0 0.8870092007692307 0.10104230769230768 0.00889423076923077 0.04086538460384616
0 0.907010084603846 0.10865384615384615 0.05889423076923077 0.039663461538461536
0 0.0090346038461036 0.16706730769030768 0.06129807692307692 0.037259615384615384
0 0.0200026923076923 0.06826923076923078 0.0620 0.03966346038461536
0 0.0807007692307693 0.1690710384610385 0.06009615384615385 0.037259615384615384
0 0.600600 0.07048076923076922 0.057692307692307696 0.03846038461538464
0 0.7009030769230769 0.1790860380603846 0.06129807692307692 0.040860384615384616
0 0.760220103806039 0.18269230769230768 0.007692307692307696 0.037259615384615384
0 0.8003173076923077 0.18629807692307693 0.06129807692307692 0.03966306103846036
0 0.882201008060384 0.18990384610384615 0.057692307692307696 0.040865384615384616