15 0.910937 0.934570 0.071875 0.048828
15 0.908594 0.966797 0.079687 0.042969
15 0.848437 0.931641 0.078125 0.050781
15 0.846875 0.969727 0.075000 0.044922
15 0.787500 0.963867 0.075000 0.044922
15 0.789062 0.927734 0.078125 0.046875
15 0.730469 0.927734 0.067187 0.054688
15 0.726562 0.967773 0.068750 0.048828
15 0.666406 0.923828 0.070312 0.050781
15 0.663281 0.960938 0.076563 0.050781
15 0.598437 0.919922 0.071875 0.054688
15 0.601562 0.957031 0.075000 0.050781
15 0.536719 0.916992 0.073438 0.052734
15 0.539844 0.947266 0.070312 0.050781
15 0.940625 0.792969 0.056250 0.046875
15 0.885938 0.791992 0.068750 0.048828
15 0.891406 0.760742 0.076563 0.052734
15 0.896875 0.728516 0.075000 0.050781
15 0.826562 0.791992 0.075000 0.056641
15 0.830469 0.755859 0.073438 0.050781
15 0.834375 0.724609 0.071875 0.050781
15 0.767969 0.785156 0.070312 0.054688
15 0.771875 0.750977 0.075000 0.044922
15 0.776563 0.718750 0.078125 0.046875
15 0.711719 0.715820 0.070312 0.048828
15 0.714063 0.750977 0.078125 0.048828
15 0.707031 0.785156 0.073438 0.058594
15 0.647656 0.777344 0.079687 0.050781
15 0.647656 0.744141 0.073438 0.050781
15 0.653125 0.715820 0.081250 0.052734
15 0.586719 0.772461 0.082812 0.052734
15 0.587500 0.740234 0.078125 0.046875
15 0.591406 0.706055 0.085938 0.052734
15 0.529687 0.773438 0.078125 0.054688
15 0.528125 0.737305 0.081250 0.044922
15 0.527344 0.703125 0.073438 0.050781
15 0.741406 0.576172 0.070312 0.050781
15 0.802344 0.582031 0.073438 0.054688
15 0.860156 0.583984 0.073438 0.058594
15 0.918750 0.587891 0.068750 0.054688
15 0.925781 0.551758 0.076563 0.048828
15 0.865625 0.546875 0.078125 0.054688
15 0.807031 0.545898 0.079687 0.052734
15 0.743750 0.540039 0.078125 0.060547
15 0.747656 0.504883 0.073438 0.056641
15 0.808594 0.510742 0.073438 0.052734
15 0.867969 0.514648 0.073438 0.048828
15 0.928125 0.519531 0.068750 0.054688
15 0.921875 0.385742 0.068750 0.056641
15 0.927344 0.346680 0.076563 0.052734
15 0.932031 0.312500 0.076563 0.050781
15 0.864844 0.381836 0.073438 0.056641
15 0.868750 0.343750 0.075000 0.050781
15 0.871875 0.308594 0.081250 0.058594
15 0.810156 0.303711 0.073438 0.056641
15 0.807031 0.344727 0.073438 0.044922
15 0.802344 0.376953 0.070312 0.046875
15 0.739844 0.373047 0.073438 0.042969
15 0.745313 0.335938 0.075000 0.054688
15 0.746875 0.296875 0.075000 0.054688
15 0.882031 0.177734 0.070312 0.058594
15 0.885938 0.138672 0.075000 0.054688
15 0.888281 0.101562 0.079687 0.058594
15 0.827344 0.097656 0.076563 0.054688
15 0.824219 0.136719 0.076563 0.054688
15 0.816406 0.174805 0.073438 0.060547
15 0.764062 0.170898 0.081250 0.068359
15 0.762500 0.127930 0.078125 0.056641
15 0.767188 0.093750 0.071875 0.050781
15 0.703125 0.163086 0.078125 0.052734
15 0.703906 0.125000 0.076563 0.054688
15 0.709375 0.088867 0.081250 0.056641
