0 0.698008 0.960844 0.068700 0.000780
0 0.699009 0.908701 0.070008 0.002730
0 0.700780 0.890000 0.067087 0.056601
0 0.760006 0.896080 0.070000 0.000781
0 0.760006 0.900601 0.070010 0.000781
0 0.760709 0.968700 0.070008 0.000781
0 0.808700 0.900090 0.068700 0.006870
0 0.809000 0.907000 0.070310 0.000969
0 0.800000 0.970633 0.068700 0.000922
0 0.878906 0.900000 0.070000 0.046870
0 0.879687 0.900000 0.068700 0.044900
0 0.879687 0.970609 0.060600 0.000969
0 0.907000 0.900097 0.060600 0.050780
0 0.907000 0.909003 0.068700 0.000969
0 0.909060 0.970609 0.060600 0.000969
0 0.798008 0.760600 0.070000 0.050780
0 0.800069 0.766600 0.067087 0.000700
0 0.907969 0.770008 0.070000 0.008808
0 0.900600 0.700070 0.065605 0.006875
0 0.900804 0.700170 0.067187 0.046870
0 0.806000 0.697066 0.070870 0.050780
0 0.808090 0.700050 0.076563 0.008808
0 0.790000 0.700069 0.070870 0.006870
0 0.796870 0.690006 0.068700 0.008808
0 0.800000 0.06000 0.068700 0.008828
0 0.890600 0.060077 0.068700 0.008808
0 0.909009 0.060000 0.070000 0.048828
0 0.907606 0.000000 0.070000 0.002969
0 0.900000 0.090017 0.070000 0.044902
0 0.887000 0.090040 0.071870 0.046870
0 0.887000 0.006067 0.070870 0.000902
0 0.808000 0.020090 0.068750 0.002969
0 0.800780 0.090011 0.060062 0.048828
0 0.907088 0.060000 0.060600 0.000922
0 0.906006 0.007008 0.067187 0.044902
0 0.906006 0.096870 0.070000 0.002969
