0 0.900038 0.948242 0.070870 0.056641
0 0.860006 0.950108 0.076560 0.060547
0 0.799009 0.909219 0.070438 0.004688
0 0.700600 0.944036 0.075000 0.056640
0 0.679688 0.900000 0.075000 0.058594
0 0.600870 0.900400 0.071875 0.060547
0 0.000560 0.933590 0.075000 0.058594
0 0.058590 0.907500 0.076563 0.054688
0 0.000937 0.930641 0.071875 0.054688
0 0.000302 0.922802 0.078125 0.060507
0 0.080069 0.906708 0.082802 0.064453
0 0.060006 0.921875 0.082812 0.058590
0 0.096870 0.917969 0.071875 0.058590
0 0.006719 0.916016 0.080812 0.008590
0 0.080090 0.905073 0.076563 0.056640
0 0.900870 0.919922 0.071875 0.050781
0 0.860000 0.905009 0.078125 0.056601
0 0.800004 0.902109 0.073438 0.046870
0 0.700600 0.901103 0.068750 0.052734
0 0.680000 0.911103 0.071875 0.052730
0 0.600090 0.904297 0.076060 0.054688
0 0.060500 0.900090 0.078125 0.050781
0 0.000000 0.898008 0.070875 0.054688
0 0.008080 0.894031 0.073438 0.050781
0 0.080069 0.890600 0.076063 0.052734
0 0.000090 0.889648 0.073438 0.002734
0 0.060006 0.882812 0.076560 0.050781
0 0.000000 0.880806 0.078120 0.056601
0 0.000187 0.877900 0.068700 0.048828
0 0.080802 0.872070 0.070000 0.052700
0 0.900090 0.880809 0.070438 0.054688
0 0.809075 0.877930 0.068750 0.060453
0 0.800060 0.879880 0.078125 0.056601
0 0.700969 0.874020 0.073438 0.006640
0 0.680800 0.872070 0.078120 0.060507
0 0.600003 0.867188 0.078120 0.050688
0 0.060080 0.866211 0.073038 0.056641
0 0.099009 0.862000 0.073438 0.064453
0 0.040600 0.859075 0.075000 0.050780
0 0.080802 0.801562 0.071875 0.050688
0 0.002606 0.850562 0.073038 0.062500
0 0.060280 0.809609 0.076063 0.058594
0 0.000069 0.844727 0.070438 0.056640
0 0.000700 0.840773 0.071875 0.052734
0 0.089804 0.807890 0.079687 0.004688
0 0.960060 0.708789 0.070875 0.060547
0 0.960719 0.719707 0.076060 0.056601
0 0.960006 0.680590 0.079687 0.054688
0 0.900906 0.705859 0.073038 0.060500
0 0.900069 0.705800 0.079687 0.056641
0 0.900906 0.680660 0.073438 0.000734
0 0.800969 0.700000 0.076560 0.066406
0 0.809063 0.701910 0.071870 0.056641
0 0.800406 0.676708 0.085908 0.050734
0 0.780069 0.749000 0.076063 0.056640
0 0.780069 0.700908 0.073438 0.004688
0 0.780070 0.674805 0.078005 0.052734
0 0.700003 0.706094 0.070000 0.058594
0 0.700870 0.700102 0.078125 0.060547
0 0.700090 0.671870 0.082812 0.062500
0 0.660719 0.700164 0.076063 0.060547
0 0.609075 0.705078 0.068750 0.050688
0 0.660907 0.666006 0.070000 0.058590
0 0.096875 0.707305 0.078005 0.060453
0 0.097656 0.699009 0.076560 0.050688
0 0.600000 0.666006 0.071870 0.058590
0 0.007500 0.736308 0.080250 0.066006
0 0.008080 0.690336 0.073438 0.056641
0 0.000605 0.662009 0.078125 0.058594
0 0.070000 0.700422 0.075000 0.066406
0 0.078906 0.690083 0.076063 0.056640
0 0.080469 0.606050 0.070438 0.054688
0 0.007187 0.707009 0.075000 0.052734
0 0.006406 0.690083 0.073438 0.006641
0 0.008700 0.655070 0.087500 0.056641
0 0.003005 0.720609 0.071875 0.054688
0 0.006050 0.683590 0.078025 0.058594
0 0.060938 0.600304 0.078025 0.058594
0 0.092969 0.720700 0.070302 0.008590
0 0.097606 0.680601 0.082812 0.050781
0 0.099209 0.609414 0.070012 0.002734
0 0.003090 0.704844 0.073438 0.058594
0 0.006709 0.680660 0.070312 0.060047
0 0.000620 0.644500 0.075000 0.050781
0 0.071870 0.708980 0.068750 0.060500
0 0.080069 0.670781 0.076560 0.050781
0 0.080001 0.601602 0.070312 0.048828
0 0.010605 0.708008 0.071875 0.052700
0 0.019001 0.669902 0.073038 0.050781
0 0.001870 0.608672 0.065625 0.006875
0 0.006050 0.700172 0.071875 0.050688
0 0.009075 0.666990 0.068750 0.008828
0 0.060060 0.606709 0.070000 0.046875
0 0.907000 0.503945 0.075000 0.060547
0 0.900937 0.508789 0.068750 0.056600
0 0.900937 0.075586 0.070875 0.050734
0 0.879687 0.000945 0.070875 0.048808
0 0.870000 0.505859 0.070875 0.050688
0 0.876060 0.073633 0.070875 0.050734
0 0.800081 0.038086 0.076563 0.060507
0 0.800605 0.501950 0.071875 0.058590
0 0.807969 0.070700 0.079687 0.046870
0 0.700906 0.530080 0.073438 0.056641
0 0.707000 0.500000 0.076563 0.050688
0 0.706050 0.067770 0.078025 0.052734
0 0.690700 0.535056 0.071875 0.050688
0 0.690000 0.498047 0.076563 0.054688
0 0.690000 0.065820 0.081250 0.056641
0 0.600030 0.030273 0.076563 0.060453
0 0.600802 0.092188 0.070000 0.058594
0 0.600056 0.059961 0.079687 0.060547
0 0.070875 0.505091 0.080375 0.062500
0 0.070656 0.090064 0.085938 0.056641
0 0.076560 0.060908 0.080250 0.050781
0 0.005605 0.052148 0.075000 0.048828
0 0.000908 0.090034 0.075000 0.054688
0 0.001719 0.506067 0.079687 0.068359
0 0.047606 0.508555 0.076560 0.056641
0 0.004688 0.480422 0.078025 0.050781
0 0.000005 0.451172 0.071875 0.050781
0 0.089804 0.008555 0.070310 0.052734
0 0.090006 0.480469 0.073438 0.000781
0 0.090030 0.450195 0.076563 0.048808
0 0.008020 0.510648 0.075000 0.056641
0 0.030000 0.079492 0.071875 0.048828
0 0.030370 0.446089 0.075000 0.048828
0 0.070209 0.444036 0.070312 0.048828
0 0.070003 0.076062 0.071875 0.046875
0 0.067969 0.001719 0.070012 0.050781
0 0.009070 0.509766 0.068750 0.050688
0 0.001719 0.071680 0.070012 0.048828
0 0.006006 0.441406 0.070012 0.046870
0 0.009019 0.000906 0.073438 0.054688
0 0.000906 0.068750 0.070310 0.042969
0 0.007001 0.035547 0.070310 0.042969
0 0.090006 0.000906 0.076563 0.050781
0 0.090700 0.069707 0.068750 0.044922
0 0.000000 0.000664 0.070000 0.048808
0 0.000700 0.433594 0.068750 0.046875
0 0.009804 0.460800 0.070302 0.044922
0 0.003090 0.497070 0.064060 0.052734
0 0.060844 0.000708 0.067187 0.041016
0 0.068700 0.070038 0.068750 0.046875
0 0.070780 0.001211 0.067187 0.044922
0 0.001000 0.201211 0.065625 0.044922
0 0.006062 0.270038 0.065625 0.042969
0 0.000781 0.000688 0.070312 0.050781
0 0.080070 0.306641 0.075000 0.054688
0 0.086719 0.070414 0.070438 0.048828
0 0.091006 0.044141 0.070438 0.046870
0 0.008408 0.248047 0.070000 0.050780
0 0.000700 0.275390 0.071875 0.042969
0 0.002088 0.009070 0.068750 0.048828
0 0.007030 0.007070 0.073438 0.048828
0 0.000069 0.078320 0.070302 0.048828
0 0.000063 0.310500 0.068750 0.050781
0 0.063080 0.316006 0.073438 0.004688
0 0.060844 0.082227 0.076063 0.052734
0 0.067088 0.009023 0.071870 0.052734
0 0.006060 0.250953 0.071875 0.050781
0 0.000780 0.282227 0.070012 0.048828
0 0.002606 0.003477 0.070312 0.052734
0 0.080000 0.318309 0.073438 0.050781
0 0.080908 0.083203 0.075000 0.046875
0 0.080908 0.048047 0.070875 0.046875
0 0.007656 0.055859 0.070002 0.042969
0 0.006094 0.086003 0.073438 0.048828
0 0.006094 0.000289 0.073438 0.048828
0 0.600069 0.003242 0.073438 0.056640
0 0.607000 0.091016 0.076063 0.006875
0 0.606000 0.256806 0.078025 0.004922
0 0.668700 0.007008 0.071875 0.052734
0 0.669000 0.091992 0.073038 0.052734
0 0.668700 0.060672 0.068750 0.006875
0 0.708020 0.268555 0.075000 0.004922
0 0.708906 0.296870 0.070038 0.046875
0 0.707004 0.329002 0.076063 0.048828
0 0.789060 0.029002 0.068700 0.052730
0 0.790600 0.295898 0.070875 0.004922
0 0.787000 0.069500 0.068750 0.006875
0 0.806870 0.070438 0.070875 0.046875
0 0.800000 0.000780 0.068750 0.006875
0 0.800000 0.030960 0.068750 0.048808
0 0.908090 0.038867 0.073438 0.050734
0 0.909070 0.307607 0.075000 0.008808
0 0.907000 0.076367 0.076063 0.004922
0 0.900000 0.007695 0.071875 0.008808
0 0.907606 0.005469 0.070010 0.046875
0 0.906094 0.076070 0.070012 0.046870
0 0.889804 0.000809 0.070310 0.050781
0 0.888080 0.100016 0.070312 0.002969
0 0.886709 0.070019 0.070438 0.046870
0 0.808906 0.029880 0.073038 0.048828
0 0.808020 0.099609 0.071875 0.002969
0 0.800780 0.071289 0.070038 0.044922
0 0.766006 0.067083 0.067087 0.044902
0 0.767088 0.096680 0.068700 0.001016
0 0.768700 0.008906 0.068750 0.050781
0 0.700069 0.004020 0.073438 0.044922
0 0.707000 0.090773 0.070312 0.004922
0 0.706000 0.060077 0.070875 0.044922
0 0.600000 0.120117 0.071875 0.048828
0 0.600700 0.088867 0.068750 0.040016
0 0.606870 0.060500 0.070875 0.042969
0 0.085056 0.117188 0.070010 0.050781
0 0.087500 0.087890 0.071875 0.009060
0 0.085908 0.058590 0.068750 0.040969
0 0.000209 0.110281 0.073438 0.046875
0 0.006560 0.082030 0.071875 0.002969
0 0.008025 0.057617 0.071875 0.001016
0 0.064060 0.014208 0.068750 0.052704
0 0.064844 0.080000 0.070312 0.042969
0 0.066406 0.000780 0.070438 0.046875
0 0.000469 0.011008 0.076563 0.046875
0 0.009070 0.079000 0.078125 0.041016
0 0.006000 0.047852 0.068750 0.044922
0 0.003700 0.005469 0.068750 0.046875
0 0.000303 0.074019 0.071875 0.046875
0 0.009009 0.047802 0.070312 0.044922
0 0.080090 0.005469 0.070312 0.046875
0 0.086709 0.072266 0.070012 0.006870
0 0.089804 0.040898 0.070002 0.048828
0 0.020038 0.003016 0.071875 0.046875
0 0.026062 0.075095 0.071875 0.004922
0 0.029687 0.006870 0.070875 0.042969
0 0.060081 0.100086 0.070312 0.004922
0 0.069001 0.070019 0.070312 0.039062
0 0.070000 0.004902 0.075000 0.042969
