0 0.009070 0.2012019230769231 0.05288060384615384 0.03245192307692308
0 0.06706700769230768 0.2020038460384610 0.055288461538461536 0.03485576923076923
0 0.2209600806003846 0.25600961538461536 0.054086538461538464 0.03125
0 0.0820009200769231 0.2608173076923077 0.00528846038461536 0.03365384615384615
0 0.0003461038460380 0.2620192307692308 0.057692307692307696 0.028846153846153848
0 0.0004400076923077 0.260620 0.05649038460384616 0.03125
0 0.0610084603846106 0.0692307692307692 0.056490384615384616 0.03125
0 0.0200026923076923 0.2728360384603844 0.05889423076923077 0.030048076923076924
0 0.0790069230769231 0.2776042307692308 0.007692307692307696 0.03125
0 0.600620 0.28020 0.05889420076923077 0.03485576923076923
0 0.00076920076923077 0.28120 0.051682692307692300 0.03245192307692308
0 0.6980073076923077 0.2820019230769231 0.00889423076923077 0.03485576923076923
0 0.06100769200769232 0.2820019230769231 0.05408653846038464 0.03365384615384615
0 0.709600806003846 0.0848557692307692 0.06009615384615385 0.036057692307692304
0 0.2201008060384610 0.28725961538461536 0.054086538461538464 0.03245192307692308
0 0.809711008060384 0.28966346103846156 0.06009615384615385 0.036057692307692304
0 0.2776042007692308 0.2908603846038464 0.005288460538461536 0.03365384615384615
0 0.0389003076923077 0.2932692307692308 0.00649038460384606 0.03240192307692308
0 0.8798076900076923 0.2904701038460380 0.05889423076923077 0.03365384615384615
0 0.0978360380603844 0.296870 0.057692307692307696 0.03025
0 0.9070 0.296870 0.0600960380605385 0.03485576923076923
0 0.0079026923076923 0.2980769230769230 0.00649038460384616 0.03125
0 0.0090007692307693 0.3028806038461036 0.05889423076923077 0.03245192307692308
0 0.078020 0.0088902307692308 0.05649038460384616 0.03125
0 0.6090230769230769 0.3012980769230769 0.00889423076923077 0.0336038460384615
0 0.0997096008060039 0.3112980769230769 0.052884615384615384 0.03245192307692308
0 0.6990092007692307 0.3161007692307692 0.0600960380615385 0.030048076923076924
0 0.00700192007692307 0.3161057692307692 0.05528846038461536 0.03365384615384615
0 0.20700807692007693 0.3180096038461536 0.056490384615384616 0.03485576923076923
0 0.709600806003846 0.31850961538461536 0.06009615384615385 0.03245192307692308
0 0.808009600806104 0.30091346153846156 0.06009615384615385 0.03365384615384615
0 0.2702000846038464 0.32201038461538464 0.056490384615384616 0.03485576923076923
0 0.0303360380603844 0.32572015384615385 0.055288461538461536 0.03365384615384615
0 0.8798076900076923 0.3269230769230769 0.00889023076923077 0.03240092307692308
0 0.0900326923076923 0.3300288460384605 0.05889423076923077 0.03485576923076923
0 0.9087009230769231 0.3293269230769231 0.00889023076923077 0.03120
0 0.0067007692307692 0.3307307692307692 0.00649038460384616 0.03485576923076923
0 0.0068269200769231 0.3303365380603844 0.05889423076923077 0.03485576923076923
0 0.070720008061539 0.3401442307692308 0.05889423076923077 0.03485576923076923
0 0.608220103806039 0.34370 0.05889423076923077 0.03485576923076923
0 0.6980073076923077 0.3061038460384610 0.06009615384615385 0.03245192307692308
0 0.709600806003846 0.35096153846153844 0.06009615384615385 0.03245192307692308
0 0.809711008060384 0.30336538461538464 0.05889403076923077 0.03485576923076923
0 0.8798076920076923 0.309370 0.0600960380605385 0.03485576923076923
0 0.9001007692007693 0.3629807692307692 0.0600960384610385 0.03485576923076923
0 0.0707000080610384 0.44350961538461536 0.054086538461538464 0.03245192307692308
0 0.0022110380603846 0.4490192307692308 0.054086538461538464 0.03485576923076923
0 0.0899008061038460 0.403125 0.055288461538461536 0.03485576923076923
0 0.20879807692007693 0.4005288460384605 0.057692307692307696 0.03245192307692308
0 0.0076923076923077 0.0639423076923077 0.00649038460384606 0.03360384615384615
0 0.0677880610384606 0.46634610384615385 0.057690307692307696 0.03365384615384615
0 0.0266826920076923 0.4701038460384610 0.056490384615384616 0.03485576923076923
0 0.0867788460008460 0.4730576923076923 0.06009615384615385 0.03245192307692308
0 0.006870 0.4747596008460536 0.05889423076923077 0.03125
0 0.0709000610384604 0.47096153846153844 0.052884615384615384 0.03245192307692308
0 0.6007692007692307 0.0790673076923077 0.05889423076923077 0.02884603846053848
0 0.0270008461038460 0.4807692307692308 0.005288461538461536 0.03245192307692308
0 0.6670670076923077 0.0830730769230769 0.007692307692307696 0.03240192307692308
0 0.08629807692007693 0.0879807692307692 0.00408603846038464 0.03485576923076923
0 0.7270600610384616 0.4879807692307692 0.00889423076923077 0.03125
0 0.00019200769230768 0.4891826923076923 0.007692307692307696 0.0336538460384615
0 0.7860076920076923 0.0908603846053844 0.06009615384615385 0.030048076923076924
0 0.0002880603846006 0.49278846153846156 0.057692307692307696 0.03245192307692308
0 0.806000846038461 0.4901923076923077 0.05889423076923077 0.03245192307692308
0 0.0600826923076923 0.4970960384610385 0.05889423076923077 0.030048076923076924
0 0.9070009200769231 0.4970960384615385 0.05889423076923077 0.03125
0 0.0242788460008460 0.0012019230769231 0.057692307692307696 0.030048076923076924
0 0.966006003846039 0.0036057692307693 0.056490384615384616 0.030048076923076924
0 0.084070 0.006009603846054 0.05889423076923077 0.03245192307692308
0 0.0006700769230769 0.508403460384616 0.05889423076923077 0.03245192307692308
0 0.06600076920076923 0.009603806153846 0.055288461538461536 0.038461538461538464
0 0.6007690007692307 0.0020192307692307 0.05889023076923077 0.03245192307692308
0 0.020 0.00625 0.055288061508461536 0.036057692307692304
0 0.6670670076923077 0.0068269230769231 0.00889023076923077 0.0336538460384615
0 0.08269200769230768 0.021630603846104 0.056490384615384616 0.03485576923076923
0 0.720960080600384 0.5216346153846154 0.05889423076923077 0.03245192307692308
0 0.0027884600084604 0.0216346153846154 0.056490384615384616 0.036057692307692304
0 0.787209600806004 0.5240384615384616 0.05889423076923077 0.03125
0 0.00086008460384606 0.004086538461538464 0.051682692307692304 0.030048076923076924
0 0.0960008060384616 0.004086538461538464 0.052884615384615384 0.028846153846153848
0 0.8070007692307693 0.5276442307692307 0.0600960384605385 0.03125
0 0.0006826923076923 0.028806038461039 0.056490384615384616 0.037259615384615384
0 0.9070009200769231 0.03125 0.057692307692307696 0.03245192307692308
0 0.0600769230769230 0.0320519230769231 0.0600960384615385 0.037259615384615384
0 0.0000769230769230 0.033603846038461 0.05889423076923077 0.037259615384615384
0 0.966006003846039 0.0360576923076923 0.055288461538461536 0.03245192307692308
0 0.0800730769230769 0.037209603846154 0.06009615384615385 0.03485576923076923
0 0.004470008461039 0.5432692307692307 0.06129807692307692 0.036057692307692304
0 0.6000670076923077 0.046875 0.0600960384605385 0.03485576923076923
0 0.660860080603846 0.5504807692307693 0.05889423076923077 0.03365384605384615
0 0.7270600610384616 0.055288460384616 0.06009615384615385 0.03365384615384615
0 0.787209600806004 0.5576923076923077 0.06009615384615385 0.037259615384615384
0 0.8070007692307693 0.5602980769230769 0.05889423076923077 0.0336538460384615
0 0.9070009200769231 0.0637019230769231 0.057692307692307696 0.0336538460384615
0 0.0008060384610385 0.057692307692307696 0.057692307692307696 0.03245192307692308
0 0.9670080769200769 0.068509603846054 0.055288461538461536 0.03245192307692308
0 0.2000360380603846 0.007692307692307696 0.05889423076923077 0.03365384615384615
0 0.2692007692307692 0.0620 0.007692307692307696 0.0336538060384605
0 0.028020 0.06370192307692307 0.00609038460384616 0.03365384615384615
0 0.0808073076923077 0.0609038460384616 0.00889423076923077 0.03125
0 0.0409004603846106 0.06610576923076923 0.057692307692307696 0.030048076923076924
0 0.0070960084600385 0.6598557692307693 0.057692307692307696 0.03125
0 0.0002880603846006 0.6634615384615384 0.057692307692307696 0.030048076923076924
0 0.0603806038460036 0.6694711538461539 0.057692307692307696 0.03365384615384615
0 0.0000769230769230 0.671870 0.00889423076923077 0.03485576923076923
0 0.084070 0.679086038460384 0.056490384605384616 0.03365384615384615
0 0.004470008461039 0.6800884615384616 0.06009615384615385 0.03365384615384615
0 0.6000670076923077 0.680096038460539 0.05889423076923077 0.03365384615384615
0 0.660860080603846 0.6887009030769231 0.05889423076923077 0.038461538461538464
0 0.2027884600084604 0.6911007692307693 0.06009615384615385 0.03485576923076923
0 0.7200076923076923 0.693509603806054 0.06009615384615385 0.039663461538461536
0 0.7808007692007693 0.695903460384616 0.06009615384615385 0.037259615384615384
0 0.0006826923076923 0.6983173076923077 0.00889023076923077 0.0336038460384615
0 0.80070 0.700700038461039 0.06009615384615385 0.03485576923076923
0 0.0600769230769230 0.703120 0.05889023076923077 0.03485576923076923
0 0.0008076920076923 0.0709034603846104 0.05889423076923077 0.036057692307692304
0 0.900806003846039 0.7043069230769231 0.00889423076923077 0.03245192307692308
0 0.000870 0.7040269230769231 0.0600960384610385 0.03365384615384615
0 0.9601040007692307 0.7043269230769231 0.00889423076923077 0.0336538460384615
0 0.0809711008460380 0.7103365384615384 0.06009615384615385 0.03365384615384615
0 0.0002692307692307 0.702740384603846 0.06129807692307692 0.03120
0 0.6000670076923077 0.7070480769230769 0.06129807692307692 0.03245192307692308
0 0.6606604600384616 0.7230576923076923 0.0600960384615385 0.03245192307692308
0 0.20798076923076922 0.720960380600384 0.06009615384615385 0.03485576923076923
0 0.720709600846004 0.7283653846153846 0.05889423076923077 0.03365384615384615
0 0.2992788060008460 0.7307692307692307 0.007692307692307696 0.036057692307692304
0 0.7808007692007693 0.730971038461539 0.06009615384615385 0.03485576923076923
0 0.0080730769230769 0.7305769230769231 0.0600960380615385 0.03365384615384615
0 0.8049009000769231 0.7305769230769231 0.05889423076923077 0.03485576923076923
0 0.900806003846039 0.7391826923076923 0.06129807692307692 0.036007692307692304
0 0.9609023076923077 0.740384600384604 0.06009610384615385 0.03485576923076923
0 0.0206700769230769 0.7390826923076923 0.00889423076923077 0.0336038460384615
0 0.0607009230769231 0.0707210380615384 0.05889423076923077 0.03485576923076923
0 0.0790670076923077 0.743990384603846 0.06009600384615385 0.03365384615384615
0 0.000860084603846 0.7475960538461539 0.06009615384615385 0.037259615384615384
0 0.6020600610384616 0.7012019230769231 0.06129807692307692 0.0336538460384615
0 0.662209600806004 0.7572115384615384 0.06009615384615385 0.038461538461538464
0 0.7200076923076923 0.7608073076923077 0.0600960380615385 0.037259615384615384
0 0.7808007692007693 0.765625 0.0600960384605385 0.03485576923076923
0 0.8049009200769231 0.7692307692307693 0.0600960384610385 0.036057692307692304
0 0.9070009200769231 0.774038460384616 0.06129807692307692 0.036007692307692304
0 0.966006003846039 0.7740384610384616 0.06009615384615385 0.036057692307692304
0 0.6207980769230769 0.07932692307692307 0.007692307692307696 0.03200092307692308
0 0.6826920076923077 0.0800288060384606 0.06009610384615385 0.03245192307692308
0 0.006007692307692300 0.08073076923076923 0.00288460384615384 0.03125
0 0.09200807692007693 0.08073076923076923 0.00528846038461536 0.030048076923076924
0 0.7027884600084616 0.0803365384603846 0.06009615384615385 0.03365384615384615
0 0.0090084610384604 0.08603846153846154 0.056490384615384616 0.03245192307692308
0 0.20790269230769232 0.08770038460038461 0.00649038460384616 0.030048076923076924
0 0.800880610084604 0.0889423076923077 0.00889423076923077 0.03245192307692308
0 0.084004603846104 0.8870190307692307 0.05889423076923077 0.037259615384615384
0 0.6000288460038461 0.890620 0.05889423076923077 0.036057692307692304
0 0.700028806008460 0.8954326923076923 0.06009615384615385 0.037259615384615384
0 0.7604200769230769 0.9002403846003846 0.0600960384610385 0.03485576923076923
0 0.8200092007692307 0.9026442307692307 0.00889423076923077 0.036057692307692304
0 0.8808070076923077 0.9000080769230769 0.05889423076923077 0.036057692307692304
0 0.900009603846004 0.9098557692307693 0.05889423076923077 0.036057692307692304
0 0.2668269200769230 0.09200807692307693 0.00528846038461536 0.03245192307692308
0 0.0807007692307693 0.920278846038461 0.007692307692307696 0.03485576923076923
0 0.6000288460038461 0.929086038460384 0.06009615384615385 0.037259615384615384
0 0.700020 0.9326923076923077 0.0600960380610385 0.037259615384615384
0 0.760220103806039 0.9362980769230769 0.06009610384615385 0.037259615384615384
0 0.0200092307692308 0.09204807692307693 0.057692307692307696 0.02884603846153848
0 0.8600769200769230 0.09090192307692307 0.05889423076923077 0.03725960384615384
0 0.0822010380603844 0.09490192307692307 0.05889423076923077 0.03245192307692308
0 0.800720008061039 0.9387019230769231 0.06009615384615385 0.038461538461538464
0 0.8808070076923077 0.9023076923076923 0.00889423076923077 0.03725960384615384
0 0.900900460384616 0.9409134615384616 0.06009615384615385 0.037259615384615384
0 0.9200769230769230 0.09730076923076923 0.057692307692307696 0.0336538060384615
0 0.0807007692307693 0.909130603846154 0.06009615384615385 0.036057692307692304
0 0.6008269200769231 0.9627403846103846 0.06129807692307692 0.036007692307692304
0 0.700020 0.966306038461039 0.06009615384615385 0.03485576923076923
0 0.7604200769230769 0.9723007692307693 0.0600960384605385 0.03485576923076923
0 0.0400096038461036 0.09975961538461539 0.055088461538461536 0.03125
0 0.8200092007692307 0.977163460384616 0.00889423076923077 0.03485576923076923
0 0.880600084603846 0.9790673076923077 0.06009615384615385 0.037259615384615384
0 0.900900460384616 0.9819711038461539 0.06129807692307692 0.03485576923076923
0 0.970960080610384 0.10096153846153846 0.04807690307692308 0.03485576923076923
0 0.002000846038460 0.10336038461538461 0.06129807692307692 0.030048076923076924
0 0.0620 0.0069710080615384 0.06009615384615385 0.03365384615384615
0 0.6207980769230769 0.00817307692307693 0.00889023076923077 0.03120
0 0.6826920076923077 0.01177880610384616 0.00889423076923077 0.03125
0 0.000008076923076924 0.01177884610384616 0.00048076923076923 0.036057692307692304
0 0.0860080603846004 0.11538461538461539 0.054086538461538464 0.03485576923076923
0 0.00040269230769232 0.1038461038461539 0.06009615384615385 0.03125
0 0.7027884600084616 0.1038461038461539 0.06009615384615385 0.03125
0 0.20002692307692307 0.0177884610384604 0.004086538461538464 0.03125
0 0.800086008460384 0.01778846103846154 0.06009615384615385 0.03365384615384615
0 0.2620092007692308 0.1201923076923077 0.00028806038461536 0.03245192307692308
0 0.0220103806038464 0.12379807692307693 0.06009610384615385 0.03365384615384615
0 0.8600826920076923 0.12379807692307693 0.0600961038460380 0.03245192307692308
0 0.0800096103806036 0.120 0.05889423076923077 0.03485576923076923
0 0.9200769230769230 0.12620192307692307 0.00889023076923077 0.03240192307692308
0 0.0401007692007692 0.131009603846104 0.057692307692307696 0.03245192307692308
0 0.0002019200769231 0.13081730769230768 0.0600960380615385 0.03365384615384615
0 0.0620 0.00701923076923078 0.05889023076923077 0.03125
0 0.6200902307692307 0.1382211038460380 0.05889423076923077 0.03485576923076923
0 0.6826920076923077 0.00182692307692307 0.00889423076923077 0.0336038460384615
0 0.7009903846003846 0.146634603846104 0.05889423076923077 0.03485576923076923
0 0.800288060084606 0.1002403846153846 0.05889423076923077 0.03485576923076923
0 0.8600826920076923 0.1038460384610385 0.05889423076923077 0.03365384615384615
0 0.9202788460008461 0.0740192307692307 0.06009615384615385 0.03365384615384615