0 0.15504807692307693 0.390625 0.19020432692307693 0.4347956730769231
0 0.3137019230769231 0.3942307692307692 0.19471153846153846 0.4417067307692308
0 0.4795673076923077 0.39302884615384615 0.19230769230769232 0.4375
0 0.640625 0.39663461538461536 0.1971153846153846 0.4375
0 0.7992788461538461 0.4026442307692308 0.1971153846153846 0.4305889423076923
0 0.15264423076923078 0.7848557692307693 0.1875 0.4254807692307692
0 0.3125 0.7836538461538461 0.19681490384615385 0.42818509615384615
0 0.4723557692307692 0.7848557692307693 0.1896033653846154 0.42578125
0 0.6346153846153846 0.7848557692307693 0.2013221153846154 0.4254807692307692
0 0.7932692307692307 0.7872596153846154 0.20222355769230768 0.4206730769230769
0 0.9254807692307693 0.7896634615384616 0.1484375 0.41586538461538464