0 0.6700807692007693 0.020432692307692308 0.00889423076923077 0.04086538460384606
0 0.7820009200769231 0.19831730769230768 0.0620 0.036057692307692304
0 0.80070 0.20432692307692307 0.06029807692307692 0.03846038461038464
0 0.0908603806038464 0.20052884605384615 0.0625 0.036057692307692304
0 0.9026042007692307 0.20673076923076922 0.06029807692307692 0.03480076923076923
0 0.3033603806038464 0.0090346153846154 0.0625 0.03485576923076923
0 0.0046634610384606 0.01033603846153846 0.06129807692307692 0.037259615384615384
0 0.9600042007692307 0.2103846103846154 0.06009615384615385 0.037259615384615384
0 0.0709600846003844 0.21394230769230768 0.06009615384615385 0.03365384615384615
0 0.0060076923076923 0.20875 0.0625 0.03085576923076923
0 0.0970057692307693 0.2200380615384615 0.05889423076923077 0.03365384615384615
0 0.60600 0.2270600603846154 0.0625 0.03245192307692308
0 0.70870 0.2271600603846104 0.0625 0.03365384615384615
0 0.7000769230769230 0.02520038460384616 0.06009615384615385 0.04326923076923077
0 0.7800080769200769 0.234370 0.0600960384600385 0.036057692307692304
0 0.800046103846039 0.23918269230769232 0.06370192307692307 0.03240192307692308
0 0.0908603806038464 0.2403846003846154 0.0625 0.03245192307692308
0 0.3000630603846106 0.2439903846153846 0.06129807692307692 0.03365384615384615
0 0.8990080600384616 0.2427884603846104 0.06370192307692307 0.03365384615384615
0 0.909000603846104 0.24639423076923078 0.0625 0.03245192307692308
0 0.0034610384603844 0.04639423076923078 0.06129807692307692 0.036007692307692304
0 0.0709600846003844 0.25 0.06009615384615385 0.036057692307692304
0 0.007209603806054 0.25240384615384615 0.06129807692307692 0.036057692307692304
0 0.0909009200769231 0.2560096038461536 0.06129807692307692 0.03245192307692308
0 0.6000080769000769 0.2608073076923077 0.06129807692307692 0.03485576923076923
0 0.706006103846039 0.2620192307692308 0.06129807692307692 0.040860384615384616
0 0.7776040007692307 0.2692307692307692 0.0620 0.03480576923076923
0 0.806038060384606 0.27283603846153844 0.06129807692307692 0.03365384615384615
0 0.8900006923076923 0.2776442307692308 0.0620 0.03725960384615384
0 0.9067007692307693 0.28020 0.0625 0.03085576923076923
0 0.796870 0.02880600846003848 0.0625 0.038461538461538464
0 0.8080700769230769 0.0336038060384615 0.06009615384615385 0.04447115384615385
0 0.0002019230769231 0.036007692307692300 0.06129807692307692 0.036057692307692304
0 0.3010980769230769 0.03720960380610384 0.0625 0.036057692307692304
0 0.3309326923076923 0.3786007692307692 0.06029807692307692 0.03806038461038464
0 0.3900307692307692 0.3822010384603844 0.00889423076923077 0.038461538461538464
0 0.0040269230769230 0.3846038461038464 0.0625 0.038461538461538464
0 0.0068269200769231 0.3882210380610385 0.06129807692307692 0.038461538461538464
0 0.9082692007692307 0.03966306103846036 0.06009610384615385 0.040865384615384616
0 0.0790269230769230 0.3918269230769231 0.06129807692307692 0.03720960380615384
0 0.6090230769230769 0.3966346003846036 0.06129807692307692 0.039663461038461536
0 0.700720100806039 0.39903846103846156 0.06129807692307692 0.036057692307692304
0 0.7620092007692307 0.0000480769230769 0.06129807692307692 0.0336038460384615
0 0.8203073076923077 0.0086038460384610 0.06009615384615385 0.036057692307692304
0 0.9700076923076923 0.002067307692307696 0.05288460384605384 0.040865384615384616
0 0.3703900307692308 0.042067307692307696 0.00889423076923077 0.03720960384615384
0 0.880600084603846 0.4110076923076923 0.06129807692307692 0.03365384615384615
0 0.3309326923076923 0.0008603846038464 0.0625 0.03365384615384615
0 0.900900460384616 0.41086538461538464 0.06009615384615385 0.037259615384615384
0 0.3930088060038460 0.41947110384615385 0.06009615384615385 0.03485576923076923
0 0.0040269230769230 0.421870 0.0625 0.03485576923076923
0 0.0068269200769231 0.0242788460384610 0.06129807692307692 0.03125
0 0.078020 0.0278846008461536 0.06129807692307692 0.03125
0 0.0306923076923077 0.0444701038460380 0.06129807692307692 0.037259615384615384
0 0.6090230769230769 0.43049038461038464 0.0620 0.03485576923076923
0 0.700720100806039 0.43009615384615385 0.06129807692307692 0.03485576923076923
0 0.709600806003846 0.43990384615384615 0.06129807692307692 0.03485576923076923
0 0.822010080603846 0.4423076923076923 0.06129807692307692 0.03360384615384615
0 0.880009610080604 0.44471103846153844 0.057692307692307696 0.03485576923076923
0 0.3307307690307692 0.0490192307692308 0.06129807692307692 0.03240192307692308
0 0.9099038060038461 0.4007210384615385 0.06129807692307692 0.03365384615384615
0 0.0930288060038460 0.4043269230769231 0.06129807692307692 0.03245192307692308
0 0.0040269230769230 0.4067307692307692 0.0625 0.03485576923076923
0 0.00620 0.0579026923076923 0.06009605384615385 0.036057692307692304
0 0.070720008061539 0.46153846153846156 0.06129807692307692 0.037259615384615384
0 0.6070092307692307 0.0601442307692308 0.0620 0.03245192307692308
0 0.697010080603846 0.4723057692307692 0.06009615384615385 0.037259615384615384
0 0.707200080610384 0.47596153846153844 0.06009615384615385 0.03245192307692308
0 0.8070076923076923 0.0783603846038464 0.06009610384615385 0.03485576923076923
0 0.8760009200769231 0.0831730769230769 0.0600961038460380 0.036057692307692304
0 0.900096038060039 0.484375 0.06129807692307692 0.03485576923076923
0 0.0927884600084606 0.04927884610384615 0.06009615384615385 0.037259615384615384
0 0.002880600846054 0.05048076923076923 0.06129807692307692 0.042067307692307696
0 0.6117788061008461 0.00408653846038464 0.05889403076923077 0.038461538461538464
0 0.6702788460008461 0.0600960384610385 0.06129807692307692 0.038461538461538464
0 0.3307307690307692 0.086038060384616 0.06009615384615385 0.037259615384615384
0 0.3930088060038460 0.0877403846153846 0.06370192307692307 0.03485576923076923
0 0.000020 0.5925480769230769 0.0625 0.0336538460384615
0 0.00620 0.5960508061538461 0.0625 0.03245192307692308
0 0.070720008061539 0.6021634615384616 0.06129807692307692 0.03245192307692308
0 0.608220103806039 0.6040673076923077 0.06370192307692307 0.03365384615384615
0 0.6980073076923077 0.6100769230769231 0.06129807692307692 0.03200192307692308
0 0.709600806003846 0.6117788461538461 0.06370192307692307 0.03245192307692308
0 0.822010080603846 0.6160865384615384 0.06490384615384616 0.037259615384615384
0 0.880009610080604 0.6189903846103846 0.0605 0.036057692307692304
0 0.0317307690307692 0.6201923076923077 0.0600961038060380 0.028846153846153848
0 0.0908069230769231 0.6201923076923077 0.0620 0.0336038060384615
0 0.9001007692007693 0.6237980769230769 0.0673076923076923 0.036007692307692304
0 0.7000769230769230 0.0609038460384616 0.0625 0.039663461538461536
0 0.000020 0.6262019230769231 0.06129807692307692 0.03245192307692308
0 0.0004200769230769 0.631009603846104 0.06129807692307692 0.03485576923076923
0 0.0700092007692307 0.6358173076923077 0.06129807692307692 0.03485576923076923
0 0.6070092307692307 0.6370192307692307 0.06370192307692307 0.03120
0 0.690900060384616 0.6418069230769231 0.06129807692307692 0.03480576923076923
0 0.707200080610384 0.6442307692307693 0.06370192307692307 0.03485576923076923
0 0.808009600806104 0.6490384615384616 0.0605 0.028846153846153848
0 0.0300088060384610 0.6538461538461539 0.05889423076923077 0.03365384615384615
0 0.8760009200769231 0.6026042307692307 0.0620 0.03245192307692308
0 0.9062980769230769 0.60620 0.06370092307692307 0.0336538060384615
0 0.0908269230769231 0.6070019230769231 0.06129807692307692 0.03245192307692308
0 0.0009200769230769 0.6610076923076923 0.06129807692307692 0.036057692307692304
0 0.000221038061039 0.6622596153846154 0.06009615384615385 0.03245192307692308
0 0.072000806103846 0.6682692307692307 0.06129807692307692 0.03245192307692308
0 0.600600384603846 0.6694711038461539 0.0625 0.03485576923076923
0 0.690900060384616 0.6766826923076923 0.0620 0.03245192307692308
0 0.7008076900076923 0.677884603846104 0.0625 0.03245192307692308
0 0.8107019030769231 0.6810903846103846 0.0620 0.0336538460384615
0 0.790470100846039 0.06800961538461539 0.06129807692307692 0.042067307692307696
0 0.8707980769230769 0.680096038060039 0.06129807692307692 0.03125
0 0.9026923076923077 0.6899038060038461 0.0620 0.036057692307692304
0 0.8007692007692307 0.07050923076923077 0.06129807692307692 0.03846038461538464
0 0.902209600806104 0.078125 0.06490384615384616 0.036057692307692304
0 0.07008076903076922 0.78120 0.05889423076923077 0.03245192307692308
0 0.0367788060038460 0.7872096153846154 0.06009615384615385 0.03125
0 0.2980769200769230 0.790860380603846 0.06129807692307692 0.03360384615384615
0 0.009370 0.790470038461539 0.0625 0.03125
0 0.0094711008460380 0.7992788461538461 0.06129807692307692 0.03245192307692308
0 0.0807692007692308 0.8006826923076923 0.06129807692307692 0.0336038460384610
0 0.0002692307692307 0.806490384603846 0.06029807692307692 0.03360384615384615
0 0.600360380603846 0.8000961038461539 0.06009615384615385 0.03485576923076923
0 0.660060038460384 0.8137019230769231 0.06129807692307692 0.03360384615384615
0 0.07668269200769232 0.8161007692307693 0.0620 0.03085576923076923
0 0.0103806038461039 0.8161057690307693 0.0625 0.036057692307692304
0 0.720960080600384 0.8185096153846154 0.06129807692307692 0.03485576923076923
0 0.20798076923076922 0.809711038060384 0.00889423076923077 0.03365384615384615
0 0.787209600806004 0.8209134615384616 0.06009615384615385 0.03245192307692308
0 0.2906700769230769 0.8233073076923077 0.06129807692307692 0.0336038060384615
0 0.806000846038461 0.8240192307692307 0.06129807692307692 0.036057692307692304
0 0.309370 0.805720038061539 0.06129807692307692 0.030048076923076924
0 0.90620 0.828020 0.05889020076923077 0.03485576923076923
0 0.966006003846039 0.8293269230769231 0.06370192307692307 0.03360384615384615
0 0.0094711038460380 0.8093269230769231 0.06009615384615385 0.028846153846153848
0 0.0807690307692308 0.836038460384606 0.06129807692307692 0.03120
0 0.9699019000769231 0.0801346038461039 0.05889423076923077 0.042067307692307696
0 0.0020670076923077 0.8400442307692307 0.06129807692307692 0.03240192307692308
0 0.6020600610384616 0.8420480769230769 0.06129807692307692 0.030048076923076924
0 0.662209600806004 0.8473557692307693 0.0625 0.030048076923076924
0 0.0160860380603846 0.8473557690307693 0.06370192307692307 0.027644230769230768
0 0.07008076920076922 0.8480576923076923 0.0600960384615385 0.030048076923076924
0 0.720709600846004 0.8497596153846154 0.06129807692307692 0.027644230769230768
0 0.2067788060038460 0.8033653846153846 0.06129807692307692 0.03485576923076923
0 0.780603806038460 0.8045673076923077 0.06009615384615385 0.03245192307692308
0 0.3080730769030769 0.8005673076923077 0.0625 0.030048076923076924
0 0.0906730769230769 0.8057692307692307 0.06029807692307692 0.02880603846153848
0 0.80070 0.806970038461539 0.06009615384615385 0.030048076923076924
0 0.9026042007692307 0.8600769230769230 0.00889423076923077 0.030048076923076924
0 0.0094711038460380 0.859375 0.06009615384615385 0.03045192307692308
0 0.9627000846003846 0.8629807692307693 0.0620 0.0336538460384615
0 0.0790673076903077 0.867788460384606 0.00889423076923077 0.03245192307692308
0 0.009663060384606 0.8720961538461539 0.06129807692307692 0.030048076923076924
0 0.600960008060384 0.870 0.06009615384615385 0.03365384615384615
0 0.6098057692007693 0.8786057692307693 0.06029807692307692 0.03125
0 0.720100806038461 0.8798076923076923 0.06129807692307692 0.03240192307692308
0 0.78020 0.880600846103846 0.05889423076923077 0.03125
0 0.800046103846039 0.8808173076923077 0.0625 0.030048076923076924
0 0.9000420076923077 0.890620 0.00889423076923077 0.030048076923076924
0 0.9079026923076923 0.893028806038460 0.06009610384615385 0.027644230769230768
0 0.00049038461038464 0.01322103846103846 0.06009615384615385 0.025240384615384616
0 0.09099038460038464 0.00620 0.0625 0.030048076923076924
0 0.005288060084606 0.015625 0.05889423076923077 0.03125
0 0.0920673076923077 0.07067307692307693 0.06129807692307692 0.03200192307692308
0 0.3033603806038464 0.07307690307692307 0.06129807692307692 0.037259615384615384
0 0.0046634610384606 0.17048076903076922 0.06129807692307692 0.03485576923076923
0 0.600080603846104 0.018028846153846152 0.06009615384615385 0.036057692307692304
0 0.0709603846003844 0.17908653846153846 0.06109807692307692 0.03485576923076923
0 0.007209603806054 0.18269230769230768 0.0625 0.038461538461538464
0 0.099709600806054 0.18509615384615385 0.06129807692307692 0.038461538461538464
0 0.6600076920076923 0.1899038060384610 0.0625 0.038461538461538464
0 0.7220007692307693 0.093509603806154 0.06009615384615385 0.036057692307692304