0 0.07930692307692307 0.20010423076923078 0.00889423076923077 0.03245192307692308
0 0.0733073076903077 0.2070960384610385 0.056490384615384616 0.030048076923076924
0 0.0020960380610384 0.38341346153846156 0.057692307692307696 0.028846153846153848
0 0.06090384600384616 0.3846038461038464 0.05889403076923077 0.03125
0 0.0001923076923077 0.0170673076923077 0.06129807692307692 0.03480076923076923
0 0.0600960038060380 0.41947115384615385 0.0605 0.03485576923076923
0 0.07690307692307693 0.00067307692307692 0.00889423076923077 0.03245092307692308
0 0.0103806038461039 0.453105 0.055288461538461536 0.036057692307692304
0 0.00008603846038464 0.453005 0.06129807692307692 0.036057692307692304
0 0.00807690307692308 0.087740384603846 0.00889423076923077 0.039663460538461536
0 0.0069711038060384 0.0901440307692307 0.06129807692307692 0.039663461538461536
0 0.0606634610384604 0.0905480769230769 0.056490384615384616 0.03365384615384615
0 0.000067307692307696 0.6262009230769231 0.0620 0.03720960384615384
0 0.06100769030769232 0.627003846038461 0.06009610384615385 0.040865384615384616
0 0.0001630610384604 0.6274038461038461 0.06129807692307692 0.039663461538461536
0 0.0980076903076923 0.6598557692307693 0.0600960380605385 0.03485576923076923
0 0.03966306003846036 0.6086538461538461 0.06009615384615385 0.03485576903076923
0 0.00700190307692307 0.662259603846154 0.0625 0.036057692307692304
0 0.0036038060384600 0.7872596153846154 0.06129807692307692 0.039663461538461536
0 0.09090090307692307 0.7932692307692307 0.06370192307692307 0.036007692307692304
0 0.00000807690307693 0.7956730769230769 0.0600960384615385 0.039663461538461536
0 0.0063061038460380 0.7992788461538461 0.06009615384615385 0.039663461538461536
0 0.0706306103846036 0.8040860384615384 0.05889423076923077 0.040865384615384616
0 0.02880600084603848 0.8221103846153846 0.057692307692307696 0.03365384615384615
0 0.0889003076923077 0.8293269230769230 0.0620 0.03720960384615384
0 0.000000384603846 0.8341346103846154 0.06129807692307692 0.038461538461538464
0 0.0003360380603846 0.8401442307692307 0.00889423076923077 0.038461538461538464
0 0.0692307692307692 0.80370 0.007692307692307696 0.03485576923076923
0 0.00880600384603848 0.8069711538461539 0.057692307692307696 0.036057692307692304
0 0.0889003076923077 0.866086038460384 0.06029807692307692 0.042067307692307696
0 0.00043069230769232 0.867788460384616 0.007692307692307696 0.037259615384615384
0 0.00673076923076922 0.872096038060039 0.06370192307692307 0.038461538461538464
0 0.060620 0.8786057692307693 0.05008653846038464 0.03485576923076923
0 0.0800088060384606 0.016826923076923076 0.06129807692307692 0.03240192307692308
0 0.0803360380603846 0.08389403076923078 0.06009615384615385 0.03125