0 0.11778846153846154 0.6346153846153846 0.1775841346153846 0.39903846153846156
0 0.2668269230769231 0.6346153846153846 0.1775841346153846 0.3897235576923077
0 0.41466346153846156 0.6394230769230769 0.18269230769230768 0.39903846153846156
0 0.5649038461538461 0.6418269230769231 0.1875 0.39903846153846156
0 0.7091346153846154 0.6454326923076923 0.17848557692307693 0.4014423076923077
0 0.8954326923076923 0.6466346153846154 0.1896033653846154 0.40414663461538464
0 0.11538461538461539 0.27163461538461536 0.18780048076923078 0.4230769230769231
0 0.2644230769230769 0.2704326923076923 0.18269230769230768 0.41586538461538464
0 0.4170673076923077 0.2704326923076923 0.18479567307692307 0.41586538461538464
0 0.5661057692307693 0.2764423076923077 0.19471153846153846 0.4131610576923077
0 0.7151442307692307 0.2800480769230769 0.18269230769230768 0.41556490384615385
0 0.9026442307692307 0.2860576923076923 0.19020432692307693 0.4230769230769231