15 0.952344 0.842773 0.067187 0.044922
15 0.957031 0.812500 0.070312 0.050781
15 0.960938 0.784180 0.068750 0.048828
15 0.905469 0.782227 0.073438 0.048828
15 0.900000 0.812500 0.071875 0.039062
15 0.896875 0.842773 0.068750 0.044922
15 0.837500 0.836914 0.071875 0.041016
15 0.840625 0.808594 0.071875 0.042969
15 0.842187 0.778320 0.075000 0.048828
15 0.783594 0.776367 0.073438 0.048828
15 0.777344 0.806641 0.079687 0.042969
15 0.774219 0.837891 0.073438 0.046875
15 0.717969 0.833008 0.070312 0.048828
15 0.721875 0.802734 0.075000 0.046875
15 0.725781 0.772461 0.073438 0.048828
15 0.659375 0.827148 0.068750 0.052734
15 0.663281 0.800781 0.073438 0.042969
15 0.664844 0.767578 0.073438 0.046875
15 0.601562 0.762695 0.071875 0.052734
15 0.600000 0.795898 0.068750 0.044922
15 0.598437 0.829102 0.068750 0.048828
15 0.538281 0.824219 0.070312 0.046875
15 0.540625 0.792969 0.075000 0.050781
15 0.542188 0.762695 0.075000 0.048828
15 0.480469 0.821289 0.067187 0.052734
15 0.479687 0.789062 0.071875 0.046875
15 0.482031 0.758789 0.076563 0.052734
15 0.420312 0.751953 0.075000 0.046875
15 0.418750 0.784180 0.071875 0.048828
15 0.419531 0.814453 0.067187 0.050781
15 0.358594 0.810547 0.070312 0.046875
15 0.358594 0.780273 0.070312 0.044922
15 0.358594 0.748047 0.070312 0.042969
15 0.296875 0.744141 0.068750 0.046875
15 0.300000 0.776367 0.068750 0.044922
15 0.299219 0.807617 0.070312 0.044922
15 0.239844 0.802734 0.070312 0.046875
15 0.239844 0.772461 0.067187 0.044922
15 0.236719 0.741211 0.070312 0.048828
15 0.175781 0.734375 0.070312 0.050781
15 0.178906 0.766602 0.067187 0.048828
15 0.182031 0.798828 0.067187 0.046875
15 0.121094 0.793945 0.070312 0.048828
15 0.119531 0.764648 0.067187 0.048828
15 0.117969 0.729492 0.070312 0.048828
15 0.061719 0.791016 0.070312 0.042969
15 0.060937 0.758789 0.068750 0.044922
15 0.057031 0.726562 0.073438 0.050781
15 0.934375 0.645508 0.068750 0.048828
15 0.939063 0.611328 0.071875 0.046875
15 0.942969 0.579102 0.076563 0.048828
15 0.882812 0.575195 0.075000 0.048828
15 0.879687 0.611328 0.071875 0.050781
15 0.875000 0.644531 0.071875 0.042969
15 0.815625 0.638672 0.068750 0.046875
15 0.819531 0.604492 0.070312 0.044922
15 0.823438 0.574219 0.071875 0.046875
15 0.764844 0.565430 0.073438 0.052734
15 0.760938 0.601562 0.071875 0.042969
15 0.757031 0.636719 0.067187 0.050781
15 0.699219 0.632812 0.067187 0.046875
15 0.699219 0.598633 0.073438 0.044922
15 0.702344 0.566406 0.073438 0.050781
15 0.642188 0.557617 0.071875 0.052734
15 0.640625 0.594727 0.071875 0.048828
15 0.638281 0.628906 0.070312 0.050781
15 0.577344 0.626953 0.067187 0.046875
15 0.576562 0.592773 0.071875 0.048828
15 0.581250 0.556641 0.071875 0.046875
15 0.517969 0.550781 0.073438 0.050781
15 0.519531 0.585938 0.073438 0.050781
15 0.517188 0.621094 0.068750 0.050781
15 0.457813 0.618164 0.068750 0.044922
15 0.459375 0.581055 0.071875 0.048828
15 0.458594 0.548828 0.076563 0.046875
15 0.396875 0.544922 0.071875 0.050781
15 0.397656 0.580078 0.070312 0.050781
15 0.395313 0.614258 0.068750 0.048828
15 0.336719 0.607422 0.070312 0.050781
15 0.335938 0.575195 0.071875 0.048828
15 0.337500 0.541016 0.071875 0.050781
15 0.277344 0.607422 0.073438 0.046875
15 0.277344 0.572266 0.076563 0.046875
15 0.276562 0.533203 0.071875 0.046875
15 0.216406 0.603516 0.073438 0.050781
15 0.213281 0.566406 0.076563 0.050781
15 0.214062 0.536133 0.068750 0.048828
15 0.157812 0.599609 0.068750 0.050781
15 0.097656 0.593750 0.070312 0.050781
15 0.040625 0.587891 0.071875 0.062500
15 0.039062 0.559570 0.071875 0.048828
15 0.096875 0.558594 0.071875 0.054688
15 0.155469 0.563477 0.073438 0.060547
15 0.155469 0.529297 0.076563 0.058594
15 0.094531 0.529297 0.073438 0.058594
15 0.038281 0.520508 0.073438 0.056641
15 0.909375 0.445312 0.068750 0.062500
15 0.912500 0.411133 0.075000 0.052734
15 0.917969 0.375000 0.073438 0.054688
15 0.852344 0.440430 0.076563 0.048828
15 0.853906 0.404297 0.076563 0.054688
15 0.859375 0.369141 0.078125 0.050781
15 0.792969 0.437500 0.070312 0.054688
15 0.793750 0.405273 0.075000 0.048828
15 0.799219 0.366211 0.076563 0.056641
15 0.739062 0.361328 0.071875 0.054688
15 0.735156 0.396484 0.070312 0.050781
15 0.732031 0.432617 0.073438 0.052734
15 0.672656 0.428711 0.070312 0.052734
15 0.677344 0.395508 0.073438 0.052734
15 0.678125 0.355469 0.075000 0.050781
15 0.612500 0.423828 0.071875 0.058594
15 0.617188 0.388672 0.075000 0.046875
15 0.615625 0.352539 0.075000 0.056641
15 0.553125 0.418945 0.071875 0.052734
15 0.553906 0.383789 0.073438 0.052734
15 0.556250 0.347656 0.075000 0.054688
15 0.490625 0.416992 0.075000 0.056641
15 0.491406 0.377930 0.082812 0.052734
15 0.492188 0.348633 0.071875 0.060547
15 0.433594 0.414062 0.073438 0.054688
15 0.433594 0.375000 0.073438 0.054688
15 0.433594 0.339844 0.076563 0.054688
15 0.372656 0.411133 0.073438 0.056641
15 0.372656 0.371094 0.073438 0.054688
15 0.370312 0.338867 0.075000 0.052734
15 0.310937 0.405273 0.071875 0.052734
15 0.313281 0.368164 0.076563 0.052734
15 0.311719 0.330078 0.070312 0.050781
15 0.252344 0.401367 0.076563 0.056641
15 0.251563 0.366211 0.081250 0.052734
15 0.251563 0.330078 0.075000 0.058594
15 0.193750 0.398438 0.075000 0.058594
15 0.192188 0.362305 0.075000 0.052734
15 0.192969 0.325195 0.076563 0.052734
15 0.133594 0.398438 0.079687 0.054688
15 0.132812 0.361328 0.071875 0.050781
15 0.130469 0.324219 0.076563 0.058594
15 0.075000 0.391602 0.071875 0.056641
15 0.072656 0.356445 0.070312 0.056641
15 0.071875 0.318359 0.078125 0.058594
15 0.060156 0.186523 0.073438 0.048828
15 0.058594 0.155273 0.073438 0.052734
15 0.056250 0.112305 0.075000 0.060547
15 0.117969 0.115234 0.079687 0.066406
15 0.117969 0.156250 0.076563 0.050781
15 0.121875 0.195312 0.081250 0.054688
15 0.180469 0.196289 0.073438 0.056641
15 0.178125 0.158203 0.078125 0.062500
15 0.175000 0.119141 0.078125 0.070312
15 0.234375 0.124023 0.081250 0.056641
15 0.235937 0.161133 0.078125 0.056641
15 0.237500 0.203125 0.084375 0.058594
15 0.297656 0.208008 0.073438 0.052734
15 0.295312 0.167969 0.075000 0.062500
15 0.300781 0.130859 0.079687 0.058594
15 0.357812 0.130859 0.078125 0.066406
15 0.357812 0.167969 0.078125 0.058594
15 0.357812 0.208008 0.081250 0.060547
15 0.419531 0.134766 0.076563 0.062500
15 0.418750 0.176758 0.075000 0.056641
15 0.414844 0.213867 0.073438 0.060547
15 0.478125 0.221680 0.075000 0.056641
15 0.476562 0.177734 0.075000 0.058594
15 0.484375 0.137695 0.087500 0.056641
15 0.541406 0.144531 0.076563 0.054688
15 0.538281 0.179688 0.073438 0.054688
15 0.536719 0.222656 0.073438 0.058594
15 0.601562 0.149414 0.078125 0.060547
15 0.600781 0.182617 0.073438 0.052734
15 0.602344 0.216797 0.076563 0.054688
15 0.663281 0.152344 0.079687 0.062500
15 0.660937 0.188477 0.075000 0.056641
15 0.657813 0.225586 0.068750 0.060547
15 0.718750 0.231445 0.075000 0.060547
15 0.722656 0.195312 0.082812 0.054688
15 0.720313 0.153320 0.084375 0.056641
15 0.780469 0.159180 0.079687 0.060547
15 0.780469 0.201172 0.079687 0.062500
15 0.778906 0.234375 0.076563 0.062500
15 0.846094 0.163086 0.079687 0.060547
15 0.839844 0.202148 0.076563 0.052734
15 0.837500 0.241211 0.078125 0.056641
15 0.896094 0.244141 0.073438 0.058594
15 0.897656 0.204102 0.076563 0.064453
15 0.903125 0.168945 0.078125 0.068359
15 0.959375 0.176758 0.075000 0.068359
15 0.955469 0.213867 0.076563 0.052734
15 0.953906 0.247070 0.070312 0.064453
