0 0.24759615384615385 0.7475961538461539 0.2265625 0.41796875
0 0.3870192307692308 0.7151442307692307 0.22626201923076922 0.4113581730769231
0 0.1814903846153846 0.39663461538461536 0.23768028846153846 0.43810096153846156
0 0.3293269230769231 0.35697115384615385 0.23557692307692307 0.43509615384615385
0 0.47716346153846156 0.32211538461538464 0.23287259615384615 0.4332932692307692
0 0.6286057692307693 0.2848557692307692 0.22355769230769232 0.4450120192307692
0 0.7728365384615384 0.2512019230769231 0.2283653846153846 0.4444110576923077
0 0.9014423076923077 0.21995192307692307 0.19260817307692307 0.43990384615384615
0 0.5360576923076923 0.6850961538461539 0.23106971153846154 0.4188701923076923
0 0.6730769230769231 0.6454326923076923 0.23046875 0.4299879807692308
0 0.8245192307692307 0.6117788461538461 0.22566105769230768 0.42578125