15 0.401562 0.972656 0.065625 0.042969
15 0.398438 0.942383 0.068750 0.041016
15 0.400000 0.910156 0.071875 0.042969
15 0.341406 0.969727 0.070312 0.044922
15 0.339844 0.937500 0.067187 0.042969
15 0.339844 0.907227 0.070312 0.044922
15 0.288281 0.969727 0.070312 0.041016
15 0.281250 0.936523 0.068750 0.041016
15 0.278906 0.907227 0.067187 0.044922
15 0.223438 0.960938 0.068750 0.039062
15 0.221875 0.933594 0.068750 0.039062
15 0.219531 0.899414 0.064062 0.044922
15 0.164062 0.956055 0.068750 0.041016
15 0.160938 0.928711 0.062500 0.044922
15 0.163281 0.899414 0.073438 0.041016
15 0.108594 0.953125 0.070312 0.046875
15 0.103906 0.922852 0.067187 0.037109
15 0.102344 0.891602 0.067187 0.044922
15 0.042969 0.888672 0.067187 0.042969
15 0.044531 0.918945 0.073438 0.041016
15 0.046875 0.950195 0.068750 0.044922
15 0.442188 0.777344 0.068750 0.054688
15 0.442188 0.741211 0.071875 0.048828
15 0.442188 0.709961 0.068750 0.048828
15 0.382031 0.702148 0.073438 0.048828
15 0.381250 0.736328 0.065625 0.042969
15 0.382031 0.771484 0.070312 0.050781
15 0.325000 0.769531 0.075000 0.054688
15 0.323437 0.734375 0.068750 0.046875
15 0.321875 0.702148 0.068750 0.044922
15 0.266406 0.766602 0.076563 0.052734
15 0.264844 0.730469 0.070312 0.046875
15 0.260937 0.698242 0.068750 0.044922
15 0.205469 0.697266 0.073438 0.050781
15 0.203125 0.730469 0.075000 0.042969
15 0.205469 0.761719 0.073438 0.046875
15 0.147656 0.757812 0.070312 0.046875
15 0.142969 0.722656 0.070312 0.042969
15 0.143750 0.693359 0.068750 0.046875
15 0.082031 0.689453 0.070312 0.046875
15 0.087500 0.721680 0.068750 0.041016
15 0.087500 0.753906 0.071875 0.046875
15 0.416406 0.575195 0.070312 0.048828
15 0.414062 0.541992 0.068750 0.044922
15 0.414062 0.508789 0.068750 0.048828
15 0.354687 0.504883 0.068750 0.048828
15 0.355469 0.538086 0.070312 0.044922
15 0.356250 0.573242 0.075000 0.048828
15 0.295312 0.572266 0.071875 0.050781
15 0.292969 0.536133 0.073438 0.048828
15 0.294531 0.502930 0.073438 0.048828
15 0.234375 0.498047 0.068750 0.050781
15 0.236719 0.532227 0.070312 0.041016
15 0.237500 0.563477 0.071875 0.048828
15 0.176563 0.562500 0.065625 0.046875
15 0.175781 0.529297 0.070312 0.042969
15 0.175000 0.496094 0.068750 0.046875
15 0.116406 0.492188 0.070312 0.046875
15 0.118750 0.528320 0.065625 0.044922
15 0.120313 0.560547 0.068750 0.046875
15 0.060937 0.561523 0.068750 0.041016
15 0.059375 0.523438 0.068750 0.046875
15 0.060156 0.488281 0.073438 0.046875
15 0.390625 0.366211 0.068750 0.048828
15 0.390625 0.332031 0.075000 0.042969
15 0.389062 0.299805 0.068750 0.044922
15 0.329688 0.294922 0.071875 0.046875
15 0.330469 0.332031 0.067187 0.050781
15 0.330469 0.366211 0.067187 0.052734
15 0.271094 0.365234 0.073438 0.050781
15 0.269531 0.326172 0.073438 0.050781
15 0.268750 0.291992 0.071875 0.048828
15 0.210156 0.291016 0.073438 0.050781
15 0.209375 0.325195 0.071875 0.048828
15 0.211719 0.359375 0.070312 0.050781
15 0.155469 0.359375 0.073438 0.042969
15 0.152344 0.325195 0.070312 0.048828
15 0.148438 0.287109 0.071875 0.046875
15 0.090625 0.284180 0.071875 0.052734
15 0.094531 0.321289 0.070312 0.044922
15 0.093750 0.356445 0.068750 0.048828
15 0.037500 0.352539 0.065625 0.052734
15 0.036719 0.317383 0.070312 0.044922
15 0.035156 0.281250 0.067187 0.046875
15 0.427344 0.171875 0.070312 0.050781
15 0.424219 0.132812 0.070312 0.046875
15 0.426563 0.098633 0.071875 0.052734
15 0.367969 0.093750 0.073438 0.050781
15 0.365625 0.131836 0.071875 0.044922
15 0.367188 0.169922 0.078125 0.050781
15 0.307812 0.166992 0.071875 0.052734
15 0.307812 0.130859 0.071875 0.046875
15 0.306250 0.093750 0.065625 0.046875
15 0.248438 0.163086 0.068750 0.048828
15 0.248438 0.127930 0.068750 0.048828
15 0.248438 0.090820 0.071875 0.048828
15 0.188281 0.159180 0.067187 0.048828
15 0.186719 0.122070 0.070312 0.048828
15 0.187500 0.086914 0.078125 0.052734
15 0.129688 0.086914 0.071875 0.044922
15 0.128906 0.124023 0.073438 0.044922
15 0.130469 0.162109 0.073438 0.050781
15 0.071094 0.155273 0.073438 0.048828
15 0.071875 0.119141 0.068750 0.046875
15 0.068750 0.084961 0.068750 0.044922
