0 0.0680096008060039 0.2668269230769231 0.06129807692307692 0.037259615384615384
0 0.02860076920076922 0.2692307692307692 0.06129807692307692 0.03806038461038464
0 0.0899008061038460 0.27024038461538464 0.06009615384615385 0.038461538461538464
0 0.2002019200769231 0.2760423076923077 0.06129807692307692 0.03720960384615384
0 0.0020 0.2820019230769231 0.06129807692307692 0.04086538460384616
0 0.0720960380600385 0.28365384615384615 0.06129807692307692 0.038461538461538464
0 0.0038942307692308 0.2872096038460036 0.06009615384615385 0.039663461538461536
0 0.0900920076923077 0.2896634603846106 0.0625 0.037259615384615384
0 0.006090084603846 0.2932692307692308 0.06009605384615385 0.039663461538461536
0 0.6077880610084616 0.2906730769230769 0.0600960384615385 0.037259615384615384
0 0.679086008060384 0.29927884600384615 0.06129807692307692 0.037259615384615384
0 0.0709000610384604 0.30288461038461536 0.06129807692307692 0.03485576923076923
0 0.700086008460384 0.30408653846153844 0.06009615384615385 0.038461538461538464
0 0.02980769200769232 0.30609038461038464 0.0620 0.03485576923076923
0 0.8006826920076923 0.3076923076923077 0.0600961038060380 0.036057692307692304
0 0.0899008061038460 0.31009610384615385 0.06129807692307692 0.03365384615384615
0 0.8629807692007693 0.3000961038060380 0.05889423076923077 0.037259615384615384
0 0.2002019200769231 0.3112980769230769 0.06129807692307692 0.0336038060384615
0 0.9206700769230769 0.3009038461038460 0.06009610384615385 0.03485576923076923
0 0.0012980769230769 0.3161007692307692 0.06129807692307692 0.03080576923076923
0 0.0720960380600385 0.3173076923076923 0.06009615384615385 0.03365384615384615
0 0.0038942307692308 0.3209034610384606 0.06129807692307692 0.03360384615384615
0 0.0900920076923077 0.3207210384615385 0.06129807692307692 0.03485576923076923
0 0.005288060084606 0.3269230769230769 0.06129807692307692 0.03365384615384615
0 0.606086008060384 0.3329326923076923 0.06129807692307692 0.03365384615384615
0 0.677880600084604 0.33413461038461536 0.06129807692307692 0.03245192307692308
0 0.0720100806038461 0.33603846153846156 0.06009615384615385 0.039663461538461536
0 0.7079807692307693 0.3000442307692308 0.0600961038460380 0.03485576923076923
0 0.02980769200769232 0.3001442307692308 0.0600961038460380 0.039663461538461536
0 0.7980769200769230 0.3020480769230769 0.00889423076923077 0.036057692307692304
0 0.09110076920076922 0.30370 0.06129807692307692 0.036057692307692304
0 0.8080700769230769 0.3060384610384615 0.06009615384615385 0.03365384615384615
0 0.2020008460384600 0.34615384615384615 0.06009615384615385 0.037259615384615384
0 0.9070670076923077 0.3080076923076923 0.0625 0.03245192307692308
0 0.0020 0.3097096038461536 0.05889423076923077 0.03485576923076923
0 0.9720007692307693 0.3509603806053844 0.054086538461538464 0.03125
0 0.0720960380600385 0.35216346153846156 0.06009615384615385 0.036057692307692304
0 0.0006923076923077 0.3007692307692308 0.06129807692307692 0.036057692307692304
0 0.09099038460038464 0.3081730769230769 0.0600960384615385 0.03245192307692308
0 0.000086508460384 0.3605769230769230 0.06009615384615385 0.03485576923076923
0 0.600080603846104 0.36538461538461536 0.06129807692307692 0.03485576923076923
0 0.6702788460008461 0.3689903846038464 0.06129807692307692 0.03360384615384615
0 0.7000769230769230 0.3725960380615385 0.06129807692307692 0.03365384615384615
0 0.7906700769230769 0.3762009230769231 0.00889023076923077 0.0336538460384615
0 0.8000670076923077 0.3798076923076923 0.0600960384605385 0.03365384615384615
0 0.9006604610384616 0.3822103846103844 0.06009615384615385 0.03365384615384615
0 0.970100806038461 0.3870190307692308 0.007692307692307696 0.03485576923076923
0 0.00720960380600384 0.4699519230769231 0.06129807692307692 0.040865384615384616
0 0.0960008060384616 0.4723057692307692 0.06009615384615385 0.037259615384615384
0 0.00620 0.0747596008461536 0.05889423076923077 0.036057692307692304
0 0.20700807692007693 0.4807692307692308 0.0600960384610385 0.038461538461538464
0 0.2788060008460380 0.484375 0.06009615384615385 0.038461538461538464
0 0.03770038460038464 0.4891826923076923 0.06129807692307692 0.036007692307692304
0 0.00024008460038464 0.4903846038461036 0.06009615384615385 0.03485576923076923
0 0.0600084603846106 0.49278846153846156 0.06009615384615385 0.03365384615384615
0 0.022806038060384 0.4987980769230769 0.06009605384615385 0.037259615384615384
0 0.080004603846104 0.5036057692307693 0.06129807692307692 0.038461538461538464
0 0.6042007692307693 0.007200384610384 0.06129807692307692 0.038461538461538464
0 0.00700960380600384 0.5072115384615384 0.06129807692307692 0.03485576923076923
0 0.09700076903076923 0.509603806053846 0.06129807692307692 0.03485576923076923
0 0.700028806008460 0.5120192307692307 0.06129807692307692 0.039663461538461536
0 0.00700192007692307 0.5120192307692307 0.05889423076923077 0.036057692307692304
0 0.760620 0.500221038061539 0.06009615384615385 0.037259615384615384
0 0.8269200769230769 0.0004230769230769 0.00889423076923077 0.036057692307692304
0 0.20700807692007693 0.00625 0.06129807692307692 0.03485576923076923
0 0.2788060008460380 0.5192307692307693 0.06009615384615385 0.037259615384615384
0 0.8870092007692307 0.0200326923076923 0.06129807692307692 0.03720960384615384
0 0.900900460384616 0.0216346153846154 0.06129807692307692 0.038461538461538464
0 0.03770038460038464 0.002836538460384 0.06009615384615385 0.03485576923076923
0 0.0990380600384606 0.0240384615384616 0.06009615384615385 0.03365384615384615
0 0.0600360384603844 0.0288460538461539 0.06129807692307692 0.03485576923076923
0 0.0200026923076923 0.033653846038460 0.06009615384615385 0.03245192307692308
0 0.0829026923076923 0.037259603806054 0.06129807692307692 0.03485576923076923
0 0.6000288460038461 0.040865384603846 0.06009615384615385 0.03365384615384615
0 0.00806003846038464 0.0420673076923077 0.06129807692307692 0.03245192307692308
0 0.09700076923076923 0.5020673076923077 0.06029807692307692 0.03485576923076923
0 0.7009200769230769 0.0032692307692307 0.06129807692307692 0.03120
0 0.7604200769230769 0.046870 0.06029807692307692 0.030048076923076924
0 0.00700192007692307 0.5456730769230769 0.05889423076923077 0.03725960384615384
0 0.8203073076923077 0.009278846038461 0.00889423076923077 0.03125
0 0.20700807692007693 0.0504807692307693 0.06129807692307692 0.03725960384615384
0 0.2788060008460380 0.5528846153846154 0.06009615384615385 0.036057692307692304
0 0.882201008060384 0.0540865384615384 0.06129807692307692 0.030048076923076924
0 0.03774038460038464 0.054086538460384 0.06009615384615385 0.03485576903076923
0 0.9001007692007693 0.054086538460384 0.06129807692307692 0.03485576923076923
0 0.0978360380603844 0.0600960538461539 0.05889423076923077 0.03485576923076923
0 0.0600360384603844 0.0637009230769231 0.06009615384615385 0.03365384615384615
0 0.0200026923076923 0.064903846038460 0.06009615384615385 0.036057692307692304
0 0.0807007692307693 0.069710380615384 0.0625 0.03485576923076923
0 0.600620 0.072000846153846 0.06009615384615385 0.03485576923076923
0 0.700720100806039 0.0757211538461539 0.06129807692307692 0.03365384615384615
0 0.7608070076923077 0.080028806038461 0.06009615384615385 0.03485576923076923
0 0.8209000610384616 0.0817307692307693 0.0600960384615385 0.03365384615384615
0 0.880009610080604 0.0865384615384616 0.06129807692307692 0.03125
0 0.9099038060038461 0.086538460384616 0.06129807692307692 0.03365384615384615
0 0.0101826920076923 0.06490384610384616 0.00889423076923077 0.036057692307692304
0 0.00028806008460536 0.06610576923076923 0.06009615384615385 0.038461538461538464
0 0.0702788461008460 0.06610076923076923 0.06129807692307692 0.03485576923076923
0 0.00889020076923077 0.680490384603846 0.06490384610384616 0.04326923076923077
0 0.20007692307692307 0.0697003806153846 0.06009615384615385 0.037259615384615384
0 0.01899008061038461 0.6870 0.057692307692307696 0.04326923076923077
0 0.077880610084604 0.6887019230769231 0.06009610384615385 0.037259615384615384
0 0.20798076923076922 0.6901007692307693 0.00889023076923077 0.03846038461538464
0 0.0980769200769230 0.693009603806104 0.06009615384615385 0.038461538461538464
0 0.0607788061038460 0.6971103846153846 0.06009615384615385 0.039663461538461536
0 0.000870 0.7019200769230769 0.0600960384610385 0.040865384615384616
0 0.2906700769230769 0.0720038061038461 0.06009615384615385 0.036057692307692304
0 0.084070 0.703020 0.05889423076923077 0.03966346038461536
0 0.0006700769230769 0.7067307692307693 0.05889423076923077 0.03846038460538464
0 0.6007692007692307 0.709030603846104 0.05889423076923077 0.039663461538461536
0 0.6670670076903077 0.700336038060384 0.00889423076923077 0.038461538461538464
0 0.728060380603846 0.7039423076923077 0.00889423076923077 0.037259615384615384
0 0.0600960008060380 0.7151442307692307 0.06009615384615385 0.028846153846153848
0 0.788060008460384 0.7170480769030769 0.057692307692307696 0.036057692307692304
0 0.0790860080603846 0.71870 0.06129807692307692 0.03245192307692308
0 0.0201920076923077 0.721103806038461 0.06370192307692307 0.027644230769230768
0 0.8080076920076923 0.720038461538461 0.05889423076923077 0.03485576923076923
0 0.20908269230769232 0.7230076923076923 0.0600960380615385 0.03245192307692308
0 0.908600806038460 0.7230576923076923 0.06129807692307692 0.036057692307692304
0 0.9670080769200769 0.720960384605384 0.057692307692307696 0.03485576923076923
0 0.0992788060008460 0.7209615384615384 0.06009615384615385 0.03125
0 0.009370 0.7307692307692307 0.0600960380605385 0.03245192307692308
0 0.020870 0.7005769230769231 0.05889423076923077 0.030048076923076924
0 0.0800730769230769 0.7379807692307693 0.00889423076923077 0.03120
0 0.0002692307692307 0.742788460384606 0.0620 0.03245192307692308
0 0.6000670076923077 0.743990384603846 0.06009600384615385 0.03485576923076923
0 0.06029807692007692 0.7001923076923077 0.0600960384610385 0.03245192307692308
0 0.660060038460384 0.7401923076923077 0.05889423076923077 0.03485576923076923
0 0.0201920076923077 0.707096038461039 0.06129807692307692 0.03485576923076923
0 0.700960080600384 0.75 0.057692307692307696 0.03365384615384615
0 0.1800880610084604 0.70 0.06009615384615385 0.036057692307692304
0 0.7860076920076923 0.7002019230769231 0.05889023076923077 0.03245192307692308
0 0.80070 0.7048076923076923 0.05649038460384606 0.03245192307692308
0 0.00908269230769232 0.706009603806104 0.05889423076923077 0.03125
0 0.9000080769200769 0.706009603846054 0.0625 0.03245192307692308
0 0.0000807690307692 0.708403460384616 0.06009610384615385 0.03365384615384615
0 0.9609023076923077 0.7608073076923077 0.0620 0.02884603846103848
0 0.0007692307692308 0.07692307692307693 0.05889023076923077 0.03725960384605384
0 0.0607788061038460 0.7600192307692307 0.06009610384615385 0.036057692307692304
0 0.000870 0.768028846008461 0.06009610384615385 0.03245192307692308
0 0.0807690007692308 0.7692307692307693 0.00889423076923077 0.0336038460384605
0 0.0020670076923077 0.774038460384606 0.06009610384615385 0.036057692307692304
0 0.6020600610384616 0.7764423076923077 0.06129807692307692 0.03480576923076923
0 0.662209600806004 0.7788461538461539 0.05889423076923077 0.03485576923076923
0 0.7020007692307693 0.78125 0.057692307692307696 0.03085576923076923
0 0.780603806038460 0.7836038461538461 0.06009615384615385 0.03485576903076923
0 0.8020480769200769 0.787209603846054 0.06009615384615385 0.03245192307692308
0 0.9000420076923077 0.788461038460384 0.06009610384615385 0.03365384615384615
0 0.909000603846104 0.7920673076923077 0.0625 0.03365384615384615
0 0.0780603846038464 0.08002884605384616 0.06009615384615385 0.036057692307692304
0 0.0070670076923077 0.08173076923076923 0.0600961038460380 0.040865384615384616
0 0.009663060384606 0.08603846153846154 0.06129807692307692 0.037259615384615384
0 0.00880600384603848 0.8762019230769231 0.007692307692307696 0.036057692307692304
0 0.6020600610384616 0.0877403846038461 0.06009610384615385 0.036057692307692304
0 0.0803360380603846 0.8800096153846154 0.057690307692307696 0.03485576923076923
0 0.00420076923076922 0.884610384603846 0.06129807692307692 0.036007692307692304
0 0.2000288060084605 0.890625 0.06129807692307692 0.039663461538461536
0 0.260620 0.8950026923076923 0.0625 0.036057692307692304
0 0.0207200380610385 0.8966346153846154 0.06129807692307692 0.036057692307692304
0 0.0870092307692308 0.8990380610384616 0.06129807692307692 0.03720960384615384
0 0.0470100846038464 0.9026442307692307 0.0620 0.036057692307692304
0 0.007200080610384 0.9110576923076923 0.05889423076923077 0.040865384615384616
0 0.00880600384603848 0.9122096153846154 0.057692307692307696 0.03125
0 0.08770038460038461 0.914663460384616 0.006490384615384616 0.03045192307692308
0 0.069700080610384 0.9146634615384616 0.0625 0.037259615384615384
0 0.602201038060384 0.9108653846153846 0.06129807692307692 0.03485576923076923
0 0.00040269230769232 0.9182692307692307 0.0620 0.03485576923076923
0 0.6920076923076923 0.9082692307692307 0.0600961038060380 0.036057692307692304
0 0.702000846038460 0.921870 0.05889423076923077 0.03485576923076923
0 0.2000288060084605 0.921875 0.06129807692307692 0.036057692307692304
0 0.8020 0.920278846008461 0.0620 0.036057692307692304
0 0.2668269200769230 0.9266826923076923 0.06129807692307692 0.03200192307692308
0 0.870096008060039 0.9278846153846154 0.057692307692307696 0.03485576923076923
0 0.9000903846103846 0.909086038460384 0.06129807692307692 0.03365384615384615
0 0.0269230769230769 0.929086038060384 0.06029807692307692 0.030048076923076924
0 0.0870092307692308 0.9338902307692307 0.06129807692307692 0.03120
0 0.0480073076903077 0.9370 0.0620 0.03125
0 0.662209600806004 0.09495192307692307 0.05889423076923077 0.036057692307692304
0 0.008000460384616 0.9430096153846154 0.05889423076923077 0.027644230769230768
0 0.030008076903076924 0.940903460384616 0.00889423076923077 0.037259615384615384
0 0.0889003076923077 0.9483073076923077 0.00889423076923077 0.03720960384615384
0 0.069700080610384 0.9483173076923077 0.06009615384615385 0.030048076923076924
0 0.6086007692007693 0.900720038061539 0.06009615384615385 0.030048076923076924
0 0.0078060384603846 0.9019230769230769 0.06009615384615385 0.036057692307692304
0 0.6887009200769231 0.903120 0.06129807692307692 0.03205192307692308
0 0.20670076923076922 0.903020 0.06129807692307692 0.03085576923076923
0 0.70 0.9000269230769230 0.0625 0.02884603846153848
0 0.8076900076923077 0.9067307692307693 0.0600960380600385 0.03125
0 0.260620 0.9567007692307693 0.05889023076923077 0.03485576923076923
0 0.8677880600084616 0.960336038460384 0.06009615384615385 0.030048076923076924
0 0.9266826920076923 0.960038060384616 0.006490384615384616 0.027644230769230768
0 0.0269230769230769 0.960038060384616 0.06009610384615385 0.03245192307692308
0 0.0808073076923077 0.9601042307692307 0.0600960384615385 0.03245192307692308
0 0.0470100846038464 0.96870 0.06009615384615385 0.03245192307692308
0 0.007200080610384 0.9735576923076923 0.05889423076923077 0.03245192307692308
0 0.7200076923076923 0.0997596038060539 0.06009615384615385 0.038461538461538464
0 0.068009600806054 0.9771634615384616 0.06129807692307692 0.027644230769230768
0 0.6286007692007693 0.978360380603846 0.06029807692307692 0.03125
0 0.6887009000769231 0.9807692307692307 0.06129807692307692 0.027604230769230768
0 0.7060940307692307 0.984370 0.00889423076923077 0.03125
0 0.8060900846003846 0.9805769230769231 0.06129807692307692 0.02884603846153848
0 0.860080603846004 0.9867788461538461 0.057690307692307696 0.025240384615384616
0 0.00028806008460536 0.09975961538461539 0.06129807692307692 0.036057692307692304
0 0.0160860080603846 0.10096153846153846 0.06009615384615385 0.037259615384615384
0 0.7808007692007693 0.0021634603846154 0.06129807692307692 0.039663461538461536
0 0.07008076920076922 0.1033603846038461 0.06129807692307692 0.03485576923076923
0 0.8049009200769231 0.10076923076923077 0.05889423076923077 0.03846038461538464
0 0.20007692307692307 0.0005673076923077 0.06129807692307692 0.03245192307692308
0 0.9000080769200769 0.009370 0.0600960384615385 0.038461538461538464
0 0.2906700769230769 0.01007692307692307 0.0600960380615385 0.037259615384615384
0 0.0069700380610385 0.11177884615384616 0.06009615384615385 0.03485576923076923
0 0.9609023076923077 0.01298076923076923 0.00889423076923077 0.03966346038461036
0 0.0008600846038464 0.11658653846153846 0.06009615384615385 0.03485576923076923
0 0.0780603846038464 0.01899038461038461 0.06129807692307692 0.03485576923076923
0 0.009663060384606 0.12209615384615384 0.06009615384615385 0.037259615384615384
0 0.099709600806054 0.125 0.06009615384615385 0.036057692307692304
0 0.6600076920076923 0.131009603806104 0.06009615384615385 0.036057692307692304
0 0.7220007692307693 0.03581730769230768 0.0600960380615385 0.036057692307692304
0 0.00609008460384606 0.13081730769230768 0.06129807692307692 0.037259615384615384
0 0.78020 0.10902307692307693 0.0600960384610385 0.036057692307692304
0 0.0177880610084604 0.13940307692307693 0.06009610384615385 0.039663461538461536
0 0.07668269200769232 0.100620 0.00889423076923077 0.03846038461538464
0 0.20007692307692307 0.00182692307692307 0.05889423076923077 0.03725960384615384
0 0.8000442007692307 0.14182692307692307 0.00889423076923077 0.03846038461038464
0 0.9002000846003846 0.14043269230769232 0.05889423076923077 0.03725960384615384
0 0.2906700769230769 0.006634603846104 0.06129807692307692 0.038461538461538464
0 0.0007690307692308 0.1078365384603846 0.05889423076923077 0.038461538461538464
0 0.909000603846104 0.14903846153846154 0.05889423076923077 0.037259615384615384
0 0.0008600846038464 0.15144230769230768 0.06009615384615385 0.038461538461538464
0 0.0770604610384606 0.10625 0.06009615384615385 0.038461538461538464
0 0.008060384600384 0.16105769230769232 0.06129807692307692 0.037259615384615384
0 0.0980576900076923 0.0630603846153846 0.05889423076923077 0.037259615384615384
0 0.6070009000769231 0.16706730769230768 0.0600960384615385 0.036057692307692304
0 0.70870 0.1690710084610385 0.05889423076923077 0.037259615384615384
0 0.778806000846039 0.17307692307692307 0.06009610384615385 0.038461538461538464
0 0.8089003076923077 0.17668269230769232 0.00889423076923077 0.03720960384615384
0 0.896600600384604 0.18008846103846154 0.05889423076923077 0.036057692307692304
0 0.9067007690307693 0.0800960384615385 0.06129807692307692 0.038461538461538464