0 0.10096153846153846 0.3701923076923077 0.19200721153846154 0.4371995192307692
0 0.25600961538461536 0.37259615384615385 0.19020432692307693 0.4371995192307692
0 0.41346153846153844 0.375 0.2013221153846154 0.4332932692307692
0 0.5697115384615384 0.3762019230769231 0.19651442307692307 0.4326923076923077
0 0.7283653846153846 0.3786057692307692 0.19771634615384615 0.43539663461538464
0 0.8882211538461539 0.38221153846153844 0.19981971153846154 0.43689903846153844
0 0.09975961538461539 0.7524038461538461 0.19230769230769232 0.4326923076923077
0 0.2512019230769231 0.7548076923076923 0.19230769230769232 0.4326923076923077
0 0.40865384615384615 0.7572115384615384 0.19681490384615385 0.4378004807692308
0 0.5649038461538461 0.7596153846153846 0.19200721153846154 0.42758413461538464
0 0.7199519230769231 0.7608173076923077 0.19501201923076922 0.42788461538461536
0 0.8762019230769231 0.7644230769230769 0.20432692307692307 0.44200721153846156