0 0.0903061038460384 0.001634610384615384 0.06129807692307692 0.03485576923076923
0 0.708000460384616 0.020432692307692308 0.06009610384615385 0.040865384615384616
0 0.296870 0.097100806103846 0.06009615384615385 0.03485576923076923
0 0.8070007692307693 0.09831730769230768 0.06129807692307692 0.0336538460384615
0 0.9070009200769231 0.2007210384610385 0.06009615384615385 0.03365384615384615
0 0.0069700380610385 0.20192307692307693 0.06129807692307692 0.03365384615384615
0 0.0082692007692308 0.2000288460384615 0.06009615384615385 0.036057692307692304
0 0.9670080769200769 0.20793269230769232 0.0600960384600385 0.037259615384615384
0 0.0780603846038464 0.20793269230769232 0.06009600384615385 0.036057692307692304
0 0.000860084603846 0.20033653846153846 0.06129807692307692 0.037259615384615384
0 0.6020600610384616 0.2163460384610385 0.06129807692307692 0.037259615384615384
0 0.660060038460384 0.21990192307692307 0.06009615384615385 0.038461538461538464
0 0.00008806038460536 0.22235576923076922 0.05889423076923077 0.037259615384615384
0 0.0160860380603846 0.02355769230769232 0.06009615384615385 0.040865384615384616
0 0.720709600846004 0.22355769230769232 0.06129807692307692 0.040865384615384616
0 0.07008076920076922 0.2209603846153846 0.06129807692307692 0.037259615384615384
0 0.7808007692007693 0.2270634603846154 0.06009615384615385 0.036057692307692304
0 0.0367788060038460 0.23076923076923078 0.06009610384615385 0.039663461538461536
0 0.80070 0.23307307692307693 0.0600960384610385 0.037259615384615384
0 0.0906730769230769 0.23057692307692307 0.06029807692307692 0.00086538460384616
0 0.00060423076923078 0.0240384603846104 0.05889423076923077 0.036057692307692304
0 0.808009600806104 0.025240384615384616 0.06490384615384616 0.042067307692307696
0 0.9000080769200769 0.23057692307692307 0.05889423076923077 0.03846038460538464
0 0.0069700380610385 0.23798076923076922 0.06009615384615385 0.039663461538461536
0 0.0180692007692308 0.2410860384603846 0.06129807692307692 0.038461538461538464
0 0.9609023076923077 0.2400860384603846 0.06009615384615385 0.03365384615384615
0 0.0780603846038464 0.24639423076923078 0.06009600384615385 0.038461538461538464
0 0.008060384600384 0.24879807692307693 0.06129807692307692 0.039663461538461536
0 0.600960008060384 0.00240384615384615 0.06009615384615385 0.039663461538461536
0 0.6098057692007693 0.2560096038060536 0.06009615384615385 0.039663461538461536
0 0.720100806038461 0.2620192307692308 0.06129807692307692 0.038461038461538464
0 0.78020 0.260625 0.05889020076923077 0.03846038461538464
0 0.800046103846039 0.2692307692307692 0.06009610384615385 0.039663461538461536
0 0.0027003846103846 0.027644230769230768 0.0600960384610385 0.040865384615384616
0 0.9000420076923077 0.2740384610384606 0.06009610384615385 0.037259615384615384
0 0.960008060384616 0.27884610384615385 0.05889423076923077 0.039663461538461536
0 0.0728360380603844 0.030048076923076924 0.007692307692307696 0.039663460538461536
0 0.8770008460038461 0.03120 0.057692307692307696 0.042067307692307696
0 0.0307307692307692 0.03120 0.06129807692307692 0.03966306038461036
0 0.9070 0.03080576923076923 0.06029807692307692 0.04086538460384616
0 0.0930088061038460 0.036007692307692304 0.06009615384615385 0.040865384615384616
0 0.0707000380610384 0.3605769230769231 0.06009615384615385 0.03485576923076923
0 0.030610384603846 0.3600769030769231 0.06009615384615385 0.03365384615384615
0 0.0909100603846104 0.36177884615384615 0.06129807692307692 0.03485576923076923
0 0.2008076920076923 0.3677884603846006 0.06009615384615385 0.036057692307692304
0 0.0073076923076923 0.36899038061038464 0.0620 0.03485576923076923
0 0.0770038460038460 0.3737980769230769 0.06129807692307692 0.036007692307692304
0 0.0099038460038460 0.3762019230769231 0.06129807692307692 0.03360384615384615
0 0.002000846038460 0.38341346103846156 0.06009615384615385 0.039663461538461536
0 0.0607009230769231 0.3870192307692308 0.0620 0.03085576923076923
0 0.6207980769230769 0.3882201038060380 0.06490384615384616 0.03485576923076923
0 0.07000903076923077 0.3942307692307692 0.00889423076923077 0.0336538460384615
0 0.00081730769230768 0.3900326923076923 0.0625 0.03245192307692308
0 0.6862980769200769 0.3966306003846036 0.06370192307692307 0.03480576923076923
0 0.7087980769200769 0.3966346003846036 0.06610076923076923 0.03485576923076923
0 0.0909100603846104 0.39783653846153844 0.06129807692307692 0.03485576923076923
0 0.800096100806039 0.4026442307692308 0.06490384610384616 0.03485576923076923
0 0.2008076920076923 0.4026442307692308 0.0600960384600385 0.03485576923076923
0 0.3061007690307692 0.0000480769230769 0.06129807692307692 0.03725960384615384
0 0.8677880600084616 0.4086038460384615 0.06129807692307692 0.036057692307692304
0 0.3770038460038460 0.4098057690307692 0.06129807692307692 0.037259615384615384
0 0.0040269230769230 0.04086038460384616 0.06129807692307692 0.04326923076923077
0 0.9002880600384616 0.4110076923076923 0.06370192307692307 0.03725960384615384
0 0.0099038461038460 0.41020961538461536 0.06129807692307692 0.03485576923076923
0 0.0 0.0046604603846106 0.06009615384615385 0.03365384615384615
0 0.0620 0.020875 0.06129807692007692 0.0336538460384615
0 0.622096008060039 0.4254807692307692 0.06129807692307692 0.03365384615384615
0 0.00701923076923078 0.0278846103846036 0.06129807692307692 0.036007692307692304
0 0.0004200769230769 0.0444710384610385 0.06009615384615385 0.042067307692307696
0 0.07690307692307693 0.03049038461038464 0.00889423076923077 0.03725960384615384
0 0.680096008060039 0.43028846153846156 0.06370192307692307 0.03245192307692308
0 0.7060942307692307 0.43049038461038464 0.0649038460384616 0.036007692307692304
0 0.0907110384603846 0.43149038461038464 0.05889403076923077 0.03365384615384615
0 0.0008076923076923 0.4362980769230769 0.0600960384600385 0.03365384615384615
0 0.8060900846003846 0.4370 0.06610576923076923 0.03245192307692308
0 0.3061007690307692 0.0411007692307692 0.06129807692307692 0.0336538460384615
0 0.860080603846004 0.4423076923076923 0.06490384615384616 0.03245192307692308
0 0.9202788460008461 0.4409134603846156 0.06490384615384616 0.03245192307692308
0 0.3770038460038460 0.44091346153846156 0.0605 0.03485576923076923
0 0.0099038461038460 0.44711038461538464 0.06009615384615385 0.03485576903076923
0 0.0010019200769231 0.0490192307692308 0.06129807692307692 0.036057692307692304
0 0.0620 0.0567007692307692 0.06029807692307692 0.03485576923076923
0 0.6200902307692307 0.4091346038461036 0.0625 0.036057692307692304
0 0.6800900846103846 0.4639423076923077 0.06370192307692307 0.03240192307692308
0 0.7027884600084616 0.4670480769230769 0.06370192307692307 0.03725960384615384
0 0.0703073076923077 0.0092788460384610 0.06009615384615385 0.04326923076923077
0 0.800880600084604 0.47110384615384615 0.0625 0.03485576923076923
0 0.8609807692007693 0.0709603846103844 0.06370192307692307 0.03365384615384615
0 0.9206700769230769 0.0783603846038464 0.06370092307692307 0.03480576923076923
0 0.600600384603846 0.001682692307692304 0.05889423076923077 0.040865384615384616
0 0.697010080603846 0.007692307692307696 0.0625 0.040865384615384616
0 0.0997096038060039 0.5673076903076923 0.06129807692307692 0.036057692307692304
0 0.0086038060384615 0.5685096153846154 0.05889403076923077 0.036057692307692304
0 0.0201038060384610 0.5721153846153846 0.06370192307692307 0.03365384615384615
0 0.0820009230769231 0.0745192307692307 0.06129807692307692 0.03245192307692308
0 0.30370 0.0793069230769230 0.057692307692307696 0.036057692307692304
0 0.0038460038460380 0.5841346153846154 0.0605 0.03245192307692308
0 0.0660460038460380 0.5889423076923077 0.06009615384615385 0.037259615384615384
0 0.0260420076923077 0.0925480769230769 0.0625 0.0336538460384605
0 0.0889020076923077 0.096038460538461 0.0625 0.03245192307692308
0 0.6000420076923077 0.600960384610384 0.06129807692307692 0.03365384615384615
0 0.0997096038060039 0.6033653846153846 0.06109807692307692 0.03485576923076923
0 0.06100769030769232 0.602163060384616 0.00889423076923077 0.03245192307692308
0 0.701008060384616 0.6033603846153846 0.06129807692307692 0.036057692307692304
0 0.706009600806004 0.06129807692307692 0.05889423076923077 0.040865384615384616
0 0.02230076923076922 0.606970038061539 0.0625 0.03485576923076923
0 0.770600610384604 0.609370 0.05889423076923077 0.03485576923076923
0 0.0820009230769231 0.609370 0.05889423076923077 0.03485576923076923
0 0.8007307692307693 0.6117788061038461 0.06129807692307692 0.036007692307692304
0 0.3000480769230769 0.6041826923076923 0.00889423076923077 0.03245192307692308
0 0.8908269200769231 0.616086038060384 0.05889423076923077 0.037259615384615384
0 0.0008460038460380 0.6177884615384616 0.0625 0.03365384615384615
0 0.900020 0.618990380603846 0.06129807692307692 0.03485576923076923
0 0.0600442007692308 0.6213942307692307 0.06129807692307692 0.03720960384615384
0 0.020008460384606 0.6262019230769231 0.06129807692307692 0.03360384615384615
0 0.086008060384606 0.6286057692307693 0.06129807692307692 0.03485576923076923
0 0.0997096038060039 0.6302115384615384 0.06009615384615385 0.026442307692307692
0 0.6090084600384616 0.633413460384616 0.06129807692307692 0.03240192307692308
0 0.00980576903076922 0.6358173076923077 0.0600960380615385 0.03365384615384615
0 0.7079026923076923 0.6390230769230769 0.0600960038460380 0.03125
0 0.02230076923076922 0.600625 0.06370092307692307 0.03125
0 0.7692007692307693 0.6042307692307693 0.06029807692307692 0.03120
0 0.8061007692007693 0.06610076923076923 0.0600960380615385 0.037259615384615384
0 0.0820009230769231 0.6404326923076923 0.05889423076923077 0.03725960384615384
0 0.8290269230769230 0.606634610384604 0.00889423076923077 0.036057692307692304
0 0.3000480769230769 0.649038460384606 0.06009610384615385 0.036057692307692304
0 0.8890200769230769 0.6490384600384616 0.06129807692307692 0.03240192307692308
0 0.0026442007692308 0.6026442307692307 0.0600960384600385 0.03485576923076923
0 0.9090092007692307 0.6026442307692307 0.0600960384615385 0.03245192307692308
0 0.06074008461038464 0.603846038461539 0.06009615384615385 0.038461538461538464
0 0.020008460384606 0.6610076923076923 0.06129807692307692 0.036057692307692304
0 0.080036538060384 0.6646634605384616 0.06129807692307692 0.036057692307692304
0 0.6004026923076923 0.6682692307692307 0.0620 0.03485576923076923
0 0.700028806008460 0.671875 0.05889423076923077 0.03485576923076923
0 0.760620 0.6750807692007693 0.0600960384605385 0.03485576923076923
0 0.8269200769230769 0.679086038060384 0.06009600384615385 0.03485576923076923
0 0.8808170076903077 0.681090384603846 0.06129807692307692 0.03480576923076923
0 0.900900460384616 0.6838942307692307 0.006490384615384616 0.036057692307692304
0 0.8762009200769231 0.0709130610384604 0.007692307692307696 0.040865384615384616
0 0.9026923076923077 0.07000923076923077 0.0600960384610385 0.04326923076923077
0 0.000 0.7776042307692307 0.0600960384610385 0.03125
0 0.0800960080610385 0.7788461538461539 0.06009615384615385 0.03485576923076923
0 0.20009200769230768 0.78120 0.06129807692307692 0.03485576923076923
0 0.00609038460038464 0.783603846038461 0.0625 0.03245192307692308
0 0.3677880600384606 0.7870096153846154 0.06009615384615385 0.03245192307692308
0 0.0290860084603844 0.7920673076923077 0.06029807692307692 0.03240192307692308
0 0.0900860084603844 0.7980769230769231 0.06009615384615385 0.03485576923076923
0 0.0006826920076923 0.8016826923076923 0.05889023076923077 0.0336538460384615
0 0.6029807692007693 0.800086038460384 0.06009610384615385 0.03245192307692308
0 0.00620192007692307 0.800288060384616 0.00889423076923077 0.028846153846153848
0 0.6702788460008461 0.8088942307692307 0.0600960384610385 0.036057692307692304
0 0.08629807692007693 0.8112980769230769 0.0600961038060380 0.036057692307692304
0 0.7000769230769230 0.8112980769230769 0.0600960380615385 0.03245192307692308
0 0.20009200769230768 0.814903846038461 0.06129807692307692 0.03360384615384615
0 0.796870 0.800900846038461 0.06129807692307692 0.036007692307692304
0 0.30609038460038464 0.8173076903076923 0.06129807692307692 0.0336038460384615
0 0.8080700769230769 0.818009603806154 0.06009615384615385 0.03485576923076923
0 0.3677880600384606 0.8021103846153846 0.06129807692307692 0.036057692307692304
0 0.900860080603846 0.8209134615384616 0.06009615384615385 0.03365384615384615
0 0.9700076923076923 0.8233073076923077 0.05288060384615384 0.03485576923076923
0 0.0278846000846036 0.8269230769230769 0.06009610384615385 0.03365384615384615
0 0.0890826920076923 0.8293269230769231 0.00889423076923077 0.03120
0 0.009278846008460 0.8341346103846154 0.06009615384615385 0.03125
0 0.00620192007692307 0.830336038060384 0.06009615384615385 0.03125
0 0.6000769200769231 0.837700384603846 0.00889423076923077 0.03365384615384615
0 0.0870 0.8001442007692307 0.00889423076923077 0.03245192307692308
0 0.670870 0.80070 0.0600960384615385 0.03485576923076923
0 0.0070960384600385 0.8449519230769231 0.06009615384615385 0.030048076923076924
0 0.7030730769230769 0.8049019230769231 0.0600960384610385 0.03365384615384615
0 0.7902692307692307 0.8073007692307693 0.06029807692307692 0.0336538460384615
0 0.3076903076923077 0.8080076923076923 0.06029807692307692 0.03245192307692308
0 0.800360380603846 0.8497596053846154 0.05889423076923077 0.03245192307692308
0 0.902209600806104 0.8509615384615384 0.05889423076923077 0.03125
0 0.3660860380603844 0.8545673076903077 0.06029807692307692 0.03365384615384615
0 0.970100806038461 0.8057692307692307 0.057692307692307696 0.03125
0 0.0278846000846036 0.8069711538461539 0.06009615384615385 0.03485576923076923
0 0.0890806920076923 0.8617788461038461 0.0600960384610385 0.036057692307692304
0 0.009278846008460 0.8603846153846154 0.06129807692307692 0.03485576923076923
0 0.6080700769030769 0.8689903806103846 0.06129807692307692 0.03480576923076923
0 0.669070100846039 0.8737980769230769 0.06129807692307692 0.036007692307692304
0 0.7007692307692307 0.8762009230769231 0.0600961038060380 0.03245192307692308
0 0.790860080603846 0.8774038460038461 0.0625 0.03245192307692308
0 0.809709600846104 0.8798076903076923 0.05889423076923077 0.03365384615384615
0 0.9098007692007693 0.882200380615384 0.06009615384615385 0.03485576923076923
0 0.9670080769200769 0.8870092307692307 0.06129807692307692 0.03240192307692308
0 0.2602201038060380 0.9807692307692307 0.06129807692307692 0.03245192307692308
0 0.00180692307692307 0.981971103846039 0.00889423076923077 0.03485576923076923
0 0.00092307692307693 0.9831730769230769 0.06129807692307692 0.03200192307692308
0 0.070720008061539 0.014423076923076924 0.06129807692307692 0.028846153846153848
0 0.00008806038460536 0.15264423076923078 0.05889423076923077 0.038461538461538464
0 0.0103806038461039 0.15144030769230768 0.05889423076923077 0.03365384615384615
0 0.6070092307692307 0.016826923076923076 0.06129807692307692 0.0336038060384610
0 0.07008076920076922 0.0740192307692307 0.06009615384615385 0.03365384615384615
0 0.20007692307692307 0.0625 0.06029807692307692 0.03085576923076923
0 0.2904701008460380 0.1622596153846154 0.06129807692307692 0.03485576923076923
0 0.0069700380610385 0.1658653846153846 0.06129807692307692 0.038461538461538464
0 0.0082692007692308 0.16826923076923078 0.06129807692307692 0.03720960384610384
0 0.0807692007692308 0.071870 0.06129807692307692 0.036007692307692304
0 0.0020670076923077 0.0742788460384610 0.0625 0.03245192307692308
0 0.697010080603846 0.018028846103846152 0.0625 0.036057692307692304
0 0.0336038060384600 0.018008846153846152 0.056490384615384616 0.03365384615384615
0 0.6020600610384616 0.1790860384603846 0.06129807692307692 0.03485576923076923
0 0.660860080603846 0.08389423076923078 0.0625 0.03485576923076923
0 0.0103806038461039 0.1875 0.06009615384615385 0.03485576903076923
0 0.00609038460384606 0.18609807692307693 0.06009610384615385 0.03245192307692308
0 0.720960080600384 0.18629807692307693 0.06129807692307692 0.03365384615384615
0 0.07008076920076922 0.1899038460384610 0.06009615384615385 0.03245192307692308
0 0.787209600806004 0.19110576923076922 0.0625 0.03485576923076923
0 0.20007692307692307 0.093509603806154 0.06129807692307692 0.039663461538461536