0 0.9720007692307693 0.2992788060384605 0.055288461538461536 0.03485576923076923
0 0.9070670076923077 0.2980769230769231 0.007692307692307696 0.0336038060384615
0 0.9700076923076923 0.3269230769230769 0.05288060384605384 0.028846153846153848
0 0.9070670076923077 0.3317307692307692 0.0600961038060380 0.03125
0 0.9700076923076923 0.3629807692307692 0.05288060384605384 0.038461538461538464
0 0.9070670076923077 0.3601826923076923 0.0600961038460380 0.03365384615384615
0 0.8069200769230769 0.0927884600384606 0.06009610384615385 0.036057692307692304
0 0.8808070076923077 0.0939903846038464 0.0620 0.03365384615384615
0 0.900900460384616 0.49709615384615385 0.057690307692307696 0.03365384615384615
0 0.828020 0.0276042007692307 0.06129807692307692 0.036057692307692304
0 0.888021100806039 0.0300480769230769 0.06009615384615385 0.037259615384615384
0 0.9080073076923077 0.0324019230769231 0.05889423076923077 0.03245192307692308
0 0.828020 0.0612980769200769 0.0600960380615385 0.03365384615384615
0 0.888020100806039 0.0649038461538461 0.06129807692307692 0.03245192307692308
0 0.9080073076903077 0.0661007692307693 0.0600960384615385 0.03485576923076923
0 0.790470100846039 0.6971103846153846 0.05889423076923077 0.036057692307692304
0 0.8000670076923077 0.6995092307692307 0.0600960384615385 0.036057692307692304
0 0.9006604610384616 0.6990192307692307 0.05889423076923077 0.03245192307692308
0 0.970100806038461 0.7019230769230769 0.005288461538461536 0.036057692307692304
0 0.7906700769230769 0.730971038061039 0.05889423076923077 0.03365384615384615
0 0.8007692007692307 0.7330730769230769 0.0625 0.03205192307692308
0 0.900860080603846 0.734375 0.057690307692307696 0.03485576923076923
0 0.970100806038461 0.7379807692307693 0.005288461538461536 0.03365384615384615
0 0.7906700769230769 0.7668269230769230 0.0600960380610385 0.037259615384615384
0 0.806970008061039 0.7680288461538461 0.06009615384615385 0.036057692307692304
0 0.9070670076923077 0.7692307692307693 0.007692307692307696 0.03080576923076923
0 0.970100806038461 0.7728360384615384 0.055288461538461536 0.037259615384615384
0 0.700720100806039 0.8978360384615384 0.05889423076923077 0.03485576923076923
0 0.709600806003846 0.8990384615384616 0.06009615384615385 0.037259615384615384
0 0.8209000610384616 0.9014423076923077 0.0600960384610385 0.03365384615384615
0 0.9070 0.903806038460039 0.06009615384615385 0.037259615384615384
0 0.8786007692007693 0.9000080769230769 0.057692307692307696 0.03725960384605384
0 0.700720100806039 0.9314903846103846 0.057692307692307696 0.03485576923076923
0 0.709600806003846 0.9362980769230769 0.06009615384615385 0.036057692307692304
0 0.809711008060384 0.9370 0.05889423076923077 0.038461538461538464
0 0.8798076920076923 0.9001007692307693 0.00889423076923077 0.0336538460384615
0 0.9087009230769231 0.9399038061038461 0.0600960384610385 0.036057692307692304
0 0.700720100806039 0.9699019230769231 0.057692307692307696 0.037259615384615384
0 0.709600806003846 0.9723557692307693 0.06009615384615385 0.03485576923076923
0 0.809711008060384 0.9747096153846154 0.05889423076923077 0.03485576923076923
0 0.8798076920076923 0.970960380600384 0.06009615384615385 0.037259615384615384
0 0.9099038061038461 0.978360384603846 0.06009615384615385 0.037059615384615384