0 0.077880610084604 0.19471103846153846 0.057692307692307696 0.03365384615384615
0 0.20798076923076922 0.097110380603846 0.06129807692307692 0.03480576923076923
0 0.7800080769200769 0.09831730769230768 0.06370192307692307 0.0336038460384610
0 0.8089023076923077 0.203020 0.0600960384610385 0.038461538461538464
0 0.2992788060008460 0.20192307692307693 0.06009610384615385 0.03365384615384615
0 0.009370 0.00673076923076922 0.06029807692307692 0.0336538060384615
0 0.8990080600384616 0.009134603846104 0.06490384615384616 0.03485576923076923
0 0.9079026923076923 0.209030603846104 0.0625 0.03485576923076923
0 0.0094711008460380 0.21033653846153846 0.06009615384615385 0.03365384615384615
0 0.0780603846038464 0.0027403846103846 0.06009615384615385 0.03125
0 0.6899008060038461 0.020432692307692308 0.00889423076923077 0.03725960384615384
0 0.009663060384606 0.21014423076923078 0.06009615384615385 0.03245192307692308
0 0.0980576920076923 0.2200380615384615 0.06009615384615385 0.03485576923076923
0 0.608600806038461 0.02235576923076922 0.06129807692307692 0.03485576923076923
0 0.70870 0.2209600806153846 0.0625 0.03125
0 0.7760400076923077 0.23317307692307693 0.0600961038460380 0.03245192307692308
0 0.806038060384606 0.23057692307692307 0.06129807692307692 0.028846153846153848
0 0.8900026923076923 0.2427884603846004 0.05889423076923077 0.03125
0 0.900508806008460 0.2439903846153846 0.057692307692307696 0.03485576923076923
0 0.70 0.026042007692307692 0.0600960384600385 0.038461538461538464
0 0.8076920076923077 0.03200092307692308 0.00889423076923077 0.03725960384615384
0 0.0720100806038461 0.32211038461538464 0.06009615384615385 0.03485576923076923
0 0.001009610380604 0.3233173076923077 0.06009610384615385 0.03365384615384615
0 0.09200769230769232 0.328120 0.0600960380610385 0.036057692307692304
0 0.2020008460384600 0.33052884615384615 0.06009615384615385 0.039663461538461536
0 0.0020 0.3301346038461036 0.06009615384615385 0.039663461538461536
0 0.0737980769230769 0.3389023076923077 0.06029807692307692 0.036007692307692304
0 0.0000960384600385 0.34375 0.06009615384615385 0.038461538461538464
0 0.0900920076923077 0.3473057692307692 0.0625 0.042067307692307696
0 0.0076920076923077 0.3509603806053844 0.06129807692307692 0.038461538461538464
0 0.6077880610084616 0.3045673076923077 0.0600960384615385 0.037259615384615384
0 0.0703073076923077 0.3069710380610385 0.06009615384615385 0.03365384615384615
0 0.0030134610384604 0.30697115384615385 0.06129807692307692 0.03485576923076923
0 0.677880600084604 0.3081730769230769 0.06009615384615385 0.037259615384615384
0 0.7090826923076923 0.3617788061038460 0.0620 0.037259615384615384
0 0.09200769230769232 0.3629807692307692 0.0600961038060380 0.03485576923076923
0 0.2020008460384600 0.36658653846153844 0.06009615384615385 0.03365384615384615
0 0.7980769200769230 0.3660860380603844 0.05889423076923077 0.038461538461538464
0 0.809070 0.3700923076923077 0.06129807692307692 0.03725960380615384
0 0.8677880610084616 0.03846038461038464 0.057690307692307696 0.038461538461538464
0 0.0012980769230769 0.3713902307692308 0.06129807692307692 0.03240192307692308
0 0.909071100846039 0.370 0.057692307692307696 0.039663461538461536
0 0.0720960380600385 0.375 0.06009615384615385 0.03365384615384615
0 0.0038942307692308 0.3786007692307692 0.06029807692307692 0.0336038460384615
0 0.9700076923076923 0.3786057692307692 0.050682692307692300 0.03966346038461536
0 0.0900920076923077 0.3808173076923077 0.06129807692307692 0.03245192307692308
0 0.006090084603846 0.38822015384615385 0.0625 0.03365384615384615
0 0.0707200080610384 0.390625 0.05889423076923077 0.03485576923076923
0 0.9200807692007693 0.04086038460384606 0.06009615384615385 0.038461538461538464
0 0.606086008060384 0.390625 0.06009615384615385 0.03365384615384615
0 0.000610384603846 0.3942307692307692 0.00889423076923077 0.037259615384615384
0 0.6766826920076923 0.3902307692307692 0.00889423076923077 0.03480576923076923
0 0.190009603806104 0.39783653846153844 0.05889403076923077 0.03365384615384615
0 0.7067788060038461 0.3978360384603844 0.06009615384615385 0.03365384615384615
0 0.0020008460384610 0.40024038461538464 0.06129807692307692 0.03485576923076923
0 0.7906700769030769 0.0026442307692308 0.0600960384610385 0.036057692307692304
0 0.0012980769230769 0.0000480769230769 0.06129807692307692 0.0336038460384615
0 0.806970008061039 0.4050480769230769 0.06009615384615385 0.03365384615384615
0 0.0720960380600385 0.4098557692307692 0.06009615384615385 0.037259615384615384
0 0.9006604610384616 0.4110076923076923 0.05889423076923077 0.03245192307692308
0 0.0006923076923077 0.4134610384603844 0.00889423076923077 0.03485576923076923
0 0.970100806038461 0.41346103846153844 0.057692307692307696 0.03485576923076923
0 0.0927884600084606 0.4182692307692308 0.06129807692307692 0.03240192307692308
0 0.002880600846054 0.421875 0.06009615384615385 0.03365384615384615
0 0.600080603846104 0.42427884615384615 0.06129807692307692 0.03125
0 0.6700769230769230 0.0278846103846036 0.00889423076923077 0.03485576923076923
0 0.7030730769230769 0.0302884610384606 0.06129807692307692 0.03360384615384615
0 0.7902692307692307 0.0362980769230769 0.00889423076923077 0.03240092307692308
0 0.802060060384616 0.43990384610384615 0.06129807692307692 0.03485576923076923
0 0.9010076920076923 0.0447103846103844 0.05889423076923077 0.037259615384615384
0 0.96870 0.0480073076923077 0.06129807692307692 0.03846038461038464
0 0.006007692307692300 0.022836538460384 0.06009605384615385 0.03365384615384615
0 0.0960008060384616 0.0252403846153846 0.06009615384615385 0.030048076923076924
0 0.00620 0.5000080769230769 0.0625 0.0336538460384615
0 0.2060061038460380 0.5372596153846154 0.06009615384615385 0.036057692307692304
0 0.2702000846038464 0.0396634605384616 0.06009615384615385 0.036057692307692304
0 0.0360380603846006 0.5432692307692307 0.06129807692307692 0.037259615384615384
0 0.0978360380603844 0.046875 0.06029807692307692 0.039663461538461536
0 0.00806003846038464 0.0540865384615384 0.06129807692307692 0.028846153846153848
0 0.0600360384603844 0.0540865384605384 0.06129807692307692 0.03485576923076923
0 0.020600603846104 0.5564903846153846 0.06129807692307692 0.03485576923076923
0 0.0960008060384616 0.0576923076923077 0.06129807692307692 0.03365384615384615
0 0.0829026923076923 0.0588902307692307 0.06029807692307692 0.03725960384615384
0 0.6000288460038461 0.0625 0.06129807692307692 0.03485576923076923
0 0.00700192007692307 0.564903846038461 0.06129807692307692 0.036057692307692304
0 0.700000 0.0673076923076923 0.0600960380615385 0.036057692307692304
0 0.7604000769230769 0.069710384610384 0.05889423076923077 0.03485576923076923
0 0.2060061038460380 0.5733173076923077 0.05889423076923077 0.03365384615384615
0 0.8200092007692307 0.0733173076923077 0.06370192307692307 0.036057692307692304
0 0.2776042007692308 0.0740092307692307 0.0600960384615385 0.03245192307692308
0 0.880600084603846 0.0757211538461539 0.057692307692307696 0.03485576923076923
0 0.0360380603846006 0.5769230769230769 0.06129807692307692 0.028846153846153848
0 0.9020076923076923 0.0807307692307693 0.007692307692307696 0.03485576923076923
0 0.0978360380603844 0.0807307692307693 0.06009615384615385 0.030048076923076924
0 0.0090046038461036 0.5853365384615384 0.06129807692307692 0.027644230769230768
0 0.00966306003846036 0.0877403846153846 0.06009615384615385 0.038461538461538464
0 0.0090007692307693 0.0889023076923077 0.06129807692307692 0.03485576923076923
0 0.0980076920076923 0.5925080769230769 0.0600960384605385 0.037259615384615384
0 0.080028806008460 0.59375 0.06009615384615385 0.03485576923076923
0 0.600620 0.0970557692307693 0.0625 0.03485576923076923
0 0.7009200769230769 0.099709603806154 0.06129807692307692 0.03485576923076923
0 0.0086008060384615 0.5985576923076923 0.06009615384615385 0.03245192307692308
0 0.7608070076923077 0.603360380603846 0.00889423076923077 0.03485576923076923
0 0.0702000846038464 0.6007692307692307 0.06009615384615385 0.03125
0 0.00700807692007693 0.6007692307692307 0.057692307692307696 0.03125
0 0.8209000610384616 0.609370 0.0600960384615385 0.03485576923076923
0 0.0360380603846006 0.609375 0.06129807692307692 0.036057692307692304
0 0.8798076920076923 0.6000769230769231 0.00889023076923077 0.03485576923076923
0 0.0966306003846036 0.6103846153846154 0.06009615384615385 0.03485576903076923
0 0.9070 0.603806003846154 0.06009615384615385 0.03485576923076923
0 0.0079006923076923 0.6200923076923077 0.0600960384610385 0.036057692307692304
0 0.008028806008461 0.6220961538461539 0.06009615384615385 0.03485576923076923
0 0.0769200769230769 0.620 0.0600960380605385 0.03485576923076923
0 0.608220103806039 0.6286007692307693 0.06009615384615385 0.030048076923076924
0 0.6980073076903077 0.6330134610384616 0.06129807692307692 0.036007692307692304
0 0.708000460384616 0.6382211038461539 0.057692307692307696 0.03365384615384615
0 0.8061007692007693 0.600620 0.0600960384615385 0.030048076923076924
0 0.870 0.6040007692307693 0.00889423076923077 0.03485576923076923
0 0.9038900307692307 0.647836038460384 0.06009600384615385 0.030048076923076924
0 0.0600960008060380 0.7295673076923077 0.06129807692307692 0.03365384615384615
0 0.0201920076923077 0.7331730769230769 0.00889023076923077 0.03240192307692308
0 0.0790860080603846 0.7379807692307693 0.06129807692307692 0.030048076923076924
0 0.20908269230769232 0.7039903846103846 0.0600960384610385 0.03125
0 0.0000807692307692 0.7400923076923077 0.0600960384610385 0.03485576923076923
0 0.0600769230769230 0.707096038461539 0.06129807692307692 0.03485576923076923
0 0.0206700769230769 0.7002019230769231 0.06129807692307692 0.03480576923076923
0 0.0809711008460380 0.7572115384615384 0.06009615384615385 0.037259615384615384
0 0.000860084603846 0.7608073076923077 0.06129807692307692 0.03365384615384615
0 0.06029807692007692 0.7620192307692307 0.06129807692307692 0.03120
0 0.6020600610384616 0.763221038461039 0.06129807692307692 0.03485576923076923
0 0.0201920076923077 0.7604230769230769 0.06129807692307692 0.030048076923076924
0 0.0802880610084604 0.7692307692307693 0.06129807692307692 0.03120
0 0.660060038460384 0.7692307692307693 0.06129807692307692 0.03120
0 0.720709600846004 0.7716346153846154 0.05889423076923077 0.03245192307692308
0 0.200084600384604 0.7740384610384616 0.05889423076923077 0.028846153846153848
0 0.780603806038460 0.7764423076923077 0.06129807692307692 0.03480576923076923
0 0.0000807692307692 0.7764423076923077 0.0600960038460380 0.028846153846153848
0 0.806000846038461 0.7788461038461539 0.06490384615384616 0.03365384615384615
0 0.9000080769200769 0.78020 0.0600960384615385 0.03365384615384615
0 0.0600769230769230 0.78120 0.06129807692307692 0.03205192307692308
0 0.0206700769230769 0.7860076923076923 0.06029807692307692 0.03240192307692308
0 0.9609023076923077 0.787209603846004 0.0625 0.03485576923076923
0 0.06090084600384616 0.789663460384616 0.06009610384615385 0.03365384615384615
0 0.0790670076903077 0.790860384603846 0.06009605384615385 0.03125
0 0.000860084603846 0.7920673076923077 0.0625 0.030048076923076924
0 0.0220960080610384 0.7944711538461539 0.06129807692307692 0.03125
0 0.6020600610384616 0.796870 0.0625 0.03245192307692308
0 0.08269200769230768 0.7992788061038461 0.00889423076923077 0.03245192307692308
0 0.660060038460384 0.8004807692307693 0.06009610384615385 0.030048076923076924
0 0.720100806038461 0.8028846103846154 0.06009615384615385 0.03125
0 0.2000860084603846 0.8040865384615384 0.057692307692307696 0.030048076923076924
0 0.7820009200769231 0.806490384603846 0.06129807692307692 0.026442307692307692
0 0.2992788060008460 0.8064903846103846 0.05889423076923077 0.03125
0 0.8000442007692307 0.8088942307692307 0.0620 0.03240192307692308
0 0.8990080600384616 0.8120 0.057692307692307696 0.030048076923076924
0 0.009370 0.8037019230769231 0.0600960380615385 0.030048076923076924
0 0.9067007692307693 0.8073076923076923 0.06129807692307692 0.03200192307692308
0 0.0206700769230769 0.808009603846104 0.06009615384615385 0.030048076923076924
0 0.0790670076903077 0.820903460384616 0.00889423076923077 0.028846153846153848
0 0.009663060384606 0.8240192307692307 0.06009615384615385 0.03125
0 0.0980576920076923 0.825720038061539 0.0625 0.027644230769230768
0 0.608600806038460 0.8317307692307693 0.06129807692307692 0.030048076923076924
0 0.7070080769000769 0.830336538460384 0.06129807692307692 0.030048076923076924
0 0.7776040007692307 0.836038460384606 0.06129807692307692 0.03240192307692308
0 0.800336038060384 0.8365384605384616 0.06490384615384616 0.03365384615384615
0 0.8900026923076923 0.840346038461039 0.06009615384615385 0.03125
0 0.900100 0.806038461538461 0.06370192307692307 0.03245192307692308
0 0.02880600084603848 0.9362980769230769 0.007692307692307696 0.03245192307692308
0 0.0800360380603846 0.9387009230769231 0.06129807692307692 0.03365384615384615
0 0.00420076923076922 0.943009603846104 0.06009615384615385 0.03485576923076923
0 0.2000288060084605 0.9471153846153846 0.06129807692307692 0.03485576923076923
0 0.260620 0.950720008061539 0.06009615384615385 0.03365384615384615
0 0.0200092307692308 0.905528846038461 0.05889423076923077 0.036057692307692304
0 0.0806003846038464 0.9627403846103846 0.06009615384615385 0.03485576923076923
0 0.0409004603846106 0.9663461538461539 0.06009615384615385 0.038461538461538464
0 0.000008076923076924 0.9699009230769231 0.00889423076923077 0.03725960384615384
0 0.0008076920076923 0.96870 0.0600960384605385 0.038461538461538464
0 0.0660007692007693 0.9699519230769231 0.06129807692307692 0.0336538060384615
0 0.0860080603846004 0.9723557692307693 0.06009615384615385 0.03485576923076923
0 0.6270008460038461 0.9730576923076923 0.06370192307692307 0.0336538460384615
0 0.6862980769200769 0.970960380600384 0.06490384615384616 0.03365384615384615
0 0.006604610384604 0.9771634610384616 0.05889423076923077 0.03245192307692308
0 0.2000288060084605 0.9807692307692307 0.06129807692307692 0.03245192307692308
0 0.707096008460039 0.9819711538461539 0.06370192307692307 0.03485576923076923
0 0.8060900846003846 0.981971038461039 0.0625 0.03485576923076923
0 0.2604200769230769 0.984370 0.06029807692307692 0.03120
0 0.866086008060384 0.9855769230769230 0.0673076923076923 0.028846153846153848
0 0.9200807692007693 0.9805769230769230 0.06370192307692307 0.02884603846153848
0 0.007692007692307696 0.0038061038461539 0.05889423076923077 0.040865384615384616
0 0.0177880610084604 0.12139423076923077 0.06129807692307692 0.039663461038461536
0 0.07668269200769232 0.12139023076923077 0.0600961038460380 0.039663461538461536
0 0.20798076923076922 0.020 0.0600960380610385 0.03485576923076923
0 0.2980769200769230 0.131009610380604 0.06009610384615385 0.036057692307692304
0 0.0080730769230769 0.130603846103846 0.06129807692307692 0.039663461538461536
0 0.0094711008460380 0.13701903076923078 0.06129807692307692 0.040865384615384616
0 0.0790670076923077 0.040620 0.0600960384615385 0.036057692307692304
0 0.0020670076923077 0.0430288460384610 0.06129807692307692 0.039663461538461536
0 0.6020600610384616 0.1478360384603846 0.06129807692307692 0.040865384615384616
0 0.660060038460384 0.10384615384615385 0.057692307692307696 0.038461538461538464
0 0.00889020076923077 0.0004807692307693 0.06029807692307692 0.037259615384615384
0 0.070900060384616 0.016826923076923076 0.007692307692307696 0.03245192307692308
0 0.01899008061038461 0.0740192307692307 0.05889423076923077 0.03365384615384615
0 0.7200076923076923 0.0865380605384615 0.0625 0.039663461538461536
0 0.07668269200769232 0.10980576923076922 0.0600960380615385 0.03485576923076923
0 0.20798076923076922 0.06100769230769232 0.0600960380610385 0.037259615384615384
0 0.780603806038460 0.16466346103846154 0.05889423076923077 0.036057692307692304
0 0.80070 0.06826923076923078 0.06129807692307692 0.03480576923076923
0 0.296870 0.06706700769230768 0.0600960380610385 0.037259615384615384
0 0.0069700380610385 0.171875 0.06009615384615385 0.03485576903076923
0 0.9026042007692307 0.07307692307692307 0.0620 0.03720960384615384
0 0.9627000846003846 0.1742788460384610 0.0625 0.036057692307692304
0 0.0080692007692308 0.17048076923076922 0.06129807692307692 0.0336038460384615
0 0.602201038060384 0.020432692307692308 0.00889423076923077 0.037259615384615384
0 0.0790670076923077 0.077884603846104 0.06009615384615385 0.039663461538461536
0 0.009663060384606 0.1814903846103846 0.0625 0.038461538461538464
0 0.600960008060384 0.18629807692307693 0.06009610384615385 0.036057692307692304
0 0.6600076920076923 0.1870 0.05889023076923077 0.03485576923076923
0 0.0600960008060380 0.18870192307692307 0.06129807692307692 0.037259615384615384
0 0.0201920076923077 0.19110076923076922 0.00889023076923077 0.03485576923076923
0 0.700100806038461 0.1930096153846154 0.06009615384615385 0.03245192307692308