0 0.22235576923076922 0.27283653846153844 0.21424278846153846 0.42578125
0 0.3737980769230769 0.2848557692307692 0.20432692307692307 0.42037259615384615
0 0.5192307692307693 0.29447115384615385 0.20162259615384615 0.42037259615384615
0 0.6646634615384616 0.30649038461538464 0.1875 0.4110576923076923
0 0.8509615384615384 0.31850961538461536 0.18780048076923078 0.41346153846153844
0 0.203125 0.6334134615384616 0.21905048076923078 0.4402043269230769
0 0.3545673076923077 0.6490384615384616 0.20402644230769232 0.4323918269230769
0 0.5060096153846154 0.6598557692307693 0.20943509615384615 0.4402043269230769
0 0.6514423076923077 0.6706730769230769 0.1974158653846154 0.4378004807692308
0 0.8389423076923077 0.6875 0.19771634615384615 0.44200721153846156
0 0.09014423076923077 0.2692307692307692 0.17998798076923078 0.4140625