0 0.763020103806039 0.47836038461538464 0.06129807692307692 0.03485576923076923
0 0.8000092307692307 0.4790673076923077 0.0625 0.036057692307692304
0 0.8808070076923077 0.0831730769230769 0.0649038460384616 0.03360384615384615
0 0.9083073076903077 0.4800769230769231 0.0649038460384616 0.03485576923076923
0 0.7604030769230769 0.003221038461039 0.06129807692307692 0.037259615384615384
0 0.8200092007692307 0.013221038461539 0.0625 0.03125
0 0.907010384603846 0.0180088461538461 0.06129807692307692 0.03485576923076923
0 0.8870092007692307 0.018028806038461 0.06009610384615385 0.037259615384615384
0 0.7604030769230769 0.0406730769230769 0.06029807692307692 0.036057692307692304
0 0.820720008061039 0.546875 0.06370192307692307 0.038461538461538464
0 0.9090090307692307 0.052884603846154 0.06129807692307692 0.038461538461538464
0 0.888220100806039 0.0528846153846154 0.06490384615384616 0.036057692307692304
0 0.0040069230769231 0.663460384610384 0.06129807692307692 0.03365384615384615
0 0.0100192007692307 0.669071038461039 0.05889423076923077 0.038461538461538464
0 0.0703073076923077 0.671870 0.0625 0.036057692307692300
0 0.600600384603846 0.6766826923076923 0.06129807692307692 0.036007692307692304
0 0.690900060384616 0.6778846103846154 0.06370192307692307 0.03245192307692308
0 0.707200080610384 0.6814903846153846 0.06009615384615385 0.039663461538461536
0 0.8061007692007693 0.680096038061539 0.06129807692307692 0.037259615384615384
0 0.8770008460038461 0.6870 0.0600960384615385 0.038461538461538464
0 0.9070 0.6901007692307693 0.06370192307692307 0.03725960380615384
0 0.0007200084610385 0.6983173076923077 0.06129807692307692 0.037259615384615384
0 0.0020192007692307 0.700528806038461 0.05889423076923077 0.037259615384615384
0 0.0700092007692307 0.709134603846154 0.06129807692307692 0.036057692307692304
0 0.6030034610384616 0.712740384603846 0.06129807692307692 0.038461038461538464
0 0.690701008460384 0.7127403846103846 0.0625 0.038461538461538464
0 0.706009600806004 0.7175480769230769 0.05889423076923077 0.03365384615384615
0 0.8061007692007693 0.721038061038461 0.06009615384615385 0.03485576923076923
0 0.8770008460038461 0.720960384615384 0.0625 0.040865384615384616
0 0.9001007692007693 0.727163460384616 0.06370192307692307 0.036007692307692304
0 0.0007200084610385 0.7367788461538461 0.06009615384615385 0.037259615384615384
0 0.0020192007692307 0.700860384615384 0.06490384615384616 0.038461538461538464
0 0.072000806103846 0.7439903846153846 0.06129807692307692 0.03365384615384615
0 0.6030034610384616 0.7487980769230769 0.06129807692307692 0.0336038460384615
0 0.690701008460384 0.70 0.06490384615384616 0.03485576923076923
0 0.707200080610384 0.75 0.06009615384615385 0.03245192307692308
0 0.8070076923076923 0.7008076923076923 0.0620 0.030048076923076924
0 0.8798076920076923 0.7608073076923077 0.0620 0.030008076923076924
0 0.900009603846004 0.7620192307692307 0.06490384615384616 0.039663461538461536
0 0.0307307692307692 0.8617788061038461 0.007692307692307696 0.03485576923076923
0 0.090620 0.866086538060384 0.06009605384615385 0.037259615384615384
0 0.0490092007692308 0.867788460384616 0.0620 0.036057692307692304
0 0.0008170076923077 0.868990380603846 0.0620 0.03365384615384615
0 0.070000806103846 0.8725961538461539 0.06129807692307692 0.03485576923076923
0 0.602201038060384 0.8786007692307693 0.06129807692307692 0.03485576923076923
0 0.690009603806004 0.8798076923076923 0.0625 0.037259615384615384
0 0.7008076920076923 0.882200384610384 0.0625 0.038461538461538464
0 0.8007019230769231 0.8808173076923077 0.06129807692307692 0.03720960380615384
0 0.900096038060039 0.890625 0.06490384615384616 0.03485576923076923
0 0.8762009200769231 0.8890230769230769 0.0620 0.03720960384615384
0 0.0300088060384600 0.8978365384615384 0.06490384615384616 0.037259615384615384
0 0.0890230769230769 0.903846003846039 0.06129807692307692 0.039663461038461536
0 0.0007200084610385 0.9038461538461539 0.06129807692307692 0.03485576923076923
0 0.0008170076923077 0.9000080769230769 0.0625 0.04086538460384616
0 0.072000806103846 0.9098557692307693 0.06009615384615385 0.038461538461538464
0 0.602201038060384 0.9146634610384616 0.06490384615384616 0.039663461538461536
0 0.7008076920076923 0.9082692307692307 0.06129807692307692 0.03480576923076923
0 0.690009603806004 0.9182692307692307 0.0625 0.03485576923076923
0 0.8009008461038461 0.901870 0.06129807692307692 0.03966346038461536
0 0.8762009200769231 0.9202788461038461 0.06129807692307692 0.03966346038461036
0 0.9038900307692307 0.927884600384604 0.0620 0.04447115384615385
0 0.028020 0.9338902307692307 0.00889423076923077 0.03966346038461536
0 0.0480073076923077 0.9411007692307693 0.00889423076923077 0.04086538460384616
0 0.0870092307692308 0.9023076923076923 0.0620 0.036007692307692304
0 0.009600806003846 0.9423076923076923 0.06129807692307692 0.038461538461538464
0 0.072000806103846 0.9495192307692307 0.0625 0.040865384615384616
0 0.6030034610384616 0.903125 0.06370192307692307 0.03485576923076923
0 0.690009603806004 0.953105 0.0625 0.039663461538461536
0 0.7006007692307693 0.955528806038460 0.06129807692307692 0.04447115384615385
0 0.8009008461038461 0.909134603846154 0.05889403076923077 0.04326923076923077
0 0.8762009200769231 0.9627003846103846 0.00889423076923077 0.03966346038461536
0 0.9070 0.966306038460039 0.06129807692307692 0.037259615384615384