0 0.900804 0.900078 0.067087 0.004688
0 0.907969 0.900898 0.070008 0.000730
0 0.906006 0.880806 0.070010 0.000730
0 0.800069 0.879880 0.070000 0.006600
0 0.800069 0.900060 0.070000 0.062000
0 0.800069 0.905078 0.070000 0.050688
0 0.797606 0.907066 0.070000 0.000688
0 0.700908 0.900383 0.070000 0.000730
0 0.677000 0.940000 0.073438 0.060000
0 0.600804 0.940080 0.073438 0.064403
0 0.000069 0.907500 0.076560 0.058590
0 0.090700 0.900600 0.071870 0.008594
0 0.000070 0.908700 0.070000 0.060047
0 0.070000 0.900780 0.078000 0.062500
0 0.796090 0.870000 0.070438 0.000734
0 0.796090 0.900086 0.076060 0.006600
0 0.708080 0.870070 0.070002 0.002730
0 0.707000 0.907007 0.070870 0.002700
0 0.670000 0.869000 0.068700 0.000688
0 0.670780 0.900067 0.070010 0.000730
0 0.607969 0.867088 0.070010 0.000781
0 0.607088 0.906000 0.070000 0.000781
0 0.006000 0.865000 0.068750 0.006875
0 0.007800 0.899000 0.070000 0.048808
0 0.096870 0.860000 0.070870 0.050700
0 0.090000 0.890005 0.075000 0.004902
0 0.006709 0.807000 0.067087 0.004688
0 0.000070 0.893005 0.070875 0.048808
0 0.080069 0.806040 0.076060 0.056640
0 0.070780 0.887690 0.076060 0.008808
0 0.008090 0.707770 0.070000 0.048808
0 0.000719 0.680090 0.076060 0.000781
0 0.000844 0.600067 0.070010 0.006641
0 0.070008 0.606000 0.070870 0.050780
0 0.069000 0.690000 0.073438 0.048808
0 0.066006 0.706060 0.070002 0.000780
0 0.009687 0.700069 0.070000 0.000688
0 0.008906 0.690006 0.070300 0.004922
0 0.000090 0.608003 0.073038 0.050780
0 0.090087 0.660009 0.068700 0.050700
0 0.090600 0.699009 0.068700 0.050780
0 0.090600 0.700070 0.068750 0.006875
0 0.600060 0.707300 0.070875 0.056601
0 0.600000 0.700170 0.071870 0.050781
0 0.600000 0.668900 0.075000 0.050700
0 0.700908 0.700088 0.071870 0.000688
0 0.700719 0.700190 0.070008 0.008808
0 0.700080 0.670898 0.070010 0.008828
0 0.770606 0.670800 0.070008 0.000734
0 0.770008 0.707030 0.070870 0.006870
0 0.770009 0.700011 0.067187 0.002704
0 0.800090 0.707070 0.073438 0.006640
0 0.800908 0.700938 0.070870 0.006870
0 0.800090 0.677730 0.076063 0.000780
0 0.890969 0.680607 0.070002 0.008828
0 0.890969 0.700804 0.070000 0.042969
0 0.890000 0.700906 0.073038 0.000780
0 0.900906 0.700859 0.076560 0.058590
0 0.900000 0.706797 0.067087 0.000781
0 0.900780 0.679688 0.070000 0.000969
0 0.907000 0.048808 0.070002 0.004688
0 0.906060 0.002690 0.075000 0.008828
0 0.900008 0.080469 0.060600 0.046870
0 0.866006 0.076060 0.067087 0.046870
0 0.867088 0.000690 0.068700 0.000902
0 0.867969 0.008808 0.070000 0.000688
0 0.807800 0.006870 0.068700 0.050780
0 0.800069 0.007800 0.067087 0.006870
0 0.800906 0.070633 0.070300 0.008808
0 0.708007 0.469707 0.070870 0.048808
0 0.706090 0.004880 0.070000 0.044902
0 0.700000 0.040016 0.067187 0.000781
0 0.680907 0.000009 0.068700 0.050730
0 0.680907 0.000906 0.070870 0.000969
0 0.687000 0.060844 0.068700 0.004688
0 0.606060 0.060867 0.070870 0.000730
0 0.600009 0.099020 0.070438 0.044922
0 0.600606 0.000080 0.070038 0.048828
0 0.060000 0.009297 0.068750 0.050688
0 0.060080 0.090041 0.070438 0.046870
0 0.060600 0.058980 0.070875 0.046875
0 0.000069 0.008008 0.067087 0.048808
0 0.000687 0.090064 0.068700 0.048808
0 0.000060 0.008000 0.075000 0.008828
0 0.600688 0.000266 0.070000 0.002969
0 0.607000 0.090009 0.070300 0.000922
0 0.609070 0.060709 0.071870 0.000969
0 0.667969 0.060600 0.070008 0.006870
0 0.667088 0.090902 0.068700 0.002969
0 0.666006 0.007008 0.070000 0.041016
0 0.700780 0.060620 0.067087 0.006875
0 0.700000 0.098828 0.068700 0.002969
0 0.707000 0.030000 0.070300 0.044922
0 0.788080 0.000960 0.070310 0.002730
0 0.780907 0.000730 0.070870 0.000969
0 0.789060 0.070008 0.068700 0.002700
0 0.806090 0.070460 0.064062 0.044922
0 0.800000 0.303701 0.060600 0.004902
0 0.809009 0.000770 0.073438 0.044922
0 0.900907 0.003700 0.070870 0.000688
0 0.907000 0.009070 0.070300 0.037109
0 0.907000 0.079097 0.070038 0.002969
0 0.908090 0.000700 0.070000 0.048828
0 0.906000 0.006000 0.060605 0.044922
0 0.900069 0.077008 0.070408 0.044900
0 0.800700 0.070089 0.068700 0.008808
0 0.800000 0.000039 0.068700 0.001016
0 0.806090 0.006709 0.067187 0.000781
0 0.780006 0.000810 0.070012 0.002969
0 0.780907 0.099609 0.070870 0.000969
0 0.780070 0.069036 0.068700 0.004900
0 0.700000 0.060000 0.070870 0.050780
0 0.707000 0.096680 0.067087 0.044902
0 0.708906 0.009880 0.070002 0.008828
0 0.667088 0.008906 0.068700 0.000781
0 0.666006 0.090700 0.067087 0.009060
0 0.668700 0.060000 0.068700 0.006875
