0 0.234375 0.24278846153846154 0.23347355769230768 0.4657451923076923
0 0.39903846153846156 0.2548076923076923 0.22145432692307693 0.45643028846153844
0 0.5564903846153846 0.265625 0.21875 0.45462740384615385
0 0.7139423076923077 0.27884615384615385 0.20222355769230768 0.44711538461538464
0 0.90625 0.2932692307692308 0.18299278846153846 0.45162259615384615
0 0.2127403846153846 0.6346153846153846 0.23828125 0.4801682692307692
0 0.37740384615384615 0.6502403846153846 0.2208533653846154 0.4684495192307692
0 0.5420673076923077 0.6622596153846154 0.2283653846153846 0.47836538461538464
0 0.6995192307692307 0.6742788461538461 0.21604567307692307 0.47596153846153844
0 0.8966346153846154 0.6935096153846154 0.20222355769230768 0.4807692307692308
0 0.09375 0.23798076923076922 0.1875 0.45162259615384615