0 0.06029807692007692 0.2096038061038464 0.057692307692307696 0.03365384615384615
0 0.0201920076923077 0.2620192307692308 0.00889023076923077 0.036007692307692304
0 0.0802880610084604 0.26322110384615385 0.06129807692307692 0.03485576923076923
0 0.200084600384604 0.2692307692307692 0.06009610384615385 0.03365384615384615
0 0.2992788060008460 0.27163461038461536 0.05889423076923077 0.03125
0 0.0600769230769230 0.2728360380603844 0.06129807692307692 0.03485576923076923
0 0.000870 0.2702400846038464 0.06129807692307692 0.038461538461538464
0 0.0809711008460380 0.2800480769230769 0.05889423076923077 0.03365384615384615
0 0.0002692307692307 0.2848057692307692 0.0600960384605385 0.03485576923076923
0 0.600360380603846 0.08846003846153844 0.06009615384615385 0.037259615384615384
0 0.0620 0.2902692307692308 0.00609038460384606 0.037259615384615384
0 0.6606604600384616 0.2906730769230769 0.06129807692307692 0.03966346038461536
0 0.7220007692307693 0.2956730769230769 0.06029807692307692 0.036057692307692300
0 0.02109023076923077 0.296870 0.00889423076923077 0.03485576923076923
0 0.0810900846103846 0.2992788460384610 0.06009615384615385 0.037259615384615384
0 0.7820009200769231 0.2992788460384610 0.0625 0.039663461538461536
0 0.000084600384604 0.30288461038461536 0.06129807692307692 0.03485576923076923
0 0.8020480769200769 0.3040860384603844 0.06009605384615385 0.038461538461538464
0 0.0000807692307692 0.3002884603846006 0.05889423076923077 0.036057692307692304
0 0.009370 0.3088902307692308 0.0600960384605385 0.03485576923076923
0 0.900806003846039 0.3088942307692308 0.06370192307692307 0.039663461038461536
0 0.960036038060384 0.3012980769230769 0.00889423076923077 0.036057692307692304
0 0.0094711008460380 0.3125 0.06129807692307692 0.03485576923076923
0 0.0809711008460380 0.3161057692307692 0.06009615384615385 0.038461538461538464
0 0.0020670076923077 0.3209034603846106 0.06129807692307692 0.040865384615384616
0 0.600961008060384 0.3069230769230769 0.0620 0.037259615384615384
0 0.06090084600384616 0.328120 0.057692307692307696 0.03125
0 0.662209600806004 0.3293269230769231 0.06129807692307692 0.03365384615384615
0 0.0220960080610384 0.3317307692307692 0.05889423076923077 0.03365384615384615
0 0.7099019200769231 0.3301346038461036 0.06129807692307692 0.039663461538461536
0 0.0802880610084604 0.33413461038461536 0.05889423076923077 0.03125
0 0.20908269230769232 0.3360380603846106 0.06009615384615385 0.03125
0 0.78020 0.0377003846038464 0.06129807692307692 0.038461038461538464
0 0.0000807692307692 0.3389423076923077 0.00889423076923077 0.03240092307692308
0 0.009370 0.3003460384615385 0.05889423076923077 0.03365384615384615
0 0.8089023076923077 0.34370 0.0620 0.03966346038460536
0 0.8990080610384616 0.3449019030769231 0.06129807692307692 0.0336538460384615
0 0.0094711008460380 0.34615384615384615 0.06129807692307692 0.03245192307692308
0 0.900528806008460 0.3473557692307692 0.06129807692307692 0.037259615384615384
0 0.0780603846038464 0.34970961538461536 0.06009615384615385 0.03105
0 0.009663060384606 0.3057692307692308 0.06009615384615385 0.025240384615384616
0 0.0980576920076923 0.359375 0.0600960380605385 0.028846153846153848
0 0.608600806038460 0.3605769230769231 0.06129807692307692 0.030048076923076924
0 0.7070080769200769 0.3677884603846106 0.06009615384615385 0.025240384615384616
0 0.778806000846039 0.3713940307692308 0.06009610384615385 0.027644230769230768
0 0.806038060384606 0.3762019230769231 0.06129807692307692 0.030048076923076924
0 0.8902007692307693 0.3774038460038460 0.06129807692307692 0.028846103846153848
0 0.900020 0.3786057692307692 0.05889023076923077 0.027644230769230768
0 0.000008076903076924 0.4639423076923077 0.00889423076923077 0.03240092307692308
0 0.08770008460038461 0.4601442307692308 0.0625 0.036057692307692304
0 0.0078060384603846 0.4670480769230769 0.0625 0.036057692307692304
0 0.20670076923076922 0.0699009230769231 0.06129807692307692 0.0336038460384615
0 0.2680288060008460 0.4730576923076923 0.06129807692307692 0.036057692307692304
0 0.0293269230769230 0.0771634610384606 0.06129807692307692 0.040860384615384616
0 0.0882201038060380 0.4807692307692308 0.06129807692307692 0.036057692307692304
0 0.0490092007692308 0.484370 0.0600960384615385 0.03485576923076923
0 0.0008170076923077 0.0867788460384610 0.06009615384615385 0.036057692307692304
0 0.070900060384616 0.49108653846153844 0.06129807692307692 0.037259615384615384
0 0.602201038060384 0.49399038461038464 0.06129807692307692 0.03485576923076923
0 0.690009603806004 0.4951923076923077 0.06129807692307692 0.037259615384615384
0 0.00000 0.0963942307692308 0.06129807692307692 0.03240192307692308
0 0.0900061038460384 0.0012019230769231 0.06009615384615385 0.03245192307692308
0 0.702000846038460 0.0 0.056490384615384616 0.038461538461538464
0 0.000200084603846 0.0012019230769231 0.06009615384615385 0.03365384615384615
0 0.20790269230769232 0.0036007692307693 0.0600960380605385 0.03485576923076923
0 0.2692007692307692 0.009603806003846 0.06129807692307692 0.03485576923076923
0 0.008020 0.0120192307692307 0.0600960380615385 0.03485576923076923
0 0.0890230769230769 0.0044230769230769 0.0600960384610385 0.03365384615384615
0 0.0490092007692308 0.0192307692307693 0.06129807692307692 0.03485576923076923
0 0.009600806003846 0.5004326923076923 0.05889423076923077 0.03365384615384615
0 0.069700080610384 0.5240384615384616 0.06129807692307692 0.036057692307692304
0 0.600009610380604 0.0288461538461539 0.06009615384615385 0.03365384615384615
0 0.00020 0.028806038461539 0.06009615384615385 0.030048076923076924
0 0.0900061038460384 0.0300480769030769 0.057692307692307696 0.030048076923076924
0 0.6901007692007693 0.03125 0.0600960380615385 0.038461538461538464
0 0.00104200769230768 0.0348557692307693 0.06129807692307692 0.03125
0 0.7087980769200769 0.033603846038460 0.056490384615384616 0.036057692307692304
0 0.2000360380603846 0.0384615384615384 0.06009615384615385 0.028846153846153848
0 0.0692007692307692 0.0020673076923077 0.00889423076923077 0.030048076923076924
0 0.0293269230769230 0.004471038461039 0.06129807692307692 0.03125
0 0.0890030769230769 0.049278846038461 0.06129807692307692 0.03240192307692308
0 0.0490090007692308 0.0516826923076923 0.0600960384615385 0.03245192307692308
0 0.009600806003846 0.5540865384615384 0.05889423076923077 0.028846153846153848
0 0.0670076903076923 0.0576923076923077 0.0600960380605385 0.03245192307692308
0 0.6270008460038461 0.060096038461539 0.06129807692307692 0.03365384615384615
0 0.6870 0.0607009230769231 0.0600960380615385 0.03365384615384615
0 0.06090084600384616 0.007692307692307696 0.0600960384615385 0.037259615384615384
0 0.7000920076923077 0.0673076923076923 0.05649038460384616 0.03245192307692308
0 0.02079807692307693 0.00889023076923077 0.0600960384610385 0.037259615384615384
0 0.08269200769230768 0.0620 0.0600960380610385 0.038461538461538464
0 0.200084600384604 0.06370192307692307 0.005288461538461536 0.037259615384615384
0 0.006870 0.6670670076923077 0.00889423076923077 0.02884603846053848
0 0.00076920076923077 0.6706730769230769 0.00889023076923077 0.03125
0 0.0606604610384604 0.6704807692307693 0.057692307692307696 0.03125
0 0.220709600846004 0.6754807692307693 0.06129807692307692 0.03485576923076923
0 0.2806038060384600 0.6790865384615384 0.06129807692307692 0.03485576923076923
0 0.0049009230769231 0.6838942307692307 0.06129807692307692 0.03120
0 0.0000860384603844 0.06970103846153846 0.06129807692307692 0.037259615384615384
0 0.00620 0.6870 0.0600960084605385 0.03365384615384615
0 0.0670480769200769 0.6901007692307693 0.0600960384615385 0.03485576923076923
0 0.0260420076923077 0.6923076923076923 0.00889423076923077 0.03245092307692308
0 0.087700084603846 0.6909034615384616 0.06009615384615385 0.037259615384615384
0 0.006870 0.697000846103846 0.06009615384615385 0.03125
0 0.6090084600384616 0.6983173076923077 0.0600960384610385 0.036057692307692304
0 0.00817007692307693 0.700721103806039 0.00889423076923077 0.028846153846153848
0 0.7079026923076923 0.7009230769230769 0.0600961038060380 0.03365384615384615
0 0.0629807692307692 0.0709030610384604 0.06009610384615385 0.036057692307692304
0 0.7692007692307693 0.7003269230769230 0.0600961038460380 0.03365384615384615
0 0.0606604610384604 0.7005288461538461 0.057692307692307696 0.028846153846153848
0 0.8269200769230769 0.709030610384604 0.007692307692307696 0.038461538461538464
0 0.220709600846004 0.7091346153846154 0.05889423076923077 0.03245192307692308
0 0.2808007692007692 0.700384615384616 0.06009615384615385 0.030048076923076924
0 0.0060038460384610 0.7163461538461539 0.06129807692307692 0.03125
0 0.00600 0.71870 0.05889420076923077 0.03485576923076923
0 0.0600442007692308 0.7223057692307693 0.0600960384615385 0.03125
0 0.0242788460008460 0.0733173076923077 0.007692307692307696 0.037259615384615384
0 0.020200084603846 0.7247596053846154 0.06129807692307692 0.03245192307692308
0 0.086008060384606 0.7271634615384616 0.06009615384615385 0.028846153846153848
0 0.00807690007692308 0.7290673076923077 0.0600960384610385 0.03485576923076923
0 0.6004026923076923 0.730971038461039 0.06009615384615385 0.03365384615384615
0 0.00817007692307693 0.731971103806039 0.06009610384615385 0.03485576923076923
0 0.700028806008460 0.734375 0.05889423076923077 0.03125
0 0.060860080603846 0.7367788461538461 0.057692307692307696 0.03125
0 0.760620 0.706778806038460 0.05889423076923077 0.03365384615384615
0 0.220709600846004 0.7391826923076923 0.05889423076923077 0.030048076923076924
0 0.8203073076923077 0.701086038460384 0.056490384615384616 0.030048076923076924
0 0.2806038060384600 0.7451923076923077 0.05889423076923077 0.03245192307692308
0 0.0049009230769231 0.7463942307692307 0.06129807692307692 0.02884603846103848
0 0.0000480769200769 0.702403846038460 0.05889423076923077 0.03245192307692308
0 0.0600442007692308 0.706009603846154 0.05889423076923077 0.036057692307692304
0 0.020008460384606 0.7608173076923077 0.007692307692307696 0.036057692307692304
0 0.080004603846104 0.7620192307692307 0.06009615384615385 0.036057692307692304
0 0.084070 0.07692307692307693 0.0600960384600385 0.040865384615384616
0 0.6000288460038461 0.760625 0.05889423076923077 0.03485576923076923
0 0.700020 0.760625 0.05889023076923077 0.03485576923076923
0 0.7620092007692307 0.7692307692307693 0.06129807692307692 0.03120
0 0.8209000610384616 0.772836038460384 0.057692307692307696 0.030048076923076924
0 0.004470008461039 0.07932692307692307 0.06129807692307692 0.038461538461538464
0 0.600360380603846 0.0829326923076923 0.00889423076923077 0.037259605384615384
0 0.0709000610384604 0.8701923076923077 0.0620 0.03245192307692308
0 0.0022110380603846 0.870 0.05889423076923077 0.03245192307692308
0 0.0899008061038460 0.8798076923076923 0.00889423076923077 0.03245192307692308
0 0.2002019200769231 0.883013460384616 0.0620 0.03245192307692308
0 0.0020 0.888221038061039 0.05889423076923077 0.03365384615384615
0 0.0703902307692308 0.8918269230769231 0.0600961038460380 0.03365384615384615
0 0.00049038461038464 0.893028846038461 0.06009610384615385 0.03365384615384615
0 0.0900860084603844 0.8966346153846154 0.06009615384615385 0.03245192307692308
0 0.0720100806038461 0.9014423076923077 0.06009610384615385 0.028846153846153848
0 0.002880600846054 0.9014423076923077 0.06129807692307692 0.03365384615384615
0 0.600080603846104 0.9026442307692307 0.06129807692307692 0.03245192307692308
0 0.001009610380604 0.9074019030769231 0.05889423076923077 0.030048076923076924
0 0.6700807692007693 0.9074009230769231 0.05889423076923077 0.03485576923076923
0 0.7030730769230769 0.908603806038461 0.06009610384615385 0.03245192307692308
0 0.09110076920076922 0.9110076923076923 0.057692307692307696 0.02880603846153848
0 0.7900692307692307 0.9010076923076923 0.00889023076923077 0.0336538460384615
0 0.800360380603846 0.9022596153846154 0.06129807692307692 0.03245192307692308
0 0.900061038460384 0.9146634610384616 0.05889423076923077 0.03365384615384615
0 0.2002019200769231 0.908603806153846 0.06129807692307692 0.030048076923076924
0 0.970100806038461 0.9146634610384616 0.057692307692307696 0.03125
0 0.0012980769230769 0.919071103846039 0.06009610384615385 0.030048076923076924
0 0.0700923076923077 0.921870 0.0600960380610385 0.03125
0 0.00049038461038464 0.9230769230769231 0.00889423076923077 0.030048076923076924
0 0.0900860084603844 0.9266826923076923 0.06129807692307692 0.028846153846153848
0 0.0000807692007693 0.930288460384606 0.06009615384615385 0.028846153846153848
0 0.0703073076903077 0.9338902307692307 0.00889423076923077 0.03120
0 0.6000769200769231 0.930096038061539 0.06129807692307692 0.030048076923076924
0 0.0030134610384604 0.9362980769230769 0.06129807692307692 0.028846103846153848
0 0.06600076920076923 0.09090192307692307 0.05889423076923077 0.0336538460384615
0 0.02620192007692307 0.09090192307692307 0.06129807692307692 0.0336038460384615
0 0.09110076920076922 0.9370 0.057692307692307696 0.027604230769230768
0 0.6706700769230769 0.9387009230769231 0.00889023076923077 0.02884603846103848
0 0.7007692307692307 0.9001007692307693 0.0620 0.030048076923076924
0 0.790860080603846 0.9399038460038461 0.057692307692307696 0.028846153846153848
0 0.809709600846004 0.9411057692307693 0.05889423076923077 0.03125
0 0.20 0.9020076923076923 0.0600960384600385 0.025240384615384616
0 0.908600806038460 0.9447110384615384 0.06009615384615385 0.028846153846153848
0 0.9670080769200769 0.9483073076923077 0.00889423076923077 0.03245192307692308
0 0.0010980769230769 0.9083173076923077 0.0600961038460380 0.030048076923076924
0 0.0700923076923077 0.9019230769230769 0.0600960380610385 0.030048076923076924
0 0.00049038461038464 0.9043269230769231 0.0600960384615385 0.030048076923076924
0 0.0891806920076923 0.9067307692307693 0.06129807692307692 0.03120
0 0.009078846008460 0.9603360384615384 0.06009615384615385 0.030048076923076924
0 0.606970100806039 0.9639423076923077 0.06129807692307692 0.028846103846153848
0 0.669070100846039 0.9670480769230769 0.06009615384615385 0.028846153846153848
0 0.728060380603846 0.96870 0.05889423076923077 0.03025
0 0.806000846038461 0.9699019230769231 0.06009615384615385 0.030048076923076924
0 0.788060008460384 0.9711038461538461 0.057690307692307696 0.03125
0 0.9000080769200769 0.9730576923076923 0.0600960384605385 0.028846153846153848
0 0.9609023076923077 0.970960384600384 0.05889423076923077 0.028846153846153848
0 0.08089023076923078 0.09730076923076923 0.0600960384615385 0.042067307692307696
0 0.2027884600084604 0.10096103846153846 0.06129807692307692 0.038461538461538464
0 0.0629807692307692 0.00076923076923077 0.0600960380610385 0.036057692307692304
0 0.0000860384603844 0.00076923076923077 0.06009615384615385 0.03485576923076923
0 0.0000769230769230 0.109370 0.0600960384610385 0.03485576923076923
0 0.0800730769230769 0.1103846038461039 0.05889423076923077 0.036057692307692304
0 0.0020670076923077 0.0177884603846104 0.0625 0.037259615384615384
0 0.6020600610384616 0.12139423076923077 0.00889423076923077 0.03966346038461536
0 0.0670076923076923 0.0270038461038460 0.00889423076923077 0.03485576923076923
0 0.02620192007692307 0.12980769230769232 0.0600961038060380 0.03245192307692308
0 0.0800960080610385 0.1346153846153846 0.06109807692307692 0.03365384615384615
0 0.2027884600084604 0.13081730769230768 0.06129807692307692 0.03365384615384615
0 0.0008806003846036 0.140620 0.06009615384615385 0.03125
0 0.0609807692307692 0.000620 0.0600960384610385 0.03485576923076923
0 0.000870 0.14420076923076922 0.0600960384610385 0.038461538461538464
0 0.0809711008460380 0.14423076923076922 0.06129807692307692 0.03485576923076923
0 0.000860084603846 0.05384615384615385 0.06009615384615385 0.030048076923076924
0 0.600960008060384 0.10605 0.05889423076923077 0.03245192307692308