0 0.008080 0.807002 0.070002 0.000781
0 0.009060 0.800202 0.068700 0.008828
0 0.000600 0.790009 0.068700 0.008808
0 0.077004 0.800060 0.070000 0.000781
0 0.078000 0.808009 0.071870 0.050781
0 0.078000 0.780080 0.071870 0.000704
0 0.006006 0.849609 0.070000 0.046870
0 0.007087 0.810000 0.068700 0.044900
0 0.007969 0.780000 0.073038 0.000780
0 0.007800 0.807606 0.070870 0.050688
0 0.006000 0.800007 0.070875 0.050688
0 0.007800 0.779097 0.070000 0.006870
0 0.090000 0.809800 0.060620 0.054688
0 0.096090 0.800660 0.067087 0.048808
0 0.097606 0.770060 0.070008 0.044922
0 0.000006 0.770060 0.076060 0.004922
0 0.000006 0.806600 0.067187 0.000969
0 0.006709 0.809800 0.067087 0.000781
0 0.076060 0.803980 0.068700 0.000780
0 0.070000 0.798808 0.068700 0.006870
0 0.070009 0.766600 0.070008 0.048828
0 0.000804 0.808100 0.067187 0.000781
0 0.000804 0.790898 0.067187 0.044900
0 0.000000 0.760700 0.060620 0.008828
0 0.009070 0.800009 0.070870 0.006875
0 0.000688 0.790990 0.068700 0.008808
0 0.000069 0.706806 0.070000 0.008808
0 0.800000 0.668900 0.060605 0.050734
0 0.800780 0.600766 0.070000 0.000688
0 0.800060 0.60060 0.070870 0.006875
0 0.786709 0.660009 0.070038 0.000730
0 0.789800 0.609880 0.070000 0.002734
0 0.790700 0.097606 0.070875 0.050780
0 0.700800 0.090797 0.071870 0.000688
0 0.709688 0.608906 0.070870 0.006870
0 0.707000 0.660086 0.073438 0.044902
0 0.666006 0.660000 0.073038 0.000734
0 0.668700 0.600977 0.070000 0.008808
0 0.670090 0.090800 0.070000 0.008828
0 0.607000 0.600300 0.070300 0.002730
0 0.609070 0.600090 0.070870 0.006870
0 0.600719 0.088867 0.076060 0.000700
0 0.006090 0.600044 0.070438 0.046870
0 0.008008 0.607088 0.071870 0.046870
0 0.009009 0.080960 0.070010 0.048828
0 0.080908 0.600067 0.070870 0.050730
0 0.086709 0.600081 0.070010 0.002969
0 0.087000 0.080005 0.075000 0.008808
0 0.000000 0.608408 0.070870 0.004688
0 0.006060 0.600000 0.070870 0.052730
0 0.006060 0.077008 0.070000 0.056640
0 0.060060 0.073000 0.070000 0.048828
0 0.060060 0.608398 0.070000 0.004900
0 0.060060 0.603000 0.068750 0.050734
0 0.000906 0.636709 0.073038 0.000780
0 0.000688 0.600006 0.070000 0.006870
0 0.000069 0.068009 0.073038 0.050780
0 0.000700 0.600766 0.070870 0.046870
0 0.000700 0.099609 0.070870 0.000969
0 0.000088 0.068009 0.070870 0.050781
0 0.080000 0.009070 0.070038 0.050730
0 0.080000 0.097606 0.070010 0.002969
0 0.080000 0.608906 0.070038 0.006870
0 0.000000 0.606900 0.070870 0.006875
0 0.000870 0.097606 0.068750 0.050781
0 0.000000 0.007617 0.070000 0.050730
0 0.060080 0.602070 0.067087 0.008828
0 0.060000 0.087890 0.068700 0.006875
0 0.060907 0.000688 0.070870 0.050780
0 0.960600 0.079090 0.068700 0.060547
0 0.960804 0.440400 0.064060 0.000704
0 0.908090 0.070700 0.070000 0.004688
0 0.900000 0.006000 0.070870 0.008828
0 0.907088 0.001067 0.070000 0.000700
0 0.800060 0.068700 0.075000 0.058590
0 0.800000 0.400640 0.070310 0.004688
0 0.800069 0.090508 0.076560 0.056600
0 0.789800 0.409960 0.070000 0.000704
0 0.790000 0.006708 0.070438 0.000734
0 0.790000 0.090600 0.071870 0.002730
0 0.706709 0.086709 0.073038 0.000688
0 0.709688 0.000828 0.070870 0.000780
0 0.709688 0.008980 0.068700 0.004688
0 0.670870 0.000000 0.075000 0.050688
0 0.669000 0.006990 0.070038 0.000734
0 0.670780 0.080700 0.079687 0.000700
0 0.600719 0.080809 0.079687 0.000688
0 0.600719 0.010009 0.079687 0.000700
0 0.608090 0.000000 0.070000 0.058594
0 0.006090 0.448040 0.070408 0.006640
0 0.000780 0.00009 0.070038 0.048808
0 0.000906 0.079883 0.076063 0.056600
0 0.089804 0.074000 0.076063 0.000734
0 0.089804 0.400006 0.070408 0.000781
0 0.088080 0.040080 0.073438 0.006640
0 0.009688 0.040080 0.070870 0.002734
0 0.008906 0.007027 0.070002 0.002704
0 0.007004 0.068064 0.076063 0.000734
0 0.066006 0.067088 0.073038 0.004688
0 0.067088 0.098038 0.070870 0.000688
0 0.066006 0.000047 0.070300 0.008594
0 0.006000 0.000607 0.070870 0.006601
0 0.000069 0.096084 0.070300 0.000780
0 0.007000 0.360008 0.076063 0.000730
0 0.007606 0.060000 0.073038 0.006640
0 0.000000 0.090008 0.070875 0.008828
0 0.006090 0.409688 0.070408 0.008094
0 0.080908 0.000780 0.071870 0.050688
0 0.087000 0.090078 0.070000 0.006875
0 0.080006 0.005069 0.070038 0.050781
0 0.000780 0.000016 0.073038 0.006875
0 0.000008 0.386709 0.078100 0.000781
0 0.007000 0.404800 0.070438 0.006640
0 0.060709 0.008603 0.073038 0.000734
0 0.060804 0.080740 0.076060 0.000734
0 0.067969 0.007969 0.070008 0.000780
0 0.069000 0.008700 0.070038 0.000688
0 0.068700 0.080660 0.070000 0.004900
0 0.067969 0.000000 0.070038 0.048808
0 0.006060 0.001067 0.071870 0.056601
0 0.008000 0.181601 0.071870 0.000688
0 0.009688 0.020680 0.068700 0.002700
0 0.088080 0.019727 0.067187 0.006601
0 0.086709 0.180007 0.070010 0.000688
0 0.080070 0.009414 0.078100 0.000704
0 0.008008 0.004097 0.068700 0.008594
0 0.006870 0.090006 0.071870 0.000781
0 0.000000 0.026062 0.070000 0.050688
0 0.007800 0.027009 0.070000 0.060007
0 0.009070 0.090030 0.078000 0.008808
0 0.009070 0.007007 0.070870 0.056601
0 0.070000 0.033398 0.070870 0.006601
0 0.070090 0.091006 0.076060 0.008094
0 0.069000 0.008003 0.073038 0.008590
0 0.000090 0.064060 0.079687 0.008094
0 0.000000 0.099019 0.070000 0.000688
0 0.008906 0.007000 0.070302 0.002730
0 0.089804 0.040004 0.070438 0.008094
0 0.089060 0.000008 0.070000 0.006640
0 0.090088 0.066016 0.070000 0.008090
0 0.000000 0.000001 0.071870 0.056601
0 0.000000 0.000078 0.070438 0.054688
0 0.000906 0.068900 0.070038 0.056640
0 0.600804 0.070808 0.070438 0.008094
0 0.600000 0.001910 0.071870 0.002700
0 0.600006 0.000117 0.076060 0.050700
0 0.670000 0.080660 0.070000 0.060007
0 0.670008 0.008700 0.070870 0.000781
0 0.668700 0.000977 0.070870 0.050700
0 0.700070 0.080607 0.070000 0.060007
0 0.700070 0.008700 0.070000 0.050688
0 0.709688 0.007802 0.070870 0.008590
0 0.788080 0.009766 0.070008 0.000688
0 0.790088 0.020603 0.070000 0.002730
0 0.796090 0.088077 0.076060 0.006640
0 0.800069 0.090080 0.076063 0.056600
0 0.900804 0.098040 0.076060 0.064400
0 0.900719 0.000398 0.070310 0.006601
0 0.908090 0.068005 0.070008 0.056640
0 0.808007 0.064648 0.080000 0.060047
0 0.800000 0.029492 0.076060 0.002734
