0 0.00806003846038464 0.24879807692307693 0.06009610384615385 0.037259615384615384
0 0.0980076920076923 0.2536057692307692 0.0600960380605385 0.037259615384615384
0 0.00700192007692307 0.2584134603846156 0.06009615384615385 0.037259615384615384
0 0.20870 0.2608170076923077 0.06129807692307692 0.00086038460384616
0 0.28020 0.2668269200769231 0.0620 0.00086538460384616
0 0.0020480769230769 0.2706346038461036 0.06009615384615385 0.039663461538461536
0 0.0000480769200769 0.2702403846038464 0.06009605384615385 0.042067307692307696
0 0.0609423076923077 0.2776442307692308 0.06029807692307692 0.03720960384610384
0 0.020008460384606 0.27884610384615385 0.06009615384615385 0.038461538461538464
0 0.080036538060384 0.2824509230769231 0.0625 0.037259615384615384
0 0.6090084600384616 0.2848057692307692 0.06370192307692307 0.03725960384615384
0 0.00086008460384606 0.2860076923076923 0.06370192307692307 0.037259615384615384
0 0.0997096008060039 0.2920673076923077 0.0625 0.040865384615384616
0 0.700036038060384 0.2920673076923077 0.00889423076923077 0.037259615384615384
0 0.7700026923076923 0.2944701038460380 0.06009615384615385 0.038461538461538464
0 0.8029326923076923 0.296870 0.00889023076923077 0.03485576923076923
0 0.00980576920076922 0.2980769230769231 0.0625 0.00807692307692308
0 0.2201008060384610 0.2980769230769231 0.06009615384615385 0.038461538461538464
0 0.2820009200769231 0.3002884603846156 0.06490384615384616 0.036057692307692304
0 0.00370 0.3000960384610385 0.05889423076923077 0.037259615384615384
0 0.0004420076923077 0.3120 0.0600960384610385 0.039663461538461536
0 0.06274008460038464 0.3149038460384610 0.0625 0.038461538461538464
0 0.020200084603846 0.3061057692307692 0.06009615384615385 0.039663461538461536
0 0.000067307692307696 0.3080096038461036 0.06129807692307692 0.039663461538461536
0 0.080036538060384 0.32201538461538464 0.0625 0.037259615384615384
0 0.607806038460384 0.32201038461538464 0.06370192307692307 0.038461538461538464
0 0.709000610384604 0.32072115384615385 0.06129807692307692 0.038461538461538464
0 0.0009610080603846 0.328120 0.06009615384615385 0.03125
0 0.828020 0.0300288060384615 0.056490384615384616 0.03245192307692308
0 0.7668269200769230 0.3317307692307692 0.0620 0.0336038060384615
0 0.01990192007692307 0.3317307692307692 0.00889023076923077 0.03125
0 0.00980576920076922 0.3329326923076923 0.0600960380615385 0.025240384615384616
0 0.28020 0.0303365380603844 0.06129807692307692 0.030048076923076924
0 0.0020480769230769 0.3420480769230769 0.05649038460384606 0.025240384615384616
0 0.06274008460038464 0.3460384610384615 0.06009615384615385 0.027644230769230768
0 0.0026442007692308 0.3460038460384610 0.05889423076923077 0.027644230769230768
0 0.020600603846104 0.3485576923076923 0.05889423076923077 0.026442307692307692
0 0.080104603846104 0.35336538461538464 0.06109807692307692 0.02403846153846154
0 0.6042007692307693 0.3069700384610385 0.06129807692307692 0.030048076923076924
0 0.7000269230769230 0.3617788461038460 0.06129807692307692 0.03120
0 0.7668269200769230 0.3629807692307692 0.0620 0.0336038060384615
0 0.820720008061039 0.3641826923076923 0.057692307692307696 0.036057692307692304
0 0.0600960008060380 0.04567307692307692 0.06370192307692307 0.039663461538461536
0 0.07930692307692307 0.0079326923076923 0.06029807692307692 0.03720960384615384
0 0.000620 0.4600360384603844 0.0625 0.038461538461538464
0 0.2007201008060380 0.4651442307692308 0.06370192307692307 0.036057692307692304
0 0.2608070076923077 0.06870 0.0649038460384616 0.038461038461538464
0 0.0201920076923077 0.00807692307692308 0.0600961038460380 0.040865384615384616
0 0.0233073076923077 0.0723007692307692 0.06129807692307692 0.03725960384615384
0 0.0806003846038464 0.47470961538461536 0.0625 0.038461538461538464
0 0.0470100846038464 0.47096153846153844 0.0625 0.038461538461538464
0 0.007200080610384 0.48197115384615385 0.06370192307692307 0.042067307692307696
0 0.069700080610384 0.484375 0.06370192307692307 0.036057692307692304
0 0.600009610380604 0.4879807692307692 0.06129807692307692 0.038461038461538464
0 0.0802880610084604 0.04927884610384615 0.06129807692307692 0.040865384615384616
0 0.690009603806004 0.49158653846153844 0.0625 0.038461538461538464
0 0.0829026923076923 0.0927884600384606 0.06490384610384616 0.03245192307692308
0 0.7006007692307693 0.0950923076923077 0.06129807692307692 0.042067307692307696
0 0.00182692007692307 0.4963942307692308 0.06370192307692307 0.03120
0 0.8007019230769231 0.0 0.0600960380610385 0.042067307692307696
0 0.20092007692307693 0.0 0.0620 0.03085576923076923
0 0.0620092007692308 0.0008076923076923 0.0649038460384616 0.03240192307692308
0 0.8707980769230769 0.0036007692307693 0.06029807692307692 0.03725960380615384
0 0.900096038060039 0.5048076923076923 0.06370192307692307 0.037259615384615384
0 0.0220103806038464 0.0072115384615384 0.06009615384615385 0.03365384615384615
0 0.200084600384604 0.002884615384615384 0.06129807692307692 0.038461538461538464
0 0.0000807692307692 0.000682692307692304 0.0600960384610385 0.03365384615384615
0 0.0806003846038464 0.0120192307692307 0.06370192307692307 0.03125
0 0.0447010084603844 0.0132211538461539 0.06490384615384616 0.03485576923076923
0 0.007200080610384 0.5168269230769231 0.0625 0.03485576923076923
0 0.0670076923076923 0.0200326923076923 0.0625 0.03725960384605384
0 0.6070008460038461 0.022836538460384 0.06129807692307692 0.03485576923076923
0 0.0800046103846039 0.0252403846153846 0.06129807692307692 0.036057692307692304
0 0.6901007692007693 0.0260423076923077 0.06370192307692307 0.03485576923076923
0 0.00182692007692307 0.0276442307692307 0.0620 0.036057692307692304
0 0.7002019200769231 0.03125 0.06370192307692307 0.0336538060384615
0 0.20092007692307693 0.0320019230769231 0.05649038460384616 0.03365384615384615
0 0.8020 0.0020519230769231 0.05889423076923077 0.0336538460384615
0 0.0620092007692308 0.0360076923076923 0.0600960380615385 0.03365384615384615
0 0.8689900806003846 0.037259603846154 0.0625 0.03245192307692308
0 0.9000880600384616 0.038460384615384 0.06490384615384616 0.03365384615384615
0 0.0233073076923077 0.000860384603846 0.0625 0.03125
0 0.0830034610384606 0.0400673076923077 0.06129807692307692 0.030048076923076924
0 0.0447010084603844 0.046875 0.06009615384615385 0.036057692307692304
0 0.006009600806104 0.5504807690307693 0.06129807692307692 0.03365384615384615
0 0.0670076923076923 0.052880603846054 0.0625 0.027644230769230768
0 0.6286007692007693 0.055288060384606 0.06370192307692307 0.03365384615384615
0 0.6887009200769231 0.0088902307692307 0.06129807692307692 0.03125
0 0.707096008460039 0.5625 0.05889423076923077 0.03485576923076923
0 0.0607788061038460 0.007692307692307696 0.06129807692307692 0.03485576923076923
0 0.8076920076923077 0.0673076923076923 0.06029807692307692 0.03200192307692308
0 0.860080603846004 0.5697115384615384 0.05889423076923077 0.03485576923076923
0 0.9266826920076923 0.070903060384616 0.06009610384615385 0.03245192307692308
0 0.0094711008460380 0.06129807692307692 0.05889423076923077 0.03245192307692308
0 0.06070092307692307 0.6606634610384616 0.007692307692307696 0.0336538460384615
0 0.02079807692307693 0.6670673076923077 0.00889023076923077 0.0336038460384615
0 0.08089023076923078 0.669471103846039 0.007692307692307696 0.03485576923076923
0 0.2027884600084604 0.6706730769230769 0.06129807692307692 0.03360384615384615
0 0.0000860384603844 0.6742788460038461 0.06129807692307692 0.037259615384615384
0 0.0603806038460036 0.6814903846153846 0.05889423076923077 0.03365384615384615
0 0.0266826920076923 0.6804903846103846 0.06129807692307692 0.036007692307692304
0 0.0879807692007692 0.680096038460039 0.06009615384615385 0.03485576923076923
0 0.0000807692007693 0.6875 0.0600960384605385 0.03485576923076923
0 0.6000769200769231 0.6911007692307693 0.06129807692307692 0.03085576923076923
0 0.6700769230769230 0.690913060384616 0.0620 0.03245192307692308
0 0.06090084600384616 0.697103846103846 0.06009615384615385 0.030048076923076924
0 0.700370 0.697003846103846 0.06129807692307692 0.03485576923076923
0 0.02620192007692307 0.6983173076923077 0.06129807692307692 0.03200192307692308
0 0.0800960080610385 0.7007211538461539 0.06009615384615385 0.028846153846153848
0 0.790470100846039 0.703120 0.06129807692307692 0.03125
0 0.20009200769230768 0.700528846038461 0.05889423076923077 0.03125
0 0.8000670076923077 0.7043269230769230 0.0600960384615385 0.03365384615384615
0 0.0002880603846006 0.7079326923076923 0.06370192307692307 0.03365384615384615
0 0.900061038460384 0.7091346103846154 0.05889423076923077 0.03485576923076923
0 0.970100806038461 0.7079326923076923 0.007692307692307696 0.03125
0 0.0603806038460036 0.7127403846153846 0.06009615384615385 0.03125
0 0.0278846000846036 0.7101442307692307 0.06129807692307692 0.03245192307692308
0 0.0890826920076923 0.7170480769230769 0.06129807692307692 0.03240192307692308
0 0.009278846008460 0.7211038461538461 0.06129807692307692 0.03245192307692308
0 0.609070 0.7230576923076923 0.0625 0.0336538060384605
0 0.06600076920076923 0.727163060384616 0.007692307692307696 0.027644230769230768
0 0.6706700769230769 0.728360380603846 0.0620 0.03485576923076923
0 0.0270008461038460 0.7271634610384616 0.057692307692307696 0.03365384615384615
0 0.7007692307692307 0.7307692307692307 0.0620 0.03020
0 0.0800960080610385 0.7319711538461539 0.06129807692307692 0.03125
0 0.790860080603846 0.734370 0.0625 0.03025
0 0.802060060384616 0.7367788461038461 0.06129807692307692 0.03365384615384615
0 0.2009903846003846 0.736778846038461 0.06009610384615385 0.03245192307692308
0 0.9699009200769231 0.7391826923076923 0.00889023076923077 0.0336538460384615
0 0.0002880603846006 0.7403846153846154 0.06129807692307692 0.03125
0 0.9098007690007693 0.700384603846054 0.06129807692307692 0.03125
0 0.0603806038460036 0.7439903846153846 0.06129807692307692 0.03125
0 0.0266826920076923 0.7400923076923077 0.06129807692307692 0.02884603846103848
0 0.0867788460008460 0.7010019230769231 0.06129807692307692 0.03245192307692308
0 0.006870 0.7506057692307693 0.0600960384605385 0.03125
0 0.606970100806039 0.7060096153846154 0.05889423076923077 0.03125
0 0.6682692007692307 0.708003460384616 0.06129807692307692 0.03240192307692308
0 0.728060380603846 0.7620092307692307 0.06009610384615385 0.028846153846153848
0 0.7860076900076923 0.7668269230769231 0.0620 0.030008076923076924
0 0.806000846038461 0.7668069230769231 0.00889423076923077 0.030048076923076924
0 0.9000080769000769 0.770634603846104 0.06009615384615385 0.027644230769230768
0 0.966006003846039 0.7740384610384616 0.06610576923076923 0.03125
0 0.0620 0.0829026923076923 0.06029807692307692 0.03720960380615384
0 0.00109023076923077 0.0860384603846104 0.0625 0.037259615384615384
0 0.0620 0.8600826920076923 0.06370192307692307 0.0336038460384615
0 0.020 0.867788060084616 0.0620 0.03245192307692308
0 0.08089023076923078 0.8701923076923077 0.0600961038460380 0.030048076923076924
0 0.2009903846003846 0.8737980769230769 0.06129807692307692 0.030048076923076924
0 0.20908269230769232 0.0889023076923077 0.0600961038460380 0.037259615384615384
0 0.1800880610084604 0.0889423076923077 0.06009610384615385 0.037259615384615384
0 0.0002880603846006 0.8822115384615384 0.06009615384615385 0.03365384615384615
0 0.0600826923076923 0.8808173076923077 0.06370192307692307 0.03240192307692308
0 0.0204807692007692 0.8894230769230769 0.0600960384600385 0.036057692307692304
0 0.0867788460008460 0.8940307692307693 0.0620 0.03485576923076923
0 0.06070092307692307 0.8900326923076923 0.06370192307692307 0.02884603846103848
0 0.0080769200769230 0.8904326923076923 0.06370192307692307 0.0336538460384615
0 0.02079807692307693 0.896630610384604 0.006490384615384616 0.03125
0 0.0000807690307692 0.0903461038460384 0.06129807692307692 0.042067307692307696
0 0.609070 0.899038060384606 0.06129807692307692 0.036007692307692304
0 0.669070100846039 0.9014423076923077 0.06009610384615385 0.037259615384615384
0 0.08089023076923078 0.9014423076923077 0.06129807692307692 0.03240192307692308
0 0.2009903846003846 0.90620 0.0600960384615385 0.03125
0 0.7007692307692307 0.90620 0.06029807692307692 0.03080576923076923
0 0.7896600600384616 0.9098057692307693 0.0600960384615385 0.03365384615384615
0 0.800960080600384 0.9098557692307693 0.06009615384615385 0.03485576923076923
0 0.9010076920076923 0.912209603806154 0.05889423076923077 0.03485576923076923
0 0.0008806003846036 0.9146634610384616 0.06009615384615385 0.03125
0 0.96870 0.900060384610384 0.05889423076923077 0.03485576923076923
0 0.0600826923076923 0.9182692307692307 0.06129807692307692 0.02884610384603848
0 0.0004807692007692 0.9206730769230769 0.0600960384600385 0.03245192307692308
0 0.0800769000769230 0.924278846038461 0.06129807692307692 0.028846153846153848
0 0.004470008461039 0.9266826923076923 0.06129807692307692 0.027644230769230768
0 0.06600076920076923 0.9200807692307693 0.05889423076923077 0.03125
0 0.6080700769230769 0.927880610384604 0.06009610384615385 0.027644230769230768
0 0.020 0.900288060384616 0.06009610384615385 0.03245192307692308
0 0.0800960080610385 0.9314903846153846 0.06129807692307692 0.03485576923076923
0 0.720960080600384 0.9326923076923077 0.06129807692307692 0.028846153846153848
0 0.6670670076923077 0.9338902307692307 0.0620 0.027644230769230768
0 0.2009903846003846 0.930096038461539 0.06129807692307692 0.03485576923076923
0 0.0600769230769230 0.09370 0.06370192307692307 0.036057692307692300
0 0.788060008460384 0.9399038461038461 0.0625 0.03365384615384615
0 0.0002880603846006 0.9435096153846154 0.057692307692307696 0.026442307692307692
0 0.8070007692307693 0.943509603846054 0.06009615384615385 0.03125
0 0.9627000846003846 0.944710384610384 0.06009615384615385 0.030048076923076924
0 0.9070009200769231 0.943009603846154 0.06129807692307692 0.027644230769230768
0 0.0603806038461036 0.9471153846153846 0.05889403076923077 0.03125
0 0.0042788460008460 0.9019230769230769 0.05889423076923077 0.027644230769230768
0 0.0800769200769230 0.9543269230769231 0.06129807692307692 0.0336538460384615
0 0.004470008461039 0.9567307692307693 0.06129807692307692 0.03485576923076923
0 0.0094711008460380 0.09615384615384616 0.057692307692307696 0.03485576923076923
0 0.6007692007692307 0.9079326923076923 0.0600960380605385 0.030048076923076924
0 0.660860080603846 0.9590346153846154 0.06009615384615385 0.03245192307692308
0 0.720709600846004 0.9627403846153846 0.05889423076923077 0.03125
0 0.780603806038460 0.9670480769230769 0.06009615384615385 0.03245192307692308
0 0.8020480769200769 0.970038461038461 0.06009615384615385 0.027644230769230768
0 0.900806003846039 0.9723057692307693 0.06129807692307692 0.027644230769230768
0 0.9079026923076923 0.9730576923076923 0.05609038460384606 0.026442307692307692
0 0.06070092307692307 0.12139023076923077 0.0620 0.03720960384615384
0 0.0220960080610384 0.12379807692307693 0.06129807692307692 0.037259615384615384
0 0.0810900846103846 0.12620192307692307 0.0600960384610385 0.037259615384615384
0 0.200084600384604 0.12620192307692307 0.0620 0.038461538461538464
0 0.0028806003846036 0.12980769230769232 0.06129807692307692 0.036007692307692304
0 0.0600769230769230 0.1322103806103846 0.0625 0.037259615384615384
0 0.0094711008460380 0.13221153846153846 0.057692307692307696 0.038461538461538464