0 0.18509615384615385 0.27163461538461536 0.2734375 0.4756610576923077
0 0.34134615384615385 0.30528846153846156 0.25450721153846156 0.47085336538461536
0 0.4963942307692308 0.33653846153846156 0.2527043269230769 0.4756610576923077
0 0.6538461538461539 0.3629807692307692 0.23587740384615385 0.4657451923076923
0 0.84375 0.39783653846153844 0.23527644230769232 0.4690504807692308
0 0.13341346153846154 0.65625 0.25721153846153844 0.4855769230769231
0 0.2920673076923077 0.6875 0.2527043269230769 0.4855769230769231
0 0.453125 0.7211538461538461 0.24729567307692307 0.4807692307692308
0 0.6141826923076923 0.7512019230769231 0.23798076923076922 0.4807692307692308
0 0.8100961538461539 0.7752403846153846 0.2361778846153846 0.44471153846153844
0 0.07572115384615384 0.25240384615384615 0.15114182692307693 0.4522235576923077