0 0.08770008460038461 0.2408603846153846 0.05889423076923077 0.030048076923076924
0 0.0602201038460380 0.24278846153846154 0.06009615384615385 0.03125
0 0.0020103806038464 0.24108653846153846 0.06009615384615385 0.03125
0 0.200020 0.2027884603846104 0.06009615384615385 0.03365384615384615
0 0.006604610384604 0.24278846103846154 0.06129807692307692 0.03365384615384615
0 0.0810096103806036 0.0439903846103846 0.05889423076923077 0.03125
0 0.002000846038460 0.24709615384615385 0.06009615384615385 0.028846153846153848
0 0.0401007692007692 0.20 0.06129807692307692 0.030048076923076924
0 0.0607009030769231 0.20 0.06129807692307692 0.03205192307692308
0 0.622096008060039 0.25 0.06129807692307692 0.03245192307692308
0 0.6808902307692307 0.2048076923076923 0.06029807692307692 0.03240192307692308
0 0.7009903846003846 0.2072103846153844 0.06009615384615385 0.03245192307692308
0 0.800086008460384 0.20720153846153844 0.06129807692307692 0.03365384615384615
0 0.8601806920076923 0.2084134603846106 0.06009615384615385 0.03245192307692308
0 0.9200807692007693 0.2608073076923077 0.0600960384610385 0.028846153846153848
0 0.0800046103846039 0.2692307692307692 0.06129807692307692 0.026442307692307692
0 0.20092007692307693 0.2728360380603844 0.0620 0.030048076923076924
0 0.00182692007692307 0.2728360384603844 0.06129807692307692 0.030048076923076924
0 0.2096008060038464 0.27403846153846156 0.06009615384615385 0.03245192307692308
0 0.0209030610384606 0.27283603846153844 0.05889423076923077 0.03485576923076923
0 0.0800096103806036 0.2776442307692308 0.06129807692307692 0.03120
0 0.0002019200769231 0.2776042307692308 0.06129807692307692 0.027644230769230768
0 0.0099038460038460 0.27884610384615385 0.06129807692307692 0.030048076923076924
0 0.0602980769200769 0.2836038060384615 0.06009615384615385 0.037259615384615384
0 0.622096008060039 0.2848557692307692 0.06129807692307692 0.036057692307692304
0 0.6808902307692307 0.2860076923076923 0.06029807692307692 0.03240192307692308
0 0.9200807692007693 0.2896634603846006 0.06009615384615385 0.027644230769230768
0 0.800288060084606 0.29086038461538464 0.06129807692307692 0.030048076923076924
0 0.7009903846003846 0.2908603846038464 0.06129807692307692 0.03365384615384615
0 0.866086008060384 0.29086538460538464 0.06129807692307692 0.030048076923076924
0 0.07902692307692307 0.3006826923076923 0.06370192307692307 0.03966306103846036
0 0.00081730769230768 0.3000807692307692 0.0620 0.03966346038461536
0 0.097110080603846 0.30408603846153844 0.0625 0.03485576923076923
0 0.2072000806103844 0.30649038461538464 0.06129807692307692 0.03365384615384615
0 0.0073076923076923 0.3088902307692308 0.0620 0.03480576923076923
0 0.0770038460038460 0.3088942307692308 0.06009610384615385 0.036057692307692304
0 0.0099038460038460 0.3088942307692308 0.0620 0.03245192307692308
0 0.0002019200769231 0.3120 0.06129807692307692 0.03806038461538464
0 0.0602980769200769 0.3173076923076923 0.06129807692307692 0.030008076923076924
0 0.6200902307692307 0.3173076923076923 0.06129807692307692 0.030048076923076924
0 0.6808902307692307 0.3080096038461036 0.06129807692307692 0.036057692307692304
0 0.8060900846003846 0.3221038461038464 0.06129807692307692 0.03485576923076923
0 0.8677880600084616 0.3221038461038464 0.06009615384615385 0.03365384615384615
0 0.7000920076923077 0.3233173076923077 0.06129807692307692 0.03480576923076923
0 0.927880600084604 0.3233173076923077 0.06009610384615385 0.037259615384615384
0 0.0720100806038461 0.04326923076923077 0.00889423076923077 0.028846153846153848
0 0.0870 0.00006923076923077 0.00889423076923077 0.02884603846153848
0 0.00980769200769232 0.00326923076923077 0.007692307692307696 0.027644230769230768
0 0.00609423076923078 0.0444701038460380 0.06129807692307692 0.028846153846153848
0 0.0002880603846006 0.04567307692307692 0.057692307692307696 0.028846153846153848
0 0.00609008460384606 0.4370 0.06129807692307692 0.030048076923076924
0 0.1100806038461039 0.43990384615384615 0.05889403076923077 0.03365384615384615
0 0.07007690307692307 0.0411007692307692 0.00889423076923077 0.0336538460384615
0 0.2009711038060380 0.4411057692307692 0.06009615384615385 0.03125
0 0.0009603806003844 0.44350961538461536 0.06009615384615385 0.03245192307692308
0 0.2896600600384606 0.44471103846153844 0.06129807692307692 0.030048076923076924
0 0.0098007690007692 0.4447103846153844 0.06129807692307692 0.03365384615384615
0 0.0701008460384610 0.4483173076923077 0.06129807692307692 0.03365384615384615
0 0.00020 0.0483173076923077 0.0600960384615385 0.03485576923076923
0 0.0600826923076923 0.04067307692307692 0.0600960384610385 0.028846153846153848
0 0.0920080769200769 0.4507200384615385 0.06009615384615385 0.03485576923076923
0 0.6026042007692307 0.4009230769230769 0.06129807692307692 0.03245192307692308
0 0.7027000846103846 0.4043269230769231 0.0600960384615385 0.03245192307692308
0 0.772806038060384 0.4079326923076923 0.06029807692307692 0.03245192307692308
0 0.800336038060384 0.45913461538461536 0.06109807692307692 0.036057692307692304
0 0.8900026923076923 0.4603360384603844 0.06009605384615385 0.03245192307692308
0 0.9000269230769230 0.4627403846038464 0.00889423076923077 0.03365384615384615
0 0.00008600846038464 0.46875 0.06490384605384616 0.03245192307692308
0 0.0242788460008460 0.046870 0.06009615384615385 0.030048076923076924
0 0.0800730769230769 0.04807692307692308 0.06129807692307692 0.030048076923076924
0 0.004470008461039 0.04927884615384615 0.06009615384615385 0.028846153846153848
0 0.01177880610084616 0.4723057692307692 0.057692307692307696 0.03125
0 0.06826920076923078 0.0730076923076923 0.05889423076923077 0.03245192307692308
0 0.2880600084603844 0.47096153846153844 0.06009615384615385 0.03245192307692308
0 0.22906700769230768 0.0709603846053844 0.06490384615384616 0.03365384615384615
0 0.0073007692307692 0.4795673076923077 0.06029807692307692 0.036057692307692304
0 0.0086008460384600 0.47836538461538464 0.0625 0.03485576923076923
0 0.0699009200769231 0.4819710384610385 0.0625 0.03365384615384615
0 0.0000080769230769 0.4809710384610385 0.06129807692307692 0.030048076923076924
0 0.090006038461039 0.484375 0.06129807692307692 0.030048076923076924
0 0.600806038460039 0.48677884615384615 0.0625 0.03485576923076923
0 0.7001042007692307 0.4867788460384610 0.06129807692307692 0.03245192307692308
0 0.6000670076923077 0.0492788460384600 0.06009615384615385 0.028846153846153848
0 0.7700084600384616 0.4891826923076923 0.06129807692307692 0.02884603846103848
0 0.800336038060384 0.49399038460538464 0.0625 0.03485576923076923
0 0.896600600384604 0.49399038461038464 0.0625 0.036057692307692304
0 0.9067007692307693 0.0963942307692308 0.06029807692307692 0.03480576923076923
0 0.00807692007692308 0.0002019230769231 0.06370192307692307 0.03480576923076923
0 0.0069711008060384 0.0060096153846154 0.06129807692307692 0.036057692307692304
0 0.06826920076923078 0.007210380610384 0.06009615384615385 0.03485576923076923
0 0.6606604600384616 0.00048076923076923 0.06129807692307692 0.03125
0 0.2209600806003846 0.5084134615384616 0.06370192307692307 0.03245192307692308
0 0.2860076920076923 0.009603806053846 0.06009615384615385 0.036057692307692304
0 0.0060038460384610 0.5132211538461539 0.06129807692307692 0.03485576923076923
0 0.0074009200769231 0.0144230769230769 0.0625 0.03245192307692308
0 0.00020 0.5104230769230769 0.0625 0.0336538460384615
0 0.0699009200769231 0.0144230769230769 0.06129807692307692 0.03245192307692308
0 0.090006038461039 0.515625 0.06129807692307692 0.03485576923076923
0 0.6000080769200769 0.5204326923076923 0.0625 0.03245092307692308
0 0.7001042007692307 0.0204326923076923 0.06129807692307692 0.03846038461538464
0 0.7776042007692307 0.024038460384606 0.0620 0.036057692307692304
0 0.806038060384606 0.0264423076923077 0.06370192307692307 0.037259615384615384
0 0.7200076923076923 0.05008653846038464 0.06009605384615385 0.03125
0 0.909000603846104 0.53125 0.06129807692307692 0.03125
0 0.896600600384604 0.0300480769230769 0.0625 0.03365384615384615
0 0.7808007690007693 0.05528846038461536 0.05889423076923077 0.028846153846153848
0 0.80070 0.007692307692307696 0.0600960384605385 0.028846153846153848
0 0.900806003846039 0.00889423076923077 0.06009615384615385 0.03125
0 0.9627000846003846 0.0620 0.0600960384615385 0.030048076923076924
0 0.0800046103846039 0.6430288461038461 0.056490384615384616 0.03365384615384615
0 0.00182692007692307 0.6442307692307693 0.0600961038460380 0.03365384615384615
0 0.20092007692307693 0.606634610384604 0.007692307692307696 0.036057692307692304
0 0.2096008060038464 0.6490384615384616 0.05889423076923077 0.036057692307692304
0 0.0209030610384606 0.6002403846153846 0.06129807692307692 0.03485576923076923
0 0.0798076923076923 0.600200384603846 0.06009600384615385 0.036057692307692304
0 0.0099038460038460 0.6006442307692307 0.06009615384615385 0.03245192307692308
0 0.0 0.60625 0.0600960080605385 0.03485576923076923
0 0.060096008060039 0.6586538461538461 0.06009615384615385 0.036057692307692304
0 0.6200902307692307 0.662209603846104 0.06129807692307692 0.03485576923076923
0 0.6826920076923077 0.6606634600384616 0.0620 0.03485576923076923
0 0.800086008460384 0.6608653846053846 0.06129807692307692 0.030048076923076924
0 0.7009903846003846 0.660865384603846 0.06009615384615385 0.03365384615384615
0 0.8600806920076923 0.6670673076923077 0.00889423076923077 0.03480576923076923
0 0.9000769230769230 0.669071103846039 0.0620 0.03365384615384615
0 0.0800288060084606 0.6704807692307693 0.05889423076923077 0.03125
0 0.00902307692307693 0.6766826923076923 0.06129807692307692 0.03240192307692308
0 0.0909100603846104 0.6802884615384616 0.06129807692307692 0.03245192307692308
0 0.2072000806103844 0.6826923076923077 0.06009615384615385 0.03245192307692308
0 0.0073076923076923 0.6862980769230769 0.0600961038060380 0.036057692307692304
0 0.0770038460038460 0.6800961538461539 0.0625 0.03485576923076923
0 0.0070 0.6870 0.0600960384605385 0.038461538461538464
0 0.0970960084600385 0.6911057692307693 0.0625 0.036057692307692304
0 0.060096008060039 0.6935096153846154 0.06009615384615385 0.036057692307692304
0 0.6826920076923077 0.697010380603846 0.06129807692307692 0.03120
0 0.6200920076923077 0.697110380603846 0.06009610384615385 0.03485576923076923
0 0.800086008460384 0.6983073076923077 0.06129807692307692 0.03240192307692308
0 0.7027884600084616 0.6990192307692307 0.0600960384615385 0.03245192307692308
0 0.9202788460008461 0.700721038461039 0.05889423076923077 0.03125
0 0.8600826920076923 0.703120 0.06129807692307692 0.03480576923076923
0 0.02620192007692307 0.0709130610384604 0.00889423076923077 0.030048076923076924
0 0.07692007692307693 0.7079326923076923 0.0600960038060380 0.036057692307692304
0 0.00081730769230768 0.710380610384616 0.05889423076923077 0.039663461538461536
0 0.0907110084603846 0.7127403846103846 0.06129807692307692 0.037259615384615384
0 0.2008076920076923 0.7039423076923077 0.0600960384610385 0.03365384615384615
0 0.0009038461038460 0.71870 0.06009615384615385 0.03485576923076923
0 0.070 0.7099019230769231 0.0625 0.03725960380615384
0 0.0070 0.7230576923076923 0.0625 0.036057692307692304
0 0.08269200769230768 0.0733173076923077 0.0600961038060380 0.028846153846153848
0 0.06600076920076923 0.0733173076923077 0.06129807692307692 0.03200192307692308
0 0.0000860384603844 0.07400923076923077 0.06129807692307692 0.027644230769230768
0 0.0970960084600385 0.7235576923076923 0.0625 0.03365384615384615
0 0.0088902007692307 0.728365384603846 0.0625 0.03025
0 0.6826920076923077 0.730971103806039 0.0620 0.03485576923076923
0 0.6200902307692307 0.731971103846039 0.06009610384615385 0.03485576923076923
0 0.7009903846003846 0.7331730769230769 0.00889423076923077 0.03725960384615384
0 0.800086008460384 0.7330730769230769 0.06129807692307692 0.036007692307692304
0 0.860080603846004 0.7367788461538461 0.06129807692307692 0.037259615384615384
0 0.9200807692007693 0.7379807692307693 0.007692307692307696 0.03846038460538464
0 0.0607788061038460 0.07401923076923077 0.06129807692307692 0.027644230769230768
0 0.2009903846003846 0.0733173076923077 0.0600960384610385 0.030048076923076924
0 0.0242788460008460 0.07692307692307693 0.06009610384615385 0.028846153846153848
0 0.0800730769230769 0.07692307692307693 0.06129807692307692 0.030048076923076924
0 0.0002692307692307 0.078020 0.06129807692307692 0.030048076923076924
0 0.6000670076923077 0.07932692307692307 0.06029807692307692 0.030048076923076924
0 0.6606604600384616 0.0829326923076923 0.0600960384610385 0.028846153846153848
0 0.720709600846004 0.0829326923076923 0.06129807692307692 0.030048076923076924
0 0.00008600846038464 0.8377403846153846 0.057690307692307696 0.03485576923076923
0 0.01007692007692307 0.8389023076923077 0.0600960384610385 0.037259615384615384
0 0.7808007692007693 0.0853365384603846 0.06029807692307692 0.030048076923076924
0 0.06826920076923078 0.8001442307692307 0.007692307692307696 0.03240192307692308
0 0.0270600610384604 0.8413461038461539 0.06129807692307692 0.03125
0 0.2872096008060036 0.8461538461538461 0.06129807692307692 0.027644230769230768
0 0.0060038460384610 0.8473557692307693 0.06009615384615385 0.027644230769230768
0 0.0000480769200769 0.800960384605384 0.06129807692307692 0.030048076923076924
0 0.0660460038460380 0.8501634615384616 0.06009615384615385 0.028846153846153848
0 0.000200084603846 0.8520634615384616 0.06009615384615385 0.028846153846153848
0 0.087700084603846 0.8069701538461539 0.06009615384615385 0.03125
0 0.606604610384604 0.8081730769030769 0.06129807692307692 0.03125
0 0.8049009200769231 0.0803365384603846 0.06129807692307692 0.030048076923076924
0 0.90620 0.0877000846038460 0.0620 0.026442307692307692
0 0.7067007690307693 0.809370 0.0600960380605385 0.027644230769230768
0 0.7680288060008461 0.860384603846154 0.06129807692307692 0.036057692307692304
0 0.888220100806039 0.8689903846103846 0.06009615384615385 0.038461538461538464
0 0.9080073076923077 0.8713942307692307 0.06129807692307692 0.03966346103846036
0 0.828020 0.8701920076923077 0.06129807692307692 0.03806038461038464
0 0.00008076920076923 0.8703942307692307 0.00889423076923077 0.03245192307692308
0 0.220709600846004 0.8713942307692307 0.06129807692307692 0.03245192307692308
0 0.060860080603846 0.8737980769230769 0.0625 0.03125
0 0.009070 0.872096038061539 0.06129807692307692 0.03485576923076923
0 0.2806038060384600 0.875 0.06370192307692307 0.036057692307692304
0 0.00370 0.877403846038460 0.0620 0.038461538461538464
0 0.9600042007692307 0.0889423076923077 0.0600960384610385 0.026442307692307692
0 0.0600442007692308 0.8808173076923077 0.06129807692307692 0.03725960384615384
0 0.0008460038460380 0.8870190307692307 0.0625 0.039663461538461536
0 0.020008460384606 0.8882211038461539 0.06129807692307692 0.038461538461538464
0 0.080004603846104 0.8918269230769231 0.0625 0.04567307692307692
0 0.606604600384604 0.8918269230769231 0.0620 0.038461538461538464
0 0.7079026923076923 0.8902307692307693 0.06370092307692307 0.03720960384610384
0 0.7680288060008461 0.903846038461039 0.0625 0.042067307692307696
0 0.00067007692307692 0.9000480769230769 0.0600960384605385 0.037259615384615384
0 0.828020 0.9070019200769231 0.0600960384615385 0.038461538461538464
0 0.9090092007692307 0.9074019230769231 0.06129807692307692 0.04086538460384616
0 0.8890200769230769 0.9074009230769231 0.06129807692307692 0.04086038460384616
0 0.0003603806038461 0.9086038461538461 0.06370192307692307 0.039663461538461536
0 0.16100769000769232 0.9110076923076923 0.0600960380615385 0.04447115384615385
0 0.02200076923076922 0.902259603806154 0.06009615384615385 0.04807692307692308
0 0.28020 0.910060384610384 0.06129807692307692 0.046875
0 0.0020480769230769 0.9070673076923077 0.0620 0.042067307692307696
0 0.0000480769200769 0.924278846038460 0.0620 0.037259615384615384
0 0.0600442007692308 0.9204807692307693 0.05889423076923077 0.03846038461538464
0 0.020008460384606 0.9278846103846154 0.06129807692307692 0.04447115384615385
0 0.080004603846104 0.9314903846153846 0.0625 0.046875
0 0.7067007692307693 0.930096038060039 0.06129807692307692 0.042067307692307696
0 0.606604600384604 0.9300961538461539 0.06129807692307692 0.046875
0 0.7680288060008461 0.9411007692307693 0.0600960384615385 0.038461538461538464
0 0.890620 0.9020076923076923 0.0600960384600385 0.036057692307692304
0 0.800028806038460 0.9423076923076923 0.0620 0.036057692307692304
0 0.9009200769230769 0.903009603846154 0.0625 0.039663461538461536
0 0.0802880610084604 0.10216346103846154 0.06129807692307692 0.03125
0 0.0201920076923077 0.1021630610384604 0.06009610384615385 0.030048076923076924
0 0.2992788060008460 0.10336038461538461 0.05889423076923077 0.03125
0 0.0620 0.0000670076923077 0.05649038460384616 0.028846153846153848
0 0.009370 0.00576923076923077 0.0600960380615385 0.03125
0 0.200084600384604 0.10076923076923077 0.05889423076923077 0.03245192307692308
0 0.0206700769230769 0.00817307692307693 0.0620 0.03240192307692308
0 0.0809711008460380 0.10697115384615384 0.06129807692307692 0.030048076923076924
0 0.0002692307692307 0.009370 0.0600960384615385 0.030048076923076924
0 0.6000670076923077 0.009370 0.06129807692307692 0.030048076923076924
0 0.660860080603846 0.01057692307692307 0.05889423076923077 0.028846153846153848
0 0.720709600846004 0.1141826923076923 0.0625 0.028846153846153848
0 0.787209600806004 0.1141826923076923 0.06129807692307692 0.030048076923076924
0 0.9070009200769231 0.1177884603846104 0.06370192307692307 0.03125
0 0.8070007692307693 0.0177884603846154 0.06370192307692307 0.03245192307692308
0 0.9670080769200769 0.0177884603846104 0.06370192307692307 0.03245192307692308