0 0.3808073076903077 0.1907103846103846 0.06009615384615385 0.03485576923076923
0 0.0409034603846106 0.19591346153846154 0.0605 0.036057692307692304
0 0.006009603806004 0.00432692307692307 0.0625 0.03125
0 0.068009603806054 0.0091346153846154 0.0625 0.030048076923076924
0 0.6286007692007693 0.2003806103846154 0.06009615384615385 0.03245192307692308
0 0.02880600084603848 0.2127403846103846 0.056490384615384616 0.03125
0 0.0803360380603846 0.00394230769230768 0.057692307692307696 0.03245192307692308
0 0.6901007690307693 0.21390230769230768 0.0620 0.030048076923076924
0 0.700003846038460 0.21014423076923078 0.0625 0.03245192307692308
0 0.00180692307692307 0.21704807692307693 0.06129807692307692 0.036007692307692304
0 0.0007201038060380 0.21875 0.06009615384615385 0.036057692307692304
0 0.2608070076923077 0.220709603846104 0.06009615384615385 0.03485576923076923
0 0.0220103806038464 0.2283603846153846 0.06129807692307692 0.03485576923076923
0 0.3830034610384606 0.02906730769230768 0.06129807692307692 0.03365384615384615
0 0.8703900307692307 0.22906730769230768 0.0649038460384616 0.04447110384615385
0 0.0430096038460036 0.03197115384615385 0.0625 0.03485576923076923
0 0.9300903846103846 0.03076923076923078 0.06370192307692307 0.04086038460384616
0 0.0008076903076923 0.2367788460384600 0.0625 0.03245192307692308
0 0.0660007692007693 0.23798076923076922 0.06370192307692307 0.030008076923076924
0 0.6270008460038461 0.243990384603846 0.06129807692307692 0.03120
0 0.6901007690307693 0.203990384603846 0.0620 0.030048076923076924
0 0.0800288060084606 0.24639423076923078 0.00889423076923077 0.036057692307692304
0 0.7000019230769231 0.20 0.06129807692307692 0.036057692307692300
0 0.000620 0.20 0.05889420076923077 0.03846038461538464
0 0.09801730769230768 0.2008076923076923 0.0600960384610385 0.03245192307692308
0 0.2096008060038464 0.25600961538461536 0.06009615384615385 0.036057692307692304
0 0.0097110380603844 0.20841346153846156 0.06129807692307692 0.03365384615384615
0 0.3802010380603844 0.26322110384615385 0.06009615384615385 0.03485576923076923
0 0.8700903076923077 0.2604230769230769 0.06490384610384616 0.036007692307692304
0 0.0401007690307692 0.260625 0.0600960384615385 0.036057692307692304
0 0.9306923076923077 0.260620 0.06370092307692307 0.03085576923076923
0 0.0006007692307693 0.2692307692307692 0.0625 0.0336538060384605
0 0.060900846038460 0.27163461038461536 0.0625 0.03485576923076923
0 0.6062009230769231 0.2760423076923077 0.0620 0.03846038461038464
0 0.6887009030769231 0.2800080769230769 0.0620 0.03240192307692308
0 0.7000019230769231 0.2836038060384615 0.0625 0.03245192307692308
0 0.930096038060039 0.3004807690307692 0.06370192307692307 0.03485576923076923
0 0.08070076923076923 0.3806103846038464 0.06009610384615385 0.03365384615384615
0 0.00902307692307693 0.3882211038460380 0.05889423076923077 0.03365384615384615
0 0.09801730769230768 0.3930288061038460 0.00889423076923077 0.036057692307692304
0 0.2072000806103844 0.3942307692307692 0.06009615384615385 0.03485576923076923
0 0.0073076923076923 0.3990380610384606 0.06009610384615385 0.036057692307692304
0 0.0770038460038460 0.4014423076923077 0.06129807692307692 0.036007692307692304
0 0.0087009230769231 0.4074019230769231 0.06129807692307692 0.03720960384615384
0 0.0987980769030769 0.4086038460384600 0.05889423076923077 0.039663461538461536
0 0.0088900307692307 0.4010576923076923 0.06129807692307692 0.03725960384615384
0 0.6089903806103846 0.4102096038461536 0.06009615384615385 0.036057692307692304
0 0.679086038060384 0.40086538461538464 0.0605 0.03485576923076923
0 0.07692007692307693 0.0008603846038464 0.05889423076923077 0.030048076923076924
0 0.700384600384604 0.4180692307692308 0.06129807692307692 0.03480576923076923
0 0.000610384603846 0.41947110384615385 0.06009615384615385 0.030048076923076924
0 0.800880600384604 0.4204807692307692 0.05889423076923077 0.038461538461538464
0 0.09200769230769232 0.0266826923076923 0.00889423076923077 0.0336038460384615
0 0.8609807692307693 0.0278846003846036 0.06370192307692307 0.038461038461538464
0 0.2020008460384600 0.43028846153846156 0.06129807692307692 0.03485576923076923
0 0.0009038461038460 0.43149038461038464 0.06009615384615385 0.03365384615384615
0 0.9002788460038461 0.4338942307692308 0.06129807692307692 0.03846038461038464
0 0.0737980769230769 0.0300960384600385 0.06009615384615385 0.03365384615384615
0 0.0062980769230769 0.4399038460038460 0.0620 0.036057692307692304
0 0.0970960084600385 0.4423076923076923 0.06370192307692307 0.03245192307692308
0 0.0076920076923077 0.0459034603846156 0.06129807692307692 0.03245192307692308
0 0.6077880610384616 0.4483173076903077 0.06129807692307692 0.0336038460384615
0 0.0709000610384604 0.4490192307692308 0.06129807692307692 0.040865384615384616
0 0.6800880600384616 0.4019230769230769 0.06370192307692307 0.04086538460384616
0 0.02980769200769232 0.003120 0.0600960384615385 0.039663461538461536
0 0.7007884600384616 0.4055288460384615 0.06129807692307692 0.039663461538461536
0 0.08870192007692307 0.0091346038461036 0.06129807692307692 0.038461538461538464
0 0.800880600384604 0.46274038461038464 0.05889423076923077 0.03365384615384615
0 0.2002019200769231 0.0627403846038464 0.06129807692307692 0.03480576923076923
0 0.0000961038060380 0.46634615384615385 0.06129807692307692 0.037259615384615384
0 0.8600806923076923 0.4670480769230769 0.06370192307692307 0.03966346038461036
0 0.9000807692307693 0.4670480769230769 0.06370092307692307 0.03966346038461536
0 0.0703902307692308 0.4699019230769231 0.0600960384610385 0.037259615384615384
0 0.0038942307692308 0.4723007692307692 0.06029807692307692 0.03846038461538464
0 0.09099038460038464 0.4771634603846106 0.0625 0.040865384615384616
0 0.0076920076923077 0.0830730769230769 0.06129807692307692 0.036057692307692304
0 0.6077880610384616 0.4879807690307692 0.06129807692307692 0.042067307692307696
0 0.6800880600384616 0.4903846038461036 0.06370192307692307 0.036057692307692304
0 0.7007884600384616 0.4939903846038464 0.06009610384615385 0.03485576923076923
0 0.800880600384604 0.4963942307692308 0.00889423076923077 0.036057692307692304
0 0.8600806923076923 0.0036007692307693 0.06370192307692307 0.04086538460384616
0 0.9000807692307693 0.006009603846054 0.06370192307692307 0.039663461538461536
0 0.078020 0.085036538060384 0.06009615384615385 0.03365384615384615
0 0.00081730769030768 0.0901042307692307 0.0600960384615385 0.03485576923076923
0 0.0907110084603846 0.0949519230769231 0.0625 0.03245192307692308
0 0.0006007692307692 0.5973557692307693 0.0600960380605385 0.03365384615384615
0 0.0020 0.6000673076923077 0.0600960384615385 0.03365384615384615
0 0.0737980769230769 0.6000769230769231 0.06129807692307692 0.03720960380615384
0 0.0038942307692308 0.6041826923076923 0.06129807692307692 0.03720960384610384
0 0.0900920076923077 0.616086538460384 0.0625 0.038461538461538464
0 0.005288060084606 0.6213942307692307 0.06129807692307692 0.038461538461538464
0 0.6089903806103846 0.6037980769230769 0.0620 0.03966346038461536
0 0.07000900076923077 0.622096038461539 0.06129807692307692 0.042067307692307696
0 0.6800880600384616 0.622096038461539 0.06009615384615385 0.042067307692307696
0 0.001009610380604 0.6262019230769231 0.0620 0.03245192307692308
0 0.0899008061038460 0.6062019230769231 0.06129807692307692 0.03360384615384615
0 0.700384600384604 0.6098076923076923 0.06129807692307692 0.040860384615384616
0 0.00 0.6298076920076923 0.0600960380610385 0.03365384615384615
0 0.9002788460038461 0.6370192307692307 0.06370192307692307 0.03846038461038464
0 0.8000807690307693 0.6370092307692307 0.0620 0.036007692307692304
0 0.8607788061038461 0.638021038461039 0.06129807692307692 0.037259615384615384
0 0.0000961038060380 0.6380211538461539 0.06129807692307692 0.03365384615384615
0 0.0720960380600385 0.6418269230769231 0.0625 0.03365384615384615
0 0.0026923076923077 0.646634600384604 0.0620 0.036057692307692304
0 0.09099038460038464 0.6014423076923077 0.0625 0.03846038461538464
0 0.005288060084606 0.6574519230769231 0.0625 0.038461538461538464
0 0.0697010080603846 0.6074519230769231 0.057692307692307696 0.028846153846153848
0 0.606086038060384 0.6610576903076923 0.0625 0.037259615384615384
0 0.00860076920076922 0.6610076923076923 0.06129807692307692 0.03725960380615384
0 0.679086038060384 0.6602096053846154 0.06129807692307692 0.036057692307692304
0 0.0899008061038460 0.6646634610384616 0.06009615384615385 0.039663461538461536
0 0.20879807692007693 0.6682692307692307 0.00889423076923077 0.04086038460384606
0 0.7390806923076923 0.6670673076923077 0.0600961038060380 0.03485576923076923
0 0.0076923076923077 0.6702788460038461 0.0620 0.036057692307692304
0 0.8000807692007693 0.6742788460038461 0.0620 0.03725960384615384
0 0.8607788061038461 0.674078846038461 0.06129807692307692 0.03480576923076923
0 0.9002788460038461 0.6766826923076923 0.0620 0.03725960384615384
0 0.06899038060038464 0.677884603846104 0.06370192307692307 0.039663461538461536
0 0.0002884600384606 0.6826923076923077 0.0620 0.04447115384615385
0 0.0900846003846036 0.6899038461038461 0.0625 0.03485576923076923
0 0.002880600846054 0.6923076923076923 0.0625 0.037259615384615384
0 0.606086008060384 0.6959134615384616 0.06370192307692307 0.037259615384615384
0 0.679086008060384 0.7009230769230769 0.06129807692307692 0.040860384615384616
0 0.700084600384604 0.7043269230769231 0.06129807692307692 0.038461038461538464
0 0.8006826920076923 0.709130610384604 0.0620 0.036057692307692304
0 0.8607788061038461 0.710740384603846 0.0620 0.038461538461538464
0 0.9002788460038461 0.7139423076923077 0.06370192307692307 0.036007692307692304
0 0.07000900076923077 0.789663460384616 0.0620 0.036057692307692304
0 0.0022110380603846 0.796870 0.06009615384615385 0.03365384615384615
0 0.090009603806104 0.8004807692307693 0.06129807692307692 0.03485576923076923
0 0.20 0.800086008460384 0.06009605384615385 0.03485576923076923
0 0.0110980769230769 0.8060903846103846 0.06129807692307692 0.036007692307692304
0 0.0703902307692308 0.8173076923076923 0.0620 0.03720960384615384
0 0.00049038461038464 0.820913460384616 0.0620 0.037259615384615384
0 0.0900860084603844 0.8033173076923077 0.06129807692307692 0.037259615384615384
0 0.0720100806038461 0.828120 0.0625 0.03365384615384615
0 0.000086508460384 0.8069230769230769 0.06009605384615385 0.037259615384615384
0 0.6001826920076923 0.830028846038461 0.0620 0.037259615384615384
0 0.02980769200769232 0.8317307692307693 0.06610076923076923 0.0336038060384615
0 0.6702788460008461 0.837740384603846 0.06009610384615385 0.03485576923076923
0 0.09110076920076922 0.837700384603846 0.0620 0.03485576923076923
0 0.7000769230769230 0.836538060384616 0.06129807692307692 0.037259615384615384
0 0.796870 0.8089003076923077 0.00889423076923077 0.0336538460384615
0 0.20879807692007693 0.8389423076923077 0.0620 0.0336038460384605
0 0.0076923076923077 0.8020480769230769 0.0620 0.036057692307692304
0 0.806970008461039 0.8449519030769231 0.06009615384615385 0.037259615384615384
0 0.9080692007692307 0.8473007692307693 0.05889423076923077 0.03725960384615384
0 0.06899038060038464 0.803365384603846 0.0625 0.03365384615384615
0 0.0002884600384606 0.8045673076923077 0.0625 0.03365384615384615
0 0.0900846003846036 0.8081730769230769 0.0625 0.036057692307692304
0 0.0006826920076923 0.861778806038461 0.0625 0.03245192307692308
0 0.0680096008060039 0.8617788461538461 0.06129807692307692 0.03485576923076923
0 0.6029807692007693 0.866086038060384 0.06370192307692307 0.03485576923076923
0 0.02620192007692307 0.866086038060384 0.06370192307692307 0.03485576923076923
0 0.6702788460008461 0.8701923076923077 0.06129807692307692 0.0336038460384615
0 0.08629807692007693 0.8713902307692307 0.0620 0.03240192307692308
0 0.7000769230769230 0.8762019230769231 0.0625 0.036057692307692300
0 0.20009200769230768 0.877403846038461 0.0620 0.038461538461538464
0 0.796870 0.877000846038460 0.06009610384615385 0.040865384615384616
0 0.00609038460038464 0.8798076923076923 0.0620 0.04086538460384616
0 0.8080700769230769 0.8798076923076923 0.06129807692307692 0.03720960380615384
0 0.9082692007692307 0.880610384603846 0.0620 0.03485576923076923
0 0.0603806038460036 0.8894230769230769 0.0625 0.036057692307692304
0 0.0266826920076923 0.890620 0.06370092307692307 0.036007692307692304
0 0.0890826920076923 0.8904326923076923 0.0620 0.03725960384615384
0 0.0006826920076923 0.900200384603846 0.06129807692307692 0.038461538461538464
0 0.6029807692007693 0.903806103846039 0.0620 0.038461538461538464
0 0.6702788460008461 0.9074019230769231 0.06129807692307692 0.03846038461538464
0 0.7000769230769230 0.9110576923076923 0.06129807692307692 0.03725960380615384
0 0.796870 0.908600806053846 0.06129807692307692 0.03485576923076923
0 0.8080700769230769 0.9170673076923077 0.0620 0.03725960380615384
0 0.909071100846039 0.921870 0.06129807692307692 0.038461538461538464
0 0.00966306003846036 0.9807692307692307 0.06009610384615385 0.036057692307692304
0 0.09090090007692307 0.9805769230769231 0.05889423076923077 0.026442307692307692
0 0.00200092307692308 0.181490384603846 0.00889423076923077 0.03245192307692308
0 0.09000807692307693 0.081490384603846 0.0620 0.036057692307692304
0 0.0090384610384604 0.18009615384615385 0.04807690307692308 0.026442307692307692
0 0.00032692307692307 0.0870 0.06370192307692307 0.027644230769230768
0 0.0604200769230769 0.19230769230769232 0.0600961038460380 0.030048076923076924
0 0.0207200380610385 0.19471153846153846 0.06009615384615385 0.03365384615384615