0 0.01007692007692307 0.019230769230769232 0.00889023076923077 0.03846038461538464
0 0.0009038461038460 0.19091346153846154 0.06009615384615385 0.040865384615384616
0 0.070 0.097103806103846 0.06009615384615385 0.038461538461538464
0 0.0000960384600385 0.19951923076923078 0.06129807692307692 0.036057692307692304
0 0.0960942307692308 0.2007201038460380 0.0625 0.038461538461538464
0 0.006090084603846 0.20432692307692307 0.06009605384615385 0.038461538461538464
0 0.606086008060384 0.20793269230769232 0.057692307692307696 0.037259615384615384
0 0.6766826920076923 0.2010380603846104 0.06370192307692307 0.037259615384615384
0 0.0690711008460380 0.021634615384615384 0.05889423076923077 0.04326923076923077
0 0.7090826923076923 0.21010423076923078 0.0620 0.03485576923076923
0 0.7980769200769230 0.21870 0.007692307692307696 0.03806038461538464
0 0.0200084600384604 0.21990192307692307 0.04807692307692308 0.03245192307692308
0 0.0707200080610384 0.22115384615384615 0.05889423076923077 0.03125
0 0.00081730769230768 0.22230576923076922 0.0625 0.03085576923076923
0 0.0907110084603846 0.2247096153846154 0.05889423076923077 0.036057692307692304
0 0.0006007692307692 0.2270630603846154 0.06009615384615385 0.036057692307692304
0 0.0037019230769231 0.23317307692307693 0.0600961038060380 0.03365384615384615
0 0.070 0.230370 0.0600960384605385 0.03485576923076923
0 0.0000960384600385 0.03557692307692307 0.06009615384615385 0.03485576923076923
0 0.0960942307692308 0.23798076923076922 0.06029807692307692 0.03720960384610384
0 0.006090084603846 0.23908269230769232 0.06009615384615385 0.03365384615384615
0 0.600080603846104 0.2439903846153846 0.05889423076923077 0.036057692307692304
0 0.6700807692007693 0.2470960384605385 0.06129807692307692 0.03485576923076923
0 0.7067788060038461 0.2012019230769231 0.05889423076923077 0.03725960384615384
0 0.7906700769230769 0.2036057692307692 0.057692307692307696 0.03806038460538464
0 0.22906700769230768 0.027604230769230768 0.06029807692307692 0.03846038461038464
0 0.0200084600384604 0.2048076923076923 0.046875 0.037259615384615384
0 0.07692007692307693 0.2008076923076923 0.06029807692307692 0.03720960384615384
0 0.00701923076923078 0.2096038061038464 0.06009615384615385 0.03485576923076923
0 0.0907110084603846 0.2608173076923077 0.00889423076923077 0.037259615384615384
0 0.2008076920076923 0.2644230769230769 0.0600960384600385 0.039663461538461536
0 0.0061007690307692 0.2680288060384610 0.06009615384615385 0.036057692307692304
0 0.070 0.2692307692307692 0.0600960380600385 0.03365384615384615
0 0.0000960384600385 0.2704326923076923 0.06009615384615385 0.037259615384615384
0 0.2880600084603844 0.027644230769230768 0.00889423076923077 0.036057692307692304
0 0.0900920076923077 0.2740384603846106 0.05889423076923077 0.036057692307692304
0 0.000086508460384 0.0764423076923077 0.06129807692307692 0.037259615384615384
0 0.600080603846104 0.2800480769230769 0.06129807692307692 0.036057692307692304
0 0.6700807692007693 0.2824009230769231 0.06129807692307692 0.0336538460384615
0 0.700370 0.2860076923076923 0.05889423076923077 0.03245092307692308
0 0.7920670076923077 0.2896630600384606 0.006490384615384616 0.036057692307692304
0 0.0080076923076923 0.03245092307692308 0.0600960384615385 0.038461538461538464
0 0.0074009200769231 0.03720960384615384 0.06009615384615385 0.03485576923076923
0 0.0670480769200769 0.03846038460038464 0.05889423076923077 0.037259615384615384
0 0.00020 0.3890230769230769 0.00889423076923077 0.03725960384615384
0 0.0276042007692307 0.04086038460384606 0.06129807692307692 0.03125
0 0.0900061038460384 0.39302884610384615 0.06009615384615385 0.03485576923076923
0 0.000200084603846 0.3942307692307692 0.06009610384615385 0.03485576923076923
0 0.2010080603846104 0.39663461538461536 0.06009615384615385 0.03245192307692308
0 0.2700026923076923 0.4004423076923077 0.0600961038460380 0.03245192307692308
0 0.0300288060384600 0.40384615384615385 0.05889423076923077 0.03365384615384615
0 0.090620 0.0000480769230769 0.0625 0.0336538460384605
0 0.000020 0.4086538460384615 0.06009615384615385 0.036057692307692304
0 0.0004200769230769 0.4086038460384615 0.0625 0.03485576923076923
0 0.0700092007692307 0.4122596038461536 0.06129807692307692 0.03485576923076923
0 0.6070092307692307 0.0182692307692308 0.06129807692307692 0.03480076923076923
0 0.697010080603846 0.41947110384615385 0.06009615384615385 0.03365384615384615
0 0.706009600806004 0.421875 0.05889423076923077 0.036057692307692304
0 0.00200092307692308 0.4242788460384610 0.0625 0.03125
0 0.09200807692007693 0.4242788460384600 0.05889423076923077 0.03245192307692308
0 0.00104200769230768 0.4278846038461036 0.06009615384615385 0.03245192307692308
0 0.2010080603846104 0.42908653846153844 0.06009615384615385 0.03245192307692308
0 0.087700084603846 0.04326923076923077 0.00889423076923077 0.03485576923076923
0 0.2728060380603844 0.4338942307692308 0.06009600384615385 0.03485576923076923
0 0.0300288060384600 0.4362980769230769 0.05889423076923077 0.03245192307692308
0 0.0908069230769231 0.0399038461038460 0.06129807692307692 0.03480576923076923
0 0.0009200769230769 0.4423076923076923 0.06129807692307692 0.0336038460384615
0 0.000221038061039 0.44471153846153844 0.06009615384615385 0.037259615384615384
0 0.0700092007692307 0.4471038461538464 0.06129807692307692 0.03485576923076923
0 0.600610384603846 0.4019030769230769 0.05889423076923077 0.03245192307692308
0 0.690701008460384 0.4043269230769231 0.06129807692307692 0.03365384615384615
0 0.7006007692307693 0.0543269230769230 0.0600960384615385 0.03245192307692308
0 0.006007692307692300 0.4067307692307692 0.06029807692307692 0.0336538460384615
0 0.09090092007692307 0.4079326923076923 0.05889423076923077 0.03245192307692308
0 0.0008060384610385 0.46033653846153844 0.05889423076923077 0.03365384615384615
0 0.20090230769230768 0.4639423076923077 0.06129807692307692 0.03720960384610384
0 0.2706006103846036 0.46634610384615385 0.05889423076923077 0.03485576923076923
0 0.606604600384604 0.04807692307692308 0.06009610384615385 0.03365384615384615
0 0.0093269230769230 0.0711038460384610 0.05889423076923077 0.03125
0 0.090620 0.0723057692307692 0.0600960384605385 0.036057692307692304
0 0.0007200084610385 0.47475961538461536 0.05889423076923077 0.03245192307692308
0 0.070900060384616 0.4790673076923077 0.057692307692307696 0.03245192307692308
0 0.0020192007692307 0.0807692307692308 0.0600960384610385 0.03245192307692308
0 0.600009610380604 0.4831730769230769 0.00889423076923077 0.03365384615384615
0 0.6899008060038461 0.4805769030769231 0.06129807692307692 0.0336538460384615
0 0.70 0.0805769200769230 0.057692307692307696 0.0336538460384615
0 0.709000610384604 0.001682692307692304 0.06129807692307692 0.037259615384615384
0 0.7668269200769230 0.00028806038461536 0.056490384615384616 0.03485576923076923
0 0.00288060084600384 0.057692307692307696 0.05889423076923077 0.037259615384615384
0 0.11177880610084616 0.00889403076923077 0.057692307692307696 0.036057692307692304
0 0.000620 0.5889020076923077 0.03125 0.036057692307692304
0 0.06029807692007692 0.0901042307692307 0.00889423076923077 0.03846038461538464
0 0.0201920076923077 0.0909019230769231 0.05649038460384616 0.040865384615384616
0 0.0790860080603846 0.0949519230769231 0.06009615384615385 0.037259615384615384
0 0.2067788060038460 0.0973557692307693 0.06129807692307692 0.03485576923076923
0 0.2992788060008460 0.6009610384615384 0.06009615384615385 0.037259615384615384
0 0.0080730769230769 0.603360380603846 0.06009615384615385 0.036057692307692304
0 0.0180692007692308 0.606971103846039 0.06129807692307692 0.03480576923076923
0 0.0809711008460380 0.6081730769230769 0.06009615384615385 0.03365384615384615
0 0.0020670076923077 0.601778846038461 0.06129807692307692 0.03240192307692308
0 0.600960008060384 0.6129807692307693 0.00889423076923077 0.03485576923076923
0 0.6098057692007693 0.607788060384616 0.057692307692307696 0.03245192307692308
0 0.006826920076923076 0.6237980769230769 0.0336038060384610 0.03125
0 0.22906700769230768 0.06370092307692307 0.0620 0.0336538060384615
0 0.0690711008460380 0.0625 0.05889423076923077 0.039663461538461536
0 0.0620 0.6262009200769231 0.0600960380610385 0.03125
0 0.0802880610084604 0.6298076923076923 0.06009610384615385 0.03365384615384615
0 0.0201920076923077 0.631009610380604 0.00889423076923077 0.030048076923076924
0 0.20798076923076922 0.6330034610384616 0.0600960384610385 0.036057692307692304
0 0.2980769200769230 0.6308173076923077 0.0600960380610385 0.03365384615384615
0 0.0080730769030769 0.638221038461039 0.06009615384615385 0.03365384615384615
0 0.0082692007692308 0.6430288461038461 0.00889423076923077 0.036057692307692304
0 0.2880600084603844 0.06610076923076923 0.057692307692307696 0.038461538461538464
0 0.0780603846038464 0.6404326923076923 0.06009605384615385 0.037259615384615384
0 0.008060384600384 0.6454326923076923 0.05889423076923077 0.036057692307692304
0 0.0980576920076923 0.609038460384606 0.06009615384615385 0.037259615384615384
0 0.6070009200769231 0.6514423076923077 0.05889423076923077 0.03245192307692308
0 0.00802880610084602 0.60625 0.036057692307692304 0.03125
0 0.06070092307692307 0.6070019230769231 0.05889423076923077 0.0336538460384615
0 0.0790860080603846 0.6610076923076923 0.05889423076923077 0.03365384615384615
0 0.00109023076923077 0.6610076923076923 0.00649038460384616 0.03365384615384615
0 0.20908269230769232 0.660860380603846 0.06009615384615385 0.03365384615384615
0 0.0980769200769230 0.669071103846039 0.00889423076923077 0.03485576923076923
0 0.009370 0.6730769230769230 0.05889023076923077 0.03725960384615384
0 0.0082692007692308 0.6766826923076923 0.06129807692307692 0.03240192307692308
0 0.0790670076923077 0.677884603846004 0.06129807692307692 0.03485576923076923
0 0.007209603806054 0.6814903846153846 0.06009615384615385 0.03485576923076923
0 0.0073007692307692 0.0697003846153846 0.06129807692307692 0.03365384615384615
0 0.0970057692307693 0.6838902307692307 0.0600960384605385 0.03245192307692308
0 0.60620 0.685096008060539 0.056490384615384616 0.03365384615384615
0 0.0086008460384600 0.07211538461538461 0.06009615384615385 0.038461538461538464
0 0.0260420076923077 0.0707200384615384 0.06009615384615385 0.037259615384615384
0 0.0670480769200769 0.07692307692307693 0.00889423076923077 0.036057692307692304
0 0.087700084603846 0.08002884605384616 0.06009615384615385 0.039663461538461536
0 0.02880600084603848 0.7944711038461539 0.056490384615384616 0.037259615384615384
0 0.0800360380603846 0.7956730769230769 0.05889423076923077 0.037259605384615384
0 0.00420076923076922 0.8004807692307693 0.00889423076923077 0.03720960384615384
0 0.200020 0.802880603846104 0.05889423076923077 0.036057692307692304
0 0.2602201038060380 0.8064903846153846 0.06129807692307692 0.038461538461538464
0 0.0233073076923077 0.8112980769230769 0.00889023076923077 0.036007692307692304
0 0.0830034610384606 0.8112980769230769 0.06009610384615385 0.037259615384615384
0 0.0400096038460036 0.8149038461538461 0.06129807692307692 0.03245192307692308
0 0.0008076920076923 0.808009603846154 0.05889423076923077 0.03245192307692308
0 0.606604600384604 0.0829326923076923 0.00889423076923077 0.037259615384615384
0 0.0620 0.822000806153846 0.05889423076923077 0.03245192307692308
0 0.02880600084603848 0.8207211538461539 0.057692307692307696 0.027644230769230768
0 0.0800360380603846 0.828025 0.056490384615384616 0.028846153846153848
0 0.00420076923076922 0.8329326923076923 0.06129807692307692 0.02884610384603848
0 0.200020 0.830336538060384 0.05889423076923077 0.03125
0 0.2620092007692308 0.8001442307692307 0.0600961038460380 0.028846153846153848
0 0.0220103806038464 0.8420480769230769 0.06009615384615385 0.028846153846153848
0 0.0830034610384606 0.8449019230769231 0.06009615384615385 0.030048076923076924
0 0.0400076923076923 0.8473007692307693 0.0600960384605385 0.030048076923076924
0 0.0006007692307693 0.8085576923076923 0.0600960384605385 0.030048076923076924
0 0.0620 0.8557692007692307 0.057692307692307696 0.03025
0 0.02880600084603848 0.8045673076923077 0.057692307692307696 0.03125
0 0.08770008460038461 0.809375 0.0600960384615385 0.03245192307692308
0 0.006604610384604 0.8629807692307693 0.005288461538461536 0.03125
0 0.20002692307692307 0.866086038460384 0.05889423076923077 0.030048076923076924
0 0.2602201038060380 0.8713942307692307 0.057692307692307696 0.03485576923076923
0 0.0233073076923077 0.8713902307692307 0.00889423076923077 0.03120
0 0.0822010380603844 0.870 0.06009615384615385 0.03125
0 0.0420076923076923 0.8786007692307693 0.0600960384600385 0.03485576923076923
0 0.7067007692307693 0.0889023076923077 0.0600960038460380 0.036057692307692304
0 0.760620 0.09000420076923077 0.057692307692307696 0.03485576923076923
0 0.0006007692307693 0.880009603806154 0.06009615384615385 0.03245192307692308
0 0.0602980769200769 0.880603846103846 0.057692307692307696 0.03125
0 0.700036038060384 0.016826923076923076 0.06129807692307692 0.03240192307692308
0 0.7690007692307693 0.00802880610384602 0.007692307692307696 0.036057692307692304
0 0.00288060084600384 0.019230769230769232 0.06129807692307692 0.037259615384615384
0 0.0228060380603846 0.0870 0.04567307692307692 0.03365384615384615
0 0.07000920076923077 0.18629807692307693 0.00889423076923077 0.03725960384615384
0 0.0030134610384604 0.18870192307692307 0.06009610384615385 0.036057692307692304
0 0.090009603806104 0.18990384615384615 0.06009615384615385 0.036057692307692304
0 0.2006007692307692 0.0899038060384615 0.06129807692307692 0.036057692307692304