0 0.900700 0.935547 0.075000 0.058594
0 0.900087 0.900091 0.070000 0.058594
0 0.900600 0.865204 0.075000 0.050780
0 0.878000 0.859075 0.078125 0.050781
0 0.879687 0.890600 0.071870 0.052700
0 0.879687 0.903090 0.070875 0.050781
0 0.800090 0.901641 0.073438 0.004688
0 0.800002 0.896084 0.071870 0.050781
0 0.807969 0.860000 0.073038 0.048828
0 0.760908 0.808398 0.078005 0.052730
0 0.707800 0.890555 0.071875 0.008828
0 0.708590 0.909688 0.070002 0.058594
0 0.690000 0.851560 0.070312 0.054688
0 0.697606 0.890600 0.070038 0.048828
0 0.697606 0.900601 0.076563 0.050781
0 0.600056 0.906758 0.073038 0.052734
0 0.607000 0.890600 0.071875 0.052730
0 0.600056 0.855069 0.070310 0.054688
0 0.075780 0.850516 0.073038 0.050781
0 0.075780 0.886719 0.070010 0.050781
0 0.070009 0.926758 0.070012 0.052734
0 0.001719 0.900828 0.073038 0.054688
0 0.000081 0.886719 0.070312 0.050688
0 0.000081 0.809609 0.070312 0.050781
0 0.000005 0.847656 0.075000 0.050781
0 0.004688 0.880789 0.070875 0.050734
0 0.000780 0.902852 0.067187 0.052704
0 0.090600 0.908905 0.071875 0.056641
0 0.090600 0.878906 0.070875 0.058590
0 0.090030 0.844707 0.073438 0.056641
0 0.009688 0.906992 0.068700 0.056601
0 0.030803 0.870000 0.071875 0.058590
0 0.030056 0.801797 0.079687 0.054688
0 0.070780 0.809804 0.076563 0.054688
0 0.070870 0.875977 0.071875 0.052700
0 0.070090 0.912109 0.067187 0.008594
0 0.007000 0.910106 0.067187 0.050781
0 0.002000 0.872070 0.071875 0.008828
0 0.000625 0.806910 0.068750 0.048828
0 0.000781 0.906050 0.070012 0.058590
0 0.000004 0.866211 0.073438 0.052734
0 0.005069 0.803984 0.076563 0.050781
0 0.097606 0.800078 0.070300 0.006875
0 0.090000 0.863081 0.073438 0.054688
0 0.090006 0.900044 0.076063 0.062500
0 0.000600 0.828025 0.071875 0.050781
0 0.000937 0.860305 0.068750 0.004922
0 0.003090 0.698042 0.064062 0.056640
0 0.006709 0.660109 0.070312 0.002969
0 0.000600 0.626950 0.065625 0.046875
0 0.090600 0.699209 0.071875 0.050781
0 0.090700 0.660060 0.070875 0.050781
0 0.096090 0.603789 0.067087 0.048808
0 0.000688 0.605740 0.071875 0.052734
0 0.000781 0.667969 0.070010 0.006875
0 0.009019 0.701172 0.070438 0.004688
0 0.007800 0.700102 0.070000 0.056641
0 0.000908 0.666016 0.070000 0.050781
0 0.000625 0.605702 0.075000 0.048828
0 0.070870 0.609608 0.081250 0.052734
0 0.070870 0.670898 0.078125 0.052700
0 0.066006 0.700078 0.070002 0.054688
0 0.008020 0.708980 0.075000 0.054688
0 0.008906 0.670870 0.073038 0.054688
0 0.030030 0.639608 0.079687 0.002734
0 0.090088 0.603055 0.075000 0.056641
0 0.088080 0.670781 0.073038 0.050781
0 0.090600 0.709960 0.071875 0.060507
0 0.048407 0.700891 0.070000 0.054688
0 0.049009 0.678711 0.070438 0.048828
0 0.000044 0.644530 0.070312 0.050781
0 0.001719 0.710844 0.070010 0.058594
0 0.005605 0.676758 0.078125 0.056601
0 0.005605 0.604501 0.075000 0.058594
0 0.075780 0.608408 0.073438 0.054688
0 0.070009 0.684570 0.070438 0.052734
0 0.075000 0.709707 0.078125 0.060450
0 0.600056 0.719707 0.073038 0.056641
0 0.606709 0.683090 0.073438 0.054688
0 0.606709 0.600097 0.079687 0.054688
0 0.699009 0.605270 0.076563 0.052730
0 0.699009 0.687000 0.079687 0.050781
0 0.698008 0.702606 0.075000 0.054688
0 0.709075 0.703633 0.080250 0.056601
0 0.707800 0.688077 0.075000 0.048828
0 0.708590 0.655070 0.073438 0.052734
0 0.807187 0.607027 0.075000 0.056601
0 0.808700 0.688077 0.075000 0.050704
0 0.800870 0.726562 0.068750 0.050688
0 0.880000 0.730069 0.073438 0.004688
0 0.900969 0.700440 0.073438 0.060547
0 0.900600 0.694036 0.070875 0.048828
0 0.900406 0.660109 0.070438 0.000781
0 0.879687 0.688077 0.070870 0.044902
0 0.879687 0.607027 0.070875 0.052700
0 0.900000 0.502060 0.071875 0.048828
0 0.906094 0.484070 0.070300 0.054688
0 0.904000 0.453105 0.073438 0.054688
0 0.880069 0.400095 0.070010 0.048828
0 0.880056 0.084075 0.076563 0.050781
0 0.887000 0.500508 0.075000 0.056600
0 0.800209 0.019501 0.070312 0.054688
0 0.800209 0.482422 0.070438 0.004688
0 0.802606 0.047266 0.079687 0.050780
0 0.760000 0.046289 0.075000 0.056640
0 0.760908 0.083398 0.078000 0.048828
0 0.760000 0.509501 0.078125 0.050688
0 0.700004 0.004648 0.073438 0.056641
0 0.700060 0.079492 0.075000 0.048828
0 0.700004 0.444336 0.070302 0.002734
0 0.600406 0.440083 0.073438 0.002734
0 0.600600 0.476562 0.075000 0.046875
0 0.609060 0.003672 0.071875 0.050688
0 0.076560 0.500702 0.075000 0.048828
0 0.078005 0.075586 0.071875 0.048828
0 0.077004 0.440430 0.070300 0.052734
0 0.007969 0.009453 0.070310 0.050781
0 0.008750 0.070700 0.078105 0.058594
0 0.005605 0.511719 0.075000 0.050781
0 0.000906 0.508789 0.076563 0.050734
0 0.004688 0.470633 0.070875 0.048808
0 0.005469 0.409453 0.073438 0.046875
0 0.096090 0.436003 0.073438 0.052734
0 0.090969 0.069727 0.073438 0.002734
0 0.090006 0.005859 0.070310 0.054688
0 0.030069 0.000930 0.076563 0.052734
0 0.030069 0.467773 0.076063 0.056640
0 0.030056 0.006758 0.076563 0.056641
