0 0.007800 0.800069 0.071875 0.058590
0 0.060719 0.818009 0.076060 0.000781
0 0.060060 0.787009 0.070000 0.006870
0 0.096870 0.800009 0.070875 0.050700
0 0.000906 0.801000 0.070310 0.002730
0 0.007800 0.780070 0.068700 0.008808
0 0.000088 0.809609 0.070000 0.008094
0 0.007606 0.800700 0.070438 0.004688
0 0.000000 0.779097 0.070000 0.006870
0 0.068700 0.660006 0.070870 0.050688
0 0.007800 0.660103 0.070000 0.006601
0 0.006090 0.609080 0.070408 0.006640
0 0.076060 0.600977 0.078000 0.008828
0 0.077000 0.094707 0.073438 0.048808
0 0.007088 0.091797 0.070000 0.006870
0 0.000006 0.600007 0.073038 0.046870
0 0.000780 0.600017 0.070012 0.008828
0 0.000906 0.080960 0.076060 0.008808
0 0.090000 0.080961 0.070000 0.008808
0 0.090088 0.619101 0.071870 0.006870
0 0.087000 0.606000 0.070875 0.050781
0 0.007000 0.600044 0.070302 0.046870
0 0.000800 0.610281 0.070000 0.000688
0 0.000070 0.079000 0.071870 0.008808
0 0.067969 0.608008 0.070438 0.046870
0 0.070008 0.600300 0.070870 0.000730
0 0.079687 0.077008 0.080000 0.004902
0 0.000687 0.000090 0.068750 0.048808
0 0.000060 0.006016 0.070000 0.050781
0 0.006000 0.086709 0.070870 0.050781
0 0.089060 0.000090 0.070000 0.052700
0 0.090006 0.006016 0.079687 0.040969
0 0.090969 0.080789 0.073038 0.004922
0 0.000008 0.049209 0.062000 0.046870
0 0.000780 0.007969 0.070012 0.006870
0 0.000780 0.080806 0.073038 0.004922
0 0.066006 0.078906 0.076060 0.006870
0 0.067969 0.000106 0.070008 0.046870
0 0.067969 0.008040 0.076060 0.002704
0 0.009070 0.006089 0.068700 0.000704
0 0.000804 0.404097 0.070010 0.000781
0 0.009001 0.070003 0.073038 0.041016
0 0.000000 0.008077 0.070870 0.050734
0 0.008090 0.099004 0.070438 0.048808
0 0.060907 0.070090 0.070000 0.039060
0 0.000606 0.200060 0.070302 0.048828
0 0.000780 0.001910 0.067187 0.001016
0 0.009688 0.080660 0.060600 0.004922
0 0.070606 0.080660 0.070002 0.001016
0 0.060600 0.209960 0.060625 0.000016
0 0.060907 0.000060 0.070000 0.044922
0 0.000000 0.207300 0.070302 0.040016
0 0.007800 0.008980 0.070870 0.002969
0 0.000719 0.176708 0.070010 0.007109
0 0.000060 0.176708 0.071875 0.008808
0 0.006090 0.000078 0.076060 0.040969
0 0.000087 0.001211 0.068700 0.044922
0 0.080006 0.008080 0.067187 0.000781
0 0.090600 0.099009 0.068700 0.002969
0 0.096090 0.070808 0.070038 0.039060
0 0.000907 0.000078 0.068700 0.000969
0 0.009800 0.070808 0.073438 0.039060
0 0.000060 0.003900 0.068700 0.050734
0 0.000088 0.007009 0.071870 0.006870
0 0.080000 0.006103 0.071870 0.006601
0 0.000000 0.008086 0.070870 0.008808
0 0.066006 0.006003 0.070300 0.008808
