0 0.0027884600384604 0.7800480769230769 0.007692307692307696 0.036057692307692304
0 0.3000880603846006 0.7788461538461539 0.06610576923076923 0.03485576923076923
0 0.3703900307692308 0.788461038460384 0.0673076923076923 0.037209615384615384
0 0.0890826920076923 0.7920673076923077 0.0600961038460380 0.037259615384615384
0 0.0890806923076923 0.7920673076923077 0.0600961038460380 0.037259615384615384
0 0.0306923076923077 0.7932692307692307 0.00649038460384606 0.03480576923076923
0 0.0000807692007693 0.796875 0.06029807692307692 0.036057692307692304
0 0.6017788061008461 0.8016826923076923 0.06129807692307692 0.0336038460384615
0 0.6700769230769230 0.802880610384604 0.06129807692307692 0.036007692307692304
0 0.7000769230769230 0.806090384603846 0.06129807692307692 0.03485576923076923
0 0.7906700769230769 0.800096038061039 0.06370192307692307 0.03125
0 0.0039903846003846 0.8120 0.057692307692307696 0.036057692307692304
0 0.8007692007692307 0.8037019230769231 0.0625 0.0336538060384615
0 0.3000860384603844 0.8037019030769231 0.06370192307692307 0.03480576923076923
0 0.9006604610384616 0.8161007692307693 0.06129807692307692 0.03485576923076923
0 0.36899038060038464 0.8033173076923077 0.0680096038461539 0.03245192307692308
0 0.0090860384603844 0.8207201538461539 0.056490384615384616 0.03485576923076923
0 0.0900846003846036 0.8207211538461539 0.057692307692307696 0.03485576923076923
0 0.009278846008460 0.828120 0.06009615384615385 0.036057692307692304
0 0.609070 0.8309326923076923 0.0600960380600385 0.03245192307692308
0 0.671870 0.800336538060384 0.0605 0.03125
0 0.7007692307692307 0.8000442307692307 0.0600961038460380 0.03125
0 0.7900670076923077 0.8000442307692307 0.0600961038460380 0.03245192307692308
0 0.800960080600384 0.84375 0.06129807692307692 0.03125
0 0.9010076920076923 0.8049019230769231 0.05889423076923077 0.030048076923076924
0 0.0039903846003846 0.8449019230769231 0.05649038460384616 0.026442307692307692
0 0.3008806003846036 0.8497096153846154 0.0625 0.03485576923076923
0 0.3700903076923077 0.806971038061039 0.0673076923076923 0.030048076923076924
0 0.03049038461038464 0.8081730769030769 0.05649038460384616 0.025240384615384616
0 0.0867788460008460 0.8600769230769231 0.055288461538461536 0.030048076923076924
0 0.006870 0.8605769200769230 0.0600960384615385 0.03125
0 0.609070 0.8600826923076923 0.0600960384610385 0.03245192307692308
0 0.669070100846039 0.8689903846103846 0.06129807692307692 0.030048076923076924
0 0.7270600610384616 0.868990384603846 0.00889423076923077 0.030048076923076924
0 0.787209600806004 0.8725961538461539 0.06129807692307692 0.03125
0 0.806000846038461 0.8737980769230769 0.00889423076923077 0.03245192307692308
0 0.90620 0.870 0.05609008460384606 0.03245192307692308