0 0.15745192307692307 0.5973557692307693 0.17097355769230768 0.3870192307692308
0 0.30288461538461536 0.5973557692307693 0.17277644230769232 0.3777043269230769
0 0.44471153846153844 0.6021634615384616 0.1775841346153846 0.3870192307692308
0 0.5913461538461539 0.6045673076923077 0.18239182692307693 0.3870192307692308
0 0.7307692307692307 0.6069711538461539 0.1736778846153846 0.3894230769230769
0 0.9086538461538461 0.6105769230769231 0.1778846153846154 0.39453125
0 0.15504807692307693 0.24519230769230768 0.18479567307692307 0.4089543269230769
0 0.3004807692307692 0.2439903846153846 0.1775841346153846 0.40384615384615385
0 0.44711538461538464 0.2439903846153846 0.1778846153846154 0.40384615384615385
0 0.5925480769230769 0.25 0.1896033653846154 0.3993389423076923
0 0.7367788461538461 0.2536057692307692 0.17578125 0.40174278846153844
0 0.9122596153846154 0.25961538461538464 0.17097355769230768 0.4089543269230769