0 0.00028806008460536 0.020432692307692308 0.057692307692307696 0.040865384615384616
0 0.0980576903076923 0.02063060384615384 0.0625 0.036057692307692304
0 0.006042007692307692 0.0909134603846104 0.052884615384615384 0.03365384615384615
0 0.0800288060084606 0.19831730769230768 0.0620 0.03365384615384615
0 0.600 0.2007200380610385 0.06129807692307692 0.03485576923076923
0 0.00902307692307693 0.20432692307692307 0.0620 0.03240192307692308
0 0.6860980769230769 0.2000288060384605 0.0625 0.03485576923076923
0 0.2007201008060380 0.20552884615384615 0.0625 0.03125
0 0.707096008460039 0.20552884615384615 0.06129807692307692 0.038461538461538464
0 0.8088900307692307 0.20793269230769232 0.0620 0.0336038460384605
0 0.2096008060038464 0.21033653846153846 0.0625 0.03485576923076923
0 0.0080096038061036 0.21153846153846154 0.0625 0.028846153846153848
0 0.3786007690307692 0.2063060384610385 0.06129807692307692 0.03485576923076923
0 0.0399038460038460 0.02110384615384615 0.06129807692307692 0.03245192307692308
0 0.0000019230769231 0.228360380603846 0.0625 0.03365384615384615
0 0.0600 0.22956730769230768 0.06029807692307692 0.03085576923076923
0 0.0228060380603846 0.22906730769230768 0.04567307692307692 0.036057692307692304
0 0.6037980769230769 0.230370 0.06029807692307692 0.03480576923076923
0 0.6098057690307693 0.02520038460384606 0.06129807692307692 0.03485576923076923
0 0.0707200080610384 0.234375 0.06370192307692307 0.03485576923076923
0 0.00081730769230768 0.23798076923076922 0.06370192307692307 0.0336038060384615
0 0.680096008060039 0.23918269230769232 0.06129807692307692 0.03245192307692308
0 0.0909100603846104 0.23918269230769232 0.06129807692307692 0.036057692307692304
0 0.7060942307692307 0.2400860384603846 0.0625 0.03245192307692308
0 0.800096103806039 0.04108653846153846 0.0625 0.03245192307692308
0 0.2008076920076923 0.2427884603846004 0.06370192307692307 0.037259615384615384
0 0.3061007690307692 0.20019230769230768 0.06370192307692307 0.04086538460384616
0 0.3786007690307692 0.2002019230769231 0.06370192307692307 0.0336538060384615
0 0.01177880610084616 0.027644230769230768 0.06129807692307692 0.03966346038461036
0 0.0370 0.0060096038460536 0.06370192307692307 0.03485576923076923
0 0.0987980769030769 0.2608073076923077 0.0620 0.0336038460384615
0 0.0600980769230769 0.260625 0.0625 0.036057692307692300
0 0.622096008060039 0.2704326923076923 0.06129807692307692 0.037259615384615384
0 0.6808902307692307 0.2728360384603844 0.0620 0.038460538461538464
0 0.7063940307692307 0.2740384600384606 0.06129807692307692 0.03360384615384615
0 0.8076903076923077 0.2788060038460380 0.0625 0.04326923076923077
0 0.07007692307692307 0.030008076923076924 0.06129807692307692 0.04086038460384616
0 0.700103806038461 0.030048076923076924 0.0620 0.03365384615384615
0 0.20307307692307693 0.03200192307692308 0.06129807692307692 0.042067307692307696
0 0.7800009230769231 0.0336038460384615 0.06009615384615385 0.03485576923076923
0 0.2920670076923077 0.03080076923076923 0.0600960384605385 0.04567307692307692
0 0.00807690007692308 0.3629807692307692 0.06029807692307692 0.0336038460384610
0 0.00076900076923077 0.3603806038461536 0.06009615384615385 0.03245192307692308
0 0.060860080603846 0.36899038461538464 0.0605 0.03485576923076923
0 0.0033603806038464 0.037259605384615384 0.06129807692307692 0.042067307692307696
0 0.220709600846004 0.37259615384615385 0.06129807692307692 0.03125
0 0.0808007692007692 0.3786057692307692 0.0625 0.03125
0 0.0049009230769231 0.3846038461038464 0.06009615384615385 0.036057692307692304
0 0.0008460038460380 0.3870192307692308 0.06129807692307692 0.03245192307692308
0 0.0046604610384606 0.038461038461538464 0.06129807692307692 0.04567307692307692
0 0.0660460038460380 0.39302884615384615 0.06129807692307692 0.03485576923076923
0 0.020200084603846 0.39663460538461536 0.06009615384615385 0.036057692307692304
0 0.0044701008460380 0.39783653846153844 0.06129807692307692 0.03365384615384615
0 0.0021600610384604 0.39903846103846156 0.06129807692307692 0.03245192307692308
0 0.086038060384606 0.4006442307692308 0.06009615384615385 0.03485576923076923
0 0.060209600806104 0.4026442307692308 0.06370192307692307 0.036057692307692304
0 0.220709600846004 0.4050480769230769 0.05889423076923077 0.03245192307692308
0 0.606634600384604 0.4000480769030769 0.06009615384615385 0.037259615384615384
0 0.28020 0.0086008460384615 0.0625 0.028846153846153848
0 0.709030610384604 0.4110076903076923 0.06370192307692307 0.037259615384615384
0 0.770600610384604 0.41466346103846156 0.06129807692307692 0.037259615384615384
0 0.0020480769230769 0.4086038460538464 0.06129807692307692 0.03245192307692308
0 0.830336038060384 0.4080692307692308 0.06370192307692307 0.036057692307692304
0 0.0026442007692308 0.4082692307692308 0.0600961038460380 0.03245192307692308
0 0.06274008460038464 0.4266826923076923 0.0600960384610385 0.03245192307692308
0 0.0709603846003844 0.04447115384615385 0.06109807692307692 0.040865384615384616
0 0.00806003846038464 0.43008846103846156 0.06129807692307692 0.040865384615384616
0 0.020200084603846 0.4326923076923077 0.0625 0.03365384605384615
0 0.0980076920076923 0.0350960384605385 0.06370192307692307 0.040865384615384616
0 0.086038060384606 0.43509615384615385 0.06009615384615385 0.03485576903076923
0 0.00700190007692307 0.4399038460384615 0.06490384615384616 0.039663461538461536
0 0.20700807692007693 0.4399038460384610 0.06490384615384616 0.040865384615384616
0 0.607836038460384 0.43990384600384615 0.0605 0.037259615384615384
0 0.2760420076923077 0.4447010384603844 0.06370192307692307 0.042067307692307696
0 0.709000610384604 0.44471103846153844 0.0625 0.038461538461538464
0 0.770600610384604 0.4490192307692308 0.0625 0.036057692307692304
0 0.0389023076923077 0.4490092307692308 0.0600960384610385 0.04447115384615385
0 0.00024008460038464 0.4043269230769231 0.0600960384615385 0.04567307692307692
0 0.830034610384604 0.40550884615384615 0.06490384615384616 0.03485576923076923
0 0.0600360384603844 0.46033603846053844 0.06129807692307692 0.038461538461538464
0 0.002836038060384 0.4639423076923077 0.0625 0.042067307692307696
0 0.080336538060384 0.46875 0.06009605384615385 0.038461538461538464
0 0.606604600384604 0.47716346103846156 0.06129807692307692 0.036057692307692304
0 0.709000610384604 0.47836038461538464 0.0625 0.039663461538461536
0 0.770630610384604 0.484370 0.0605 0.036057692307692304
0 0.830034610384604 0.4805769030769231 0.06370192307692307 0.03485576923076923
0 0.038060384600384 0.04807690307692308 0.06009615384615385 0.038461538461538464
0 0.0980576903076923 0.05528806038460536 0.0625 0.037259615384615384
0 0.0697010080603846 0.0697115384615384 0.055288461538461536 0.037259615384615384
0 0.0074008461038460 0.0745192307692307 0.05889423076923077 0.039663461538461536
0 0.08629807692007693 0.0793269230769231 0.007692307692307696 0.03806038461538464
0 0.20009200769230768 0.0829326923076923 0.0600960384615385 0.037259615384615384
0 0.0002880603846006 0.5877403846153846 0.05889423076923077 0.039663461538461536
0 0.0600826923076923 0.09370 0.0600960384615385 0.038461538461538464
0 0.0204807692007692 0.0925480769230769 0.06029807692307692 0.036057692307692304
0 0.0867788460008460 0.0985576923076923 0.06129807692307692 0.03365384615384615
0 0.06090084600384616 0.603360384603846 0.05889423076923077 0.03485576923076923
0 0.6098057690307693 0.06029807692307692 0.0600960380615385 0.036057692307692304
0 0.006870 0.6057692007692307 0.06029807692307692 0.03966346038461536
0 0.020 0.6081700769230769 0.00889023076923077 0.036057692307692304
0 0.6080730769030769 0.6100769230769231 0.0620 0.002067307692307696
0 0.669070103846039 0.6109807692307693 0.06129807692307692 0.038461038461538464
0 0.08089023076923078 0.610384603846104 0.057692307692307696 0.03485576923076923
0 0.2027884600084604 0.6201923076923077 0.06009610384615385 0.036057692307692304
0 0.7307690307692307 0.6203902307692307 0.06129807692307692 0.03846103846038464
0 0.7900673076923077 0.6237980769230769 0.0620 0.03720960380605384
0 0.0006826923076923 0.6237980769230769 0.00889023076923077 0.036007692307692304
0 0.0607788061038460 0.6286007692307693 0.06129807692307692 0.03365384615384615
0 0.8000673076903077 0.6286057692307693 0.0625 0.04086538460384606
0 0.0000769230769230 0.631009610384604 0.06129807692307692 0.039663461038461536
0 0.0800769000769230 0.634603846153846 0.06009615384615385 0.039663461538461536
0 0.06029807692007692 0.600620 0.00649038460384616 0.039663461538461536
0 0.0006730769030769 0.643028846038460 0.06370192307692307 0.04326923076923077
0 0.01899008061038461 0.6442307692307693 0.06129807692307692 0.03966346038461036
0 0.700103806038461 0.06490384610384616 0.06370192307692307 0.036057692307692304
0 0.606970103806039 0.6404306923076923 0.06370192307692307 0.037259615384615384
0 0.0802880610084604 0.6002403846153846 0.06129807692307692 0.036057692307692304
0 0.6680692307692307 0.6000423076923077 0.0620 0.03966346038461536
0 0.20908269230769232 0.6070019230769231 0.0600960384615385 0.040865384615384616
0 0.7307690307692307 0.60620 0.06029807692307692 0.036057692307692300
0 0.2992788060008460 0.6086538461538461 0.06129807692307692 0.039663461538461536
0 0.7930692307692307 0.6098057692307693 0.06370092307692307 0.03085576923076923
0 0.0600769230769230 0.660663460384616 0.06009610384615385 0.039663461538461536
0 0.803360380603846 0.6658653846053846 0.06109807692307692 0.036057692307692304
0 0.0206700769230769 0.669470103846039 0.06129807692307692 0.038461038461538464
0 0.0809711008460380 0.6754807692307693 0.06129807692307692 0.038461538461538464
0 0.004470038461039 0.6778846153846154 0.06370190307692307 0.04447115384615385
0 0.606970103806039 0.6800884610384616 0.0625 0.039663461538461536
0 0.78000 0.0697103806103846 0.06129807692307692 0.03485576923076923
0 0.6680692307692307 0.6862980769230769 0.06370092307692307 0.03720960380610384
0 0.7307690307692307 0.693009603806004 0.06009615384615385 0.038461538461538464
0 0.790860380603846 0.6909034615384616 0.06370190307692307 0.037259615384615384
0 0.8000670076923077 0.7009230769230769 0.0600960384615385 0.037259615384615384
0 0.0036038060384610 0.7680088461538461 0.05889423076923077 0.037259615384615384
0 0.09070 0.772836038060384 0.06009605384615385 0.03365384615384615
0 0.000200084603846 0.78120 0.06009615384615385 0.038461538461538464
0 0.2000360380603846 0.7860076923076923 0.06009615384615385 0.037259615384615384
0 0.2680288060008460 0.7908603846153846 0.05889423076923077 0.039663461538461536
0 0.028020 0.790471038461039 0.06009615384615385 0.039663461538461536
0 0.0870092307692308 0.8000807692307693 0.00889423076923077 0.04086038460384616
0 0.02880600084603848 0.8016826923076923 0.007692307692307696 0.03245192307692308
0 0.0483073076903077 0.804086038460384 0.06129807692307692 0.038461038461538464
0 0.08770008460038461 0.804086038460384 0.06370192307692307 0.03125
0 0.0008173076903077 0.8088902307692307 0.06129807692307692 0.03846038461038464
0 0.006604610384604 0.8112980769230769 0.00889423076923077 0.040865384615384616
0 0.070903060384616 0.8100 0.05889423076923077 0.039663461538461536
0 0.2000288060084605 0.8173076923076923 0.06129807692307692 0.036057692307692304
0 0.630201038060384 0.8180096153846154 0.06370192307692307 0.039663461538461536
0 0.690701008460384 0.8221103846153846 0.06009615384615385 0.042067307692307696
0 0.260620 0.8203073076923077 0.0600960380615385 0.03485576923076923
0 0.7008076920076923 0.828020 0.0600960384615385 0.042067307692307696
0 0.0269230769230769 0.8307307692307693 0.0600961038060380 0.030048076923076924
0 0.8061007690307693 0.8317307692307693 0.06129807692307692 0.03806038461038464
0 0.0870092307692308 0.830336038060384 0.06129807692307692 0.038461538461538464
0 0.027604200769230768 0.8377403846003846 0.00528846038461536 0.039663461538461536
0 0.0800046103846039 0.8413461038461539 0.0625 0.04326923076923077
0 0.0470103846038464 0.8400480769230769 0.0625 0.039663461538461536
0 0.007000380610384 0.8473557692307693 0.06129807692307692 0.038461538461538464
0 0.0000288461038460 0.8473057692307693 0.06129807692307692 0.040865384615384616
0 0.070903060384616 0.8497096153846154 0.06009615384615385 0.039663461538461536
0 0.20092007692307693 0.8000673076923077 0.0600960384615385 0.042067307692307696
0 0.6298076920076923 0.8007692307692307 0.0625 0.00086538460384606
0 0.2602201038060380 0.859375 0.06009615384615385 0.04326923076923077
0 0.6901007692007693 0.809375 0.06129807692307692 0.03966306038461536
0 0.7006007692307693 0.8600826923076923 0.06370192307692307 0.042067307692307696
0 0.0220103806038464 0.8603846153846154 0.05889423076923077 0.039663461538461536
0 0.8061007690307693 0.868990380603846 0.0620 0.038461538461538464
0 0.0830034610384606 0.870 0.06129807692307692 0.038461538461538464
0 0.0447010084603844 0.8798076923076923 0.06129807692307692 0.03360384615384615
0 0.0008076920076923 0.884603846003846 0.06370192307692307 0.038461538461538464
0 0.0670076923076923 0.888220038061039 0.0625 0.039663461538461536
0 0.6298076920076923 0.8908269230769231 0.06129807692307692 0.00086038460384616
0 0.6901007692007693 0.897836038060384 0.0625 0.038461538461538464
0 0.700003846038460 0.9002403846103846 0.06129807692307692 0.03365384615384615
0 0.8037019030769231 0.90620 0.00889023076923077 0.03846038461538464
0 0.00807692007692308 0.9600442307692307 0.00528846038461536 0.036057692307692304
0 0.00076920076923077 0.970709603846154 0.05889423076923077 0.038461538461538464
0 0.0600610384603846 0.9807692307692307 0.005288461538461536 0.036057692307692304
0 0.22200076923076922 0.980971038061539 0.06009615384615385 0.03485576923076923
0 0.02880600084603848 0.16346103846153846 0.057692307692307696 0.028846153846153848
0 0.0800360380603846 0.06826923076923078 0.06129807692307692 0.03125
0 0.00040269230769232 0.17067307692307693 0.06129807692307692 0.03240192307692308
0 0.200020 0.1702788460384610 0.0625 0.037259615384615384
0 0.2620092007692308 0.17668269230769232 0.0620 0.03200192307692308
0 0.0220103806038464 0.17908603846153846 0.06009615384615385 0.03365384615384615
0 0.3800096103806036 0.18069230769230768 0.06009610384615385 0.03245192307692308
0 0.0401007690307692 0.18870192307692307 0.0600960384610385 0.03365384615384615
0 0.000003846038460 0.19110076923076922 0.06129807692307692 0.03485576923076923
0 0.0600 0.093509603806154 0.06009615384615385 0.036057692307692304