0 0.097110380603846 0.19471103846153846 0.0605 0.03125
0 0.3061007690307692 0.1909130603846154 0.057692307692307696 0.027644230769230768
0 0.03701903076923078 0.197110380603846 0.007692307692307696 0.03485576923076923
0 0.0072003806103844 0.1971153846153846 0.06009615384615385 0.030048076923076924
0 0.3737980769030769 0.097110380603846 0.00889423076923077 0.03125
0 0.0330134610384604 0.02096153846153846 0.056490384615384616 0.030048076923076924
0 0.0707000380610384 0.22716346153846154 0.057692307692307696 0.03245192307692308
0 0.09110076903076922 0.2209603806153846 0.06129807692307692 0.030048076923076924
0 0.0002019230769231 0.2271630603846104 0.0625 0.03125
0 0.3010980769230769 0.228360380603846 0.007692307692307696 0.03485576923076923
0 0.0703902307692308 0.23076923076923078 0.0600961038460380 0.03245192307692308
0 0.006870 0.309375 0.05889403076923077 0.03025
0 0.00076903076923077 0.3601826923076923 0.00889423076923077 0.03245192307692308
0 0.060860380603846 0.36538461538461536 0.06009615384615385 0.036057690307692304
0 0.220709600846004 0.36778846153846156 0.06009615384615385 0.036057692307692304
0 0.2808007692007692 0.3677884603846056 0.06009615384615385 0.03365384615384615
0 0.3049009030769231 0.3689903846038464 0.00889423076923077 0.03125
0 0.00067307690307692 0.3908269230769231 0.007692307692307696 0.0336538460384615
0 0.0001630610384604 0.3904326923076923 0.057692307692307696 0.03365384615384615
0 0.062209600806104 0.39783653846153844 0.06129807692307692 0.03365384615384615
0 0.22200076923076922 0.0026442307692308 0.0600960384605385 0.03485576923076923
0 0.2820009200769231 0.4026442307692308 0.0620 0.03485576923076923
0 0.30370 0.4038460384600385 0.05889403076923077 0.03365384615384615
0 0.00806003846038464 0.4204807692307692 0.06009615384615385 0.036057692307692304
0 0.0980076920076923 0.0302884603846056 0.05889423076923077 0.03245192307692308
0 0.0086008060384615 0.43149038461538464 0.06129807692307692 0.03365384615384615
0 0.20700807692007693 0.4338942307692308 0.06129807692307692 0.03480576923076923
0 0.0788060038460380 0.4375 0.06129807692307692 0.03485576923076923
0 0.3389003076923077 0.4387009230769231 0.00889423076923077 0.03480576923076923
0 0.06600076920076923 0.060096038061539 0.05889423076923077 0.03485576923076923
0 0.000 0.0637019230769231 0.05889023076923077 0.03485576923076923
0 0.08389003076923078 0.0673076923076923 0.06129807692307692 0.03720960384615384
0 0.2009903846003846 0.069710384615384 0.06129807692307692 0.03485576923076923
0 0.0000860384603844 0.0720153846153846 0.06009615384615385 0.036057692307692304
0 0.0609807692307692 0.070720038061539 0.06129807692307692 0.03485576923076923
0 0.06070092307692307 0.09370 0.05889023076923077 0.03245192307692308
0 0.00139023076923077 0.6021634610384616 0.00889423076923077 0.036057692307692304
0 0.0802880610084604 0.6040673076923077 0.06129807692307692 0.038461538461538464
0 0.200084600384604 0.6040673076923077 0.06129807692307692 0.03245192307692308
0 0.0000807692307692 0.6007692307692307 0.0600960384600385 0.03245192307692308
0 0.0607788061038460 0.6081730769030769 0.06009610384615385 0.03365384615384615
0 0.0600960008060380 0.6286057692307693 0.057692307692307696 0.038461538461538464
0 0.0160860080603846 0.6358173076923077 0.05889423076923077 0.03365384615384615
0 0.077880610084604 0.6394230769230769 0.0620 0.036057692307692304
0 0.20908269230769232 0.6390230769230769 0.00889423076923077 0.036007692307692304
0 0.2980769200769230 0.6390230769230769 0.0620 0.03720960384615384
0 0.3600769030769230 0.603028846038461 0.0620 0.037259615384615384
0 0.00080076903076923 0.7620192307692307 0.0600960384615385 0.037259615384615384
0 0.09200807692007693 0.768028846038460 0.006490384615384616 0.03485576923076923
0 0.000000384603846 0.7740384610384616 0.06009615384615385 0.039663461538461536
0 0.00793269230769232 0.7700384600384616 0.00649038460384616 0.039663461538461536
0 0.0692307692307692 0.770200384603846 0.06600076923076923 0.037259615384615384
0 0.3307307690307692 0.778806103846039 0.06009610384615385 0.037259615384615384
0 0.3930088060038460 0.7824019230769231 0.06009615384615385 0.037259615384615384
0 0.000008076923076924 0.7980769230769230 0.0600961038460380 0.037259615384615384
0 0.09000420076923077 0.8016826923076923 0.007692307692307696 0.036007692307692304
0 0.0078360384603846 0.8110980769230769 0.00889423076923077 0.037259615384615384
0 0.0680288060038460 0.8120 0.06490384615384616 0.038461538461538464
0 0.00673076923076922 0.8037019230769231 0.007692307692307696 0.03806038461038464
0 0.3093269230769230 0.8109038461038461 0.0600960384610385 0.040865384615384616
0 0.3890030769230769 0.808009603846104 0.06009615384615385 0.038461538461538464
0 0.027604200769230768 0.8329326923076923 0.00028846038460536 0.03365384615384615
0 0.0803360380603846 0.8377403846053846 0.05889403076923077 0.038461538461538464
0 0.006634610384604 0.8449019030769231 0.0625 0.037259615384615384
0 0.0000288060384605 0.8485576923076923 0.05889423076923077 0.03365384615384615
0 0.0680288060038460 0.8009615384615384 0.06370192307692307 0.038461538461538464
0 0.3093269230769230 0.802163060384616 0.06129807692307692 0.037209615384615384
0 0.3890030769230769 0.8007692307692307 0.0600960384605385 0.038461538461538464
0 0.0600 0.9670080769230769 0.05649038460384606 0.039663461538461536
0 0.00139023076923077 0.971103846038461 0.06129807692307692 0.040860384615384616
0 0.08069230769230768 0.970960380610384 0.05889423076923077 0.038461538461538464
0 0.0000860384603846 0.9795673076923077 0.057692307692307696 0.037259615384615384
0 0.296870 0.9807692007692307 0.0600960380600385 0.038461538461538464
0 0.0600769230769230 0.981971038061039 0.06129807692307692 0.03485576923076923
0 0.000870 0.981971038461039 0.0625 0.03485576923076923
0 0.00817307690307693 0.016826923076923076 0.0620 0.0336038060384615
0 0.0800088060384606 0.10985576923076922 0.06370192307692307 0.03125
0 0.000600 0.1634603846103846 0.05889423076923077 0.037259615384615384
0 0.09831730769030768 0.1606634610384604 0.06009610384615385 0.027644230769230768
0 0.3786007690307692 0.0630603846103846 0.05889423076923077 0.03485576923076923
0 0.3073076903076923 0.160860380603846 0.05889423076923077 0.03125
0 0.0072003806103844 0.1658653846153846 0.0625 0.03125
0 0.0908603806038464 0.008028846103846152 0.06490384615384616 0.03485576923076923
0 0.3009603806003844 0.018008846153846152 0.0625 0.03485576923076923
0 0.00088060384600384 0.018028846153846152 0.057692307692307696 0.03245192307692308
0 0.06706700769230768 0.01802880610384602 0.06490384610384616 0.036057692307692304
0 0.20076923076923078 0.009230769230769232 0.06370192307692307 0.03806103846038464
0 0.078000 0.193009603806154 0.06009615384615385 0.03245192307692308