0 0.2808007692007692 0.020432692307692308 0.06370092307692307 0.02884603846153848
0 0.0026923076923077 0.097110384603846 0.06009610384615385 0.03125
0 0.09099038460038464 0.203120 0.0600960384615385 0.03485576923076923
0 0.000086508460384 0.20552884605384615 0.06129807692307692 0.036057692307692304
0 0.07000900076923077 0.209134603846104 0.05889423076923077 0.03125
0 0.6001826920076923 0.2103360384603846 0.06009610384615385 0.038461538461538464
0 0.0022110380603846 0.21103846153846154 0.05889423076923077 0.030048076923076924
0 0.6700807692007693 0.20394230769230768 0.06129807692307692 0.036007692307692304
0 0.8090269230769231 0.02163061038460384 0.00889423076923077 0.03125
0 0.09110076920076922 0.2163060384610385 0.057692307692307696 0.030048076923076924
0 0.7000769230769230 0.2163060384615385 0.06009615384615385 0.037259615384615384
0 0.7906730769030769 0.20870 0.0600960380615385 0.036057692307692304
0 0.00879807692007693 0.2201038460384610 0.06009615384615385 0.03125
0 0.0000961038060380 0.2247596153846154 0.057692307692307696 0.03245192307692308
0 0.8080730769030769 0.2271630603846104 0.06370192307692307 0.039663461538461536
0 0.06899038060038464 0.228360384603846 0.06129807692307692 0.03125
0 0.0000884600384606 0.23076923076923078 0.06129807692307692 0.03120
0 0.909071103846039 0.03317307692307693 0.0620 0.040865384615384616
0 0.0060038460384610 0.02283653846153846 0.057692307692307696 0.030048076923076924
0 0.0900860084603844 0.23557692307692307 0.06129807692307692 0.03365384615384615
0 0.002880600846054 0.2403846153846154 0.06129807692307692 0.03485576923076923
0 0.0680096008060039 0.24158653846153846 0.05889423076923077 0.038461538461538464
0 0.6029807692007693 0.2027884610384604 0.06129807692307692 0.03360384615384615
0 0.0270008461038460 0.2439903846103846 0.05889423076923077 0.038461538461538464
0 0.6702788460008461 0.24639423076923078 0.06129807692307692 0.03240192307692308
0 0.0870 0.20879807692007693 0.00889423076923077 0.03725960384615384
0 0.7000769230769230 0.2512019230769231 0.06129807692307692 0.03205192307692308
0 0.20609423076923078 0.2036007692307692 0.0600960384605385 0.03485576923076923
0 0.0000480769200769 0.02024038460384606 0.0625 0.03125
0 0.8890200769230769 0.026442307692307692 0.0600960038460380 0.03245192307692308
0 0.796870 0.0008076923076923 0.06029807692307692 0.036057692307692304
0 0.0076923076923077 0.2080034603846106 0.06009615384615385 0.036057692307692304
0 0.8080730769030769 0.2096038061538464 0.06610576923076923 0.04326923076923077
0 0.0677880600384606 0.2620192307692308 0.06129807692307692 0.03480576923076923
0 0.0290860084603844 0.2644230769230769 0.06029807692307692 0.036007692307692304
0 0.9006730769230769 0.260620 0.06370092307692307 0.03966306038461536
0 0.0900846003846036 0.26802884610384615 0.06129807692307692 0.036057692307692304
0 0.0600442007692308 0.027644230769230768 0.06129807692307692 0.03120
0 0.0000807692007693 0.2740384603846056 0.06129807692307692 0.036057692307692304
0 0.6017788061008461 0.2776442307692308 0.06129807692307692 0.036007692307692304
0 0.6700769230769230 0.2800080769230769 0.06129807692307692 0.03720960384610384
0 0.7000769230769230 0.2808557692307692 0.06129807692307692 0.03846038461538464
0 0.796870 0.0896630603846006 0.06129807692307692 0.036057692307692304
0 0.9083073076903077 0.02884610384603848 0.06009610384615385 0.03125
0 0.806970038061039 0.0956730769230769 0.06610576923076923 0.040865384615384616
0 0.9006730769230769 0.2992788060038460 0.0620 0.036057692307692304
0 0.020200084603846 0.03025 0.06009615384615385 0.03125
0 0.087700084603846 0.03480576923076923 0.06009605384615385 0.030048076923076924
0 0.607806038460384 0.038460038461538464 0.06009615384615385 0.030048076923076924
0 0.002067007692307696 0.3786007692307692 0.0649038460384606 0.038461038461538464
0 0.0009610080603846 0.3798076923076923 0.06370192307692307 0.036007692307692304
0 0.10700190007692307 0.3846038461538464 0.06009615384615385 0.03365384615384615
0 0.20700807692007693 0.3870192307692308 0.00889423076923077 0.03485576923076923
0 0.2702000846038464 0.390620 0.06009605384615385 0.03485576923076923
0 0.00067007692307692 0.03966346038460036 0.06009615384615385 0.037259615384615384
0 0.0303360380603844 0.3954326923076923 0.06029807692307692 0.037259615384615384
0 0.0966306003846036 0.39783603846153844 0.06109807692307692 0.03485576923076923
0 0.0067007690307692 0.4026442307692308 0.06029807692307692 0.036007692307692304
0 0.00600 0.00625 0.06009605084615385 0.03485576923076923
0 0.006007692307692300 0.4086038460384605 0.0625 0.03125
0 0.00076920076923077 0.00086038460384616 0.06129807692307692 0.036057692307692304
0 0.709000610384604 0.04326923076923077 0.06129807692307692 0.03120
0 0.078000 0.0110576920076923 0.0625 0.036057692307692304
0 0.09090092007692307 0.4146634603846106 0.0625 0.036057692307692304
0 0.608020103806039 0.41466346103846156 0.06009615384615385 0.037259615384615384
0 0.0008060384610385 0.4182692307692308 0.06009615384615385 0.036057692307692304
0 0.20090230769230768 0.4182692307692308 0.06129807692307692 0.03240192307692308
0 0.6980173076903077 0.0194711038460380 0.06009615384615385 0.038461538461538464
0 0.709600806003846 0.4230769230769231 0.06009615384615385 0.036057692307692304
0 0.2706006103846036 0.4266826923076923 0.00889423076923077 0.036057692307692304
0 0.8209000610384616 0.4278846038461036 0.06009615384615385 0.039663461538461536
0 0.0329326923076923 0.0290860384603844 0.0620 0.03365384605384615
0 0.062209600806104 0.04326923076923077 0.0625 0.036057692307692304
0 0.0902307692307692 0.4302884600384606 0.06009610384615385 0.03365384615384615
0 0.882201008060384 0.43149038461038464 0.06009615384615385 0.038461538461538464
0 0.0040269230769230 0.4300960384615385 0.0625 0.03365384615384615
0 0.9001007692007693 0.4300960384615385 0.06129807692307692 0.038461538461538464
0 0.0004200769230769 0.4423076923076923 0.0600960384610385 0.036057692307692304
0 0.0769000769230769 0.0447003846103844 0.0625 0.028846153846153848
0 0.00200092307692308 0.4447103846103844 0.06370192307692307 0.037259615384615384
0 0.6090230769230769 0.4483073076923077 0.00889423076923077 0.03480576923076923
0 0.7692007692307693 0.006870 0.0600960384600385 0.030048076923076924
0 0.22200076923076922 0.006875 0.0600960384605385 0.038461538461538464
0 0.0889000076923077 0.4007200384610385 0.06009615384615385 0.038461538461538464
0 0.6990092007692307 0.0043269230769231 0.0600960384615385 0.03245192307692308
0 0.0090084610384604 0.4043269230769231 0.06129807692307692 0.037259615384615384
0 0.7608070076923077 0.0005288460384615 0.06009615384615385 0.036057692307692304
0 0.009000610384604 0.40552884615384615 0.05889423076923077 0.039663461538461536
0 0.809711008060384 0.46103846153846156 0.06129807692307692 0.036057692307692304
0 0.2680288060008460 0.46033603846153844 0.0625 0.038461538461538464
0 0.0300288060384600 0.46274038461538464 0.06129807692307692 0.038461538461538464
0 0.882201008060384 0.46274038461038464 0.06009615384615385 0.03485576923076923
0 0.0890230769230769 0.46870 0.06029807692307692 0.042067307692307696
0 0.9020076923076923 0.4699009230769231 0.00889423076923077 0.0336538460384615
0 0.0007000084610385 0.47115384615384615 0.06129807692307692 0.039663461538461536
0 0.000221038061039 0.47716346153846156 0.06009615384615385 0.039663461538461536
0 0.0700090007692307 0.4783653846038464 0.06129807692307692 0.039663461538461536
0 0.6070092307692307 0.0819711038460380 0.06129807692307692 0.039663461538461536
0 0.6990092007692307 0.0867788460384610 0.06009615384615385 0.04447115384615385
0 0.2820009200769231 0.0492788460384610 0.0625 0.039663461538461536
0 0.800028806038460 0.00048076923076923 0.06009615384615385 0.030048076923076924
0 0.7608070076923077 0.0891826923076923 0.00889423076923077 0.0444710384610385
0 0.8209000610384616 0.4939903846038464 0.06009610384615385 0.04326923076923077
0 0.882201008060384 0.4987980769230769 0.06129807692307692 0.037209615384615384
0 0.900009603846004 0.5036057692307693 0.057692307692307696 0.03485576923076923
0 0.0049009230769231 0.00288460384615384 0.06370192307692307 0.036057692307692304
0 0.8908269200769231 0.00028806038461536 0.06129807692307692 0.028846153846153848
0 0.900700038061039 0.056490384615384616 0.06009615384615385 0.027644230769230768
0 0.0026442007692308 0.00649038460384606 0.06129807692307692 0.03480576923076923
0 0.06274008460038464 0.007692307692307696 0.06129807692307692 0.03725960384615384
0 0.0620 0.080528806008460 0.06009615384615385 0.03485576923076923
0 0.02109023076923077 0.0829326923076923 0.06129807692307692 0.03720960384615384
0 0.0802880610084604 0.0877403846153846 0.0625 0.037259615384615384
0 0.20908269230769232 0.0920080769230769 0.06129807692307692 0.03725960384615384
0 0.2980769200769230 0.0973057692307693 0.06129807692307692 0.03806038461538464
0 0.0080730769230769 0.603360380603846 0.0625 0.039663461538461536
0 0.0070670076923077 0.606971103846039 0.06129807692307692 0.039663461038461536
0 0.0770604610384606 0.6117788461038461 0.06009615384615385 0.036057692307692304
0 0.007692007692307696 0.601778806038461 0.0620 0.03365384615384615
0 0.0100806038461039 0.6165865384615384 0.06129807692307692 0.03365384615384615
0 0.007009603846054 0.6153846153846154 0.06129807692307692 0.036057692307692304
0 0.099709600806054 0.6201923076923077 0.06129807692307692 0.037259615384615384
0 0.0702788461008460 0.6220961538461539 0.0625 0.03365384615384615
0 0.6098057692007693 0.625 0.0600960380605385 0.038461538461538464
0 0.020008460384606 0.06490384610384616 0.06129807692307692 0.03485576923076923
0 0.200370 0.6262009230769231 0.06129807692307692 0.0336038460384615
0 0.720100806038461 0.6274038461038461 0.06009615384615385 0.036057692307692304
0 0.7800080769200769 0.630009610384604 0.06009610384615385 0.03485576923076923
0 0.2904701008460380 0.6322115384615384 0.06370192307692307 0.03245192307692308
0 0.800046103846039 0.6346103846153846 0.06009615384615385 0.03365384615384615
0 0.0000673076923077 0.6370092307692307 0.0649038460384616 0.036057692307692304
0 0.9000400076923077 0.6370192307692307 0.0600961038460380 0.03485576923076923
0 0.0004610384603844 0.640620 0.0625 0.036057692307692304
0 0.960008060384616 0.6442307692307693 0.06009610384615385 0.040865384615384616
0 0.0747096008460036 0.6454326923076923 0.0625 0.03365384615384615
0 0.00288060084600384 0.6466346153846154 0.06129807692307692 0.04326923076923077
0 0.007009603806054 0.6502403846153846 0.06129807692307692 0.03485576923076923
0 0.01177880610084616 0.6014423076923077 0.06129807692307692 0.04086538460384616
0 0.0970057692307693 0.6550080769230769 0.0600960384605385 0.037259615384615384
0 0.07067007692307693 0.60620 0.06129807692307692 0.036057692307692300
0 0.608600806038460 0.6598557692307693 0.06009615384615385 0.037259615384615384
0 0.20076923076923078 0.662209603806004 0.06129807692307692 0.039663461538461536
0 0.7099019200769231 0.662209603806154 0.06129807692307692 0.036057692307692304
0 0.086008060384606 0.0673076923076923 0.06129807692307692 0.037259615384615384
0 0.7800080769000769 0.6646634600384616 0.0600960384610385 0.03365384615384615
0 0.800046103846039 0.6608653846153846 0.06009615384615385 0.03105
0 0.2908600806038464 0.6670673076923077 0.06029807692307692 0.040860384615384616
0 0.0009603806003844 0.6706730769230769 0.06370192307692307 0.037259615384615384
0 0.9000400076923077 0.671870 0.0600960384610385 0.03245192307692308
0 0.0022096008461036 0.6754807692307693 0.0625 0.03485576923076923
0 0.960038060384616 0.6766806923076923 0.06009610384615385 0.037259615384615384
0 0.0720007692307692 0.680490384603846 0.06129807692307692 0.038461538461538464
0 0.003603806038460 0.6838942307692307 0.06009615384615385 0.038461538461538464
0 0.607806038460384 0.06970103846153846 0.06009615384615385 0.038461538461538464
0 0.096008060038461 0.6923076923076923 0.0625 0.039663461538461536
0 0.6070009200769231 0.694710384615384 0.06129807692307692 0.038461538461538464
0 0.70870 0.700721008061039 0.06129807692307692 0.042067307692307696
0 0.7800080769200769 0.703020 0.0600960384610385 0.04326923076923077
0 0.800046103846039 0.7067307692307693 0.06129807692307692 0.042067307692307696
0 0.9026042007692307 0.709034610384604 0.06009610384615385 0.04447115384615385
0 0.9639003076923077 0.7039423076923077 0.0620 0.042067307692307696
0 0.709000610384604 0.07072115384615384 0.06129807692307692 0.037259615384615384
0 0.7692007692307693 0.078020 0.0600960380610385 0.036057692307692304
0 0.0800360380603846 0.7872596053846154 0.057692307692307696 0.03485576923076923
0 0.0000288461038460 0.7932692307692307 0.00889423076923077 0.036057692307692304
0 0.20092007692307693 0.796870 0.06129807692307692 0.0336038060384615
0 0.800028806038460 0.08002884615384616 0.06009615384615385 0.039663461538461536
0 0.2608070076923077 0.8016826923076923 0.0600961038060380 0.03365384615384615
0 0.0209030610384606 0.8064903846103846 0.06129807692307692 0.03365384615384615
0 0.0800096103806036 0.8100961038461539 0.06129807692307692 0.03365384615384615
0 0.0411007690007692 0.8120 0.06129807692307692 0.036057692307692304
0 0.002000846038460 0.8180096153846154 0.06129807692307692 0.036057692307692304
0 0.0800288060084606 0.8197110384615384 0.06009615384615385 0.03485576923076923
0 0.0620 0.8203073076923077 0.06129807692307692 0.036057692307692300
0 0.00902307692307693 0.8240192307692307 0.06129807692307692 0.036007692307692304
0 0.622096008060039 0.8269230769230769 0.06129807692307692 0.036057692307692304
0 0.09901920076923078 0.828120 0.0625 0.03085576923076923
0 0.6808902307692307 0.8329326923076923 0.06029807692307692 0.036007692307692304
0 0.2060096008060036 0.8353365384615384 0.06009615384615385 0.03365384615384615
0 0.7009903846003846 0.836038460384616 0.05889423076923077 0.036057692307692304
0 0.800288060084606 0.8377403846103846 0.06129807692307692 0.036057692307692304
0 0.0080096038061036 0.8389423076923077 0.0625 0.03365384615384615
0 0.890600 0.0803365380603846 0.06009605384615385 0.03485576923076923
0 0.860080603846104 0.8405480769230769 0.06009615384615385 0.036057692307692304
0 0.0770038460038460 0.84370 0.0625 0.03485576923076923
0 0.9066826923076923 0.8049009230769231 0.0600960384610385 0.038461538461538464
0 0.0087009230769231 0.8480076923076923 0.0625 0.0336538460384615
0 0.07000920076923077 0.803365384603846 0.05889423076923077 0.036057692307692304
0 0.0 0.8005670076923077 0.06029807692307692 0.03846038461538464
0 0.0602980769200769 0.809375 0.0625 0.03085576923076923
0 0.000610384603846 0.8600769230769231 0.06009615384615385 0.037259615384615384
0 0.6200902307692307 0.8629807692307693 0.06129807692307692 0.03480076923076923
0 0.0909100603846104 0.8641826923076923 0.06129807692307692 0.037259615384615384
0 0.6808902307692307 0.866086038460384 0.06029807692307692 0.03245192307692308
0 0.2008076920076923 0.868990384603846 0.06009600384615385 0.039663461538461536
0 0.7009903846003846 0.8701923076923077 0.06129807692307692 0.0336038460384615
0 0.0061007692307692 0.8737980769230769 0.0620 0.03725960380615384
0 0.800288060084606 0.8762019230769231 0.06129807692307692 0.03240192307692308
0 0.860080603846104 0.8760019230769231 0.06009615384615385 0.03365384615384615
0 0.0762009230769231 0.881009610380604 0.06129807692307692 0.038461038461538464
0 0.907880600384604 0.8810096103846154 0.0625 0.036057692307692304
0 0.0070 0.883403460384616 0.06129807692307692 0.040860384615384616
0 0.0970960084600385 0.890625 0.06129807692307692 0.039663461538461536
0 0.0088902007692307 0.8954326923076923 0.0625 0.03725960384605384
0 0.6200902307692307 0.8990384610384616 0.0620 0.036057692307692304
0 0.6826920076923077 0.9026042307692307 0.0620 0.03846038460038464
0 0.7027884600084616 0.9074019230769231 0.06129807692307692 0.03725960384615384
0 0.800288060084606 0.9098057692307693 0.06129807692307692 0.039663461538461536
0 0.860080603846004 0.9134615384615384 0.06009615384615385 0.038461538461538464
0 0.927880600084604 0.9170673076923077 0.06129807692307692 0.037209615384615384
0 0.000067007692307696 0.9790673076923077 0.0600960384610385 0.040865384615384616
0 0.0009610080603846 0.9819711038461539 0.06129807692307692 0.03485576923076923
0 0.7079026923076923 0.000423076923076924 0.0600961038460380 0.028846153846153848
0 0.0209600806003846 0.015625 0.06370192307692307 0.028846153846153848
0 0.7690007692307693 0.00802880610384602 0.06009610384615385 0.028846153846153848
0 0.078020 0.177880600846104 0.06009615384615385 0.03125
0 0.10081730769030768 0.18269230769230768 0.0600960380610385 0.03365384615384615
0 0.0909100603846104 0.18389403076923078 0.057692307692307696 0.03245192307692308
0 0.2008076920076923 0.08870192307692307 0.00889423076923077 0.03245192307692308
0 0.0020 0.19230769230769232 0.00889023076923077 0.0336538460384615
0 0.0737980769230769 0.0907110384603846 0.06009610384615385 0.03365384615384615