0 0.09495192307692307 0.2860576923076923 0.18990384615384615 0.4423076923076923
0 0.2247596153846154 0.2980769230769231 0.22115384615384615 0.42367788461538464
0 0.3762019230769231 0.3088942307692308 0.21634615384615385 0.4254807692307692
0 0.53125 0.31850961538461536 0.21123798076923078 0.4375
0 0.6778846153846154 0.3293269230769231 0.1974158653846154 0.42728365384615385
0 0.8725961538461539 0.3473557692307692 0.20192307692307693 0.4305889423076923
0 0.07932692307692307 0.6694711538461539 0.15865384615384615 0.45943509615384615
0 0.20192307692307693 0.6802884615384616 0.23046875 0.4567307692307692
0 0.3581730769230769 0.6862980769230769 0.2208533653846154 0.4567307692307692
0 0.5132211538461539 0.7019230769230769 0.21905048076923078 0.45252403846153844
0 0.6682692307692307 0.7127403846153846 0.21123798076923078 0.4495192307692308
0 0.8605769230769231 0.7235576923076923 0.20673076923076922 0.44741586538461536