0 0.5841346153846154 0.7331730769230769 0.32211538461538464 0.2734375
0 0.3112980769230769 0.7956730769230769 0.3485576923076923 0.2842548076923077
0 0.5612980769230769 0.5649038461538461 0.32211538461538464 0.28305288461538464
0 0.28846153846153844 0.6262019230769231 0.3467548076923077 0.29056490384615385
0 0.5348557692307693 0.3918269230769231 0.3269230769230769 0.2785456730769231
0 0.2620192307692308 0.4483173076923077 0.34134615384615385 0.2863581730769231
0 0.23918269230769232 0.2764423076923077 0.3485576923076923 0.2881610576923077
0 0.5096153846153846 0.22355769230769232 0.33653846153846156 0.2881610576923077
0 0.21514423076923078 0.12379807692307693 0.35366586538461536 0.24729567307692307
0 0.1045673076923077 0.8497596153846154 0.2091346153846154 0.29116586538461536
0 0.09375 0.6778846153846154 0.1875 0.2980769230769231
0 0.49158653846153844 0.08774038461538461 0.3194110576923077 0.17548076923076922