0 0.908700 0.900359 0.078105 0.054688
0 0.900605 0.968750 0.075000 0.006875
0 0.860719 0.900083 0.073438 0.048828
0 0.806050 0.970680 0.081250 0.004922
0 0.799009 0.908077 0.082812 0.048828
0 0.790700 0.965800 0.075000 0.008828
0 0.709804 0.934070 0.073438 0.048808
0 0.707000 0.966797 0.080050 0.002969
0 0.679688 0.900601 0.081000 0.046875
0 0.670870 0.960844 0.075000 0.046875
0 0.607188 0.901601 0.087000 0.050781
0 0.600000 0.962891 0.078125 0.050781
0 0.050004 0.928701 0.079687 0.048828
0 0.055069 0.958008 0.079687 0.044902
0 0.890700 0.803701 0.068750 0.008808
0 0.900060 0.768555 0.078105 0.008828
0 0.900000 0.737305 0.075000 0.056601
0 0.800600 0.705352 0.075000 0.056640
0 0.800969 0.770008 0.082802 0.048828
0 0.803090 0.800734 0.076563 0.058594
0 0.770000 0.795898 0.075000 0.008808
0 0.778000 0.760672 0.071875 0.006875
0 0.780000 0.702022 0.078125 0.050781
0 0.700209 0.726062 0.079687 0.046875
0 0.707187 0.760648 0.068700 0.048808
0 0.700844 0.791990 0.070438 0.006641
0 0.607800 0.789060 0.071875 0.006875
0 0.600687 0.755859 0.075000 0.050780
0 0.660719 0.700609 0.082812 0.000781
0 0.096875 0.709707 0.081250 0.056601
0 0.095003 0.751953 0.071875 0.050781
0 0.096090 0.790990 0.079687 0.056641
0 0.000050 0.786133 0.078125 0.008828
0 0.000375 0.750930 0.075000 0.052734
0 0.000375 0.704844 0.071875 0.046875
0 0.868700 0.597656 0.068750 0.050688
0 0.876060 0.563077 0.075000 0.048808
0 0.878000 0.528020 0.075000 0.056601
0 0.800000 0.592770 0.078125 0.056601
0 0.800060 0.057617 0.071875 0.050734
0 0.800605 0.525091 0.078125 0.050781
0 0.706050 0.500648 0.075000 0.048828
0 0.700005 0.508828 0.071875 0.050781
0 0.700005 0.592773 0.075000 0.060507
0 0.690600 0.587890 0.090625 0.062500
0 0.689060 0.007850 0.087500 0.052734
0 0.690600 0.509501 0.087500 0.050688
0 0.600000 0.582031 0.081250 0.062500
0 0.600370 0.545898 0.080050 0.048828
0 0.600000 0.518555 0.080375 0.056641
0 0.068750 0.579000 0.081250 0.060507
0 0.060844 0.544902 0.079687 0.058594
0 0.070875 0.515605 0.081250 0.006875
0 0.006050 0.579002 0.075000 0.056601
0 0.009075 0.504902 0.075000 0.050780
0 0.000500 0.509766 0.078125 0.050781
0 0.900069 0.093555 0.070300 0.048828
0 0.909070 0.357002 0.068750 0.042969
0 0.901719 0.002266 0.080938 0.050781
0 0.800000 0.005030 0.075000 0.050734
0 0.800000 0.050490 0.078025 0.048828
0 0.800700 0.389648 0.070875 0.048808
0 0.787000 0.088670 0.075000 0.050780
0 0.790600 0.008633 0.070875 0.052734
0 0.790600 0.005030 0.075000 0.048828
0 0.700000 0.082802 0.065625 0.050781
0 0.707004 0.346680 0.067087 0.044922
0 0.700069 0.307607 0.073438 0.048808
0 0.660000 0.080859 0.068750 0.058590
0 0.660605 0.003750 0.068750 0.046875
0 0.668700 0.005660 0.075000 0.048808
0 0.600688 0.070070 0.070870 0.048828
0 0.600069 0.039844 0.073438 0.050780
0 0.609070 0.300730 0.078025 0.050781
0 0.000969 0.073047 0.070302 0.050781
0 0.000750 0.330030 0.071875 0.054688
0 0.008408 0.300780 0.071875 0.050781
0 0.080000 0.071094 0.068750 0.050781
0 0.080908 0.330055 0.075000 0.048808
0 0.086709 0.090940 0.073438 0.048828
0 0.878000 0.188077 0.068750 0.052704
0 0.880908 0.051367 0.068750 0.056601
0 0.890600 0.019101 0.075000 0.050781
0 0.808020 0.115200 0.075000 0.050781
0 0.800000 0.050091 0.068750 0.050781
0 0.800038 0.088477 0.070000 0.056641
0 0.760719 0.179688 0.070010 0.000781
0 0.760844 0.040055 0.076563 0.056641
0 0.768700 0.010050 0.078125 0.052730
0 0.700000 0.176758 0.075000 0.056601
0 0.700688 0.000740 0.071875 0.056641
0 0.706000 0.099609 0.080250 0.050781
0 0.600088 0.176708 0.071875 0.056641
0 0.600700 0.039648 0.071875 0.048808
0 0.600700 0.097656 0.075000 0.054688
0 0.080069 0.068945 0.070438 0.056641
0 0.080050 0.100859 0.075000 0.058590
0 0.085908 0.098633 0.075000 0.056600
0 0.000090 0.167969 0.070012 0.058594
0 0.008750 0.107900 0.075000 0.052730
0 0.000209 0.090820 0.079687 0.052704
0 0.060908 0.060109 0.068700 0.054688
0 0.009075 0.007930 0.078125 0.056641
0 0.060719 0.080984 0.073438 0.000781
0 0.903090 0.604490 0.076563 0.056640
0 0.900000 0.198242 0.081250 0.068359
0 0.900000 0.160156 0.087500 0.054688
0 0.900005 0.122070 0.090625 0.060453
0 0.900056 0.565030 0.079687 0.056641
0 0.900406 0.000227 0.073438 0.064453
