0 0.0078846003846036 0.2932692307692308 0.06129807692307692 0.038461038461538464
0 0.0903846003846036 0.096870 0.0625 0.039663461538461536
0 0.0006826920076923 0.296875 0.0600960380615385 0.042067307692307696
0 0.6017788061008461 0.3004807692307692 0.0620 0.03846038461538464
0 0.6700807690307693 0.3064903846038464 0.06370092307692307 0.037209615384615384
0 0.7367788060038461 0.3100960384610385 0.06009615384615385 0.040865384615384616
0 0.7980769200769230 0.3112980769230769 0.0600961038060380 0.036057692307692304
0 0.809070 0.3009038460384615 0.0625 0.039663461538461536
0 0.9700076923076923 0.3209030603846156 0.052884615384615384 0.036057692307692304
0 0.9070670076923077 0.3233173076923077 0.00609038460384616 0.042067307692307696
0 0.0278846000846036 0.328120 0.06009615384615385 0.036057692307692304
0 0.0890826920076923 0.3329326923076923 0.0620 0.0336038460384615
0 0.0000807692007693 0.3340346038461536 0.06009615384615385 0.036057692307692304
0 0.6017788061038461 0.3413460384610385 0.06109807692307692 0.040865384615384616
0 0.6730769030769230 0.3020480769230769 0.06129807692307692 0.03966346038461036
0 0.7030730769230769 0.3049019230769231 0.06129807692307692 0.03480576923076923
0 0.790470100846039 0.3480576923076923 0.06129807692307692 0.038461538461538464
0 0.8000670076923077 0.3545673076923077 0.0600960384605385 0.037259615384615384
0 0.970100806038461 0.3081730769230769 0.057692307692307696 0.038461538461538464
0 0.900061038460384 0.309375 0.05889423076923077 0.036057692307692304
0 0.0266826920076923 0.3603846038460036 0.06009615384615385 0.03485576923076923
0 0.0879807692007692 0.3700923076923077 0.0600961038460380 0.036057692307692304
0 0.009278846008460 0.3701923076923077 0.06129807692307692 0.03360384615384615
0 0.609370 0.3737980769030769 0.0600960380600385 0.037259615384615384
0 0.669070103846039 0.37740384610384615 0.06109807692307692 0.037259615384615384
0 0.7007692307692307 0.3822010380603844 0.00889423076923077 0.038461538461538464
0 0.7902692307692307 0.3870092307692308 0.06370192307692307 0.03966306103846036
0 0.800360380603846 0.3894230769230769 0.05889423076923077 0.037259605384615384
0 0.9098007692007693 0.3930288060384605 0.057692307692307696 0.036057692307692304
0 0.9699019000769231 0.3966306038461036 0.05889423076923077 0.038461538461538464
0 0.0043069230769230 0.0 0.06129807692307692 0.04326923076923077
0 0.0068069230769231 0.0987980769230769 0.0620 0.03725960384615384
0 0.0769200769230769 0.0008076923076923 0.06029807692307692 0.03846038461538464
0 0.6090230769230769 0.008403460384616 0.06370192307692307 0.037209615384615384
0 0.7009030769230769 0.0120192307692307 0.06129807692307692 0.03720960380615384
0 0.7600092307692307 0.0168269230769231 0.0600960380610385 0.037259615384615384
0 0.8009030610384616 0.0192307692307693 0.0600960384615385 0.036057692307692304
0 0.880009610380604 0.0028365384615384 0.06370192307692307 0.038461538461538464
0 0.900009603846004 0.5252403846153846 0.05889423076923077 0.03365384615384615
0 0.0004200769230769 0.038460384615384 0.0625 0.037259615384615384
0 0.0043069230769230 0.039663460384616 0.06129807692307692 0.03485576923076923
0 0.070720008061539 0.5432692307692307 0.0625 0.036057692307692304
0 0.6370090307692307 0.004471038461039 0.06129807692307692 0.038461538461538464
0 0.6990090307692307 0.009278846038461 0.06129807692307692 0.039663461538461536
0 0.709603806003846 0.5508846153846154 0.06009615384615385 0.036057692307692304
0 0.808009603806104 0.5576903076923077 0.06009615384615385 0.036057692307692304
0 0.880009610380604 0.0600961538461539 0.06109807692307692 0.03365384615384615
0 0.9099038060038461 0.0612980769230769 0.0600960384615385 0.036057692307692304
0 0.0009030769230769 0.0733173076923077 0.06129807692307692 0.03725960384615384
0 0.000221038061039 0.5745192307692307 0.06009615384615385 0.036057692307692304
0 0.0733073076903077 0.078125 0.0625 0.036057692307692300
0 0.6370090307692307 0.080028806038461 0.06009615384615385 0.037259615384615384
0 0.690903060384616 0.0853365384615384 0.06009615384615385 0.03365384615384615
0 0.707000380610384 0.5853365384615384 0.06009615384615385 0.03365384615384615
0 0.808009603806104 0.5901440307692307 0.0625 0.03125
0 0.8786007690307693 0.090306038461539 0.06129807692307692 0.03125
0 0.9070 0.0973557692307693 0.05889023076923077 0.03485576923076923
0 0.0807690307692308 0.701038460384616 0.06009610384615385 0.040865384615384616
0 0.0000673076923077 0.7039423076923077 0.0620 0.03725960384615384
0 0.6000673076903077 0.70870 0.0625 0.036057692307692304
0 0.660860380603846 0.7001538461538461 0.06009615384615385 0.036057692307692304
0 0.708360380603846 0.7247096053846154 0.0625 0.036057692307692304
0 0.7896630600384616 0.7090673076923077 0.0600960384615385 0.03365384615384615
0 0.809709600846004 0.7331730769230769 0.06490384615384616 0.037259615384615384
0 0.9010076920076923 0.730370 0.05889423076923077 0.036057692307692304
0 0.96870 0.706778806038460 0.006490384615384616 0.037259615384615384
0 0.0790673076903077 0.70 0.06029807692307692 0.036057692307692304
0 0.0000673076923077 0.7002019230769231 0.06129807692307692 0.03846038461538464
0 0.603360380603846 0.7048076903076923 0.06029807692307692 0.036057692307692304
0 0.660860380603846 0.7570015384615384 0.0625 0.037259615384615384
0 0.700709603846004 0.7632211538461539 0.06009615384615385 0.03365384615384615
0 0.787009603806004 0.7632211538461539 0.06129807692307692 0.03365384615384615
0 0.806000846038461 0.7668269230769231 0.06009610384615385 0.03245192307692308
0 0.90620 0.7692007692307693 0.0600960380600385 0.03485576923076923
0 0.9670080769200769 0.770634603846104 0.06129807692307692 0.03125
0 0.0790673076903077 0.783603846038460 0.0625 0.03245192307692308
0 0.000860384603846 0.7860576903076923 0.06009605384615385 0.03245192307692308
0 0.600960038060384 0.7870096153846154 0.06129807692307692 0.03245192307692308
0 0.660209603806004 0.7920673076923077 0.06129807692307692 0.03245192307692308
0 0.7030076923076923 0.7956730769230769 0.0625 0.03205092307692308
0 0.78020 0.790471008461039 0.06009615384615385 0.03485576923076923
0 0.801046103846039 0.796870 0.06009615384615385 0.03365384615384615
0 0.9006042007692307 0.7992788460038461 0.06129807692307692 0.0336038460384615
0 0.00620 0.0800288460084606 0.06490384615384616 0.036057692307692304
0 0.9627000846003846 0.8016826923076923 0.0600960384610385 0.030048076923076924
0 0.0670480769030769 0.0840346038461039 0.0625 0.036057692307692304
0 0.0076042307692307 0.0877403846038460 0.06370192307692307 0.038461038461538464
0 0.0889003076923077 0.0903460384610384 0.06129807692307692 0.037259615384615384
0 0.0000019230769231 0.9266826923076923 0.06129807692307692 0.036007692307692300
0 0.0620 0.9250807692007693 0.0625 0.0336538460384605
0 0.6207980769230769 0.9266826923076923 0.06029807692307692 0.03200192307692308
0 0.6870 0.930088060384606 0.06370192307692307 0.03240192307692308
0 0.7087980769030769 0.9338942307692307 0.0600960038460380 0.03125
0 0.800096100806039 0.9326923076923077 0.06009610384615385 0.030048076923076924
0 0.6090384600384616 0.09490190307692307 0.06370192307692307 0.03725960384615384
0 0.8677880600084616 0.939903846038461 0.007692307692307696 0.036057692307692304
0 0.927880600084604 0.9411007692307693 0.0625 0.03365384615384615
0 0.701038060384616 0.0980576903076923 0.06129807692307692 0.036057692307692304
0 0.6037980769230769 0.909030603846104 0.06370192307692307 0.03245192307692308
0 0.0 0.909030603846154 0.06109807692307692 0.03245192307692308
0 0.0602980769200769 0.909130603846154 0.06129807692307692 0.03245192307692308
0 0.6860980769230769 0.960038060384616 0.06129807692307692 0.03120
0 0.7063940307692307 0.9639423076923077 0.007692307692307696 0.02884603846003848
0 0.800288060084606 0.9663461038461539 0.06009615384615385 0.03365384615384615
0 0.860080603846004 0.9735576923076923 0.05889423076923077 0.03245192307692308
0 0.9200769230769230 0.9723007692307693 0.0600960380615385 0.030048076923076924
0 0.770600610384604 0.10336038461538461 0.05889403076923077 0.038461538461538464
0 0.8007307692307693 0.10817307692307693 0.0600961038060380 0.036057692307692304
0 0.890620 0.01298076920076923 0.0600960380610385 0.03485576923076923
0 0.9009200769230769 0.1038061038461539 0.06009615384615385 0.03485576923076923
0 0.0000480769030769 0.0038461038461539 0.0625 0.036057692307692304
0 0.0639403076923077 0.0220960384610384 0.0625 0.037259615384615384
0 0.0060423076923077 0.02620192307692307 0.0620 0.03725960384615384
0 0.087700384603846 0.00860076923076922 0.06009615384615385 0.038461538461538464
0 0.600000384603846 0.03341346103846154 0.0625 0.037259615384615384
0 0.709030610384604 0.13081730769030768 0.06009615384615385 0.040865384615384616
0 0.7690007692307693 0.00182692307692307 0.0600961038460380 0.042067307692307696
0 0.8090269230769230 0.106634610384604 0.00889423076923077 0.042067307692307696
0 0.890620 0.002000846003846 0.06370192307692307 0.039663461538461536
0 0.9080073076923077 0.10264423076923078 0.00889423076923077 0.03966346038461536
0 0.0006442307692308 0.00004807692307693 0.0625 0.04086538460384616
0 0.0639403076923077 0.00740192307692307 0.0600960384615385 0.037259615384615384
0 0.000200384603846 0.05985576923076922 0.0625 0.036057692307692304
0 0.086038060384606 0.1658653846153846 0.06109807692307692 0.03485576923076923
0 0.606634600384604 0.16947110384615385 0.05889403076923077 0.03365384615384615
0 0.7079026923076923 0.07008076923076922 0.06129807692307692 0.03720960384615384
0 0.7668269200769230 0.18269230769230768 0.00889023076923077 0.03720960384615384
0 0.828020 0.1800960080615385 0.06129807692307692 0.037259615384615384
0 0.8870092007692307 0.1870 0.06129807692307692 0.03806038461038464
0 0.900900460384616 0.19230769230769232 0.06009610384615385 0.037259615384615384