15 0.954688 0.783203 0.071875 0.058594
15 0.953125 0.749023 0.075000 0.056641
15 0.950000 0.715820 0.071875 0.052734
15 0.893750 0.714844 0.068750 0.054688
15 0.891406 0.750000 0.070312 0.050781
15 0.892969 0.786133 0.070312 0.060547
15 0.833594 0.777344 0.079687 0.062500
15 0.835156 0.744141 0.070312 0.054688
15 0.833594 0.711914 0.073438 0.052734
15 0.775000 0.707031 0.071875 0.058594
15 0.773438 0.743164 0.071875 0.052734
15 0.773438 0.778320 0.075000 0.052734
15 0.714063 0.771484 0.075000 0.054688
15 0.715625 0.736328 0.071875 0.050781
15 0.714063 0.703125 0.071875 0.050781
15 0.653906 0.766602 0.067187 0.056641
15 0.651563 0.732422 0.068750 0.050781
15 0.654687 0.696289 0.068750 0.048828
15 0.900000 0.574219 0.071875 0.050781
15 0.894531 0.541992 0.067187 0.052734
15 0.895312 0.510742 0.071875 0.048828
15 0.835938 0.574219 0.068750 0.054688
15 0.838281 0.538086 0.070312 0.056641
15 0.836719 0.505859 0.076563 0.054688
15 0.777344 0.572266 0.073438 0.054688
15 0.777344 0.538086 0.070312 0.048828
15 0.775781 0.499023 0.070312 0.052734
15 0.717969 0.564453 0.076563 0.054688
15 0.716406 0.529297 0.076563 0.050781
15 0.715625 0.499023 0.075000 0.052734
15 0.657031 0.559570 0.073438 0.060547
15 0.658594 0.525391 0.076563 0.054688
15 0.658594 0.496094 0.073438 0.050781
15 0.596094 0.555664 0.070312 0.052734
15 0.596875 0.520508 0.075000 0.048828
15 0.595313 0.487305 0.071875 0.044922
15 0.535156 0.553711 0.073438 0.056641
15 0.533594 0.515625 0.067187 0.046875
15 0.538281 0.486328 0.073438 0.050781
15 0.482031 0.476562 0.079687 0.050781
15 0.478125 0.511719 0.081250 0.054688
15 0.473438 0.548828 0.075000 0.050781
15 0.412500 0.541992 0.075000 0.052734
15 0.416406 0.507812 0.067187 0.050781
15 0.420312 0.477539 0.071875 0.044922
15 0.355469 0.541992 0.076563 0.056641
15 0.357031 0.502930 0.076563 0.056641
15 0.360938 0.472656 0.078125 0.046875
15 0.292187 0.537109 0.071875 0.058594
15 0.298438 0.498047 0.071875 0.050781
15 0.301563 0.470703 0.075000 0.050781
15 0.507812 0.340820 0.078125 0.052734
15 0.567969 0.352539 0.082812 0.056641
15 0.626563 0.354492 0.075000 0.056641
15 0.690625 0.358398 0.075000 0.060547
15 0.749219 0.362305 0.073438 0.052734
15 0.810937 0.366211 0.071875 0.060547
15 0.870313 0.374023 0.075000 0.064453
15 0.931250 0.374023 0.071875 0.056641
15 0.927344 0.338867 0.067187 0.048828
15 0.927344 0.310547 0.073438 0.046875
15 0.869531 0.305664 0.070312 0.044922
15 0.871875 0.335938 0.078125 0.046875
15 0.808594 0.301758 0.073438 0.048828
15 0.807813 0.328125 0.071875 0.046875
15 0.749219 0.296875 0.079687 0.046875
15 0.753125 0.326172 0.075000 0.050781
15 0.689844 0.292969 0.073438 0.050781
15 0.689844 0.323242 0.070312 0.048828
15 0.632812 0.291016 0.075000 0.054688
15 0.629687 0.320312 0.071875 0.046875
15 0.571875 0.282227 0.075000 0.052734
15 0.571875 0.316406 0.075000 0.046875
15 0.509375 0.313477 0.075000 0.048828
15 0.510156 0.279297 0.076563 0.046875
15 0.914062 0.170898 0.065625 0.056641
15 0.912500 0.140625 0.065625 0.054688
15 0.911719 0.108398 0.070312 0.048828
15 0.851562 0.108398 0.068750 0.052734
15 0.853125 0.137695 0.078125 0.048828
15 0.852344 0.166992 0.082812 0.048828
15 0.795312 0.163086 0.071875 0.052734
15 0.796875 0.130859 0.078125 0.054688
15 0.796094 0.099609 0.076563 0.054688
15 0.736719 0.098633 0.079687 0.044922
15 0.733594 0.129883 0.067187 0.048828
15 0.733594 0.165039 0.070312 0.048828
15 0.674219 0.095703 0.064062 0.046875
15 0.675000 0.124023 0.065625 0.044922
15 0.675781 0.160156 0.070312 0.054688
15 0.614062 0.148438 0.068750 0.046875
15 0.613281 0.117188 0.067187 0.042969
15 0.615625 0.089844 0.068750 0.042969
15 0.553906 0.146484 0.067187 0.050781
15 0.555469 0.114258 0.070312 0.044922
15 0.557031 0.086914 0.067187 0.044922
15 0.497656 0.083008 0.067187 0.052734
15 0.494531 0.112305 0.070312 0.044922
15 0.492188 0.147461 0.065625 0.052734
15 0.434375 0.145508 0.065625 0.044922
15 0.437500 0.108398 0.068750 0.044922
15 0.439844 0.081055 0.067187 0.041016
