0 0.00200092307692308 0.2824019230769231 0.05889423076923077 0.03485576923076923
0 0.09200807692007693 0.2860076923076923 0.0600960384605385 0.036057692307692304
0 0.00104200769230768 0.2884603846103844 0.057692307692307696 0.03365384615384615
0 0.2010080603846104 0.2920673076923077 0.06009615384615385 0.03365384615384615
0 0.2700026923076923 0.2932692307692308 0.06029807692307692 0.036007692307692304
0 0.0293269230769230 0.296870 0.00889023076923077 0.03846038461538464
0 0.0890230769230769 0.3006826923076923 0.0600961038460380 0.037259615384615384
0 0.00080076923076923 0.3073076923076923 0.057692307692307696 0.03245192307692308
0 0.09070 0.3097103806103844 0.05889423076923077 0.03485576923076923
0 0.00104200769230768 0.3233173076923077 0.0600960384610385 0.037259615384615384
0 0.2010080603846104 0.3269230769230769 0.06129807692307692 0.036057692307692304
0 0.2700026923076923 0.328020 0.0600960384610385 0.03485576923076923
0 0.0300288060384600 0.33052884615384615 0.06009615384615385 0.036057692307692304
0 0.090620 0.3300346038461036 0.05889423076923077 0.030048076923076924
0 0.00720960380600384 0.35216346153846156 0.05889423076923077 0.036057692307692304
0 0.0960008060384616 0.3045673076923077 0.056490384615384616 0.03365384615384615
0 0.0008060384610385 0.3581730769230769 0.06009615384615385 0.03125
0 0.2027000846103846 0.3617788460384610 0.06009615384615385 0.03125
0 0.2728060380603844 0.3629807692307692 0.06009600384615385 0.030048076923076924
0 0.0300288060384600 0.36658653846153844 0.057692307692307696 0.03245192307692308
0 0.0890230769230769 0.3660860384603844 0.057692307692307696 0.03485576923076923
0 0.0600960008060380 0.49158653846153844 0.057692307692307696 0.03365384615384615
0 0.0160860080603846 0.49399038461538464 0.05889423076923077 0.03485576923076923
0 0.07668269200769232 0.0963942307692308 0.0600961038460380 0.03485576923076923
0 0.200370 0.4970960384605385 0.06009615384615385 0.03485576923076923
0 0.2906700769230769 0.0036057692307693 0.0600960380605385 0.03365384615384615
0 0.0069700380610385 0.5060096153846154 0.06129807692307692 0.036057692307692304
0 0.0008600846038464 0.5084134615384616 0.06009615384615385 0.036057690307692304
0 0.06029807692007692 0.020038460384616 0.007692307692307696 0.03245192307692308
0 0.01899008061038461 0.025240384603846 0.06009615384615385 0.03125
0 0.077880610084604 0.0288461538461539 0.05889423076923077 0.03125
0 0.2067788060038460 0.0324519230769231 0.05889423076923077 0.03245192307692308
0 0.2906700769230769 0.0360576923076923 0.0600960380605385 0.03365384615384615
0 0.0007692307692308 0.538060384605384 0.06129807692307692 0.03125
0 0.0008600846038464 0.5420673076923077 0.05889423076923077 0.03365384615384615
0 0.06070092307692307 0.005288060384616 0.057692307692307696 0.03365384615384615
0 0.0201920076923077 0.0088902307692307 0.057692307692307696 0.03245192307692308
0 0.077880610084604 0.0612980769230769 0.06009615384615385 0.03365384615384615
0 0.2067788060038460 0.0637019230769231 0.05889423076923077 0.03125
0 0.296870 0.068509600806054 0.05889423076923077 0.03245192307692308
0 0.0069700380610385 0.5709134615384616 0.06009615384615385 0.03365384615384615
0 0.0008600846038464 0.5757211538461539 0.05889423076923077 0.03365384615384615
0 0.027604200769230768 0.6887009230769231 0.00028846038461536 0.03485576923076923
0 0.0800046103846039 0.6923076923076923 0.06009610384615385 0.03365384615384615
0 0.00040269230769232 0.690913460384616 0.06009615384615385 0.03125
0 0.20002692307692307 0.697010384603846 0.00889423076923077 0.03125
0 0.2602201038060380 0.6995192307692307 0.06129807692307692 0.03125
0 0.0233073076923077 0.7003269230769231 0.00889423076923077 0.03120
0 0.0830034610384606 0.7079326923076923 0.06009610384615385 0.03245192307692308
0 0.0420076923076923 0.701038460384616 0.00889423076923077 0.03365384615384615
0 0.02880600084603848 0.7211038461538461 0.057692307692307696 0.028846153846153848
0 0.0860080603846004 0.7011538461538461 0.06009615384615385 0.028846153846153848
0 0.006604610384604 0.7271634610384616 0.05889423076923077 0.03125
0 0.20002692307692307 0.728360384603846 0.00889423076923077 0.030048076923076924
0 0.2602201038060380 0.7319711538461539 0.05889423076923077 0.028846153846153848
0 0.0233073076923077 0.730370 0.0600960384610385 0.030048076923076924
0 0.0830034610384606 0.7379807692307693 0.06009610384615385 0.03125
0 0.0401007692007692 0.743990384603846 0.007692307692307696 0.030048076923076924
0 0.000008076923076924 0.7002019230769231 0.0600960384610385 0.03365384615384615
0 0.0889020076923077 0.702403846038460 0.00889423076923077 0.03245192307692308
0 0.006604610384604 0.7060096153846154 0.06009615384615385 0.03125
0 0.0000288060084615 0.7608173076923077 0.05889423076923077 0.03485576923076923
0 0.2604200769230769 0.7608073076923077 0.00889423076923077 0.03240192307692308
0 0.0200092307692308 0.7668269230769231 0.0600960384610385 0.036057692307692304
0 0.0830034610384606 0.7692307692307693 0.06009610384615385 0.030048076923076924
0 0.0401007692007692 0.7764423076923077 0.007692307692307696 0.03245192307692308
0 0.020002692307692308 0.0803360384603846 0.040865384605384616 0.03365384615384615
0 0.0709000610384604 0.08413461038461539 0.06009615384615385 0.036057690307692304
0 0.001009610380604 0.08603846153846154 0.057692307692307696 0.037259615384615384
0 0.0870 0.0889020076923077 0.0600960384610385 0.036057692307692304
0 0.0044701008460380 0.8954326923076923 0.06129807692307692 0.03245192307692308
0 0.0003603806038461 0.8904326923076923 0.06009615384615385 0.030048076923076924
0 0.0600610384603846 0.9014423076923077 0.00889423076923077 0.03365384615384615
0 0.22200076923076922 0.90625 0.057692307692307696 0.030008076923076924
0 0.2820009200769231 0.9000480769230769 0.0600960384615385 0.030048076923076924
0 0.0020480769230769 0.9098057692307693 0.05889423076923077 0.03025
0 0.0004420076923077 0.912209603846104 0.05889423076923077 0.03125
0 0.2070960084600385 0.09254807692307693 0.06009615384615385 0.039663461538461536
0 0.0076923076923077 0.09090092307692307 0.0600960384610385 0.040865384615384616
0 0.006870 0.904278846008460 0.06009610384615385 0.028846153846153848
0 0.0069711008060384 0.9266826923076923 0.06009610384615385 0.030048076923076924
0 0.060860080603846 0.9302884615384616 0.06009615384615385 0.027644230769230768
0 0.220709600846004 0.9338942307692307 0.05889423076923077 0.027644230769230768
0 0.2806038060384600 0.9362980769230769 0.06009615384615385 0.028846153846153848
0 0.0020480769230769 0.939903846038460 0.006490384615384616 0.02403846153846154
0 0.0990380600384606 0.9423076923076923 0.06129807692307692 0.028846103846153848
0 0.00008076920076923 0.900720038461539 0.06370192307692307 0.026442307692307692
0 0.009070 0.9003269230769231 0.05649038460384616 0.026442307692307692
0 0.0677880600384606 0.09490192307692307 0.06009615384615385 0.038461538461538464
0 0.06706700769230768 0.909130603846104 0.06009615384615385 0.027644230769230768
0 0.22000769230769232 0.962700384603846 0.06009605384615385 0.027644230769230768
0 0.2820009200769231 0.9639423076923077 0.00889423076923077 0.030048076923076924
0 0.0020480769230769 0.96870 0.05889423076923077 0.030048076923076924
0 0.00024008460038464 0.9723057692307693 0.05649038460384616 0.027644230769230768
0 0.0266826920076923 0.0997096038460039 0.06009615384615385 0.039663461538461536
0 0.02060061038460384 0.11899038461038461 0.04326923076923077 0.03485576923076923
0 0.0703073076923077 0.1201923076923077 0.00889023076923077 0.0336038460384615
0 0.001009610380604 0.12209615384615384 0.05889423076923077 0.03485576923076923
0 0.08870190007692307 0.120 0.0600960380610385 0.039663461538461536
0 0.20879807692007693 0.031009610384604 0.06009610384615385 0.036057692307692304
0 0.0076923076923077 0.0322110380603846 0.007692307692307696 0.03365384615384615
0 0.0660860380603844 0.03221153846153846 0.06009615384615385 0.03485576923076923
0 0.0204807692007692 0.03701923076923078 0.007692307692307696 0.03485576923076923
0 0.0228060380603846 0.00144230769230768 0.04567307692307692 0.03365384615384615
0 0.0707200080610384 0.15504807692307693 0.056490384615384616 0.037259615384615384
0 0.001009610380604 0.10865384615384615 0.05889403076923077 0.037259615384615384
0 0.1899008061038460 0.16346103846153846 0.06009615384615385 0.03365384615384615
0 0.2070960084600385 0.16466346153846154 0.05889423076923077 0.03245192307692308
0 0.0076923076923077 0.06706730769230768 0.00889023076923077 0.03720960384615384
0 0.0677880600384606 0.16826923076923078 0.06009610384615385 0.036057692307692304
0 0.0204807692007692 0.071870 0.057692307692307696 0.0336538460384615