0 0.0480073076923077 0.2896634610384606 0.006490384615384616 0.03245192307692308
0 0.008000460384616 0.29086038461538464 0.06009615384615385 0.03485576923076923
0 0.0670076923076923 0.2904700384610385 0.06009615384615385 0.03485576923076923
0 0.6286007692007693 0.2906730769230769 0.05889023076923077 0.03245092307692308
0 0.6887009200769231 0.296870 0.06129807692307692 0.03200192307692308
0 0.707096008460039 0.3004807692307692 0.06009615384615385 0.03485576923076923
0 0.8076920076923077 0.3000860384603844 0.00889423076923077 0.03365384605384615
0 0.866086008060384 0.30528846053846156 0.06129807692307692 0.03365384615384615
0 0.9200807692007693 0.3000960384610385 0.06129807692307692 0.03365384615384615
0 0.0470100846038464 0.32091346103846156 0.057692307692307696 0.03245192307692308
0 0.007200080610384 0.3233173076923077 0.06129807692307692 0.03365384615384615
0 0.068009600806054 0.3245192307692308 0.06129807692307692 0.03245192307692308
0 0.6286007692007693 0.3293269230769230 0.00889023076923077 0.0336538460384615
0 0.6870 0.0293269230769230 0.0600960380610385 0.03365384615384615
0 0.707096008460039 0.3317307692307692 0.06129807692307692 0.03485576923076923
0 0.8076920076923077 0.3303360380603844 0.05889423076923077 0.03365384605384615
0 0.866086008060384 0.33653846053846156 0.06129807692307692 0.03365384615384615
0 0.927880600084604 0.3401442307692308 0.00889423076923077 0.03245192307692308
0 0.0447010084603844 0.30336538461538464 0.05889403076923077 0.03125
0 0.0008076920076923 0.3057692307692308 0.0600960384605385 0.03125
0 0.0660007692007693 0.3581730769230769 0.0600960380615385 0.03245192307692308
0 0.6270008460038461 0.3600769230769231 0.0600960384615385 0.03365384615384615
0 0.6870 0.0607788060384610 0.06009615384615385 0.03365384615384615
0 0.707096008460039 0.3641826923076923 0.06009615384615385 0.03245192307692308
0 0.8076920076923077 0.3677880600384606 0.06009610384615385 0.03245192307692308
0 0.8689900806003846 0.3677884603846106 0.05889423076923077 0.03365384615384615
0 0.929086008060384 0.3737980769230769 0.06029807692307692 0.03360384615384615
0 0.0709600846003844 0.4963942307692308 0.057692307692307696 0.03485576923076923
0 0.0008057692307693 0.4975960384605385 0.06009615384615385 0.03365384615384615
0 0.09070 0.5002019230769231 0.0600960380615385 0.03485576923076923
0 0.6000080769200769 0.5048076923076923 0.0600960384605385 0.036057692307692304
0 0.7009023076923077 0.006009603846104 0.06009615384615385 0.036057692307692304
0 0.7700084600384616 0.009603846153846 0.06009615384615385 0.03485576923076923
0 0.800034610384604 0.0096153846153846 0.05889423076923077 0.03485576923076923
0 0.8900288060038461 0.013221038461539 0.06009615384615385 0.03485576923076923
0 0.900020 0.50625 0.06009615380615385 0.03485576923076923
0 0.0700076923076923 0.528846038460539 0.05889423076923077 0.03365384615384615
0 0.0020009230769231 0.53125 0.0600960384615385 0.03365384615384615
0 0.0920080769200769 0.533653846038460 0.05889423076923077 0.03485576923076923
0 0.600806038460039 0.5372596153846154 0.06129807692307692 0.03485576923076923
0 0.7009023076923077 0.039663460384616 0.06009610384615385 0.03245192307692308
0 0.7700084600384616 0.040865384603846 0.06009615384615385 0.03485576923076923
0 0.800034610384604 0.0444711538461539 0.05889423076923077 0.03365384615384615
0 0.8900288060038461 0.046875 0.05889423076923077 0.03485576923076923
0 0.900528806008460 0.5492788461538461 0.06009615384615385 0.03485576923076923
0 0.0720007692307692 0.5637009230769231 0.0600960384615385 0.036057692307692304
0 0.00020 0.5637019230769231 0.0600960380615385 0.03365384615384615
0 0.0920080769200769 0.5660057692307693 0.0600960384615385 0.03485576923076923
0 0.600806038460039 0.5709134615384616 0.06009615384615385 0.036057692307692304
0 0.7001042007692307 0.072103846153846 0.06129807692307692 0.03485576923076923
0 0.770200084603846 0.0745092307692307 0.06009615384615385 0.03245192307692308
0 0.800034610384604 0.0769230769230769 0.06009615384615385 0.03365384615384615
0 0.8900026923076923 0.0807307692307693 0.0600960384615385 0.03365384615384615
0 0.900528806008460 0.5829326923076923 0.06129807692307692 0.037259615384615384
0 0.0099038460038460 0.6930096153846154 0.057692307692307696 0.03485576923076923
0 0.0987980769200769 0.690903460384616 0.06009610384615385 0.036057692307692304
0 0.0088902007692307 0.6995092307692307 0.0600960384615385 0.036057692307692304
0 0.6089900806103846 0.7019230769230769 0.0600960384610385 0.037259615384615384
0 0.677880610084604 0.703100 0.06009615384615385 0.036057692307692304
0 0.7090806923076923 0.7079326923076923 0.00889023076923077 0.03720960384615384
0 0.7992788060008461 0.709134603846104 0.06009615384615385 0.036057692307692304
0 0.809070 0.700380615384616 0.05889423076923077 0.036057692307692304
0 0.9082692007692307 0.7127003846103846 0.00889423076923077 0.036057692307692304
0 0.0070 0.728360384603846 0.057692307692307696 0.03485576923076923
0 0.0987980769200769 0.7307692307692307 0.00889423076923077 0.036007692307692304
0 0.0076920076923077 0.730375 0.0600960384605385 0.036057692307692304
0 0.6077880610084616 0.736778846038461 0.06129807692307692 0.036007692307692304
0 0.6800880600084616 0.736778846038461 0.06009610384615385 0.037259615384615384
0 0.700084600384604 0.7427884610384616 0.05889423076923077 0.037259615384615384
0 0.7992788060008461 0.7401923076923077 0.0600960384615385 0.03365384615384615
0 0.809070 0.7063942307692307 0.0600960384605385 0.036057692307692304
0 0.9082692007692307 0.70 0.00889023076923077 0.03485576923076923
0 0.0062980769230769 0.7644230769230769 0.0600960038460380 0.037259615384615384
0 0.0900920076923077 0.760625 0.05889423076923077 0.036057692307692304
0 0.006090084603846 0.7680288460538461 0.05889423076923077 0.03485576923076923
0 0.6077880610084616 0.7704326923076923 0.06129807692307692 0.03720960384615384
0 0.6802880600084616 0.7764423076923077 0.0600960384610385 0.036057692307692304
0 0.7090826923076923 0.7776042307692307 0.0600961038460380 0.036057692307692304
0 0.8000807690007693 0.778846003846039 0.06009610384615385 0.03485576923076923
0 0.809070 0.78025 0.0600960380615385 0.03485576923076923
0 0.9206700769230769 0.783603806038460 0.00889423076923077 0.036057692307692304
0 0.0206700769230769 0.0903461038460384 0.007692307692307696 0.03485576923076923
0 0.900009603846004 0.9134615384615384 0.057692307692307696 0.037259615384615384
0 0.0790670076923077 0.09370 0.06029807692307692 0.036057692307692304
0 0.009663060384606 0.09610384615384616 0.06009615384615385 0.03485576923076923
0 0.900009603846004 0.9519230769230769 0.057692307692307696 0.036057692307692304
0 0.0980576920076923 0.09735576923076923 0.06029807692307692 0.036057692307692300
0 0.608600806038461 0.09735576903076923 0.06129807692307692 0.03125
0 0.900009603846004 0.9855769230769231 0.05889423076923077 0.028846153846153848
0 0.706006103846039 0.10216346103846154 0.05889423076923077 0.03245192307692308
0 0.7776042007692307 0.0040673076923077 0.0600960384610385 0.03365384615384615
0 0.806038060384606 0.10697110384615384 0.06129807692307692 0.03485576923076923
0 0.896600600384604 0.11177884610384616 0.05889403076923077 0.03125
0 0.900528806008460 0.1141826923076923 0.06129807692307692 0.03365384615384615
0 0.0094711008460380 0.125 0.05889423076923077 0.03125
0 0.0780603846038464 0.020 0.06009615384615385 0.03245192307692308
0 0.008060384600384 0.12620192307692307 0.057692307692307696 0.03245192307692308
0 0.0980576920076923 0.02980769230769232 0.06129807692307692 0.03205192307692308
0 0.6070009200769231 0.131009603846154 0.05889423076923077 0.036057692307692304
0 0.7070080769200769 0.131009603846104 0.06009615384615385 0.03245192307692308
0 0.7776040007692307 0.0334134610384604 0.06129807692307692 0.03240192307692308
0 0.8077003846003846 0.1382210384610385 0.06129807692307692 0.03365384615384615
0 0.897806038060384 0.04182692307692307 0.007692307692307696 0.030048076923076924
0 0.9067007692307693 0.00043269230769232 0.06129807692307692 0.036057692307692304
0 0.0070670076923077 0.1038460384610385 0.06009615384615385 0.03485576923076923
0 0.0780603846038464 0.00625 0.0625 0.03365384615384615
0 0.007209603806054 0.15625 0.05889423076923077 0.036057692307692304
0 0.0980576920076923 0.0865380605384615 0.06009615384615385 0.036057692307692304
0 0.6070009200769231 0.162259603846154 0.0625 0.03485576923076923
0 0.7099019200769231 0.1630603846103846 0.06129807692307692 0.037259615384615384
0 0.778806000846039 0.1608653846153846 0.06129807692307692 0.036057692307692304
0 0.8089023076923077 0.0694711038460380 0.06009615384615385 0.038461538461538464
0 0.897806038060384 0.071870 0.05889423076923077 0.03365384615384615
0 0.909000603846104 0.17668269230769232 0.0625 0.03365384615384615