0 0.06070092307692307 0.2620192307692308 0.0620 0.036007692307692300
0 0.0220960080610384 0.2668269230769231 0.06129807692307692 0.037259615384615384
0 0.08269200769230768 0.2692307692307692 0.00889023076923077 0.03846038461038464
0 0.2009903846003846 0.2728360384603844 0.05889423076923077 0.03365384615384615
0 0.0000860384603844 0.27403846003846156 0.06009615384615385 0.03485576923076923
0 0.0600826923076923 0.2776442307692308 0.0620 0.03846038461038464
0 0.0242788460008460 0.27884610384615385 0.06129807692307692 0.038461538461538464
0 0.0867788460008460 0.2824019230769231 0.06129807692307692 0.037259615384615384
0 0.006870 0.2884600846053844 0.06009615384615385 0.037259615384615384
0 0.606970100806039 0.28966346103846156 0.06129807692307692 0.037259615384615384
0 0.6670670076923077 0.2920673076923077 0.00889023076923077 0.03720960384605384
0 0.06090084600384616 0.296870 0.06129807692307692 0.036057692307692304
0 0.728060380603846 0.2980769230769230 0.0620 0.042067307692307696
0 0.020 0.0000807692307692 0.00889423076923077 0.03846038461538464
0 0.08269200769230768 0.3016826923076923 0.0600961038060380 0.036057692307692304
0 0.787209600806004 0.3016826923076923 0.05889423076923077 0.039663461538461536
0 0.8080076920076923 0.3052884603846056 0.06009615384615385 0.037259615384615384
0 0.2027884600084604 0.30649038461038464 0.06129807692307692 0.03365384615384615
0 0.0000860384603844 0.30009610384615385 0.06009615384615385 0.037259615384615384
0 0.90620 0.0000960380610385 0.05889423076923077 0.037259615384615384
0 0.0629807692307692 0.3020 0.0600960380610385 0.03485576923076923
0 0.966006003846039 0.3137019230769231 0.06009610384615385 0.036057692307692304
0 0.0242788460008460 0.31490384610384615 0.0625 0.036057692307692304
0 0.0867788460008460 0.31800961538461536 0.06009615384615385 0.036057692307692304
0 0.0006700769230769 0.3209034603846156 0.06009615384615385 0.036057692307692304
0 0.6000670076923077 0.3207200384615385 0.06009615384615385 0.03485576923076923
0 0.660860080603846 0.33052884605384615 0.06009615384615385 0.039663461538461536
0 0.02620192007692307 0.3317307692307692 0.00889023076923077 0.036007692307692304
0 0.0670076923076923 0.3307307692307692 0.0620 0.0336038060384615
0 0.720960080600384 0.3329326923076923 0.06009615384615385 0.040865384615384616
0 0.0800960080610385 0.33774038461538464 0.06129807692307692 0.03485576923076923
0 0.7860076920076923 0.3377003846038464 0.06009600384615385 0.038461538461538464
0 0.80070 0.3400442307692308 0.0600960384610385 0.038461538461538464
0 0.0027884600084604 0.3401442307692308 0.06129807692307692 0.03480576923076923
0 0.900806003846039 0.34134610384615385 0.06129807692307692 0.03485576923076923
0 0.0000860384603844 0.3400480769230769 0.06009615384615385 0.036057692307692304
0 0.0600826923076923 0.3461038460384610 0.06009615384615385 0.036057692307692304
0 0.960008060384616 0.34970961538461536 0.06009615384615385 0.039663461538461536
0 0.0200769230769230 0.3497096038461036 0.06129807692307692 0.036057692307692304
0 0.0800730769030769 0.3021634603846106 0.06129807692307692 0.036057692307692304
0 0.0000692307692307 0.3057692307692308 0.05889423076923077 0.03485576923076923
0 0.600360380603846 0.3600769230769230 0.05889423076923077 0.037259615384615384
0 0.660060038460384 0.3629807692307692 0.00889423076923077 0.040865384615384616
0 0.7200076923076923 0.3677880603846056 0.05889423076923077 0.038461538461538464
0 0.780603806038460 0.3713942307692308 0.00889423076923077 0.039663461538461536
0 0.8020480769200769 0.3762009230769231 0.0600960384610385 0.036057692307692304
0 0.9000420076923077 0.3774038461038460 0.0620 0.036057692307692304
0 0.9079026923076923 0.3798076923076923 0.007692307692307696 0.036057692307692300
0 0.000008076923076924 0.46274038460038464 0.0600960384610385 0.03485576923076923
0 0.09000420076923077 0.4663461038460380 0.06129807692307692 0.038461538461538464
0 0.209000610384604 0.4670480769230769 0.06009615384615385 0.037259615384615384
0 0.000200084603846 0.46870 0.06009615384615385 0.038461538461538464
0 0.2692007692307692 0.0701038460384610 0.06009615384615385 0.03485576923076923
0 0.0293269230769230 0.0709603846103844 0.06009615384615385 0.03365384615384615
0 0.090620 0.0807692307692308 0.06029807692307692 0.036007692307692304
0 0.0007200084610385 0.4831730769230769 0.06009615384615385 0.03365384615384615
0 0.0020192007692307 0.084370 0.06129807692307692 0.03485576923076923
0 0.0703073076923077 0.0867788460384610 0.06129807692307692 0.03245192307692308
0 0.6030034610384616 0.4908603846153844 0.06129807692307692 0.03365384615384615
0 0.690701008460384 0.4963942307692308 0.06129807692307692 0.038461038461538464
0 0.00200092307692308 0.4970960384615385 0.06129807692307692 0.03485576923076923
0 0.7008076920076923 0.4970960384605385 0.06370192307692307 0.03365384615384615
0 0.0900061038460384 0.0012019230769231 0.06129807692307692 0.03365384615384615
0 0.000200084603846 0.0012019230769231 0.06009615384615385 0.03125
0 0.8061007692007693 0.0012019230769231 0.0600960380615385 0.03365384615384615
0 0.209000610384604 0.0036057692307693 0.0625 0.03485576923076923
0 0.870 0.0008076920076923 0.05889423076923077 0.03725960384605384
0 0.2700026923076923 0.006009603846004 0.06009615384615385 0.036057692307692304
0 0.900096038060039 0.5096153846153846 0.06009615384615385 0.03485576923076923
0 0.0293269230769230 0.0108173076923077 0.0600960380610385 0.036057692307692304
0 0.090620 0.00625 0.06009605380615385 0.030048076923076924
0 0.0009200769230769 0.0168269230769231 0.0600960384615385 0.03485576923076923
0 0.0008170076923077 0.018028806038461 0.0625 0.036057692307692304
0 0.072000806103846 0.5204326923076923 0.06129807692307692 0.037259615384615384
0 0.602201038060384 0.0276442307692307 0.0625 0.03485576923076923
0 0.690009603806004 0.53105 0.06129807692307692 0.03485576923076923
0 0.00000192307692308 0.0300480769230769 0.06129807692307692 0.0336538460384615
0 0.7006007692307693 0.53025 0.05889023076923077 0.036057692307692304
0 0.0900061038460384 0.0304519230769231 0.06009615384615385 0.03485576923076923
0 0.8020 0.0060576923076923 0.06129807692307692 0.0336538060384615
0 0.00144000769230768 0.0360576923076923 0.05889423076923077 0.036057692307692304
0 0.2010080603846104 0.5372596153846154 0.06129807692307692 0.036057692307692304
0 0.8700900307692307 0.039663460384616 0.00889423076923077 0.03245192307692308
0 0.2700026923076923 0.040860384603846 0.06009605384615385 0.03485576923076923
0 0.9000903846103846 0.0420673076923077 0.0625 0.0336538460384615
0 0.0300288060384600 0.5444711538461539 0.06129807692307692 0.037259615384615384
0 0.090620 0.009278846038460 0.06009615384615385 0.038461538461538464
0 0.0007200084610385 0.5528846153846154 0.06009615384615385 0.036057692307692304
0 0.0008170076923077 0.050086538460384 0.06129807692307692 0.037259615384615384
0 0.070900060384616 0.0576923076923077 0.057692307692307696 0.037259615384615384
0 0.600009610380604 0.0600961538461539 0.0625 0.03485576923076923
0 0.6901007692007693 0.060903846038461 0.06129807692307692 0.036057692307692304
0 0.002067007692307696 0.007692307692307696 0.06029807692307692 0.03720960384615384
0 0.7087980769000769 0.0673076923076923 0.06029807692307692 0.03720960384615384
0 0.8088902007692307 0.070903460384616 0.06129807692307692 0.03480576923076923
0 0.8689900806003846 0.0745192307692307 0.05889423076923077 0.03485576923076923
0 0.9200807692007693 0.0769230769230769 0.057692307692307696 0.036057692307692304
0 0.0009610080603846 0.06009610384615385 0.06009615384615385 0.039663461538461536
0 0.0086008060384615 0.06370192307692307 0.057692307692307696 0.037259615384615384
0 0.20870 0.0609008460384616 0.06129807692307692 0.037209615384615384
0 0.2800080769200769 0.0680096038460039 0.06129807692307692 0.038461538461538464
0 0.0044701008460380 0.6694711538461539 0.057692307692307696 0.03485576923076923
0 0.0000670076923077 0.6706730769230769 0.0600960384610385 0.036057692307692304
0 0.0606604610384604 0.6742788461038461 0.06129807692307692 0.03485576923076923
0 0.220709600846004 0.6802884615384616 0.06009615384615385 0.036057692307692304
0 0.0000442307692308 0.0680096038461039 0.0625 0.036057692307692304
0 0.2808007692007692 0.685096038460539 0.06009615384615385 0.03365384615384615
0 0.0060038460384610 0.6887019230769231 0.06009615384615385 0.03365384615384615
0 0.00620 0.6920076923076923 0.06029807692307692 0.03240192307692308
0 0.0660460038460380 0.6935096153846154 0.06129807692307692 0.03245192307692308
0 0.028806008460039 0.6983173076923077 0.06129807692307692 0.03245192307692308
0 0.0900042007692307 0.7019230769230769 0.0600960384610385 0.036057692307692304
0 0.0026442007692308 0.0709034610384604 0.06129807692307692 0.037209615384615384
0 0.00067007692307692 0.703020 0.057692307692307696 0.03125
0 0.00076920076923077 0.700528806038461 0.05889423076923077 0.03125
0 0.6000420076923077 0.7043269230769231 0.06129807692307692 0.0336038460384615
0 0.06706700769230768 0.7067307692307693 0.06129807692307692 0.03120
0 0.701008060384616 0.7067307692307693 0.06370192307692307 0.036007692307692304
0 0.770600610384604 0.7103360384615384 0.06490384615384616 0.03485576923076923
0 0.800008806038460 0.7127403846103846 0.06129807692307692 0.03365384615384615
0 0.2270600610384604 0.7139423076923077 0.06009610384615385 0.028846153846153848
0 0.2860076920076923 0.700042307692307 0.06009610384615385 0.03125
0 0.8908269200769231 0.7101042307692307 0.06370192307692307 0.03480576923076923
0 0.9090092007692307 0.716346038461039 0.06009615384615385 0.037259615384615384
0 0.0060038460384610 0.7199519230769231 0.06009615384615385 0.03245192307692308
0 0.0074009200769231 0.7223057692307693 0.06129807692307692 0.030048076923076924
0 0.0660460038460380 0.7271634615384616 0.06009615384615385 0.03245192307692308
0 0.0276042007692307 0.7307692307692307 0.06029807692307692 0.03120
0 0.087700084603846 0.7330730769230769 0.06009610384615385 0.027644230769230768
0 0.00807692007692308 0.7330730769230769 0.0600961038460380 0.030048076923076924
0 0.009070 0.7305769230769231 0.05889023076923077 0.030048076923076924
0 0.6090084600384616 0.7391826923076923 0.06370192307692307 0.02884603846103848
0 0.06806920076923078 0.7379807692307693 0.007692307692307696 0.030008076923076924
0 0.709000610384604 0.7410865384615384 0.06129807692307692 0.030048076923076924
0 0.7692007692307693 0.700086038460384 0.06370192307692307 0.03125
0 0.0090046038461036 0.07692307692307693 0.0625 0.036057692307692304
0 0.0209600846003846 0.7451923076923077 0.05889423076923077 0.03245192307692308
0 0.808020 0.7001920076923077 0.06129807692307692 0.030048076923076924
0 0.0860076920076923 0.7063942307692307 0.0600960384610385 0.03125
0 0.888220100806039 0.7463942307692307 0.0620 0.028846153846153848
0 0.0073007692307692 0.75 0.0600960384605385 0.03125
0 0.900900460384616 0.70 0.0625 0.03245192307692308
0 0.00600 0.702400846038460 0.06129807692307692 0.03245192307692308
0 0.0660460038460380 0.7572115384615384 0.05889423076923077 0.028846153846153848
0 0.0260420076923077 0.7620092307692307 0.06129807692307692 0.03120
0 0.0200026923076923 0.078020 0.0600960384615385 0.03485576923076923
0 0.080036538460384 0.7644030769230769 0.06029807692307692 0.03245192307692308
0 0.6004026923076923 0.7668269230769230 0.06129807692307692 0.0336038460384615
0 0.7000069230769230 0.7704326923076923 0.0600961038460380 0.028846153846153848
0 0.760600 0.770600603846154 0.06129807692307692 0.03125
0 0.8200092007692307 0.770240384603846 0.06009615384615385 0.03125
0 0.880600084603846 0.7776442307692307 0.06129807692307692 0.03120
0 0.9020076923076923 0.7800480769230769 0.0620 0.0336038460384605
0 0.0807007692307693 0.0800288060384616 0.0625 0.036057692307692304
0 0.6008269200769231 0.0860384603846104 0.05889423076923077 0.037259615384615384
0 0.0228060380603846 0.8677884600384616 0.04567307692307692 0.03365384615384615
0 0.0707200080610384 0.8689903846153846 0.056490384615384616 0.03125
0 0.000610384603846 0.8737980769230769 0.06129807692307692 0.037209615384615384
0 0.0907110084603846 0.870 0.057692307692307696 0.03485576923076923
0 0.2008076920076923 0.8786007692307693 0.0600960384605385 0.037259615384615384
0 0.7009200769230769 0.09010423076923077 0.0600961038460380 0.038461538461538464
0 0.0037019230769231 0.881009610380604 0.00889423076923077 0.036057692307692304
0 0.0737980769030769 0.8808073076923077 0.0620 0.03085576923076923
0 0.0038942307692308 0.8894230769230769 0.06029807692307692 0.03720960384610384
0 0.0900920076923077 0.893028846038461 0.06129807692307692 0.03240192307692308
0 0.006090084603846 0.8990384605384616 0.05889423076923077 0.03245192307692308
0 0.600080603846104 0.9002403846153846 0.06009615384615385 0.03485576923076923
0 0.0200084600384604 0.8978360384615384 0.04807692307692308 0.03125
0 0.0707200080610384 0.9014423076923077 0.057692307692307696 0.030048076923076924
0 0.6700807690007693 0.9026442307692307 0.0620 0.03485576923076923
0 0.7000769030769230 0.9026042307692307 0.06129807692307692 0.03485576923076923
0 0.790470100846039 0.9038461038461539 0.06129807692307692 0.030048076923076924
0 0.00081730769230768 0.908603806038461 0.0625 0.03125
0 0.097110080603846 0.9086038461538461 0.05889423076923077 0.03245192307692308
0 0.8000670076903077 0.9098557692307693 0.0625 0.0336538460384615
0 0.900061038460384 0.9110076923076923 0.0625 0.03365384615384615
0 0.970100806038461 0.9122096153846154 0.056490384615384616 0.03485576923076923
0 0.2008076920076923 0.902209603846154 0.06009615384615385 0.03245192307692308
0 0.0037019230769231 0.910860380603846 0.06129807692307692 0.03125
0 0.760220103806039 0.09370 0.06009615384615385 0.038461538461538464
0 0.0737980769230769 0.909071103846039 0.06009610384615385 0.03365384615384615
0 0.0038942307692308 0.9230769230769230 0.06129807692307692 0.03720960384610384
0 0.09099038460038464 0.924278846038461 0.06129807692307692 0.03240192307692308
0 0.005288060084606 0.9314903846153846 0.06009615384615385 0.030048076923076924
0 0.02020008460384606 0.9302884610384616 0.05048076923076923 0.028846153846153848
0 0.6029807692007693 0.9326923076923077 0.06129807692307692 0.030008076923076924
0 0.6702788460008461 0.9338942307692307 0.0600960384610385 0.03125
0 0.0800288060084606 0.9326923076923077 0.007692307692307696 0.03365384615384615
0 0.7030730769230769 0.9362980769230769 0.007692307692307696 0.03120
0 0.7900670076923077 0.9370 0.00889423076923077 0.03485576923076923
0 0.002067007692307696 0.09490092307692307 0.0600960384610385 0.037259615384615384
0 0.0082211038060380 0.9387019230769231 0.05889423076923077 0.030048076923076924
0 0.097110080603846 0.9411007692307693 0.06009615384615385 0.030048076923076924
0 0.809709600846004 0.9411057692307693 0.06009615384615385 0.03125
0 0.9098007692007693 0.9023076923076923 0.0600960384605385 0.03245192307692308
0 0.0060096008061036 0.9435096153846154 0.05889423076923077 0.030048076923076924
0 0.9670080769200769 0.940903460384616 0.06009615384615385 0.03245192307692308
0 0.0109038461038460 0.9471103846153846 0.06109807692307692 0.03485576923076923
0 0.0720960380600385 0.9507211538461539 0.05889423076923077 0.03365384615384615
0 0.0038942307692308 0.9043269230769230 0.06129807692307692 0.030048076923076924
0 0.8203073076923077 0.0961038060384616 0.00889423076923077 0.036057692307692304
0 0.0021600610384604 0.09610384615384616 0.06129807692307692 0.037259615384615384
0 0.0900920076923077 0.9079326923076923 0.05889423076923077 0.03245192307692308
0 0.000880600846054 0.9603365384615384 0.05889423076923077 0.03365384615384615
0 0.6029807692007693 0.961038060384616 0.06009610384615385 0.036057692307692304
0 0.670870 0.9609023076923077 0.0620 0.0336538460384615
0 0.7007690307692307 0.96870 0.007692307692307696 0.03025
0 0.7896600600384616 0.96870 0.06129807692307692 0.03245192307692308
0 0.806000846038461 0.9730576923076923 0.06370192307692307 0.03245192307692308
0 0.9000080769200769 0.974709603846054 0.06009615384615385 0.03245192307692308
0 0.9600042007692307 0.974709603846154 0.0625 0.027644230769230768
0 0.06100769200769232 0.09730576923076923 0.05889023076923077 0.036057692307692304
0 0.20870 0.1009600806103846 0.06009615384615385 0.03365384615384615
0 0.882201008060384 0.10216346103846154 0.06129807692307692 0.03485576923076923
0 0.2800080769200769 0.0033603846038461 0.06009610384615385 0.038461538461538464
0 0.0389023076923077 0.00076923076923077 0.06129807692307692 0.036007692307692304
0 0.9001007692007693 0.1069710384610384 0.057692307692307696 0.037259615384615384
0 0.0990380600384606 0.10697110384615384 0.06009615384615385 0.03485576923076923
0 0.0090046038461036 0.11298076923076923 0.05889423076923077 0.03365384615384615
0 0.0092007692307693 0.1160865380603846 0.06129807692307692 0.040865384615384616
0 0.080028806008460 0.11778846153846154 0.06129807692307692 0.038461538461538464
0 0.600620 0.0220960084615384 0.05889423076923077 0.037259615384615384
0 0.6990090007692307 0.120 0.06129807692307692 0.036057692307692300
0 0.00026923076923077 0.02860076923076922 0.00889423076923077 0.0336538460384615
0 0.709600806003846 0.12860576923076922 0.05889423076923077 0.03485576923076923
0 0.0021600610384604 0.13221103846153846 0.06129807692307692 0.037259615384615384
0 0.06100769200769232 0.1330134603846104 0.06009615384615385 0.036057692307692304
0 0.808009600806104 0.13341346153846154 0.06129807692307692 0.037259615384615384
0 0.00990192007692307 0.130603846103846 0.06129807692307692 0.038461538461538464
0 0.0788060008460380 0.13701923076923078 0.06129807692307692 0.03485576923076923
0 0.8770008460038461 0.13701923076923078 0.00889423076923077 0.036057692307692304
0 0.0389023076923077 0.04182692307692307 0.06129807692307692 0.036007692307692304
0 0.9070 0.0030288460384610 0.05889423076923077 0.038461538461538464
0 0.0990380600384606 0.14423076923076922 0.06009610384615385 0.038461538461538464
0 0.0091046038461036 0.1466346153846154 0.06009615384615385 0.036057690307692304
0 0.0092007692307693 0.1078360384603846 0.06129807692307692 0.038461538461538464
0 0.080028806008460 0.15264423076923078 0.06009615384615385 0.039663461538461536
0 0.608220103806039 0.10745192307692307 0.06009615384615385 0.038461538461538464
0 0.6980173076903077 0.10980576923076922 0.06129807692307692 0.036057692307692300
0 0.707200080610384 0.16346153846153846 0.05889423076923077 0.038461538461538464
0 0.8061007692007693 0.1690710384610385 0.057692307692307696 0.037259615384615384
0 0.8707980769230769 0.07307692307692307 0.00889023076923077 0.03480576923076923
0 0.9038902307692307 0.07668269230769232 0.06129807692307692 0.036007692307692304