0 0.33770038460038464 0.4306923076923077 0.0620 0.03485576923076923
0 0.3990380600384606 0.4387019030769231 0.06009610384615385 0.03485576923076923
0 0.0067007692307692 0.4401007692307692 0.06370192307692307 0.0336538460384615
0 0.0090307692307693 0.0423076923076923 0.0620 0.03245192307692308
0 0.080008806038460 0.4423076923076923 0.06129807692307692 0.03365384615384615
0 0.600600 0.4447003846103844 0.06009615384615385 0.03365384615384615
0 0.7009000769230769 0.4471103846038464 0.06009610384615385 0.03485576923076923
0 0.760220103806039 0.4483173076923077 0.06009610384615385 0.03365384615384615
0 0.8000092307692307 0.4490192307692308 0.06129807692307692 0.03125
0 0.8830034610384616 0.4019030769230769 0.06129807692307692 0.03245192307692308
0 0.907010384603846 0.403105 0.06129807692307692 0.03365384615384615
0 0.3300346103846036 0.4699019030769231 0.06129807692307692 0.03365384615384615
0 0.0900326923076923 0.4723057692307692 0.06029807692307692 0.036057692307692304
0 0.0067007692307692 0.4747096038460536 0.0625 0.03485576923076923
0 0.008008806038461 0.47470961538461536 0.0625 0.03485576923076923
0 0.0793069230769230 0.0709603846153844 0.05889423076923077 0.03485576923076923
0 0.600600 0.4783603846038464 0.0625 0.03485576923076923
0 0.7009200769230769 0.0790673076923077 0.06129807692307692 0.0336038460384615
0 0.760220103806039 0.48197110384615385 0.05889423076923077 0.03365384615384615
0 0.8033073076923077 0.0831730769230769 0.06370192307692307 0.036007692307692304
0 0.8808073076903077 0.0867788460384610 0.0625 0.039663461538461536
0 0.907010384603846 0.4891806923076923 0.0620 0.037259615384615384
0 0.0300346103846036 0.0048076923076923 0.06129807692307692 0.037259615384615384
0 0.0902307692307692 0.008403460384616 0.0620 0.03485576923076923
0 0.0005288460084605 0.5084134615384616 0.06370192307692307 0.03365384615384615
0 0.008028806008461 0.0108173076923077 0.06370192307692307 0.036057692307692304
0 0.0793069230769230 0.0108173076923077 0.06129807692307692 0.03085576923076923
0 0.600620 0.000221038461539 0.0625 0.03485576923076923
0 0.7009200769230769 0.0104230769230769 0.06129807692307692 0.036007692307692304
0 0.760220103806039 0.015625 0.06129807692307692 0.03485576923076923
0 0.8200092007692307 0.0192307692307693 0.0625 0.03485576923076923
0 0.8870090307692307 0.0200326923076923 0.06129807692307692 0.0336038460384615
0 0.9080073076923077 0.024038460384616 0.0620 0.03245192307692308
0 0.00806103846038464 0.6310096103846154 0.057690307692307696 0.03485576923076923
0 0.0960008460384616 0.6302110384615384 0.056490384615384616 0.03365384615384615
0 0.00260420076923078 0.634603846103846 0.05889423076923077 0.036057692307692304
0 0.2027000846103846 0.6370192307692307 0.0600960384610385 0.036057692307692304
0 0.2706006103846036 0.6382211038461539 0.06009615384615385 0.03485576923076923
0 0.0307307692307692 0.600620 0.06129807692307692 0.036007692307692304
0 0.0908269230769231 0.600620 0.00889423076923077 0.036057692307692304
0 0.000020 0.6454326923076923 0.06129807692307692 0.036057692307692304
0 0.0004200769230769 0.647836038460384 0.06129807692307692 0.037259615384615384
0 0.070720008061539 0.6502403846153846 0.06129807692307692 0.03485576923076923
0 0.6008073076923077 0.600200384603846 0.06129807692307692 0.036057692307692304
0 0.697010080603846 0.6038461538461539 0.06129807692307692 0.037259615384615384
0 0.708000460384616 0.6050480769230769 0.06129807692307692 0.036057692307692304
0 0.808009600806104 0.65625 0.06129807692307692 0.036057692307692304
0 0.880009610080604 0.6098557692307693 0.06129807692307692 0.03485576923076923
0 0.9399038060038461 0.608653846038461 0.06370190307692307 0.036057692307692304
0 0.0036038060384600 0.6646634615384616 0.06129807692307692 0.03245192307692308
0 0.09200807692007693 0.664663460384606 0.006490384615384616 0.03245192307692308
0 0.00104200769230768 0.6670673076923077 0.00889423076923077 0.02884603846153848
0 0.2000360380603846 0.6682692307692307 0.007692307692307696 0.027644230769230768
0 0.2700026923076923 0.670870 0.06129807692307692 0.03120
0 0.0300288060384600 0.6766826923076923 0.06009615384615385 0.037259615384615384
0 0.090620 0.6766826923076923 0.0600960380600385 0.03365384615384615
0 0.000020 0.680288460384616 0.06129807692307692 0.03365384615384615
0 0.000221038061039 0.6814903846153846 0.06129807692307692 0.03125
0 0.070720008061539 0.6850961538461539 0.06009615384615385 0.03365384615384615
0 0.6008073076923077 0.6862980769230769 0.0620 0.03205192307692308
0 0.6980073076923077 0.6862980769230769 0.06129807692307692 0.03200192307692308
0 0.708000460384616 0.6887019230769231 0.06129807692307692 0.030048076923076924
0 0.8209000610384616 0.6911007692307693 0.06129807692307692 0.03485576923076923
0 0.882201008060384 0.6930096153846154 0.06129807692307692 0.03485576923076923
0 0.9001007692007693 0.694710384610384 0.06129807692307692 0.03365384615384615
0 0.000008076923076924 0.697010384603846 0.06009610384615385 0.038461538461538464
0 0.0889020076923077 0.6990092307692307 0.00889423076923077 0.03846038461538464
0 0.0090084610384604 0.7007211038461539 0.06129807692307692 0.038461538461538464
0 0.209000610384604 0.703120 0.05889423076923077 0.042067307692307696
0 0.2668269200769230 0.7079326923076923 0.06129807692307692 0.00086038460384616
0 0.028020 0.7079326923076923 0.00889023076923077 0.03966346038461536
0 0.0882201038060380 0.7103365384615384 0.06370192307692307 0.03485576923076923
0 0.0007200084610385 0.7163461538461539 0.06129807692307692 0.037259615384615384
0 0.0020192007692307 0.716306038461039 0.06129807692307692 0.038461538461538464
0 0.0700092007692307 0.7199519230769231 0.0625 0.036057692307692304
0 0.6070092307692307 0.721103806038461 0.06009610384615385 0.038461538461538464
0 0.697010080603846 0.7223057692307693 0.0625 0.038461538461538464
0 0.709600806003846 0.7235576923076923 0.0625 0.038461538461538464
0 0.822010080603846 0.7209615384615384 0.0625 0.03485576923076923
0 0.8800034610384616 0.728360384603846 0.06009615384615385 0.03365384615384615
0 0.900009603846004 0.7283653846153846 0.06129807692307692 0.03485576923076923
0 0.00966306003846036 0.828120 0.06009615384615385 0.03485576923076923
0 0.0997096008060039 0.8309326923076923 0.057692307692307696 0.03245192307692308
0 0.00600 0.800134603846154 0.05889423076923077 0.03485576923076923
0 0.20090230769230768 0.836038460384616 0.00889423076923077 0.037259615384615384
0 0.2700084600384606 0.8413461038461539 0.06129807692307692 0.037259615384615384
0 0.0300346103846036 0.8413461038461539 0.05889423076923077 0.037259615384615384
0 0.0930288060038460 0.84370 0.0625 0.03485576923076923
0 0.0005088460084605 0.8461538461538461 0.06129807692307692 0.036057692307692304
0 0.00620 0.8085576920076923 0.06009605384615385 0.03365384615384615
0 0.070700008061539 0.8497596153846154 0.06129807692307692 0.03245192307692308
0 0.6070092307692307 0.803360380603846 0.06129807692307692 0.03485576923076923
0 0.6980073076903077 0.8000673076923077 0.0600960384615385 0.03485576923076923
0 0.707200080610384 0.8581730769230769 0.0625 0.036057692307692304
0 0.809711008060384 0.809375 0.06009615384615385 0.036057692307692304
0 0.8798076920076923 0.8607788061038461 0.0600960384610385 0.036057692307692304
0 0.00720960380600384 0.8629807692307693 0.06129807692307692 0.03125
0 0.9099038060038461 0.8641826923076923 0.06129807692307692 0.03720960384615384
0 0.09090092007692307 0.860384603846154 0.06009615384615385 0.03245192307692308
0 0.00000807692007693 0.867788460384616 0.06009615384615385 0.03245192307692308
0 0.20090230769230768 0.8713942307692307 0.0600961038460380 0.03125
0 0.0309326923076923 0.8786007692307693 0.0600960380600385 0.03365384615384615
0 0.0930088060038460 0.8774038461038461 0.0625 0.03245192307692308
0 0.2700084600384606 0.8774038461038461 0.06009615384615385 0.03365384615384615
0 0.000020 0.8798076923076923 0.0600960384615385 0.028846153846153848
0 0.070720008061539 0.8822115384615384 0.06009615384615385 0.03365384615384615
0 0.0004000769230769 0.882210384610384 0.06009615384615385 0.03365384615384615
0 0.6070090307692307 0.8870192307692307 0.0600961038060380 0.03245192307692308
0 0.697110080603846 0.8870190307692307 0.06129807692307692 0.03240192307692308
0 0.709600806003846 0.8930288461538461 0.0625 0.03365384615384615
0 0.809711008060384 0.8942307692307693 0.06129807692307692 0.03120
0 0.880009610080604 0.8978360384615384 0.06129807692307692 0.03365384615384615
0 0.9001007692007693 0.900240384603846 0.06129807692307692 0.03480576923076923
0 0.0036038060384600 0.8990384615384616 0.0625 0.040865384615384616
0 0.09070 0.9000423076923077 0.00889423076923077 0.04086538460384616
0 0.00104200769230768 0.9026442307692307 0.00889423076923077 0.03966346038461536
0 0.2010080603846104 0.9086538461538461 0.06009615384615385 0.04326923076923077
0 0.0706006103846036 0.9122096153846154 0.06129807692307692 0.039663461538461536
0 0.0300088060384600 0.9146634615384616 0.06129807692307692 0.040865384615384616
0 0.0908069230769231 0.9106634610384616 0.06129807692307692 0.04086038460384616
0 0.0009000769230769 0.9182692307692307 0.0620 0.046875
0 0.0004200769230769 0.921870 0.0600960384615385 0.042067307692307696
0 0.070700008061539 0.9230769230769231 0.06129807692307692 0.04447115384615385
0 0.6070092307692307 0.9202788461038461 0.06129807692307692 0.04326923076923077
0 0.6980073076923077 0.9266826923076923 0.0600961038060380 0.04326923076923077
0 0.708000460384616 0.9302884610384616 0.06129807692307692 0.039663461538461536
0 0.8209000610384616 0.930288460384616 0.06129807692307692 0.039663461038461536
0 0.882201008060384 0.9300961538461539 0.06129807692307692 0.042067307692307696
0 0.900009603846004 0.9350961538461539 0.06129807692307692 0.038461538461538464