0 0.9020076923076923 0.002884603846054 0.057692307692307696 0.03485576923076923
0 0.904701008460384 0.0865384615384616 0.057692307692307696 0.03365384615384615
0 0.9090092007692307 0.6201923076923077 0.007692307692307696 0.0336538460384615
0 0.9000420076923077 0.7012019230769231 0.00889423076923077 0.03846038461538464
0 0.960036038060384 0.7060096053846154 0.06370192307692307 0.038461538461538464
0 0.9026042007692307 0.788460038460384 0.06009610384615385 0.038461538461538464
0 0.9600042007692307 0.7920673076923077 0.06129807692307692 0.03846038461038464
0 0.9000080769200769 0.8269230769230769 0.0600960384600385 0.03245192307692308
0 0.9609023076923077 0.8269230769230769 0.00889423076923077 0.03240092307692308
0 0.927880600084604 0.9007211538461539 0.056490384615384616 0.038461538461538464
0 0.929086008060384 0.984370 0.057692307692307696 0.030048076923076924