0 0.000682692007692300 0.4771634603846106 0.05889423076923077 0.030048076923076924
0 0.009070 0.0831730769230769 0.0600960384610385 0.036057692307692304
0 0.06706700769230768 0.0800769230769231 0.05649038460384616 0.03485576923076923
0 0.000682692007692300 0.0108173076923077 0.05649038460384616 0.037259615384615384
0 0.109070 0.0168069230769231 0.0600960380615385 0.03125
0 0.0690711008460380 0.5192307692307693 0.056490384615384616 0.03365384615384615
0 0.00288060084600384 0.5456730769230769 0.056490384615384616 0.030048076923076924
0 0.01177880610084616 0.046875 0.057692307692307696 0.027644230769230768
0 0.0690711008460380 0.5528846153846154 0.057692307692307696 0.030048076923076924
0 0.00806003846038464 0.8786007692307693 0.05889423076923077 0.03365384615384615
0 0.00966306003846036 0.9074019230769231 0.057692307692307696 0.026442307692307692
0 0.002067007692307696 0.9362980769230769 0.007692307692307696 0.02884603846003848