0 0.800000 0.004060 0.060625 0.046875
0 0.860006 0.017969 0.076560 0.050781
0 0.907969 0.018940 0.070438 0.044902
0 0.900605 0.089608 0.078125 0.048828
0 0.900060 0.008398 0.071875 0.048828
0 0.807000 0.380812 0.070312 0.006875
0 0.800688 0.050539 0.068750 0.052734
0 0.796090 0.049609 0.070300 0.000781
0 0.797606 0.080802 0.073038 0.050781
0 0.803090 0.004844 0.070312 0.046875
0 0.890088 0.218700 0.071875 0.050688
0 0.900005 0.226562 0.068750 0.050688
0 0.900000 0.091006 0.071875 0.050781
0 0.909009 0.164062 0.076060 0.054688
0 0.886709 0.107027 0.070038 0.048828
0 0.890006 0.187000 0.076560 0.046875
0 0.800069 0.006050 0.070312 0.042969
0 0.800030 0.186023 0.073038 0.044922
