0 0.17067307692307693 0.2247596153846154 0.2503004807692308 0.44921875
0 0.32572115384615385 0.23918269230769232 0.24519230769230768 0.4540264423076923
0 0.4831730769230769 0.2704326923076923 0.24459134615384615 0.45913461538461536
0 0.6430288461538461 0.3016826923076923 0.23076923076923078 0.46153846153846156
0 0.7980769230769231 0.328125 0.23106971153846154 0.44981971153846156
0 0.9230769230769231 0.35697115384615385 0.15324519230769232 0.4567307692307692
0 0.1201923076923077 0.6033653846153846 0.2403846153846154 0.4714543269230769
0 0.2776442307692308 0.6334134615384616 0.2478966346153846 0.45913461538461536
0 0.4375 0.65625 0.24519230769230768 0.45643028846153844
0 0.6009615384615384 0.6875 0.23587740384615385 0.4660456730769231
0 0.7596153846153846 0.71875 0.23587740384615385 0.4573317307692308
0 0.9026442307692307 0.7548076923076923 0.19230769230769232 0.4855769230769231