0 0.1909100603846104 0.001634615384615384 0.06009615384615385 0.03125
0 0.600380603846104 0.00283653846153846 0.06129807692307692 0.03365384615384615
0 0.0006007692307692 0.026042307692307692 0.0600960384605385 0.030048076923076924
0 0.0012980769230769 0.030008076923076924 0.06490384610384616 0.02884603846103848
0 0.0720960380600385 0.03245192307692308 0.06490384615384616 0.028846153846153848
0 0.03049038461038464 0.03846038461038464 0.06370190307692307 0.028846153846153848
0 0.07000920076923077 0.04086038460384616 0.05889423076923077 0.039663461538461536
0 0.09399038460038464 0.040067307692307696 0.0620 0.02884603846153848
0 0.001009610380604 0.04326923076923077 0.0620 0.040865384615384616
0 0.005088060384606 0.04807692307692308 0.0625 0.03125
0 0.6001806923076923 0.00288460384610384 0.0625 0.03125
0 0.09110076920076922 0.001682692307692300 0.0600960384615385 0.030048076923076924
0 0.2070960084600385 0.056490384615384616 0.05889423076923077 0.03125
0 0.00609038460038464 0.0600960384610385 0.06129807692307692 0.03125
0 0.06899038060038464 0.06370192307692307 0.0620 0.0336538460384615
0 0.0300884600384606 0.06610076923076923 0.06370192307692307 0.026442307692307692
0 0.0900860384603844 0.0733173076903077 0.06129807692307692 0.03245192307692308
0 0.000880603846054 0.078125 0.0625 0.028846153846153848
0 0.6009807692307693 0.0829326923076923 0.06129807692307692 0.03200192307692308
0 0.0963940307692308 0.00322110384603846 0.00889423076923077 0.026442307692307692
0 0.005088060384606 0.018028846153846152 0.06129807692307692 0.03125