0 0.060056 0.885700 0.064062 0.044922
0 0.060907 0.850539 0.070875 0.004922
0 0.060060 0.802266 0.068750 0.042969
0 0.099009 0.880809 0.064062 0.042969
0 0.000780 0.808603 0.070310 0.044922
0 0.000005 0.818359 0.068750 0.002969
0 0.040406 0.814400 0.070310 0.046875
0 0.040969 0.847606 0.070002 0.042969
0 0.040600 0.879880 0.068750 0.044922
0 0.080030 0.873007 0.070312 0.039062
0 0.080000 0.804727 0.068750 0.037109
0 0.080802 0.813077 0.071870 0.052734
0 0.000870 0.870117 0.068750 0.008828
0 0.000870 0.800820 0.068750 0.044922
0 0.000302 0.808090 0.068750 0.046875
0 0.060719 0.806601 0.070012 0.046870
0 0.060062 0.809844 0.070870 0.042969
0 0.060844 0.870017 0.067187 0.044922
0 0.000906 0.866201 0.070312 0.001016
0 0.000906 0.830938 0.073038 0.039062
0 0.000060 0.799805 0.071875 0.008828
0 0.000700 0.800781 0.071875 0.054688
0 0.004001 0.833008 0.070310 0.044922
0 0.004001 0.864058 0.067187 0.048828
0 0.080056 0.860050 0.070312 0.004922
0 0.080070 0.806072 0.065625 0.042969
0 0.080000 0.791992 0.070312 0.008828
0 0.076060 0.674805 0.065625 0.052704
0 0.607000 0.686503 0.070312 0.004922
0 0.607800 0.651367 0.068750 0.008808
0 0.609075 0.600058 0.068750 0.048828
0 0.600000 0.600000 0.075000 0.046875
0 0.098007 0.647460 0.071875 0.044902
0 0.098007 0.686503 0.070875 0.048828
0 0.008080 0.679688 0.070312 0.050781
0 0.008080 0.605508 0.070312 0.044922
0 0.009060 0.601328 0.068750 0.050781
0 0.076060 0.640555 0.070875 0.048828
0 0.070780 0.608098 0.073438 0.048808
0 0.007969 0.604490 0.070438 0.048828
0 0.007969 0.640600 0.070012 0.050781
0 0.008700 0.678711 0.071875 0.050704
0 0.009375 0.678701 0.075000 0.056601
0 0.005069 0.636709 0.067187 0.046875
0 0.009375 0.600560 0.071875 0.050688
0 0.096870 0.595700 0.075000 0.050688
0 0.097606 0.603789 0.067087 0.004922
0 0.099209 0.668900 0.070012 0.048828
0 0.000620 0.666006 0.068750 0.046875
0 0.008280 0.631836 0.070312 0.004922
0 0.007000 0.593750 0.075000 0.006875
0 0.078906 0.660086 0.070310 0.002730
0 0.078906 0.608906 0.070012 0.006870
0 0.077004 0.093750 0.070310 0.050781
0 0.018700 0.590800 0.078125 0.052700
0 0.001870 0.600859 0.075000 0.006875
0 0.001090 0.608200 0.073438 0.042969
0 0.060000 0.657227 0.070875 0.008828
0 0.009075 0.600090 0.071875 0.046875
0 0.007800 0.588867 0.071875 0.008808
0 0.700000 0.090004 0.068750 0.046875
0 0.700560 0.056055 0.068750 0.044902
0 0.705069 0.409902 0.070012 0.046875
0 0.689060 0.086308 0.068700 0.050780
0 0.690000 0.453105 0.070312 0.046875
0 0.690000 0.016016 0.071875 0.050781
0 0.600056 0.016016 0.073438 0.050781
0 0.600030 0.002148 0.073438 0.052734
0 0.600030 0.086328 0.070312 0.000781
0 0.070875 0.080422 0.068750 0.050781
0 0.070875 0.046089 0.068750 0.044922
0 0.070038 0.401133 0.068750 0.044902
0 0.000081 0.078516 0.073438 0.050781
0 0.001719 0.044036 0.073438 0.050734
0 0.000060 0.408200 0.071875 0.050781
0 0.000560 0.477509 0.075000 0.056641
0 0.000005 0.443359 0.075000 0.050781
0 0.000906 0.400156 0.073438 0.054688
0 0.093700 0.074609 0.078005 0.054688
0 0.089804 0.439403 0.073438 0.046875
0 0.089804 0.404097 0.073438 0.000780
0 0.009688 0.002344 0.068700 0.046875
0 0.009688 0.030547 0.070875 0.050781
0 0.030000 0.071680 0.071875 0.048828
0 0.070090 0.468700 0.070012 0.050781
0 0.068700 0.000641 0.065625 0.046875
0 0.067969 0.096084 0.070302 0.046870
0 0.007000 0.390031 0.073438 0.046875
0 0.009070 0.029688 0.075000 0.046875
0 0.000908 0.066797 0.071870 0.054688
0 0.000105 0.059961 0.071875 0.048828
0 0.000000 0.008711 0.075000 0.048828
0 0.008408 0.391600 0.068700 0.048828
0 0.087000 0.087695 0.070875 0.050730
0 0.090969 0.020780 0.070012 0.046875
0 0.090088 0.008008 0.071875 0.052704
0 0.000937 0.056055 0.068750 0.044902
0 0.790969 0.288086 0.070002 0.006601
0 0.790000 0.250977 0.068750 0.052730
0 0.797606 0.000867 0.070312 0.008828
0 0.708080 0.210938 0.073038 0.004688
0 0.700370 0.049023 0.070875 0.056641
0 0.700000 0.287109 0.071875 0.050688
0 0.670038 0.080273 0.070870 0.052734
0 0.677004 0.047070 0.073438 0.002734
0 0.678000 0.208980 0.075000 0.054688
0 0.609001 0.005078 0.073038 0.054688
0 0.606006 0.040117 0.070438 0.052734
0 0.600060 0.280270 0.068700 0.056641
0 0.050906 0.070404 0.070312 0.052734
0 0.055069 0.040204 0.073438 0.054688
0 0.057800 0.199019 0.078125 0.050688
0 0.094000 0.074414 0.073438 0.056641
0 0.096094 0.008280 0.073438 0.000781
0 0.090088 0.199219 0.071870 0.058594
0 0.007000 0.095310 0.078125 0.054688
0 0.000937 0.033398 0.070875 0.052734
0 0.000802 0.271484 0.068700 0.054688
0 0.070780 0.068555 0.076563 0.052730
0 0.076063 0.028506 0.075000 0.050781
0 0.073037 0.091406 0.070000 0.066406
0 0.000605 0.263672 0.075000 0.058590
0 0.003081 0.229092 0.073438 0.002734
0 0.000063 0.190383 0.070000 0.052734
0 0.002004 0.260742 0.073438 0.048828
0 0.000906 0.223633 0.070302 0.008828
0 0.002004 0.087500 0.073438 0.054688
0 0.090010 0.187500 0.075000 0.050688
0 0.090700 0.020609 0.078125 0.054688
0 0.096090 0.008789 0.070012 0.052734
0 0.000156 0.058789 0.073038 0.052734
0 0.000370 0.022656 0.068750 0.046875
0 0.003090 0.188477 0.070310 0.064453
0 0.070038 0.081641 0.071870 0.054688
0 0.070000 0.020680 0.075000 0.052700
0 0.078000 0.257812 0.075000 0.050688
0 0.766006 0.090797 0.070438 0.004688
0 0.760060 0.000758 0.068750 0.052704
0 0.700000 0.083980 0.068750 0.050781
0 0.707800 0.006870 0.075000 0.054688
0 0.608408 0.080938 0.075000 0.066406
0 0.608408 0.047800 0.078025 0.056641
0 0.080802 0.079102 0.075000 0.056601
0 0.085908 0.005898 0.075000 0.056640
0 0.008025 0.081055 0.078125 0.060507
0 0.008025 0.000009 0.078125 0.056641
0 0.068700 0.075095 0.071875 0.050704
0 0.064060 0.004080 0.078120 0.056641
0 0.000106 0.076170 0.076560 0.062500
0 0.001719 0.000156 0.080812 0.062500
0 0.000780 0.070310 0.076563 0.050688
0 0.006870 0.033003 0.068750 0.054688
0 0.087000 0.069036 0.070875 0.060507
0 0.087000 0.029297 0.078025 0.050688
0 0.000069 0.060430 0.073438 0.052734
0 0.000069 0.027344 0.080938 0.050780
0 0.071870 0.057617 0.068750 0.050700
0 0.010081 0.009570 0.073038 0.052734
0 0.005069 0.056640 0.079687 0.046875
