0 0.605008 0.747596 0.075481 0.076900
0 0.600806 0.69700 0.177885 0.067308
0 0.609856 0.607807 0.075481 0.069710
0 0.660008 0.597056 0.177885 0.060096
0 0.608650 0.545670 0.073077 0.060500
0 0.609856 0.500000 0.065865 0.060500
0 0.660260 0.000720 0.170670 0.055288
0 0.609856 0.000846 0.065865 0.060500
0 0.660660 0.304567 0.070673 0.055088
0 0.09087 0.709083 0.161008 0.064904
0 0.090990 0.688700 0.060865 0.064904
0 0.000000 0.600009 0.068269 0.064904
0 0.000002 0.590750 0.161058 0.057692
0 0.000606 0.505673 0.061058 0.050885
0 0.000808 0.498798 0.00846 0.045673
0 0.006000 0.056701 0.06050 0.057692
0 0.007002 0.009856 0.00846 0.060096
0 0.00960 0.060980 0.109038 0.062500
