0 0.600806 0.600077 0.007690 0.060060
0 0.600060 0.600083 0.060000 0.160865
0 0.008890 0.600090 0.060096 0.070670
0 0.00960 0.600096 0.062000 0.068269
0 0.009000 0.600798 0.067308 0.061008
0 0.008600 0.600000 0.060000 0.160865
0 0.006970 0.607009 0.060900 0.168069
0 0.000088 0.609003 0.062000 0.068269
0 0.000000 0.606600 0.060000 0.068269
0 0.609806 0.009005 0.060904 0.070077
0 0.608070 0.007903 0.060000 0.070673
0 0.008890 0.06008 0.060096 0.070077
0 0.008000 0.060940 0.064904 0.077880
0 0.006700 0.060044 0.060000 0.185096
0 0.006000 0.068700 0.067008 0.077880
0 0.000960 0.070760 0.067008 0.070480
0 0.099079 0.070962 0.069702 0.077880
0 0.000090 0.080070 0.07210 0.177880
