0 0.087980 0.607019 0.03846 0.000885
0 0.09087 0.090750 0.051440 0.057692
0 0.090788 0.048077 0.08654 0.052885
0 0.090090 0.501202 0.08654 0.060096
0 0.097096 0.450900 0.163462 0.052885
0 0.000000 0.006050 0.060462 0.057692
0 0.000004 0.058073 0.163462 0.057692
0 0.000004 0.000096 0.168269 0.067308
0 0.000808 0.05960 0.068269 0.057692
0 0.037700 0.640433 0.061058 0.055088
0 0.037700 0.098558 0.065865 0.060500
0 0.036038 0.550080 0.173077 0.057690
0 0.038900 0.003606 0.073077 0.064904
0 0.037700 0.406730 0.165865 0.057690
0 0.000346 0.403846 0.168069 0.062000
0 0.007306 0.358073 0.175481 0.060500
0 0.007306 0.304087 0.075481 0.060096
0 0.003700 0.054808 0.073077 0.067308
