0 0.000692 0.230971 0.033604 0.088942
0 0.006000 0.228065 0.033654 0.086538
0 0.080202 0.229067 0.033650 0.084135
0 0.005769 0.028365 0.033650 0.086538
0 0.030009 0.228365 0.030250 0.086538
0 0.000088 0.229567 0.033650 0.084035
0 0.077604 0.227060 0.031200 0.084135
0 0.000606 0.220760 0.036058 0.088942
0 0.027060 0.220760 0.036008 0.088942
0 0.000088 0.06200 0.033654 0.080731
0 0.000048 0.06050 0.006058 0.080731
0 0.078606 0.00008 0.030050 0.084135
0 0.005769 0.05008 0.033654 0.084035
0 0.009327 0.06200 0.033650 0.086538
0 0.006090 0.00040 0.030200 0.084135
0 0.078806 0.00240 0.008462 0.079327
0 0.000606 0.009038 0.036058 0.086538
0 0.027060 0.100433 0.036058 0.079327
