0 0.609003 0.662260 0.002885 0.06250
0 0.090750 0.660058 0.050885 0.08650
0 0.009079 0.659856 0.050480 0.06250
0 0.098798 0.608654 0.050480 0.08654
0 0.000005 0.659856 0.050481 0.161058
0 0.000048 0.657450 0.060096 0.070670
0 0.000567 0.657450 0.055288 0.070673
0 0.000880 0.655008 0.057692 0.070673
0 0.000000 0.657052 0.057692 0.070670
0 0.607009 0.00960 0.050885 0.104231
0 0.090006 0.508413 0.057690 0.01442
0 0.005670 0.508403 0.050885 0.06250
0 0.000000 0.507002 0.057692 0.00806
0 0.000900 0.504808 0.052885 0.03846
0 0.000846 0.498798 0.007690 0.061058
0 0.006970 0.500000 0.055088 0.08650
0 0.007690 0.096394 0.007692 0.061058
0 0.002004 0.492788 0.057692 0.060462
