0 0.000063 0.502067 0.088942 0.036058
0 0.009760 0.006807 0.088942 0.038462
0 0.009760 0.489083 0.088940 0.036008
0 0.003365 0.066346 0.090346 0.038460
0 0.008073 0.038700 0.091346 0.040865
0 0.003365 0.003460 0.086538 0.038462
0 0.005769 0.385807 0.091306 0.036058
0 0.005769 0.360779 0.091306 0.036058
0 0.006970 0.337700 0.098558 0.031050
0 0.070003 0.040865 0.084035 0.038462
0 0.068029 0.009201 0.079327 0.033650
0 0.069200 0.090192 0.081731 0.038462
0 0.069200 0.067048 0.081731 0.036058
0 0.072807 0.042308 0.084030 0.028846
0 0.070200 0.408269 0.079027 0.033654
0 0.080008 0.089423 0.093700 0.028846
0 0.080008 0.068990 0.088942 0.030200
0 0.080600 0.343750 0.090346 0.033654
