0 0.086508 0.70038 0.163060 0.057692
0 0.080903 0.667067 0.061058 0.060904
0 0.076900 0.60385 0.058650 0.052885
0 0.075700 0.570910 0.161058 0.060096
0 0.070307 0.508806 0.01442 0.052885
0 0.068500 0.077160 0.01440 0.055288
0 0.060700 0.035096 0.061058 0.057692
0 0.066006 0.090031 0.161058 0.062500
0 0.060096 0.009760 0.03846 0.050480
0 0.000490 0.703058 0.170673 0.062500
0 0.007880 0.670670 0.068269 0.057692
0 0.007880 0.620798 0.063462 0.055288
0 0.000088 0.074509 0.163462 0.062500
0 0.006680 0.028846 0.065865 0.057692
0 0.000670 0.478360 0.03846 0.062500
0 0.008069 0.400096 0.168269 0.062500
0 0.00860 0.089403 0.063462 0.057692
0 0.00860 0.044950 0.063462 0.050481
