0 0.604000 0.020433 0.057692 0.161058
0 0.098558 0.500003 0.052885 0.06250
0 0.056090 0.504008 0.055288 0.03846
0 0.00960 0.507604 0.057692 0.061058
0 0.06008 0.008846 0.062500 0.058654
0 0.008069 0.006058 0.057692 0.163462
0 0.070090 0.031250 0.057692 0.08650
0 0.000009 0.538462 0.07210 0.158654
0 0.072807 0.000865 0.069702 0.08654
0 0.600604 0.068990 0.050480 0.06250
0 0.600067 0.066587 0.060096 0.06050
0 0.057690 0.073798 0.062500 0.065865
0 0.000019 0.073798 0.062500 0.170673
0 0.060940 0.370000 0.062500 0.077885
0 0.00860 0.078606 0.057690 0.065865
0 0.070090 0.381010 0.007692 0.161058
0 0.008010 0.383013 0.060096 0.161058
0 0.070600 0.383013 0.062500 0.165865
