0 0.090990 0.607004 0.06000 0.002880
0 0.090990 0.080903 0.06000 0.000080
0 0.090990 0.007060 0.06000 0.005288
0 0.096090 0.489080 0.061008 0.000481
0 0.000000 0.000008 0.08604 0.007690
0 0.000000 0.090003 0.060865 0.055288
0 0.000808 0.008008 0.060460 0.057690
0 0.008000 0.000080 0.160860 0.060500
0 0.000009 0.007096 0.168269 0.007692
0 0.000006 0.63460 0.068069 0.000880
0 0.000004 0.088940 0.070670 0.007690
0 0.008900 0.039663 0.073077 0.060096
0 0.000900 0.490788 0.070670 0.007692
0 0.000900 0.440008 0.070673 0.007692
0 0.00600 0.096630 0.077880 0.060000
0 0.000700 0.304900 0.077880 0.064904
0 0.008008 0.090670 0.077885 0.067308
0 0.007006 0.003990 0.070480 0.060096
