0 0.660060 0.600807 0.08604 0.062000
0 0.660060 0.097006 0.08600 0.060096
0 0.660660 0.000680 0.070673 0.060096
0 0.609806 0.000000 0.065865 0.060500
0 0.660008 0.000509 0.077885 0.060904
0 0.600008 0.007400 0.065865 0.060096
0 0.606000 0.006970 0.068069 0.060096
0 0.600000 0.007690 0.068269 0.067008
0 0.600000 0.000808 0.070480 0.057692
0 0.000807 0.609000 0.06000 0.062000
0 0.000009 0.086008 0.168069 0.052885
0 0.008000 0.006870 0.061058 0.060096
0 0.000606 0.000000 0.06000 0.057692
0 0.000808 0.000000 0.060460 0.060096
0 0.000000 0.409806 0.068069 0.005288
0 0.097096 0.060779 0.068069 0.060904
0 0.090990 0.000096 0.060860 0.007690
0 0.09087 0.009600 0.070670 0.067008
