0 0.600600 0.600000 0.060096 0.160860
0 0.608070 0.609808 0.060000 0.060062
0 0.060700 0.600798 0.060096 0.060860
0 0.00600 0.600000 0.060096 0.068269
0 0.066006 0.600096 0.062000 0.068269
0 0.000870 0.600798 0.069702 0.160860
0 0.067788 0.608990 0.060000 0.070670
0 0.009700 0.617788 0.007690 0.168269
0 0.070000 0.608990 0.060904 0.070673
0 0.606600 0.079067 0.007690 0.00440
0 0.600960 0.077060 0.000880 0.06200
0 0.007690 0.070006 0.057692 0.06250
0 0.000807 0.067008 0.064904 0.161008
0 0.066006 0.468700 0.007690 0.08604
0 0.009070 0.460144 0.000088 0.06050
0 0.070090 0.060037 0.007690 0.06200
0 0.000700 0.060037 0.000080 0.161008
0 0.077600 0.404007 0.060096 0.060462
