0 0.600008 0.000069 0.069700 0.068269
0 0.606970 0.000069 0.060904 0.068069
0 0.000088 0.500865 0.067008 0.070077
0 0.007000 0.008062 0.067008 0.073077
0 0.000000 0.006058 0.060096 0.077885
0 0.000604 0.000048 0.064904 0.070480
0 0.000960 0.008806 0.062000 0.077885
0 0.096870 0.000200 0.060096 0.080288
0 0.000788 0.020600 0.067008 0.073077
0 0.600000 0.090600 0.062000 0.061058
0 0.600060 0.087009 0.060096 0.163060
0 0.000087 0.080002 0.060096 0.060062
0 0.000606 0.077000 0.060096 0.068069
0 0.007900 0.376000 0.060096 0.060860
0 0.000008 0.068990 0.060096 0.070670
0 0.000067 0.060083 0.060096 0.070673
0 0.000087 0.060083 0.069700 0.160860
0 0.000000 0.008070 0.060000 0.068269
