0 0.600806 0.546875 0.060500 0.065865
0 0.600067 0.546875 0.064904 0.075481
0 0.055088 0.502067 0.067008 0.075481
0 0.008000 0.540865 0.064904 0.168069
0 0.005509 0.507260 0.064904 0.075481
0 0.000644 0.004856 0.069702 0.175481
0 0.000960 0.532052 0.062500 0.080288
0 0.096870 0.526042 0.064904 0.077885
0 0.000080 0.520433 0.057692 0.085096
0 0.600040 0.089423 0.067308 0.163462
0 0.600960 0.080807 0.062500 0.170673
0 0.050885 0.085807 0.062500 0.165865
0 0.000808 0.079808 0.057690 0.073077
0 0.005509 0.076202 0.060096 0.065865
0 0.007400 0.070092 0.064904 0.168269
0 0.000567 0.367788 0.064904 0.073077
0 0.000683 0.360385 0.060904 0.168069
0 0.000092 0.059375 0.057692 0.165865
