0 0.634615 0.737981 0.182692 0.072115
0 0.635817 0.689904 0.180288 0.067308
0 0.634615 0.635817 0.182692 0.064904
0 0.637019 0.587740 0.168269 0.060096
0 0.638221 0.538462 0.170673 0.057692
0 0.639423 0.493990 0.163462 0.060096
0 0.644231 0.442308 0.173077 0.062500
0 0.643029 0.395433 0.165865 0.060096
0 0.640625 0.354567 0.165865 0.055288
0 0.472356 0.730769 0.170673 0.067308
0 0.475962 0.685096 0.168269 0.062500
0 0.478365 0.634615 0.163462 0.072115
0 0.480769 0.587740 0.153846 0.055288
0 0.485577 0.539663 0.158654 0.055288
0 0.489183 0.493990 0.161058 0.060096
0 0.491587 0.450721 0.161058 0.060096
0 0.491587 0.403846 0.151442 0.057692
0 0.496394 0.359375 0.161058 0.055288
