0 0.700000 0.537260 0.088902 0.040865
0 0.700000 0.512019 0.088902 0.038462
0 0.700900 0.080577 0.091346 0.038462
0 0.700700 0.007903 0.088942 0.040865
0 0.700700 0.002692 0.088942 0.033604
0 0.700700 0.006200 0.088942 0.008462
0 0.700700 0.082212 0.088902 0.038462
0 0.690900 0.355769 0.080135 0.038460
0 0.690900 0.330509 0.088902 0.036058
0 0.608990 0.003650 0.084135 0.038460
0 0.600090 0.008413 0.088942 0.036058
0 0.608990 0.081971 0.088940 0.040860
0 0.607788 0.004007 0.091346 0.038462
0 0.606087 0.007885 0.090750 0.038462
0 0.606087 0.001440 0.088942 0.008462
0 0.600180 0.376002 0.093700 0.040865
0 0.60080 0.350960 0.096050 0.038462
0 0.601779 0.009327 0.088902 0.038462
