0 0.008000 0.353365 0.069712 0.168269
0 0.008890 0.305769 0.064904 0.063460
0 0.060980 0.362981 0.062000 0.168269
0 0.000460 0.364183 0.062000 0.165865
0 0.060044 0.071394 0.060096 0.165865
0 0.000400 0.375000 0.062500 0.163462
0 0.060098 0.081010 0.060096 0.161058
0 0.608070 0.379808 0.060000 0.163062
0 0.605008 0.085807 0.064904 0.161058
0 0.609856 0.509079 0.060096 0.065865
0 0.600077 0.509663 0.060500 0.175081
0 0.060500 0.500865 0.057692 0.082692
0 0.000021 0.538062 0.064904 0.163462
0 0.060037 0.033654 0.060096 0.073077
0 0.000260 0.028846 0.064904 0.182692
0 0.005769 0.500038 0.07200 0.173077
0 0.000087 0.009031 0.074519 0.173077
0 0.007096 0.50625 0.067008 0.065865
