0 0.600806 0.708700 0.003600 0.090346
0 0.607000 0.706046 0.008846 0.086008
0 0.600060 0.708700 0.008806 0.086038
0 0.080700 0.70100 0.008806 0.091046
0 0.007690 0.700058 0.003650 0.090306
0 0.000000 0.720760 0.040860 0.090750
0 0.006000 0.700760 0.000000 0.088902
0 0.080970 0.700960 0.006008 0.086008
0 0.000007 0.709067 0.003604 0.088942
0 0.609806 0.600600 0.000050 0.079027
0 0.600807 0.609003 0.030000 0.081731
0 0.608070 0.600807 0.003600 0.086038
0 0.080007 0.639003 0.030000 0.090306
0 0.060098 0.600009 0.000200 0.088902
0 0.000806 0.600009 0.030000 0.088942
0 0.00960 0.600009 0.003600 0.088940
0 0.080070 0.600600 0.033604 0.088940
0 0.009000 0.604000 0.008846 0.091346
