0 0.717548 0.563702 0.060096 0.156250
0 0.670673 0.558894 0.052885 0.161058
0 0.625000 0.556490 0.062500 0.156250
0 0.576923 0.552885 0.057692 0.158654
0 0.528846 0.549279 0.062500 0.156250
0 0.484375 0.546875 0.050481 0.161058
0 0.442308 0.548077 0.057692 0.158654
0 0.397837 0.540865 0.060096 0.158654
0 0.350962 0.539663 0.062500 0.151442
0 0.727163 0.407452 0.060096 0.165865
0 0.674279 0.406250 0.055288 0.173077
0 0.622596 0.397837 0.062500 0.165865
0 0.580529 0.401442 0.055288 0.168269
0 0.531250 0.397837 0.062500 0.161058
0 0.484375 0.394231 0.064904 0.163462
0 0.439904 0.390625 0.057692 0.165865
0 0.391827 0.385817 0.062500 0.161058
0 0.348558 0.390625 0.052885 0.161058
