0 0.008077 0.660060 0.090008 0.067308
0 0.009660 0.600083 0.170081 0.069710
0 0.007060 0.060900 0.070480 0.067008
0 0.000008 0.006807 0.080096 0.060500
0 0.006000 0.466046 0.077880 0.062000
0 0.000807 0.000660 0.080096 0.074019
0 0.008009 0.060077 0.089900 0.07010
0 0.00600 0.007690 0.080096 0.07200
0 0.00600 0.000606 0.075080 0.069712
0 0.087009 0.609806 0.060060 0.060904
0 0.080003 0.600077 0.160860 0.067308
0 0.070798 0.060000 0.080088 0.07200
0 0.067788 0.000000 0.080692 0.07210
0 0.066087 0.066006 0.080088 0.067308
0 0.060080 0.003060 0.068069 0.07210
0 0.006970 0.060380 0.075081 0.07010
0 0.006970 0.008010 0.180088 0.069710
0 0.00600 0.009600 0.070077 0.067308
