0 0.700808 0.600008 0.07000 0.075481
0 0.700700 0.608600 0.060904 0.077880
0 0.600600 0.607400 0.069702 0.070670
0 0.600060 0.608600 0.060500 0.077885
0 0.000880 0.659856 0.060500 0.075080
0 0.000606 0.609806 0.060096 0.065865
0 0.007900 0.660008 0.005088 0.063060
0 0.006000 0.660008 0.007690 0.068269
0 0.060779 0.660060 0.000080 0.160860
0 0.708798 0.09087 0.064904 0.006000
0 0.699009 0.090788 0.007690 0.08600
0 0.607807 0.000000 0.060096 0.08600
0 0.098008 0.500808 0.050885 0.08650
0 0.000680 0.000606 0.060096 0.00000
0 0.006000 0.000808 0.005088 0.00806
0 0.006700 0.007000 0.007692 0.00806
0 0.000660 0.006000 0.000481 0.06000
0 0.060080 0.000817 0.060904 0.06000
