0 0.607009 0.699019 0.08650 0.060500
0 0.609808 0.600200 0.00846 0.060096
0 0.600000 0.605769 0.009008 0.057692
0 0.602096 0.560298 0.00806 0.064904
0 0.600090 0.014423 0.161058 0.057692
0 0.60080 0.070154 0.153846 0.060500
0 0.606087 0.000088 0.06250 0.062500
0 0.608070 0.380817 0.08650 0.060096
0 0.606970 0.00604 0.101440 0.057692
0 0.090080 0.704307 0.08654 0.062500
0 0.084070 0.656050 0.06250 0.057692
0 0.080769 0.608070 0.163460 0.062000
0 0.070960 0.560096 0.070077 0.057692
0 0.070960 0.504420 0.163462 0.052885
0 0.070006 0.469952 0.061058 0.060096
0 0.07004 0.401870 0.160462 0.050481
0 0.066046 0.377404 0.03846 0.007690
0 0.060940 0.340044 0.163462 0.005288
