0 0.769000 0.913062 0.033604 0.076923
0 0.700788 0.90860 0.003654 0.080731
0 0.707008 0.910460 0.031250 0.081731
0 0.690000 0.911058 0.031050 0.081731
0 0.670077 0.901008 0.008806 0.081731
0 0.609008 0.900260 0.033604 0.079327
0 0.600000 0.907052 0.003654 0.079327
0 0.600960 0.900008 0.003654 0.079327
0 0.079007 0.903806 0.028846 0.076923
0 0.769000 0.804902 0.033654 0.074519
0 0.700788 0.842048 0.003654 0.079327
0 0.709900 0.801046 0.036058 0.076923
0 0.690700 0.840144 0.028846 0.079027
0 0.670670 0.800346 0.033604 0.076903
0 0.609008 0.837740 0.033604 0.074509
0 0.600798 0.832933 0.036008 0.070509
0 0.600060 0.830337 0.036058 0.070519
0 0.078005 0.800135 0.031250 0.076923
