0 0.006700 0.609806 0.070077 0.060096
0 0.007900 0.609370 0.070080 0.055088
0 0.060700 0.008894 0.070480 0.060096
0 0.070006 0.00960 0.070080 0.060500
0 0.070760 0.460740 0.070480 0.064904
0 0.070760 0.406000 0.080088 0.067008
0 0.080769 0.008070 0.080690 0.07210
0 0.080070 0.000088 0.080096 0.076903
0 0.089080 0.008798 0.080088 0.074019
0 0.607788 0.600008 0.08600 0.060096
0 0.600090 0.608070 0.08600 0.062000
0 0.600000 0.060096 0.068069 0.062000
0 0.606002 0.008000 0.060860 0.060096
0 0.60060 0.060008 0.063460 0.007690
0 0.600807 0.000060 0.160860 0.060096
0 0.600009 0.060083 0.070673 0.064904
0 0.600000 0.001098 0.170077 0.069712
0 0.607807 0.000606 0.070673 0.060096
