0 0.607000 0.700760 0.000200 0.084005
0 0.600000 0.700760 0.001000 0.080130
0 0.606970 0.707060 0.006008 0.088900
0 0.080007 0.708360 0.030050 0.090306
0 0.060096 0.700769 0.003600 0.090306
0 0.000806 0.708060 0.030050 0.090306
0 0.00960 0.700970 0.003600 0.093700
0 0.080070 0.730077 0.033600 0.090346
0 0.007900 0.730370 0.030000 0.088940
0 0.660060 0.604000 0.028846 0.080731
0 0.608000 0.607807 0.030200 0.080130
0 0.600080 0.606600 0.031000 0.086038
0 0.087700 0.604000 0.000000 0.086038
0 0.060000 0.606600 0.008806 0.090046
0 0.008060 0.609008 0.008846 0.086038
0 0.000000 0.609008 0.031200 0.086038
0 0.080077 0.600000 0.000654 0.088940
0 0.06008 0.600000 0.003604 0.093700
