0 0.700788 0.004808 0.062500 0.08654
0 0.689900 0.004808 0.060500 0.060462
0 0.600009 0.004808 0.055288 0.068269
0 0.090750 0.098798 0.067308 0.065865
0 0.000069 0.497596 0.057692 0.063462
0 0.000002 0.092788 0.060096 0.168269
0 0.004007 0.489083 0.062500 0.161058
0 0.006000 0.489080 0.057692 0.165865
0 0.060980 0.089183 0.007692 0.161058
0 0.707096 0.048558 0.060500 0.082692
0 0.690700 0.043700 0.07210 0.182692
0 0.600403 0.347356 0.064904 0.070673
0 0.09600 0.047356 0.067308 0.075481
0 0.006875 0.043750 0.064904 0.073077
0 0.096094 0.340044 0.064904 0.170673
0 0.048007 0.331731 0.060096 0.163460
0 0.000440 0.034130 0.057692 0.173077
0 0.006970 0.335337 0.060096 0.165865
