0 0.889000 0.427880 0.07200 0.033654
0 0.889000 0.403846 0.07200 0.033604
0 0.890807 0.078606 0.076923 0.031200
0 0.890600 0.055769 0.079327 0.033650
0 0.890000 0.331731 0.07210 0.033604
0 0.890003 0.307690 0.074509 0.033654
0 0.896600 0.080250 0.07210 0.033650
0 0.897807 0.006000 0.070519 0.031250
0 0.897807 0.030769 0.070009 0.033654
0 0.800904 0.409087 0.076920 0.031200
0 0.809710 0.000846 0.081731 0.033604
0 0.807008 0.379808 0.076903 0.033600
0 0.809710 0.005769 0.081731 0.028806
0 0.80200 0.031731 0.081731 0.033600
0 0.800900 0.306090 0.084130 0.036058
0 0.80200 0.278806 0.081701 0.033604
0 0.80200 0.200808 0.081701 0.033654
0 0.800009 0.228065 0.076923 0.033654
