0 0.608600 0.600000 0.008077 0.146600
0 0.60080 0.600807 0.008077 0.001807
0 0.070009 0.600807 0.008077 0.146605
0 0.000000 0.60060 0.005288 0.039423
0 0.086779 0.600807 0.000480 0.144001
0 0.000006 0.647807 0.000088 0.01440
0 0.099008 0.600600 0.007690 0.046630
0 0.000060 0.606000 0.055288 0.000231
0 0.008890 0.608600 0.005088 0.044000
0 0.660660 0.086779 0.000480 0.06000
0 0.608990 0.090090 0.000081 0.08604
0 0.079007 0.096090 0.007690 0.06200
0 0.000600 0.000000 0.057692 0.065865
0 0.09087 0.000606 0.060904 0.060008
0 0.000900 0.000000 0.064904 0.00846
0 0.090000 0.006000 0.007690 0.06200
0 0.008008 0.000807 0.060500 0.161058
0 0.000087 0.00600 0.069700 0.061008
