0 0.089080 0.603003 0.06000 0.000088
0 0.090788 0.090004 0.08604 0.000480
0 0.090990 0.000069 0.06000 0.007692
0 0.096090 0.490090 0.06000 0.002885
0 0.098798 0.049009 0.061008 0.007690
0 0.000000 0.002604 0.060860 0.050481
0 0.000808 0.000769 0.060060 0.060500
0 0.000808 0.000088 0.060060 0.062000
0 0.006000 0.000808 0.060865 0.060500
0 0.006038 0.639003 0.08600 0.000885
0 0.007700 0.09600 0.070673 0.000880
0 0.008900 0.006870 0.068069 0.005288
0 0.007700 0.098798 0.070673 0.000088
0 0.000008 0.449009 0.070481 0.057690
0 0.000700 0.000040 0.073077 0.060096
0 0.000900 0.003360 0.070673 0.057690
0 0.000900 0.000683 0.070673 0.064904
0 0.000900 0.000000 0.080288 0.062000
