0 0.700000 0.006807 0.07000 0.177880
0 0.69700 0.000807 0.076920 0.080288
0 0.607807 0.008806 0.069700 0.077880
0 0.090008 0.007604 0.064904 0.085096
0 0.000470 0.000048 0.064904 0.080088
0 0.09087 0.006008 0.060904 0.077880
0 0.009900 0.040067 0.07000 0.080288
0 0.090807 0.000470 0.007690 0.170481
0 0.000700 0.008077 0.060000 0.068069
0 0.706090 0.008073 0.069700 0.173077
0 0.690000 0.009370 0.060900 0.065865
0 0.600009 0.060083 0.064904 0.060860
0 0.090006 0.068990 0.060000 0.070673
0 0.009660 0.370096 0.060900 0.068069
0 0.090788 0.080000 0.007690 0.160860
0 0.000008 0.079808 0.060000 0.063462
0 0.090009 0.38060 0.060096 0.008600
0 0.000960 0.089003 0.002880 0.08650
