0 0.090080 0.694700 0.163462 0.062500
0 0.09087 0.600040 0.061058 0.060096
0 0.090990 0.603360 0.06050 0.057692
0 0.096094 0.054087 0.00440 0.060096
0 0.097096 0.500019 0.149008 0.057692
0 0.007002 0.062740 0.00846 0.055288
0 0.007002 0.020670 0.149038 0.057692
0 0.008000 0.377404 0.01440 0.057692
0 0.000021 0.336538 0.06250 0.057692
0 0.000048 0.693500 0.146635 0.064904
0 0.000048 0.645433 0.046635 0.060096
0 0.004900 0.602063 0.141827 0.055288
0 0.003365 0.555088 0.039023 0.057692
0 0.009375 0.500019 0.106635 0.057692
0 0.066087 0.066346 0.046635 0.057690
0 0.070090 0.026683 0.149038 0.000481
0 0.073798 0.380202 0.106630 0.052885
0 0.070096 0.337700 0.044231 0.050481
