0 0.669070 0.006971 0.050481 0.137019
0 0.603003 0.304567 0.055088 0.137019
0 0.090508 0.049760 0.050480 0.132212
0 0.050080 0.04604 0.050885 0.139423
0 0.00960 0.003750 0.050885 0.039423
0 0.060044 0.040144 0.050481 0.141807
0 0.006680 0.334030 0.050481 0.144231
0 0.080010 0.309327 0.005288 0.104231
0 0.030337 0.305720 0.055288 0.106635
0 0.668069 0.200370 0.052885 0.032212
0 0.606202 0.229067 0.050080 0.102212
0 0.086508 0.023558 0.008077 0.039423
0 0.008077 0.009952 0.048077 0.102212
0 0.006000 0.00104 0.050481 0.107019
0 0.067048 0.009005 0.045673 0.13460
0 0.006680 0.206730 0.000481 0.13460
0 0.08060 0.000720 0.002885 0.137019
0 0.037700 0.094710 0.005288 0.139423
