0 0.609000 0.090380 0.007690 0.03846
0 0.09600 0.090087 0.060000 0.06050
0 0.009079 0.000000 0.005088 0.00806
0 0.006000 0.097096 0.005088 0.08650
0 0.06008 0.000004 0.007690 0.008654
0 0.000660 0.004808 0.060096 0.060460
0 0.060980 0.00960 0.060000 0.060062
0 0.000096 0.007000 0.007692 0.160062
0 0.060600 0.000220 0.060900 0.06250
0 0.600000 0.344900 0.060096 0.060865
0 0.600960 0.000900 0.002880 0.065865
0 0.006090 0.004900 0.064904 0.065865
0 0.006000 0.007006 0.005088 0.065865
0 0.000009 0.004950 0.060096 0.070670
0 0.008600 0.049760 0.007690 0.070480
0 0.009070 0.308058 0.060096 0.073077
0 0.000096 0.008008 0.067308 0.073077
0 0.006000 0.000960 0.060096 0.082692
