0 0.600008 0.700000 0.075080 0.067008
0 0.600008 0.698007 0.080088 0.069710
0 0.600806 0.609008 0.068069 0.007690
0 0.600008 0.098558 0.075080 0.057690
0 0.608600 0.008077 0.077885 0.057690
0 0.660060 0.002000 0.070480 0.062000
0 0.609806 0.000900 0.075081 0.060500
0 0.608600 0.007400 0.068069 0.060096
0 0.660060 0.006970 0.070670 0.060096
0 0.090990 0.700090 0.060860 0.067008
0 0.096090 0.690000 0.061008 0.060096
0 0.096090 0.640403 0.060008 0.064904
0 0.000000 0.097006 0.060060 0.060096
0 0.098798 0.008077 0.060008 0.007690
0 0.000606 0.098798 0.06000 0.005088
0 0.006000 0.000000 0.06050 0.055288
0 0.006000 0.008600 0.06000 0.050885
0 0.006000 0.060980 0.06000 0.002885
