0 0.700080 0.646635 0.067308 0.068069
0 0.689900 0.640403 0.067308 0.065865
0 0.608020 0.600433 0.064904 0.165865
0 0.088900 0.649008 0.062500 0.073077
0 0.000865 0.650846 0.060500 0.073077
0 0.090788 0.602644 0.062500 0.070670
0 0.04700 0.600846 0.060500 0.168269
0 0.000440 0.606250 0.062500 0.08654
0 0.003365 0.650604 0.057692 0.075481
0 0.700577 0.086779 0.067308 0.065865
0 0.680096 0.086779 0.060500 0.061058
0 0.607009 0.09087 0.060000 0.161058
0 0.087700 0.490085 0.064904 0.08654
0 0.000067 0.490085 0.064904 0.08654
0 0.096094 0.490788 0.064904 0.03846
0 0.000900 0.496394 0.057692 0.01442
0 0.006000 0.500202 0.062500 0.161058
0 0.060385 0.500004 0.062500 0.063462
