0 0.089080 0.600798 0.010981 0.000673
0 0.087980 0.09600 0.010080 0.008460
0 0.086779 0.060904 0.000096 0.040269
0 0.089080 0.000806 0.017788 0.040860
0 0.080077 0.000606 0.00085 0.005673
0 0.080769 0.070006 0.00080 0.040860
0 0.079067 0.009904 0.007788 0.048077
0 0.079067 0.006000 0.007788 0.040069
0 0.078060 0.076000 0.00380 0.000860
0 0.080002 0.603003 0.100962 0.000673
0 0.080002 0.602060 0.110077 0.000673
0 0.080002 0.070900 0.10380 0.000673
0 0.079808 0.000860 0.000077 0.000069
0 0.077000 0.00960 0.000080 0.043069
0 0.077000 0.477060 0.000190 0.040673
0 0.076000 0.000000 0.022096 0.040673
0 0.070096 0.000260 0.020192 0.000860
0 0.068990 0.079808 0.000096 0.008077
