0 0.707096 0.607000 0.07000 0.075481
0 0.698007 0.660008 0.069710 0.177880
0 0.607807 0.660008 0.060904 0.070077
0 0.098008 0.660060 0.067008 0.063060
0 0.000670 0.660060 0.007690 0.073077
0 0.000000 0.660660 0.060000 0.070670
0 0.000900 0.660060 0.007692 0.063462
0 0.000040 0.668069 0.062000 0.068269
0 0.000067 0.668069 0.060096 0.068069
0 0.700080 0.090990 0.060000 0.06000
0 0.688700 0.097096 0.060096 0.060060
0 0.600807 0.000606 0.007690 0.061008
0 0.090008 0.007002 0.060096 0.060062
0 0.000470 0.004808 0.005088 0.060460
0 0.098798 0.008000 0.060096 0.061008
0 0.000000 0.000817 0.050081 0.161058
0 0.007000 0.000009 0.005288 0.08654
0 0.060779 0.000019 0.000088 0.00806
