0 0.604000 0.662260 0.007692 0.161058
0 0.097056 0.659856 0.060096 0.070673
0 0.050080 0.658654 0.060500 0.170077
0 0.000004 0.658654 0.057692 0.070077
0 0.005509 0.655048 0.064904 0.080288
0 0.008604 0.658654 0.057690 0.082692
0 0.008073 0.655008 0.060500 0.175481
0 0.000088 0.658650 0.07200 0.177885
0 0.006000 0.657052 0.064904 0.180288
0 0.608020 0.010817 0.055288 0.06250
0 0.090950 0.508400 0.055288 0.06250
0 0.050080 0.507012 0.057692 0.00846
0 0.000002 0.501202 0.060096 0.06250
0 0.004007 0.500202 0.062500 0.06250
0 0.009806 0.500000 0.060096 0.00846
0 0.060077 0.097596 0.050885 0.08654
0 0.001098 0.093990 0.060096 0.161008
0 0.060807 0.090990 0.005288 0.170673
