0 0.668069 0.700002 0.008077 0.002212
0 0.608606 0.700606 0.000670 0.007004
0 0.090000 0.707000 0.000481 0.10460
0 0.000080 0.760605 0.008077 0.007404
0 0.000807 0.770000 0.000673 0.107404
0 0.068700 0.770000 0.000885 0.002202
0 0.000079 0.780048 0.040670 0.007009
0 0.080002 0.780200 0.002880 0.109023
0 0.007700 0.789663 0.000088 0.030202
0 0.670079 0.600090 0.040670 0.037019
0 0.607009 0.600000 0.008077 0.00060
0 0.090008 0.600000 0.000081 0.107019
0 0.000080 0.600807 0.008077 0.107019
0 0.00960 0.600600 0.008077 0.040807
0 0.067008 0.640009 0.000088 0.040827
0 0.009070 0.644001 0.000088 0.109423
0 0.078606 0.600000 0.000480 0.144001
0 0.000030 0.607000 0.050885 0.041827
