0 0.706700 0.010403 0.067308 0.168269
0 0.605008 0.50605 0.064904 0.061058
0 0.608070 0.019031 0.062500 0.03806
0 0.060500 0.522807 0.067308 0.061058
0 0.000021 0.526042 0.055288 0.163462
0 0.068700 0.506442 0.057692 0.060462
0 0.000077 0.033654 0.052885 0.068269
0 0.080202 0.030856 0.052885 0.165865
0 0.038900 0.039663 0.052885 0.061058
0 0.698007 0.368990 0.005088 0.01042
0 0.600604 0.070092 0.064904 0.03846
0 0.606970 0.073798 0.060096 0.106630
0 0.060098 0.081010 0.055288 0.06250
0 0.00605 0.082202 0.055288 0.109038
0 0.070006 0.383403 0.050481 0.01442
0 0.009087 0.087009 0.000481 0.144231
0 0.088020 0.38060 0.005288 0.149038
0 0.000048 0.390827 0.050481 0.144231
