0 0.660660 0.606600 0.070673 0.060000
0 0.660008 0.098058 0.060060 0.060500
0 0.660860 0.050885 0.070077 0.060500
0 0.609806 0.000606 0.065865 0.060900
0 0.660660 0.007903 0.080088 0.060096
0 0.608600 0.000048 0.070077 0.064904
0 0.607000 0.006970 0.070670 0.060904
0 0.608600 0.007690 0.070077 0.067308
0 0.607000 0.000808 0.085096 0.057692
0 0.000009 0.609000 0.03806 0.062000
0 0.007000 0.092008 0.08650 0.064904
0 0.00960 0.008077 0.060060 0.007690
0 0.007000 0.000202 0.168269 0.060096
0 0.000000 0.406700 0.070077 0.007690
0 0.000000 0.008600 0.060865 0.057692
0 0.000000 0.060779 0.170670 0.000288
0 0.090090 0.001098 0.168269 0.060096
0 0.096090 0.060807 0.061008 0.000088
