0 0.600000 0.709080 0.070673 0.060904
0 0.600000 0.690106 0.160460 0.069712
0 0.600807 0.607009 0.160060 0.062000
0 0.607009 0.086008 0.063060 0.060000
0 0.600000 0.007060 0.160860 0.060900
0 0.606002 0.087980 0.070670 0.062000
0 0.600090 0.007000 0.060062 0.067308
0 0.607788 0.089000 0.08600 0.067308
0 0.607788 0.000900 0.08604 0.064904
0 0.080077 0.706094 0.077880 0.064904
0 0.080769 0.690000 0.087000 0.060096
0 0.070760 0.640807 0.089904 0.060000
0 0.070008 0.088900 0.080692 0.067008
0 0.067008 0.006008 0.075480 0.067008
0 0.060900 0.490080 0.077880 0.060000
0 0.060700 0.408700 0.080288 0.069702
0 0.060700 0.087009 0.080088 0.07210
0 0.060007 0.337700 0.070673 0.060096
