0 0.707980 0.608600 0.060000 0.060060
0 0.680096 0.606000 0.067008 0.060060
0 0.60060 0.600806 0.067308 0.063460
0 0.080700 0.600003 0.060000 0.165865
0 0.000806 0.600403 0.064904 0.075480
0 0.080070 0.607009 0.060096 0.068069
0 0.000096 0.603003 0.060000 0.060865
0 0.087009 0.606002 0.062000 0.061008
0 0.000004 0.600000 0.060096 0.060460
0 0.706090 0.497096 0.064904 0.080690
0 0.690008 0.090990 0.067308 0.080096
0 0.608000 0.090080 0.060904 0.073077
0 0.087700 0.080077 0.064904 0.070077
0 0.007060 0.079067 0.060096 0.080088
0 0.086779 0.077060 0.064904 0.080088
0 0.006098 0.069900 0.069702 0.080288
0 0.087009 0.070006 0.067308 0.080096
0 0.006038 0.068700 0.060000 0.077885
