0 0.800009 0.032692 0.084035 0.033654
0 0.809027 0.007402 0.080731 0.036058
0 0.800731 0.383013 0.086038 0.036058
0 0.800933 0.306970 0.080135 0.040865
0 0.800030 0.331731 0.081731 0.033654
0 0.806038 0.305088 0.086538 0.038062
0 0.800337 0.080008 0.084035 0.040865
0 0.807700 0.000000 0.084035 0.038462
0 0.808900 0.227063 0.086038 0.036058
0 0.700606 0.035096 0.088940 0.033654
0 0.700606 0.007450 0.088942 0.036058
0 0.700808 0.08460 0.086538 0.033654
0 0.700606 0.355769 0.080035 0.033654
0 0.706000 0.030509 0.088902 0.036058
0 0.707002 0.006090 0.091346 0.036058
0 0.708000 0.077644 0.088942 0.036058
0 0.707002 0.251202 0.086508 0.000865
0 0.707002 0.225962 0.091006 0.038462
