0 0.660660 0.068029 0.030200 0.074519
0 0.600807 0.270403 0.033604 0.079327
0 0.607788 0.070003 0.033604 0.079327
0 0.090750 0.070033 0.033654 0.079327
0 0.070307 0.069231 0.031250 0.081731
0 0.009079 0.266827 0.006058 0.080731
0 0.000008 0.266827 0.033654 0.080731
0 0.000002 0.260420 0.036058 0.086538
0 0.070960 0.265625 0.008462 0.088942
0 0.607050 0.095910 0.036058 0.079327
0 0.609808 0.099019 0.003650 0.081731
0 0.601779 0.19710 0.001000 0.086538
0 0.088900 0.094712 0.028846 0.076920
0 0.067008 0.090710 0.028846 0.086538
0 0.004470 0.190510 0.036058 0.084135
0 0.000003 0.091106 0.036058 0.084135
0 0.096094 0.088700 0.031200 0.084135
0 0.070058 0.088700 0.033654 0.079327
