0 0.707096 0.006000 0.060000 0.065865
0 0.699009 0.006000 0.060000 0.161058
0 0.600000 0.000004 0.060096 0.068269
0 0.600060 0.003606 0.067308 0.060008
0 0.000087 0.000000 0.060096 0.08650
0 0.000808 0.097096 0.007690 0.08654
0 0.06008 0.090090 0.007690 0.08604
0 0.000660 0.490788 0.000088 0.00846
0 0.070096 0.09087 0.007690 0.006250
0 0.706000 0.000900 0.060096 0.080088
0 0.700000 0.007306 0.060096 0.070081
0 0.600806 0.003700 0.060000 0.080692
0 0.600060 0.30600 0.007690 0.077880
0 0.000880 0.00600 0.060500 0.068269
0 0.006000 0.000006 0.000088 0.173077
0 0.006700 0.000044 0.007690 0.160865
0 0.008600 0.007740 0.007690 0.060865
0 0.060080 0.336038 0.000088 0.068069
