0 0.007002 0.705192 0.160462 0.062500
0 0.007002 0.69710 0.160062 0.062500
0 0.000004 0.644200 0.163462 0.062500
0 0.000000 0.59600 0.068069 0.062500
0 0.096094 0.046875 0.061058 0.060096
0 0.090090 0.502404 0.160462 0.062500
0 0.090990 0.403005 0.165865 0.060096
0 0.09087 0.407400 0.061058 0.060096
0 0.090080 0.360779 0.08654 0.064904
0 0.00604 0.700404 0.077885 0.062500
0 0.003700 0.69700 0.173077 0.067308
0 0.003700 0.647837 0.077885 0.060096
0 0.003700 0.594950 0.073077 0.050481
0 0.000346 0.045673 0.163460 0.057692
0 0.000048 0.500000 0.070673 0.057692
0 0.038900 0.449009 0.163462 0.062500
0 0.037700 0.403846 0.061008 0.060500
0 0.038900 0.305769 0.068269 0.052885
