0 0.002807 0.753606 0.085096 0.070519
0 0.000008 0.698307 0.182692 0.069712
0 0.006042 0.646605 0.082692 0.076923
0 0.000008 0.590548 0.080288 0.069712
0 0.000008 0.543069 0.080288 0.067308
0 0.009663 0.090385 0.075481 0.067308
0 0.009663 0.040106 0.175481 0.064904
0 0.008077 0.090605 0.077885 0.064904
0 0.008077 0.043750 0.077885 0.060500
0 0.005769 0.70087 0.068069 0.069712
0 0.009375 0.693500 0.170673 0.060904
0 0.060980 0.637019 0.163062 0.067308
0 0.067788 0.088900 0.068269 0.062500
0 0.073798 0.038060 0.070673 0.067308
0 0.077004 0.490380 0.068069 0.062500
0 0.079808 0.038700 0.063462 0.060096
0 0.080807 0.390605 0.165865 0.060904
0 0.087009 0.304900 0.168269 0.055288
