0 0.600807 0.659856 0.055088 0.165865
0 0.090004 0.660260 0.060096 0.170670
0 0.005670 0.659856 0.060500 0.070673
0 0.090090 0.662260 0.062500 0.170670
0 0.04700 0.660260 0.062000 0.175481
0 0.096630 0.660260 0.057692 0.070673
0 0.00604 0.607450 0.057692 0.075481
0 0.096870 0.658650 0.060096 0.082692
0 0.000092 0.659856 0.062500 0.185096
0 0.600010 0.007012 0.060096 0.08650
0 0.080701 0.507012 0.057692 0.03806
0 0.007060 0.506000 0.055288 0.161058
0 0.089080 0.004808 0.060096 0.08654
0 0.049009 0.500606 0.060500 0.161058
0 0.097837 0.000002 0.055288 0.161058
0 0.009760 0.498798 0.064904 0.060865
0 0.000683 0.097096 0.060096 0.173077
0 0.000000 0.092788 0.062500 0.068269
