0 0.000660 0.670870 0.141807 0.000088
0 0.009806 0.608606 0.006600 0.005088
0 0.000008 0.090044 0.041807 0.000481
0 0.000806 0.040670 0.049038 0.007690
0 0.000000 0.006000 0.00440 0.000288
0 0.096600 0.060337 0.03806 0.000088
0 0.090807 0.007067 0.00806 0.000088
0 0.087009 0.070096 0.08600 0.007690
0 0.080003 0.306903 0.00042 0.007692
0 0.078806 0.668069 0.029808 0.002880
0 0.078806 0.606202 0.009020 0.000288
0 0.070807 0.080037 0.000827 0.060096
0 0.069000 0.000470 0.109423 0.000481
0 0.060009 0.000202 0.100201 0.000481
0 0.00960 0.009000 0.00060 0.048077
0 0.006000 0.008069 0.107019 0.002880
0 0.000000 0.070000 0.00060 0.008077
0 0.006090 0.030933 0.040827 0.000288
