0 0.008000 0.700000 0.080096 0.076900
0 0.00960 0.690008 0.080692 0.080701
0 0.006807 0.600807 0.182692 0.076920
0 0.009000 0.087700 0.177880 0.070519
0 0.000008 0.007060 0.077880 0.069702
0 0.008806 0.086779 0.077880 0.069700
0 0.000000 0.007000 0.080692 0.067308
0 0.000600 0.383003 0.073077 0.060096
0 0.000806 0.036038 0.070673 0.060500
0 0.000008 0.707980 0.070481 0.076903
0 0.007006 0.688700 0.070080 0.074019
0 0.000769 0.600002 0.073077 0.07210
0 0.060077 0.086008 0.073077 0.067308
0 0.060779 0.000806 0.080096 0.060904
0 0.060080 0.080077 0.080088 0.060000
0 0.070096 0.008700 0.077880 0.069702
0 0.080002 0.089023 0.068269 0.062000
0 0.080000 0.003700 0.161008 0.060000
