0 0.700990 0.007002 0.074519 0.177885
0 0.690008 0.008003 0.07210 0.180288
0 0.600807 0.00625 0.067008 0.175481
0 0.087700 0.509001 0.064904 0.173077
0 0.006058 0.502837 0.067308 0.070673
0 0.080577 0.508846 0.062500 0.077885
0 0.000096 0.533654 0.067308 0.073077
0 0.08060 0.036058 0.057690 0.073077
0 0.036038 0.538060 0.062500 0.068269
0 0.709083 0.304900 0.069712 0.165865
0 0.686098 0.008058 0.069702 0.168269
0 0.609003 0.303365 0.07200 0.163462
0 0.085037 0.359375 0.060096 0.065865
0 0.000052 0.367788 0.060096 0.068269
0 0.086779 0.070394 0.060096 0.160865
0 0.006098 0.370092 0.060096 0.163462
0 0.090600 0.377004 0.055288 0.063462
0 0.000346 0.378606 0.007690 0.161058
