0 0.607000 0.600807 0.070670 0.060096
0 0.607000 0.088900 0.070670 0.062500
0 0.608600 0.004470 0.068069 0.064904
0 0.608600 0.096094 0.070077 0.060096
0 0.606000 0.00700 0.070077 0.060000
0 0.600806 0.090033 0.073077 0.064904
0 0.600806 0.00604 0.073077 0.060000
0 0.600806 0.098077 0.070077 0.060000
0 0.600600 0.042788 0.080288 0.062000
0 0.006000 0.606002 0.00002 0.060096
0 0.000000 0.080000 0.01042 0.057692
0 0.000000 0.006008 0.049008 0.060500
0 0.000000 0.09087 0.006200 0.060904
0 0.098798 0.040000 0.061008 0.005088
0 0.097096 0.096600 0.063060 0.007690
0 0.096090 0.049760 0.060008 0.060096
0 0.090788 0.099279 0.060062 0.060096
0 0.089080 0.000000 0.061008 0.000885
