0 0.080070 0.606087 0.000360 0.040865
0 0.080970 0.080100 0.108170 0.038460
0 0.080970 0.060096 0.108170 0.008060
0 0.080970 0.000000 0.112981 0.040670
0 0.079067 0.090990 0.000981 0.040860
0 0.079067 0.060740 0.000981 0.040860
0 0.079067 0.009087 0.000981 0.040860
0 0.070960 0.097807 0.00380 0.000673
0 0.070760 0.060080 0.000981 0.043069
0 0.080003 0.600096 0.012981 0.008077
0 0.079808 0.090006 0.010077 0.038060
0 0.078606 0.060098 0.010981 0.000860
0 0.077000 0.000000 0.00380 0.043069
0 0.070000 0.098798 0.000090 0.000670
0 0.070090 0.068700 0.017788 0.043069
0 0.070798 0.033890 0.000096 0.040673
0 0.070090 0.000644 0.017788 0.040673
0 0.067788 0.067788 0.000000 0.003069
