0 0.680090 0.406000 0.060096 0.00846
0 0.600202 0.009806 0.057692 0.146635
0 0.090006 0.410260 0.057692 0.141827
0 0.005670 0.40865 0.057690 0.044231
0 0.000004 0.409471 0.052885 0.141827
0 0.009005 0.403077 0.052885 0.144231
0 0.00860 0.407885 0.052885 0.009423
0 0.070000 0.009087 0.048077 0.046635
0 0.030030 0.431490 0.050885 0.141827
0 0.677880 0.070003 0.052885 0.046635
0 0.600202 0.270038 0.002885 0.144231
0 0.088900 0.280048 0.052885 0.041827
0 0.005670 0.084856 0.048077 0.041827
0 0.000606 0.086058 0.050080 0.149038
0 0.06008 0.088462 0.002885 0.049038
0 0.008069 0.290670 0.048077 0.139423
0 0.080010 0.300880 0.050081 0.149038
0 0.037700 0.098077 0.040673 0.03846
