0 0.609003 0.489083 0.002885 0.06250
0 0.09600 0.484075 0.060500 0.061058
0 0.006875 0.489080 0.055088 0.06250
0 0.000606 0.093990 0.064904 0.065865
0 0.007903 0.49087 0.055088 0.061058
0 0.007400 0.490990 0.060096 0.06250
0 0.060077 0.093990 0.050885 0.06250
0 0.000904 0.000000 0.067308 0.163460
0 0.062009 0.006010 0.062500 0.165865
0 0.600403 0.330731 0.060096 0.180692
0 0.090950 0.034035 0.060096 0.163462
0 0.050885 0.036538 0.062500 0.063062
0 0.000004 0.037740 0.062500 0.070673
0 0.006700 0.336538 0.060500 0.173077
0 0.000846 0.336038 0.067308 0.073077
0 0.008073 0.300144 0.067308 0.165865
0 0.008890 0.340044 0.069710 0.170673
0 0.000808 0.047356 0.067308 0.075481
