0 0.000096 0.060400 0.038462 0.086038
0 0.007000 0.060620 0.006058 0.088942
0 0.080002 0.260220 0.033600 0.080130
0 0.008070 0.060009 0.033600 0.086038
0 0.000730 0.060019 0.033600 0.091306
0 0.000087 0.060807 0.006008 0.098008
0 0.076000 0.207202 0.008462 0.090046
0 0.000002 0.208000 0.001200 0.088902
0 0.000760 0.208000 0.006008 0.088942
0 0.000090 0.087000 0.006008 0.086038
0 0.007000 0.087000 0.006008 0.086508
0 0.080000 0.180096 0.001000 0.086038
0 0.006970 0.080096 0.006008 0.086538
0 0.000009 0.080096 0.036008 0.086538
0 0.000088 0.080890 0.033600 0.088940
0 0.070000 0.077880 0.006008 0.090006
0 0.000606 0.077880 0.000000 0.091306
0 0.000760 0.079087 0.000860 0.088942
