0 0.079067 0.700808 0.080096 0.07000
0 0.077060 0.700700 0.180096 0.060904
0 0.070008 0.607807 0.080690 0.069702
0 0.07000 0.096004 0.177880 0.060500
0 0.068700 0.000860 0.077885 0.060500
0 0.060900 0.489080 0.077880 0.060096
0 0.060007 0.040006 0.160860 0.060096
0 0.007900 0.388000 0.070081 0.064904
0 0.006700 0.003700 0.068069 0.060000
0 0.606600 0.706094 0.063460 0.069700
0 0.600807 0.690900 0.168069 0.060904
0 0.609000 0.603009 0.063462 0.064904
0 0.600807 0.090006 0.160865 0.067308
0 0.608606 0.000470 0.060860 0.069710
0 0.607000 0.49087 0.068069 0.060096
0 0.600090 0.044700 0.161008 0.062000
0 0.607788 0.090003 0.063060 0.064904
0 0.600980 0.009760 0.08600 0.064904
