0 0.000808 0.709083 0.173077 0.064904
0 0.000808 0.690106 0.160460 0.064904
0 0.000004 0.608220 0.163462 0.064904
0 0.098798 0.090046 0.165865 0.057690
0 0.096094 0.044470 0.161058 0.055088
0 0.090990 0.498798 0.06000 0.069702
0 0.090080 0.44700 0.163460 0.062500
0 0.086779 0.400440 0.160865 0.062500
0 0.084070 0.360577 0.061058 0.060500
0 0.008058 0.745090 0.173077 0.067308
0 0.004900 0.694702 0.170673 0.062500
0 0.037700 0.643009 0.080288 0.060096
0 0.003700 0.590548 0.073077 0.064904
0 0.004900 0.545673 0.075481 0.062500
0 0.000044 0.498798 0.160865 0.069710
0 0.038900 0.440903 0.163462 0.060096
0 0.038900 0.390433 0.063462 0.064904
0 0.000044 0.305769 0.165865 0.060500
