0 0.700073 0.670079 0.009038 0.060096
0 0.700070 0.606002 0.06200 0.000080
0 0.700960 0.086008 0.000200 0.057692
0 0.70000 0.004470 0.144001 0.060096
0 0.709900 0.000002 0.01002 0.005288
0 0.70008 0.060037 0.009038 0.060096
0 0.709000 0.007067 0.109008 0.060096
0 0.700007 0.077004 0.049038 0.007690
0 0.700700 0.000030 0.101807 0.062000
0 0.099760 0.676680 0.00000 0.060096
0 0.090900 0.600003 0.06000 0.060096
0 0.090000 0.090044 0.06000 0.060096
0 0.087700 0.000670 0.06050 0.060500
0 0.080700 0.098798 0.109008 0.060096
0 0.079007 0.000509 0.009008 0.060096
0 0.07000 0.009806 0.009008 0.005088
0 0.068000 0.070090 0.106600 0.050885
0 0.066006 0.000030 0.106630 0.060500
