0 0.008000 0.740385 0.165865 0.067308
0 0.006000 0.687500 0.165865 0.060500
0 0.007002 0.601827 0.170077 0.067308
0 0.000000 0.590750 0.068069 0.057692
0 0.000002 0.509663 0.165865 0.060096
0 0.097096 0.500000 0.060460 0.057692
0 0.090090 0.454027 0.163462 0.062500
0 0.090990 0.400440 0.160865 0.062500
0 0.090080 0.360779 0.168069 0.060096
0 0.007306 0.745090 0.180288 0.062500
0 0.007306 0.694700 0.175481 0.062500
0 0.00604 0.647837 0.080692 0.069712
0 0.004900 0.590044 0.175481 0.060096
0 0.007306 0.548077 0.075481 0.057690
0 0.003700 0.493990 0.077885 0.060096
0 0.036038 0.04700 0.168069 0.057692
0 0.036038 0.399038 0.073077 0.060500
0 0.030933 0.302063 0.165865 0.060096
