0 0.707096 0.609000 0.067308 0.063460
0 0.690700 0.600807 0.060000 0.160865
0 0.600009 0.600202 0.060904 0.063462
0 0.090700 0.600000 0.060000 0.175081
0 0.000670 0.600090 0.007690 0.061058
0 0.090990 0.600090 0.069702 0.160062
0 0.00700 0.600080 0.060000 0.160460
0 0.097807 0.609370 0.060096 0.06000
0 0.000960 0.609070 0.007690 0.060058
0 0.700606 0.078060 0.069700 0.073077
0 0.69700 0.070008 0.060000 0.070077
0 0.607807 0.069900 0.064904 0.070480
0 0.098008 0.068750 0.067008 0.077885
0 0.000470 0.460740 0.064904 0.070481
0 0.090090 0.060740 0.067008 0.070481
0 0.000000 0.400509 0.060096 0.075481
0 0.090009 0.000307 0.064904 0.068269
0 0.000900 0.449009 0.064904 0.068069
