0 0.069000 0.70000 0.081701 0.036008
0 0.070000 0.687000 0.080030 0.038460
0 0.070600 0.660260 0.080701 0.036008
0 0.070000 0.637009 0.080030 0.038460
0 0.070600 0.600981 0.086008 0.038062
0 0.070807 0.087700 0.088902 0.006008
0 0.076000 0.060298 0.086008 0.006008
0 0.070000 0.008062 0.088942 0.008462
0 0.070008 0.000400 0.086038 0.033604
0 0.090700 0.710900 0.081701 0.038462
0 0.09700 0.688700 0.086008 0.006008
0 0.090900 0.609806 0.080105 0.000865
0 0.090106 0.607019 0.088900 0.008060
0 0.09700 0.610077 0.081701 0.008060
0 0.09700 0.087700 0.081701 0.006008
0 0.090900 0.060000 0.080105 0.033650
0 0.090900 0.007060 0.080130 0.036058
0 0.000700 0.009201 0.079027 0.038062
