0 0.660060 0.607788 0.007690 0.00806
0 0.607788 0.600096 0.007692 0.00806
0 0.060900 0.600000 0.060000 0.060462
0 0.000600 0.600202 0.067308 0.08600
0 0.067008 0.600807 0.069700 0.160865
0 0.009070 0.609400 0.069710 0.163462
0 0.070798 0.600033 0.074009 0.060865
0 0.009700 0.600008 0.07010 0.160865
0 0.069000 0.606200 0.07200 0.170077
0 0.667067 0.060004 0.064904 0.070670
0 0.608990 0.070006 0.060096 0.080096
0 0.069700 0.07000 0.060000 0.177880
0 0.006807 0.070760 0.060000 0.080288
0 0.067008 0.477060 0.064904 0.070481
0 0.000060 0.480073 0.067308 0.177880
0 0.060779 0.089080 0.069710 0.170081
0 0.000098 0.089180 0.070019 0.170481
0 0.007002 0.092788 0.076920 0.077880
