0 0.709080 0.600600 0.060096 0.070673
0 0.687000 0.607807 0.060000 0.060865
0 0.609000 0.600600 0.062000 0.060865
0 0.086008 0.607009 0.067308 0.068069
0 0.007060 0.603003 0.060096 0.070673
0 0.086779 0.600000 0.060904 0.068069
0 0.000006 0.601094 0.069710 0.160860
0 0.090807 0.600090 0.062000 0.161008
0 0.000006 0.60380 0.007690 0.08604
0 0.707096 0.09087 0.067008 0.080088
0 0.690700 0.086779 0.060000 0.080288
0 0.600600 0.080970 0.069710 0.180288
0 0.090008 0.070058 0.064904 0.068069
0 0.007060 0.07000 0.060096 0.077880
0 0.080077 0.066046 0.060000 0.070077
0 0.006098 0.060940 0.064904 0.068269
0 0.087009 0.060004 0.07010 0.170670
0 0.006038 0.009030 0.060500 0.068069
