0 0.660660 0.004470 0.069700 0.170481
0 0.608990 0.000067 0.060904 0.070481
0 0.066006 0.000806 0.060904 0.075481
0 0.00600 0.007060 0.060096 0.080288
0 0.067008 0.000604 0.064904 0.077885
0 0.00860 0.000000 0.067008 0.077885
0 0.060080 0.000837 0.060904 0.070481
0 0.000096 0.008009 0.067008 0.180088
0 0.006000 0.000817 0.070019 0.175081
0 0.607000 0.088020 0.060096 0.060865
0 0.600779 0.080013 0.060904 0.160860
0 0.066006 0.080010 0.069710 0.160860
0 0.000000 0.070096 0.062000 0.073077
0 0.068700 0.070090 0.060000 0.070077
0 0.007067 0.009070 0.060904 0.060865
0 0.060080 0.309375 0.060500 0.080088
0 0.007008 0.306970 0.060000 0.170673
0 0.00960 0.000060 0.062000 0.065865
