0 0.006000 0.750000 0.165865 0.060500
0 0.007002 0.700721 0.168269 0.060904
0 0.000808 0.650644 0.068269 0.064904
0 0.000000 0.600060 0.163062 0.064904
0 0.098798 0.054087 0.06050 0.064904
0 0.097096 0.506000 0.160460 0.060096
0 0.090990 0.409035 0.165865 0.060500
0 0.090788 0.407067 0.160462 0.064904
0 0.09087 0.070394 0.161008 0.064904
0 0.004900 0.758403 0.165865 0.064904
0 0.00604 0.700509 0.073077 0.064904
0 0.000048 0.655048 0.075481 0.060096
0 0.000048 0.604567 0.070673 0.060096
0 0.000346 0.055088 0.168269 0.057692
0 0.000044 0.004808 0.170673 0.057690
0 0.037700 0.406730 0.165865 0.050885
0 0.037700 0.407400 0.065865 0.055288
0 0.037700 0.360779 0.170673 0.000481
