0 0.000880 0.655008 0.077885 0.060904
0 0.008077 0.606970 0.070077 0.060096
0 0.000067 0.008890 0.070670 0.064904
0 0.007060 0.008000 0.070081 0.064904
0 0.009660 0.007933 0.080088 0.069700
0 0.006008 0.006000 0.077885 0.057690
0 0.000000 0.000063 0.177885 0.060900
0 0.006000 0.000680 0.077880 0.064904
0 0.008806 0.002788 0.077880 0.007692
0 0.090000 0.600000 0.08604 0.064904
0 0.080807 0.600360 0.061008 0.060500
0 0.08060 0.006090 0.060460 0.064904
0 0.08060 0.007000 0.068269 0.007692
0 0.076000 0.000027 0.060860 0.062500
0 0.070096 0.008600 0.070077 0.007690
0 0.070090 0.000769 0.068069 0.062000
0 0.068990 0.006090 0.070080 0.060096
0 0.009070 0.000002 0.070673 0.060096
