0 0.700990 0.003021 0.069712 0.185096
0 0.688700 0.002019 0.069712 0.192008
0 0.600009 0.008029 0.069712 0.189904
0 0.088900 0.525240 0.076920 0.089904
0 0.006058 0.505200 0.067308 0.085096
0 0.086779 0.008846 0.064904 0.070077
0 0.007000 0.533654 0.060500 0.073077
0 0.080010 0.036058 0.060904 0.177885
0 0.030337 0.539663 0.060096 0.090710
0 0.700577 0.350063 0.076923 0.170673
0 0.687000 0.050960 0.076923 0.068269
0 0.600807 0.360577 0.069710 0.173077
0 0.085037 0.360980 0.070519 0.177885
0 0.000856 0.367788 0.064904 0.073077
0 0.084070 0.370090 0.060096 0.177885
0 0.000096 0.375000 0.060500 0.073077
0 0.089003 0.379808 0.067308 0.073077
0 0.037700 0.378606 0.069700 0.170673
