0 0.700090 0.000606 0.007690 0.061058
0 0.690006 0.001000 0.060900 0.161008
0 0.600009 0.000004 0.000288 0.060462
0 0.097006 0.000000 0.060096 0.060060
0 0.006870 0.096094 0.060096 0.060008
0 0.000000 0.090090 0.007690 0.08650
0 0.000007 0.490990 0.060000 0.060865
0 0.000008 0.09087 0.060000 0.06000
0 0.060080 0.09087 0.000088 0.060865
0 0.708798 0.000048 0.064904 0.080088
0 0.69700 0.000008 0.067008 0.070673
0 0.600000 0.340048 0.060096 0.080088
0 0.098008 0.000950 0.067008 0.075480
0 0.009079 0.000044 0.064904 0.070481
0 0.000000 0.000006 0.060000 0.068069
0 0.000700 0.000046 0.000088 0.177885
0 0.000008 0.008940 0.064904 0.063460
0 0.060077 0.030030 0.007690 0.068069
