0 0.600807 0.701202 0.168269 0.064904
0 0.600807 0.690710 0.170673 0.062500
0 0.60060 0.644030 0.168269 0.007692
0 0.609808 0.092508 0.068269 0.060096
0 0.606202 0.000269 0.070673 0.057692
0 0.608990 0.090990 0.170673 0.060096
0 0.606087 0.044710 0.165865 0.062500
0 0.600180 0.400040 0.161008 0.064904
0 0.608070 0.309760 0.163460 0.060096
0 0.070960 0.750606 0.073077 0.069712
0 0.070006 0.700720 0.180288 0.064904
0 0.068700 0.647807 0.077885 0.069710
0 0.068700 0.594950 0.077885 0.064904
0 0.060740 0.040269 0.075481 0.062500
0 0.060740 0.490080 0.075481 0.062500
0 0.005509 0.409904 0.070673 0.062500
0 0.009005 0.390605 0.173077 0.064904
0 0.000700 0.043750 0.170673 0.067308
