0 0.660860 0.600003 0.073077 0.060096
0 0.660660 0.080000 0.060865 0.057690
0 0.660060 0.000860 0.068069 0.062000
0 0.609806 0.090080 0.070670 0.060500
0 0.660060 0.000000 0.070481 0.060096
0 0.609806 0.090000 0.070673 0.007690
0 0.607000 0.004900 0.070670 0.064904
0 0.607000 0.096870 0.080288 0.060096
0 0.660008 0.000990 0.080692 0.060096
0 0.008000 0.607004 0.06000 0.062000
0 0.007000 0.080701 0.160062 0.007692
0 0.008000 0.000806 0.061058 0.055088
0 0.007000 0.090080 0.060062 0.002885
0 0.000808 0.040008 0.060460 0.007692
0 0.000000 0.090403 0.063460 0.005288
0 0.000000 0.00600 0.060860 0.062500
0 0.097096 0.096870 0.060060 0.005288
0 0.097096 0.007096 0.068069 0.002885
