0 0.700606 0.600008 0.060904 0.075480
0 0.700000 0.606000 0.069702 0.170077
0 0.609008 0.608600 0.060000 0.070077
0 0.600067 0.660008 0.060904 0.070077
0 0.000880 0.659856 0.060500 0.065865
0 0.000000 0.660008 0.060000 0.068069
0 0.000009 0.660260 0.050080 0.070670
0 0.009806 0.660060 0.000288 0.065865
0 0.060080 0.660663 0.000088 0.060865
0 0.708798 0.09087 0.060096 0.006000
0 0.699009 0.096090 0.060000 0.061008
0 0.609008 0.098798 0.060000 0.060008
0 0.600060 0.000000 0.007692 0.06250
0 0.000087 0.006000 0.060096 0.06050
0 0.000606 0.006000 0.060096 0.06000
0 0.006700 0.007000 0.002885 0.08650
0 0.000060 0.000817 0.007690 0.161008
0 0.068990 0.008000 0.000088 0.061058
