0 0.006870 0.606050 0.075080 0.067008
0 0.000470 0.608070 0.180088 0.060000
0 0.000860 0.058890 0.080690 0.064904
0 0.006008 0.007000 0.082692 0.067008
0 0.000000 0.009005 0.177885 0.07010
0 0.000000 0.000846 0.080288 0.067308
0 0.000000 0.000567 0.080288 0.064904
0 0.000600 0.000683 0.180692 0.069712
0 0.00600 0.006090 0.080096 0.064904
0 0.089000 0.600040 0.063462 0.062000
0 0.088000 0.600769 0.060860 0.057692
0 0.080002 0.008890 0.060062 0.060096
0 0.080000 0.007010 0.160860 0.057692
0 0.070798 0.000009 0.065865 0.060096
0 0.070090 0.008604 0.060860 0.060500
0 0.060080 0.306970 0.068069 0.060900
0 0.060077 0.007690 0.068069 0.067308
0 0.000067 0.000004 0.065865 0.067008
