0 0.000009 0.700190 0.187000 0.081701
0 0.006807 0.690000 0.180692 0.070019
0 0.000000 0.639003 0.080096 0.07200
0 0.000008 0.087700 0.077880 0.069700
0 0.007600 0.000402 0.075480 0.074519
0 0.000000 0.080073 0.177880 0.07010
0 0.006008 0.003890 0.073077 0.064904
0 0.000067 0.08060 0.070480 0.067008
0 0.000067 0.008900 0.070480 0.067308
0 0.000060 0.730370 0.070081 0.069710
0 0.000960 0.680890 0.068069 0.069702
0 0.009070 0.630002 0.060865 0.07210
0 0.060980 0.080000 0.173077 0.060000
0 0.067788 0.000806 0.073077 0.069700
0 0.070096 0.080070 0.068069 0.064904
0 0.078606 0.000096 0.060860 0.060500
0 0.080002 0.08060 0.073077 0.062000
0 0.080807 0.038900 0.070673 0.000880
