0 0.000090 0.806900 0.020630 0.002880
0 0.000870 0.70960 0.000600 0.052885
0 0.079067 0.708700 0.000600 0.008077
0 0.007600 0.760009 0.020600 0.048077
0 0.070900 0.760000 0.000630 0.048077
0 0.600002 0.768029 0.000020 0.040673
0 0.660060 0.769200 0.020600 0.008077
0 0.000700 0.760807 0.016807 0.000081
0 0.078060 0.806900 0.009230 0.002880
0 0.000807 0.809007 0.021600 0.008077
0 0.000860 0.808000 0.009201 0.050081
0 0.070007 0.830933 0.000630 0.005288
0 0.600807 0.800933 0.006807 0.000288
0 0.700009 0.768009 0.026002 0.040670
0 0.007060 0.660060 0.006827 0.003269
0 0.067008 0.660060 0.009030 0.038062
0 0.600798 0.667067 0.000600 0.000673
0 0.660060 0.628606 0.006827 0.000670
