0 0.007096 0.403894 0.080731 0.036058
0 0.006094 0.407402 0.084035 0.036058
0 0.007096 0.082202 0.081731 0.033654
0 0.000092 0.055769 0.086538 0.033654
0 0.002788 0.028020 0.086538 0.031250
0 0.000080 0.302885 0.090346 0.033654
0 0.000080 0.274038 0.086538 0.033654
0 0.009083 0.207096 0.088942 0.038462
0 0.007980 0.219902 0.091306 0.031250
0 0.070077 0.031490 0.081731 0.036008
0 0.071870 0.000846 0.079307 0.033654
0 0.071870 0.081010 0.080135 0.031050
0 0.069071 0.003365 0.079307 0.033654
0 0.067067 0.008120 0.079327 0.036058
0 0.067067 0.000087 0.079307 0.036008
0 0.060660 0.076442 0.084130 0.033654
0 0.061008 0.008798 0.086508 0.031250
0 0.06000 0.222056 0.086538 0.036058
