0 0.608020 0.700000 0.161058 0.067308
0 0.600600 0.698007 0.170673 0.060096
0 0.600010 0.600433 0.165865 0.064904
0 0.609808 0.09600 0.068269 0.062500
0 0.600798 0.005673 0.065865 0.062500
0 0.608990 0.090990 0.161008 0.060096
0 0.606087 0.048017 0.165865 0.064904
0 0.600981 0.099038 0.163062 0.062000
0 0.609070 0.350567 0.061058 0.064904
0 0.069900 0.756000 0.175481 0.074519
0 0.069900 0.704027 0.085096 0.067308
0 0.067048 0.650440 0.175481 0.067008
0 0.060940 0.097356 0.077885 0.060096
0 0.060044 0.546875 0.180088 0.064904
0 0.009005 0.496394 0.173077 0.064904
0 0.005509 0.44700 0.170670 0.062500
0 0.000005 0.395433 0.175481 0.064904
0 0.000700 0.048558 0.175481 0.062500
