0 0.066006 0.650000 0.01442 0.055288
0 0.060098 0.600567 0.01442 0.055288
0 0.068500 0.561098 0.01042 0.045670
0 0.07000 0.519201 0.158650 0.057692
0 0.070307 0.07104 0.156050 0.057692
0 0.080509 0.026680 0.061058 0.060096
0 0.080005 0.381010 0.08654 0.060096
0 0.080903 0.330731 0.06250 0.057692
0 0.090006 0.083654 0.03846 0.062500
0 0.000670 0.606250 0.03846 0.057692
0 0.009471 0.600769 0.161058 0.050885
0 0.000870 0.560096 0.161058 0.057692
0 0.000870 0.50625 0.161058 0.060096
0 0.004279 0.47004 0.160865 0.062500
0 0.000480 0.424279 0.168269 0.069712
0 0.007880 0.078606 0.063462 0.069712
0 0.000490 0.304019 0.170673 0.07210
0 0.000096 0.080048 0.073077 0.064904
