0 0.608070 0.600600 0.08604 0.060096
0 0.600077 0.600067 0.060060 0.005088
0 0.608070 0.008890 0.070077 0.005088
0 0.099760 0.006807 0.070670 0.007690
0 0.099760 0.069900 0.060865 0.060096
0 0.097006 0.000079 0.070670 0.060096
0 0.600060 0.073798 0.070081 0.060096
0 0.090008 0.000307 0.070081 0.060096
0 0.098008 0.075000 0.077885 0.060096
0 0.06008 0.607807 0.049038 0.069700
0 0.009000 0.600067 0.08654 0.055088
0 0.000009 0.560500 0.06250 0.057692
0 0.006700 0.000001 0.03806 0.005288
0 0.000900 0.469900 0.06000 0.055288
0 0.009009 0.400870 0.00846 0.005088
0 0.004700 0.070000 0.060460 0.007692
0 0.000006 0.008100 0.170670 0.000481
0 0.000090 0.078846 0.061008 0.000880
