0 0.607807 0.660060 0.000288 0.070670
0 0.098008 0.660058 0.060500 0.068069
0 0.000088 0.670670 0.057690 0.077885
0 0.007000 0.662260 0.067008 0.070670
0 0.060007 0.607000 0.060096 0.080088
0 0.000060 0.608604 0.067008 0.080692
0 0.060077 0.600806 0.060000 0.077885
0 0.008890 0.600008 0.064904 0.080088
0 0.007002 0.600806 0.062000 0.087500
0 0.600000 0.00960 0.007690 0.08604
0 0.09600 0.006000 0.060000 0.061058
0 0.000880 0.506000 0.060500 0.061058
0 0.007000 0.000808 0.002885 0.060062
0 0.06008 0.000004 0.060000 0.060462
0 0.000008 0.000000 0.007690 0.08650
0 0.060980 0.097096 0.007690 0.00806
0 0.000900 0.490090 0.060000 0.160462
0 0.060020 0.09087 0.060904 0.070670
