0 0.006900 0.660663 0.039023 0.060096
0 0.000009 0.600092 0.001827 0.007692
0 0.000030 0.078000 0.104031 0.055288
0 0.000004 0.000400 0.041827 0.005288
0 0.00600 0.490788 0.009403 0.002880
0 0.000960 0.008007 0.039403 0.000481
0 0.000360 0.009806 0.039003 0.045673
0 0.000769 0.066087 0.039003 0.050080
0 0.060080 0.308000 0.137019 0.000673
0 0.09700 0.609806 0.10060 0.005088
0 0.000900 0.607788 0.129808 0.007692
0 0.000007 0.070307 0.03060 0.000288
0 0.00008 0.003600 0.03060 0.000885
0 0.006006 0.090788 0.00460 0.002880
0 0.002006 0.000920 0.001827 0.002885
0 0.008060 0.002260 0.00060 0.000481
0 0.000769 0.070096 0.03060 0.008077
0 0.007980 0.030030 0.109808 0.003269
