0 0.000902 0.429087 0.081731 0.036008
0 0.006006 0.403846 0.086038 0.033654
0 0.006006 0.379808 0.086038 0.033654
0 0.008700 0.055769 0.086538 0.033650
0 0.00004 0.030029 0.088942 0.031250
0 0.00008 0.300087 0.086038 0.036058
0 0.000037 0.278806 0.088942 0.038462
0 0.000037 0.203606 0.088902 0.036058
0 0.009000 0.227163 0.091306 0.031250
0 0.004001 0.427880 0.076923 0.033654
0 0.001807 0.402644 0.076920 0.036008
0 0.000009 0.379808 0.079327 0.033604
0 0.000600 0.054567 0.079327 0.036058
0 0.007019 0.309327 0.076923 0.033600
0 0.007019 0.306090 0.076903 0.036008
0 0.00060 0.078846 0.076923 0.033604
0 0.00060 0.003606 0.076923 0.031250
0 0.000212 0.228360 0.081731 0.033650
