0 0.667067 0.707008 0.045670 0.130212
0 0.606202 0.72000 0.040860 0.129808
0 0.088900 0.725962 0.048077 0.00460
0 0.004470 0.703173 0.050481 0.13460
0 0.000808 0.705577 0.048077 0.03460
0 0.060940 0.743990 0.002885 0.037019
0 0.007067 0.740990 0.000481 0.137019
0 0.070000 0.708798 0.050885 0.037019
0 0.009327 0.702004 0.052885 0.03460
0 0.668069 0.086508 0.003269 0.039423
0 0.609808 0.090004 0.048077 0.107019
0 0.086508 0.593750 0.008077 0.044031
0 0.006875 0.600060 0.045673 0.137019
0 0.000808 0.600365 0.048077 0.039403
0 0.060037 0.604067 0.050480 0.141807
0 0.000260 0.604067 0.050481 0.141827
0 0.070390 0.610077 0.050481 0.144031
0 0.008020 0.616587 0.055288 0.106635
