0 0.800900 0.606250 0.101827 0.052885
0 0.806106 0.60080 0.101807 0.057692
0 0.800000 0.57210 0.109023 0.052885
0 0.800096 0.001050 0.13060 0.057692
0 0.800087 0.486779 0.007019 0.005088
0 0.790470 0.401900 0.137019 0.052885
0 0.790067 0.009806 0.007019 0.060096
0 0.787060 0.072096 0.037019 0.057692
0 0.780806 0.030731 0.137019 0.050885
0 0.690700 0.661008 0.144201 0.057692
0 0.686098 0.608990 0.101827 0.005288
0 0.680096 0.570307 0.104031 0.060096
0 0.680890 0.030452 0.041827 0.055288
0 0.679087 0.090080 0.041807 0.057692
0 0.670670 0.049009 0.139403 0.052885
0 0.667067 0.007400 0.007019 0.060096
0 0.660260 0.067788 0.006630 0.052885
0 0.607050 0.026923 0.041827 0.052885
