0 0.707096 0.000004 0.060000 0.060462
0 0.690700 0.000808 0.060000 0.060462
0 0.600807 0.000004 0.062000 0.068269
0 0.09600 0.000000 0.062000 0.061058
0 0.000080 0.096094 0.067008 0.061008
0 0.000808 0.090990 0.060000 0.060008
0 0.000009 0.090788 0.060096 0.08654
0 0.000008 0.09087 0.060000 0.06000
0 0.060080 0.089083 0.007690 0.06050
0 0.700000 0.040700 0.060000 0.073077
0 0.699009 0.000700 0.007690 0.077885
0 0.607807 0.000346 0.064904 0.068069
0 0.09600 0.000044 0.060000 0.060865
0 0.000680 0.000004 0.064904 0.160865
0 0.000000 0.040046 0.060000 0.063462
0 0.000007 0.037740 0.060000 0.060865
0 0.000008 0.008940 0.060096 0.063460
0 0.006970 0.036038 0.060096 0.068069
