0 0.608990 0.089180 0.040860 0.108173
0 0.090006 0.487981 0.038460 0.110577
0 0.060500 0.087980 0.003654 0.110577
0 0.000050 0.084375 0.038462 0.108173
0 0.000000 0.085577 0.008460 0.010577
0 0.068700 0.480073 0.043069 0.10385
0 0.003894 0.480971 0.040673 0.117788
0 0.000846 0.478360 0.043069 0.010577
0 0.070090 0.070962 0.043269 0.10385
0 0.609808 0.087009 0.038062 0.110077
0 0.098558 0.087009 0.038060 0.110577
0 0.060904 0.08460 0.043069 0.015385
0 0.000052 0.380010 0.040865 0.117788
0 0.006000 0.081010 0.000865 0.117788
0 0.07004 0.077404 0.048077 0.100000
0 0.040106 0.070000 0.040865 0.100192
0 0.009806 0.073798 0.036058 0.010981
0 0.077004 0.366087 0.038460 0.017788
