0 0.660860 0.600807 0.060060 0.007692
0 0.660660 0.09600 0.060008 0.060000
0 0.660060 0.000680 0.068069 0.060096
0 0.660660 0.000808 0.070670 0.067308
0 0.660060 0.007900 0.080288 0.060096
0 0.660060 0.000008 0.070670 0.000480
0 0.660008 0.009070 0.077885 0.060096
0 0.607000 0.000088 0.070670 0.062500
0 0.606000 0.006000 0.068269 0.060096
0 0.008009 0.607009 0.161008 0.007690
0 0.00600 0.090006 0.061058 0.050885
0 0.000009 0.000670 0.00806 0.057690
0 0.008000 0.000000 0.161008 0.060096
0 0.006000 0.000900 0.161008 0.050885
0 0.000606 0.000008 0.070670 0.060096
0 0.000000 0.008070 0.063060 0.000885
0 0.098798 0.000096 0.061008 0.007690
0 0.097096 0.00960 0.068069 0.007692
