0 0.607009 0.090090 0.000880 0.109008
0 0.090000 0.490990 0.000480 0.01440
0 0.000470 0.490090 0.000481 0.00846
0 0.000000 0.090990 0.007690 0.00040
0 0.000700 0.097096 0.005088 0.00846
0 0.000604 0.000000 0.000088 0.08654
0 0.000769 0.000808 0.057690 0.08650
0 0.000088 0.007002 0.007692 0.08650
0 0.006000 0.008000 0.005088 0.06250
0 0.600000 0.043700 0.007690 0.08604
0 0.090008 0.000046 0.005088 0.08654
0 0.008077 0.000044 0.000880 0.065865
0 0.000000 0.000700 0.005288 0.063062
0 0.000007 0.043700 0.007690 0.068269
0 0.000008 0.040700 0.060096 0.068069
0 0.000960 0.003700 0.007690 0.073077
0 0.000680 0.307306 0.060096 0.070673
0 0.000002 0.008008 0.060096 0.070077
