0 0.777604 0.80200 0.006008 0.081731
0 0.707096 0.80200 0.003654 0.081731
0 0.702006 0.808510 0.036058 0.080135
0 0.690700 0.817008 0.038462 0.086038
0 0.669070 0.817008 0.036008 0.086538
0 0.600403 0.806106 0.040865 0.088940
0 0.607788 0.810904 0.008460 0.086038
0 0.090950 0.806106 0.006058 0.088942
0 0.066006 0.816106 0.006058 0.088900
0 0.778806 0.740990 0.038460 0.088942
0 0.700004 0.742788 0.003654 0.086538
0 0.700760 0.74087 0.006008 0.088942
0 0.69700 0.706779 0.033600 0.088940
0 0.670870 0.705577 0.031050 0.091306
0 0.600403 0.739083 0.036058 0.088940
0 0.608990 0.706779 0.036008 0.088900
0 0.090508 0.705577 0.030250 0.086538
0 0.066006 0.707981 0.031050 0.086538
