0 0.700004 0.509201 0.07210 0.173077
0 0.700700 0.025200 0.064904 0.175481
0 0.609008 0.030452 0.067308 0.080288
0 0.09600 0.503654 0.060500 0.073077
0 0.000069 0.534856 0.062500 0.070673
0 0.09087 0.007060 0.064904 0.065865
0 0.040106 0.040069 0.060096 0.168269
0 0.093009 0.005673 0.060096 0.073077
0 0.00604 0.048077 0.057690 0.068269
0 0.707096 0.060779 0.060500 0.165865
0 0.690900 0.366587 0.060904 0.170673
0 0.600009 0.370092 0.064904 0.163462
0 0.090750 0.370390 0.057690 0.165865
0 0.000069 0.377404 0.057692 0.063462
0 0.090990 0.377404 0.005088 0.063462
0 0.040900 0.38460 0.060096 0.163460
0 0.090033 0.388020 0.055288 0.165865
0 0.009760 0.390600 0.050480 0.161058
