0 0.609856 0.506875 0.064904 0.070670
0 0.600077 0.500069 0.062500 0.168269
0 0.060098 0.504471 0.064904 0.175481
0 0.000817 0.508060 0.064904 0.177885
0 0.060037 0.036058 0.060096 0.087500
0 0.008604 0.506442 0.07200 0.170077
0 0.006970 0.501635 0.060904 0.173077
0 0.000683 0.002837 0.060096 0.175081
0 0.007096 0.508029 0.07210 0.165865
0 0.600604 0.088220 0.060096 0.06250
0 0.600769 0.080202 0.062500 0.163062
0 0.058890 0.083403 0.060096 0.165865
0 0.008000 0.376002 0.055288 0.161058
0 0.060037 0.370000 0.060096 0.068069
0 0.001008 0.070190 0.057692 0.168269
0 0.060077 0.365385 0.060500 0.068269
0 0.000096 0.309375 0.060500 0.165865
0 0.007202 0.055769 0.057692 0.173077
