0 0.609856 0.650806 0.050480 0.144031
0 0.600090 0.603846 0.055288 0.139423
0 0.079007 0.659856 0.057692 0.006635
0 0.007060 0.660663 0.055288 0.00442
0 0.090788 0.668269 0.002885 0.049008
0 0.000700 0.671875 0.055288 0.146605
0 0.000846 0.676683 0.060000 0.041827
0 0.060077 0.680090 0.067308 0.146635
0 0.007308 0.686098 0.067308 0.106630
0 0.660865 0.500400 0.052885 0.149038
0 0.600000 0.50625 0.052885 0.006605
0 0.080903 0.520033 0.050480 0.01442
0 0.000865 0.505240 0.057692 0.041827
0 0.090990 0.007644 0.055288 0.046635
0 0.000700 0.501250 0.055288 0.03846
0 0.000846 0.036058 0.057690 0.049038
0 0.008073 0.539663 0.060500 0.106635
0 0.008890 0.039663 0.060096 0.06050
