0 0.003365 0.060807 0.08650 0.060096
0 0.008073 0.313700 0.168269 0.060904
0 0.060077 0.367788 0.068069 0.062500
0 0.067788 0.00860 0.068069 0.062500
0 0.066087 0.065044 0.170673 0.060096
0 0.076002 0.003221 0.165865 0.069712
0 0.076002 0.060904 0.070673 0.062500
0 0.080807 0.609375 0.165865 0.060096
0 0.080807 0.658650 0.161058 0.060500
0 0.006807 0.251202 0.182692 0.069712
0 0.000605 0.308890 0.187500 0.064904
0 0.002807 0.359375 0.085096 0.060096
0 0.006042 0.402260 0.187500 0.064904
0 0.000856 0.466346 0.080088 0.062500
0 0.003650 0.506807 0.187500 0.062500
0 0.003650 0.564904 0.073077 0.067308
0 0.000069 0.60385 0.073077 0.067308
0 0.000069 0.662260 0.077885 0.060096
