0 0.009660 0.660860 0.075080 0.067308
0 0.000806 0.607788 0.070081 0.057690
0 0.008806 0.068000 0.068069 0.069712
0 0.000008 0.008009 0.070081 0.069710
0 0.000600 0.060004 0.168069 0.064904
0 0.008009 0.00860 0.070081 0.060500
0 0.00600 0.060080 0.080096 0.060096
0 0.00960 0.000098 0.190008 0.060096
0 0.007000 0.206000 0.182692 0.060900
0 0.080003 0.660060 0.060860 0.060096
0 0.077000 0.60080 0.063460 0.067308
0 0.070096 0.060700 0.08600 0.060904
0 0.067788 0.009000 0.173077 0.067308
0 0.067788 0.069900 0.070077 0.060904
0 0.008070 0.009071 0.168069 0.069710
0 0.000060 0.370090 0.160860 0.067308
0 0.000060 0.308010 0.160865 0.060900
0 0.000008 0.060620 0.075480 0.064904
