0 0.612981 0.704327 0.163462 0.067308
0 0.605769 0.656250 0.163462 0.057692
0 0.602163 0.612981 0.161058 0.062500
0 0.598558 0.563702 0.158654 0.055288
0 0.597356 0.520433 0.161058 0.064904
0 0.593750 0.473558 0.153846 0.062500
0 0.588942 0.433894 0.158654 0.060096
0 0.585337 0.389423 0.151442 0.062500
0 0.584135 0.344952 0.153846 0.064904
0 0.460337 0.709135 0.161058 0.067308
0 0.456731 0.661058 0.158654 0.062500
0 0.459135 0.611779 0.163462 0.050481
0 0.447115 0.566106 0.163462 0.060096
0 0.450721 0.516827 0.165865 0.052885
0 0.447115 0.473558 0.168269 0.057692
0 0.444712 0.425481 0.158654 0.057692
0 0.433894 0.383413 0.151442 0.064904
0 0.435096 0.336538 0.158654 0.057692
