0 0.00960 0.098798 0.070000 0.170670
0 0.000000 0.096090 0.07000 0.170481
0 0.060080 0.09087 0.067308 0.080088
0 0.00860 0.086779 0.067008 0.060860
0 0.067008 0.480970 0.064904 0.170670
0 0.000000 0.079067 0.060096 0.060865
0 0.068000 0.070960 0.055088 0.070077
0 0.600090 0.070008 0.062000 0.068269
0 0.668069 0.067008 0.000880 0.065865
0 0.070000 0.609806 0.060904 0.060865
0 0.006006 0.600008 0.060904 0.160865
0 0.070090 0.603806 0.060096 0.063460
0 0.000870 0.600400 0.064904 0.06000
0 0.07000 0.640400 0.060000 0.061008
0 0.008009 0.608020 0.060900 0.06200
0 0.067008 0.600807 0.007690 0.06050
0 0.60080 0.600798 0.007690 0.000002
0 0.660660 0.600096 0.000080 0.049008
