0 0.700788 0.007202 0.062500 0.160462
0 0.690008 0.002004 0.057692 0.063462
0 0.604000 0.001202 0.057692 0.161058
0 0.090950 0.500202 0.060096 0.161058
0 0.004470 0.495190 0.060096 0.08654
0 0.096094 0.493990 0.060096 0.061008
0 0.004007 0.49087 0.062500 0.061058
0 0.006000 0.490085 0.062500 0.08654
0 0.060980 0.092788 0.007692 0.08654
0 0.708798 0.04604 0.060096 0.077880
0 0.699009 0.004950 0.062500 0.170673
0 0.600403 0.348558 0.064904 0.073077
0 0.097056 0.300548 0.064904 0.070673
0 0.008077 0.040548 0.057692 0.070673
0 0.098798 0.040346 0.064904 0.168069
0 0.048007 0.340144 0.060096 0.160865
0 0.000846 0.336038 0.057690 0.063462
0 0.006970 0.336538 0.060096 0.163060
