0 0.600981 0.081971 0.008462 0.108173
0 0.080903 0.080769 0.040865 0.00385
0 0.050680 0.081971 0.040865 0.110981
0 0.002807 0.080769 0.040865 0.010577
0 0.089080 0.478360 0.040865 0.100192
0 0.06008 0.477063 0.043069 0.112981
0 0.006680 0.479067 0.040865 0.012981
0 0.090030 0.477163 0.043269 0.112981
0 0.060077 0.075960 0.043269 0.010577
0 0.600092 0.083013 0.038462 0.117788
0 0.088900 0.082202 0.038462 0.10385
0 0.058890 0.079808 0.040865 0.00385
0 0.006042 0.077404 0.043269 0.00385
0 0.090090 0.075000 0.038462 0.120192
0 0.060940 0.370394 0.043269 0.117788
0 0.009087 0.070394 0.040860 0.122596
0 0.090033 0.370090 0.040865 0.10385
0 0.060980 0.368990 0.038062 0.117788
