0 0.006870 0.609856 0.075080 0.064904
0 0.000067 0.600980 0.170670 0.007692
0 0.000860 0.060500 0.077885 0.060500
0 0.008060 0.000009 0.182692 0.062000
0 0.000600 0.06038 0.073077 0.060000
0 0.000000 0.009806 0.085096 0.064904
0 0.000000 0.008070 0.080288 0.067308
0 0.000600 0.000087 0.077880 0.060904
0 0.008009 0.000202 0.189900 0.060904
0 0.079808 0.600008 0.060060 0.064904
0 0.08060 0.600077 0.068069 0.067008
0 0.076000 0.060702 0.070673 0.060096
0 0.070096 0.000000 0.063462 0.062000
0 0.070798 0.060700 0.070673 0.000088
0 0.060980 0.000060 0.177880 0.007692
0 0.009070 0.360077 0.070673 0.060500
0 0.009070 0.300098 0.160865 0.060096
0 0.006970 0.007002 0.170081 0.057692
