0 0.707980 0.600008 0.067008 0.070673
0 0.680690 0.600002 0.062000 0.077880
0 0.600003 0.607837 0.069700 0.170673
0 0.080900 0.630807 0.069700 0.180288
0 0.000000 0.60060 0.064904 0.068269
0 0.080070 0.603403 0.064904 0.070673
0 0.000096 0.600000 0.067008 0.073077
0 0.080807 0.600798 0.060096 0.060860
0 0.000006 0.607788 0.060000 0.163460
0 0.700080 0.089080 0.067308 0.080096
0 0.689900 0.09087 0.067008 0.080096
0 0.607009 0.086779 0.067008 0.070673
0 0.080007 0.079067 0.069700 0.085096
0 0.000000 0.070760 0.067008 0.080096
0 0.080070 0.070306 0.067308 0.080096
0 0.000690 0.067048 0.067008 0.080288
0 0.08060 0.066046 0.067308 0.080690
0 0.000933 0.060700 0.064904 0.080288
