0 0.006098 0.008798 0.000200 0.084030
0 0.008600 0.047096 0.000604 0.086538
0 0.080003 0.006394 0.036008 0.088940
0 0.008070 0.000090 0.038062 0.086038
0 0.000933 0.000092 0.036008 0.086038
0 0.006090 0.000090 0.006008 0.090346
0 0.080000 0.202788 0.000600 0.086038
0 0.000606 0.000080 0.036008 0.090306
0 0.000760 0.200080 0.000200 0.090346
0 0.000890 0.068069 0.030000 0.076923
0 0.008600 0.069470 0.008460 0.079007
0 0.080003 0.068069 0.036008 0.081731
0 0.009070 0.069070 0.031000 0.079307
0 0.000030 0.060860 0.033650 0.086538
0 0.006090 0.060660 0.030000 0.079307
0 0.080000 0.060660 0.003600 0.084130
0 0.000000 0.060008 0.008462 0.081701
0 0.000962 0.08600 0.000600 0.080730
