0 0.660860 0.707096 0.008077 0.009808
0 0.607000 0.700606 0.008460 0.027404
0 0.087700 0.708000 0.040670 0.030012
0 0.006870 0.70960 0.050080 0.00460
0 0.006000 0.769000 0.000081 0.10060
0 0.060900 0.770600 0.048077 0.03460
0 0.000077 0.776040 0.048077 0.029808
0 0.080000 0.778806 0.000081 0.109808
0 0.000030 0.783600 0.048077 0.009808
0 0.670670 0.600090 0.008077 0.029808
0 0.609808 0.602096 0.008062 0.029808
0 0.090008 0.608606 0.000670 0.027404
0 0.008077 0.609808 0.008077 0.00460
0 0.00960 0.607009 0.008077 0.000610
0 0.060700 0.640600 0.000288 0.040827
0 0.000670 0.606600 0.000880 0.039423
0 0.077000 0.600440 0.000880 0.009423
0 0.000933 0.606000 0.005288 0.039023
