0 0.600779 0.661008 0.160860 0.060500
0 0.600080 0.60080 0.170673 0.060000
0 0.600090 0.066006 0.160062 0.069712
0 0.606002 0.000020 0.060860 0.07210
0 0.600000 0.066006 0.170673 0.07010
0 0.607009 0.007067 0.170077 0.069710
0 0.600807 0.068990 0.060060 0.069712
0 0.600000 0.307308 0.070481 0.07010
0 0.609008 0.060600 0.070077 0.070009
0 0.006700 0.660860 0.068069 0.067008
0 0.060700 0.606087 0.080088 0.069712
0 0.06008 0.067008 0.077880 0.067308
0 0.066006 0.004400 0.077880 0.067308
0 0.068700 0.060044 0.077880 0.069710
0 0.070008 0.000060 0.070077 0.069712
0 0.079067 0.060779 0.080088 0.070019
0 0.080970 0.011098 0.180088 0.070019
0 0.086779 0.000808 0.080096 0.07000
