0 0.070079 0.768029 0.079027 0.036008
0 0.077880 0.700788 0.081701 0.033654
0 0.079087 0.717008 0.079007 0.036058
0 0.080088 0.692008 0.081731 0.038062
0 0.080692 0.668269 0.086008 0.033650
0 0.080692 0.604201 0.081731 0.033604
0 0.086098 0.620192 0.080100 0.033654
0 0.086098 0.09600 0.084105 0.033654
0 0.080096 0.57010 0.081701 0.033650
0 0.000160 0.768029 0.070019 0.036058
0 0.000067 0.740788 0.074519 0.003654
0 0.006971 0.717008 0.074519 0.001050
0 0.008170 0.693010 0.07010 0.036058
0 0.008170 0.668069 0.07210 0.033600
0 0.010077 0.600009 0.076923 0.031250
0 0.009070 0.600192 0.070519 0.028846
0 0.00080 0.599760 0.076903 0.036058
0 0.00080 0.570115 0.072115 0.033650
