0 0.639423 0.497596 0.048077 0.158654
0 0.597356 0.498798 0.060096 0.151442
0 0.552885 0.501202 0.052885 0.151442
0 0.507212 0.502404 0.057692 0.158654
0 0.459135 0.503606 0.052885 0.161058
0 0.412260 0.507212 0.055288 0.163462
0 0.365385 0.509615 0.057692 0.163462
0 0.316106 0.513221 0.060096 0.161058
0 0.269231 0.516827 0.057692 0.158654
0 0.645433 0.342548 0.050481 0.170673
0 0.600962 0.347356 0.057692 0.170673
0 0.554087 0.347356 0.060096 0.165865
0 0.508413 0.348558 0.060096 0.168269
0 0.457933 0.349760 0.060096 0.170673
0 0.411058 0.350962 0.057692 0.168269
0 0.359375 0.352163 0.064904 0.165865
0 0.311298 0.356971 0.064904 0.170673
0 0.259615 0.354567 0.062500 0.180288
