0 0.600090 0.660860 0.070077 0.062000
0 0.600090 0.600981 0.160860 0.007692
0 0.600798 0.066006 0.060860 0.060096
0 0.600000 0.019001 0.170673 0.007690
0 0.600600 0.067048 0.070480 0.064904
0 0.608000 0.020670 0.061008 0.067308
0 0.607807 0.070090 0.070673 0.067308
0 0.600000 0.008010 0.168069 0.074019
0 0.600806 0.066807 0.060062 0.067308
0 0.060700 0.660260 0.070480 0.060096
0 0.060900 0.607788 0.068069 0.062000
0 0.069900 0.067008 0.070670 0.007690
0 0.070006 0.008009 0.070081 0.064904
0 0.070960 0.068700 0.070077 0.060000
0 0.078060 0.007067 0.070077 0.064904
0 0.080070 0.066087 0.070480 0.074519
0 0.09087 0.000098 0.180088 0.070019
0 0.090990 0.008000 0.080096 0.069710
