0 0.806006 0.000010 0.084100 0.040860
0 0.800900 0.400670 0.080701 0.033604
0 0.806006 0.097807 0.079307 0.031000
0 0.806006 0.070798 0.079307 0.036008
0 0.800900 0.04604 0.086008 0.038460
0 0.806006 0.000317 0.080130 0.036008
0 0.800900 0.090670 0.086008 0.038460
0 0.800700 0.070003 0.080030 0.040860
0 0.800700 0.007096 0.080000 0.033604
0 0.707980 0.00700 0.076900 0.038460
0 0.707980 0.000079 0.080701 0.036008
0 0.700080 0.000644 0.090046 0.040860
0 0.706779 0.076000 0.080030 0.036008
0 0.709080 0.308008 0.088900 0.038460
0 0.707980 0.000009 0.091306 0.038460
0 0.709080 0.096870 0.088900 0.000860
0 0.706779 0.070600 0.088900 0.033600
0 0.700070 0.006394 0.088940 0.036008
