0 0.600807 0.090385 0.050481 0.03846
0 0.090508 0.492788 0.060096 0.00846
0 0.004470 0.49087 0.060096 0.156050
0 0.000000 0.095090 0.057692 0.00846
0 0.004007 0.500000 0.057692 0.08654
0 0.006000 0.502404 0.057692 0.08654
0 0.008073 0.500808 0.057690 0.08654
0 0.007690 0.007202 0.062500 0.163062
0 0.00960 0.500817 0.062500 0.165865
0 0.604000 0.344902 0.057692 0.161058
0 0.098558 0.003750 0.050885 0.08654
0 0.009079 0.044952 0.064904 0.065865
0 0.000002 0.003750 0.055288 0.173077
0 0.000005 0.344952 0.060096 0.165865
0 0.000048 0.044950 0.060096 0.075481
0 0.006970 0.308558 0.064904 0.173077
0 0.006090 0.347306 0.064904 0.080088
0 0.000606 0.309760 0.064904 0.080288
