0 0.708000 0.000003 0.069700 0.170673
0 0.700009 0.005200 0.069702 0.070670
0 0.600000 0.007644 0.067008 0.070481
0 0.099760 0.000000 0.069702 0.075081
0 0.006870 0.008060 0.064904 0.070077
0 0.090090 0.000860 0.067008 0.070077
0 0.004700 0.044470 0.007690 0.170481
0 0.096600 0.008077 0.060000 0.077885
0 0.000900 0.000480 0.060096 0.070077
0 0.700000 0.060077 0.067008 0.068069
0 0.698007 0.060083 0.060904 0.160860
0 0.600000 0.070394 0.060000 0.160860
0 0.090700 0.070000 0.060500 0.068069
0 0.000670 0.077004 0.007690 0.068069
0 0.096090 0.078606 0.060096 0.070673
0 0.008007 0.087009 0.060096 0.168069
0 0.096600 0.389003 0.000880 0.08650
0 0.008008 0.090807 0.000885 0.08650
