0 0.805769 0.000088 0.080731 0.033654
0 0.805769 0.007450 0.080701 0.031250
0 0.808070 0.381010 0.081731 0.036058
0 0.809075 0.358073 0.079307 0.033650
0 0.860980 0.032933 0.081731 0.036008
0 0.860080 0.307690 0.079327 0.033604
0 0.860085 0.080250 0.081731 0.033650
0 0.868990 0.006000 0.080105 0.040865
0 0.868990 0.028060 0.079327 0.038062
0 0.780000 0.003894 0.076923 0.031250
0 0.780600 0.408654 0.080731 0.033654
0 0.780600 0.383403 0.086538 0.031050
0 0.780806 0.056970 0.088940 0.036058
0 0.788060 0.032933 0.086038 0.036058
0 0.789660 0.306090 0.084030 0.036058
0 0.789660 0.080200 0.080135 0.038462
0 0.789660 0.000808 0.084035 0.038462
0 0.787060 0.228060 0.093750 0.033650
