0 0.605008 0.544470 0.060096 0.175481
0 0.600769 0.506875 0.067008 0.070673
0 0.050885 0.505670 0.062500 0.073077
0 0.006000 0.507060 0.060904 0.170673
0 0.004007 0.537260 0.062500 0.070673
0 0.000846 0.033654 0.060500 0.077885
0 0.000063 0.526042 0.064904 0.173077
0 0.096870 0.525200 0.060096 0.075481
0 0.00087 0.020605 0.064904 0.173077
0 0.600000 0.094230 0.064904 0.08654
0 0.099760 0.088020 0.060096 0.161058
0 0.050680 0.387019 0.060096 0.163060
0 0.000004 0.078606 0.057692 0.065865
0 0.000005 0.376202 0.060096 0.165865
0 0.000440 0.071394 0.062000 0.165865
0 0.000567 0.370090 0.064904 0.173077
0 0.000683 0.360385 0.060096 0.168069
0 0.008798 0.064083 0.060096 0.170673
