0 0.708798 0.000606 0.064904 0.06050
0 0.698007 0.008013 0.060096 0.06050
0 0.600000 0.506000 0.060096 0.161058
0 0.600060 0.001202 0.060096 0.161058
0 0.055088 0.098798 0.062500 0.061058
0 0.007002 0.098798 0.052885 0.06250
0 0.06008 0.497096 0.057690 0.058654
0 0.00860 0.490990 0.057690 0.056250
0 0.070390 0.49087 0.060096 0.106050
0 0.707002 0.008558 0.062500 0.173077
0 0.700900 0.309760 0.062000 0.175481
0 0.606050 0.004952 0.062500 0.080288
0 0.600067 0.040346 0.060096 0.173077
0 0.050087 0.040346 0.060096 0.173077
0 0.007002 0.004952 0.062500 0.175481
0 0.006700 0.341346 0.060500 0.177885
0 0.009806 0.037740 0.060096 0.075481
0 0.060385 0.300044 0.060500 0.170673
