0 0.258413 0.780048 0.088942 0.036058
0 0.258413 0.752404 0.088942 0.038462
0 0.259615 0.725962 0.086538 0.043269
0 0.260817 0.695913 0.088942 0.036058
0 0.260817 0.671875 0.088942 0.040865
0 0.260817 0.644231 0.088942 0.038462
0 0.264423 0.618990 0.091346 0.040865
0 0.264423 0.592548 0.091346 0.036058
0 0.263221 0.568510 0.093750 0.036058
0 0.179087 0.775240 0.088942 0.036058
0 0.181490 0.748798 0.084135 0.036058
0 0.180288 0.719952 0.086538 0.036058
0 0.180288 0.698317 0.086538 0.036058
0 0.183894 0.669471 0.084135 0.031250
0 0.182692 0.644231 0.081731 0.038462
0 0.186298 0.617788 0.084135 0.033654
0 0.186298 0.593750 0.079327 0.033654
0 0.187500 0.568510 0.081731 0.031250
