0 0.800096 0.710037 0.081731 0.036008
0 0.800087 0.687000 0.079007 0.033654
0 0.800880 0.658650 0.080701 0.038462
0 0.800680 0.63060 0.084130 0.038460
0 0.800087 0.601779 0.084100 0.036058
0 0.800880 0.586508 0.080731 0.033650
0 0.800680 0.060500 0.079327 0.033650
0 0.800080 0.004856 0.081731 0.036058
0 0.798077 0.000400 0.081731 0.033654
0 0.709067 0.709005 0.079327 0.038062
0 0.700962 0.680890 0.080731 0.036058
0 0.707060 0.609856 0.080135 0.031250
0 0.708060 0.63060 0.076923 0.033654
0 0.708060 0.608073 0.081731 0.028806
0 0.708060 0.582933 0.080731 0.036058
0 0.707060 0.058890 0.084135 0.036058
0 0.700760 0.006058 0.079327 0.033654
0 0.700058 0.50960 0.076923 0.033650
