0 0.739183 0.651442 0.064904 0.163462
0 0.691106 0.646635 0.069712 0.163462
0 0.639423 0.639423 0.067308 0.158654
0 0.587740 0.633413 0.064904 0.170673
0 0.536058 0.632212 0.062500 0.173077
0 0.487981 0.625000 0.067308 0.163462
0 0.438702 0.620192 0.064904 0.158654
0 0.393029 0.620192 0.064904 0.163462
0 0.343750 0.614183 0.062500 0.156250
0 0.746394 0.481971 0.064904 0.175481
0 0.693510 0.485577 0.060096 0.173077
0 0.645433 0.481971 0.069712 0.175481
0 0.593750 0.474760 0.067308 0.175481
0 0.540865 0.471154 0.067308 0.168269
0 0.489183 0.466346 0.064904 0.173077
0 0.435096 0.463942 0.067308 0.173077
0 0.389423 0.456731 0.067308 0.177885
0 0.340144 0.456731 0.064904 0.173077
