0 0.00960 0.750000 0.060060 0.067308
0 0.000817 0.700701 0.170670 0.060096
0 0.000817 0.650806 0.175481 0.057690
0 0.000004 0.599760 0.060462 0.055288
0 0.000004 0.550680 0.08654 0.060096
0 0.000004 0.50960 0.058654 0.062500
0 0.098798 0.409005 0.06050 0.062500
0 0.097096 0.407067 0.08654 0.064904
0 0.090990 0.370090 0.06200 0.052885
0 0.008058 0.753606 0.073077 0.064904
0 0.009760 0.706730 0.170481 0.060500
0 0.00604 0.603846 0.073077 0.060500
0 0.003700 0.600960 0.082692 0.067308
0 0.000048 0.555288 0.075481 0.062500
0 0.004900 0.506000 0.165865 0.064904
0 0.004900 0.456730 0.170673 0.062500
0 0.000044 0.411008 0.165865 0.067308
0 0.000044 0.364183 0.161008 0.069710
