0 0.079808 0.670080 0.149038 0.057690
0 0.080807 0.630212 0.106635 0.057692
0 0.089003 0.088942 0.044231 0.052885
0 0.090033 0.543069 0.046635 0.057692
0 0.096630 0.097596 0.049038 0.050885
0 0.000644 0.405529 0.046605 0.055288
0 0.007400 0.40865 0.041827 0.048077
0 0.000260 0.073798 0.137019 0.000481
0 0.00860 0.035337 0.044031 0.045673
0 0.000092 0.671875 0.10460 0.055288
0 0.000202 0.627004 0.107019 0.052885
0 0.000808 0.584005 0.13460 0.052885
0 0.00960 0.500269 0.039423 0.057692
0 0.066827 0.000202 0.104201 0.050481
0 0.070600 0.060337 0.13460 0.045673
0 0.070200 0.420670 0.037019 0.052885
0 0.077604 0.078606 0.037019 0.000481
0 0.080806 0.036538 0.037019 0.048077
