0 0.670077 0.000090 0.007690 0.037019
0 0.600000 0.001090 0.000481 0.137019
0 0.090006 0.000088 0.060000 0.044231
0 0.000069 0.004279 0.040269 0.046630
0 0.000000 0.008069 0.007690 0.009008
0 0.060007 0.009470 0.060096 0.141807
0 0.000660 0.400060 0.000288 0.146600
0 0.070090 0.008604 0.000088 0.044031
0 0.008000 0.000042 0.000288 0.144201
0 0.667067 0.099079 0.000670 0.007009
0 0.600000 0.090070 0.002880 0.041827
0 0.080900 0.090860 0.060096 0.000230
0 0.008060 0.080806 0.002885 0.040827
0 0.000808 0.080600 0.000885 0.009423
0 0.060007 0.080000 0.000288 0.004231
0 0.007067 0.076040 0.040670 0.009423
0 0.070000 0.070807 0.002880 0.037009
0 0.000009 0.068029 0.000080 0.001827
