0 0.000600 0.004079 0.033604 0.093750
0 0.006000 0.000079 0.006008 0.098058
0 0.078060 0.006680 0.038460 0.093700
0 0.000700 0.006680 0.000200 0.098058
0 0.000079 0.427880 0.006008 0.09604
0 0.096600 0.000080 0.038460 0.09604
0 0.068990 0.000079 0.000200 0.093700
0 0.00600 0.409087 0.003604 0.093700
0 0.009700 0.000081 0.008462 0.091346
0 0.006008 0.036038 0.033650 0.090306
0 0.000009 0.000104 0.003604 0.093700
0 0.080970 0.000144 0.006008 0.093700
0 0.000009 0.000548 0.000250 0.093750
0 0.000088 0.000044 0.033604 0.098008
0 0.000604 0.040046 0.040860 0.090346
0 0.078606 0.003700 0.036008 0.090306
0 0.000060 0.30600 0.030000 0.09604
0 0.008000 0.000902 0.036008 0.098558
