0 0.000960 0.000067 0.090006 0.036008
0 0.007006 0.006807 0.093700 0.033650
0 0.000060 0.090788 0.093700 0.033600
0 0.000060 0.066306 0.093700 0.038460
0 0.006970 0.008700 0.088900 0.040860
0 0.000769 0.000660 0.086038 0.030050
0 0.006970 0.090807 0.088900 0.033600
0 0.000769 0.067788 0.086038 0.033650
0 0.008070 0.300008 0.086038 0.036058
0 0.069000 0.006870 0.086008 0.036058
0 0.070807 0.020003 0.080030 0.036008
0 0.070600 0.096090 0.086038 0.030000
0 0.070807 0.068700 0.088902 0.003604
0 0.076000 0.444702 0.086008 0.003604
0 0.076000 0.409470 0.081701 0.006008
0 0.076000 0.096600 0.090346 0.033604
0 0.077600 0.070096 0.084000 0.033604
0 0.078806 0.00604 0.080700 0.033604
