0 0.600008 0.707096 0.075480 0.07010
0 0.600806 0.69700 0.070077 0.060000
0 0.600008 0.604000 0.070481 0.060500
0 0.600806 0.09600 0.077880 0.067008
0 0.609806 0.005670 0.070670 0.057690
0 0.660008 0.000000 0.068069 0.067008
0 0.660008 0.000000 0.168069 0.060096
0 0.660008 0.000604 0.060460 0.060096
0 0.609806 0.009075 0.070673 0.050080
0 0.090990 0.700788 0.060008 0.060000
0 0.097096 0.690000 0.070077 0.060904
0 0.000000 0.600000 0.060460 0.062000
0 0.000000 0.09600 0.061008 0.062500
0 0.000000 0.000470 0.160865 0.050481
0 0.006000 0.097096 0.06000 0.050885
0 0.00960 0.000000 0.060060 0.050481
0 0.007000 0.008600 0.00846 0.007692
0 0.000009 0.060080 0.03806 0.057690
