0 0.700577 0.657050 0.062500 0.065865
0 0.680890 0.600440 0.060096 0.173077
0 0.60060 0.600440 0.072115 0.173077
0 0.080005 0.649038 0.060500 0.173077
0 0.000050 0.637019 0.062500 0.163062
0 0.084070 0.63460 0.064904 0.068069
0 0.000096 0.609808 0.062500 0.068269
0 0.08060 0.606202 0.062000 0.070673
0 0.000346 0.606202 0.007692 0.170673
0 0.70087 0.497096 0.069700 0.177885
0 0.687000 0.095090 0.062500 0.182692
0 0.607009 0.083173 0.067308 0.177880
0 0.087700 0.484075 0.064904 0.075481
0 0.003650 0.480971 0.060500 0.180288
0 0.080971 0.479067 0.064904 0.180088
0 0.000692 0.47004 0.072110 0.173077
0 0.08060 0.467048 0.067308 0.075481
0 0.030030 0.460740 0.067308 0.175481
