0 0.669070 0.000700 0.000480 0.13460
0 0.600000 0.009760 0.007690 0.000827
0 0.080700 0.000769 0.050885 0.139003
0 0.008060 0.060077 0.008077 0.049038
0 0.097096 0.060080 0.008077 0.049038
0 0.000007 0.070096 0.002885 0.044230
0 0.000060 0.076002 0.002880 0.046630
0 0.070090 0.380002 0.000288 0.104231
0 0.000009 0.380202 0.000080 0.139023
0 0.668069 0.00000 0.007692 0.002212
0 0.600096 0.206006 0.002880 0.00060
0 0.076900 0.020760 0.008077 0.002202
0 0.009660 0.008360 0.000673 0.029808
0 0.090990 0.003073 0.000080 0.109808
0 0.006700 0.006779 0.003069 0.032212
0 0.000060 0.04087 0.048077 0.007019
0 0.070798 0.008798 0.000673 0.037009
0 0.000030 0.006000 0.008077 0.137019
