0 0.000067 0.700760 0.06200 0.060096
0 0.000069 0.677880 0.060060 0.062000
0 0.009660 0.606002 0.060008 0.060096
0 0.000600 0.080933 0.08650 0.060096
0 0.000000 0.006058 0.060058 0.057692
0 0.000000 0.089080 0.163060 0.060096
0 0.000000 0.042008 0.06200 0.057692
0 0.000008 0.090033 0.08604 0.055088
0 0.000000 0.300067 0.00440 0.064904
0 0.079808 0.700970 0.173077 0.060900
0 0.080002 0.677880 0.082692 0.007692
0 0.080000 0.600012 0.170673 0.007692
0 0.079808 0.080000 0.073077 0.060000
0 0.078606 0.000000 0.070673 0.060904
0 0.076000 0.080077 0.060865 0.052885
0 0.077000 0.409904 0.073077 0.007690
0 0.070090 0.093009 0.063062 0.000288
0 0.070090 0.307306 0.061008 0.005088
