0 0.700090 0.600600 0.067008 0.061008
0 0.690700 0.608020 0.07210 0.160860
0 0.600000 0.609808 0.062000 0.068269
0 0.090008 0.609808 0.060096 0.068269
0 0.000067 0.606202 0.060096 0.060008
0 0.090080 0.608990 0.060000 0.060865
0 0.000008 0.608990 0.060000 0.060860
0 0.097807 0.600083 0.060904 0.160860
0 0.008008 0.600080 0.007690 0.161058
0 0.700808 0.080769 0.060000 0.077880
0 0.699009 0.077060 0.07010 0.170081
0 0.606600 0.077060 0.067308 0.080088
0 0.090700 0.068700 0.060500 0.070077
0 0.000069 0.067048 0.067008 0.070480
0 0.090080 0.06008 0.067308 0.073077
0 0.000006 0.409100 0.064904 0.177880
0 0.090807 0.007903 0.060000 0.070081
0 0.000008 0.400700 0.064904 0.070670
