0 0.660660 0.037060 0.064904 0.080288
0 0.600092 0.006058 0.062500 0.177885
0 0.069700 0.507260 0.062500 0.189900
0 0.000605 0.531250 0.062500 0.177885
0 0.068700 0.504008 0.062500 0.077885
0 0.008069 0.022807 0.067308 0.180288
0 0.060083 0.00605 0.069712 0.185096
0 0.003700 0.010817 0.060096 0.180288
0 0.000808 0.506000 0.067008 0.180288
0 0.660865 0.080202 0.062500 0.163062
0 0.60080 0.376002 0.062500 0.070673
0 0.066006 0.076002 0.060096 0.170673
0 0.000003 0.370394 0.064904 0.175481
0 0.070006 0.362980 0.060096 0.173077
0 0.009471 0.005769 0.064904 0.177885
0 0.070390 0.308173 0.064904 0.173077
0 0.008010 0.308558 0.069710 0.163462
0 0.060625 0.004952 0.060096 0.075481
