0 0.607050 0.544470 0.060096 0.165865
0 0.608070 0.039663 0.060500 0.175081
0 0.056090 0.540865 0.064904 0.070077
0 0.006000 0.507060 0.055288 0.175081
0 0.005509 0.507260 0.064904 0.080288
0 0.000846 0.030048 0.060500 0.075481
0 0.000960 0.526042 0.052885 0.077885
0 0.098077 0.022807 0.067308 0.070673
0 0.00087 0.008029 0.064904 0.180288
0 0.600000 0.090625 0.055288 0.06250
0 0.600960 0.088220 0.007692 0.165865
0 0.050680 0.381010 0.060096 0.161058
0 0.007002 0.078606 0.057692 0.165865
0 0.004007 0.373798 0.062500 0.070673
0 0.000846 0.370096 0.057692 0.068269
0 0.000567 0.365385 0.055088 0.063462
0 0.000087 0.360980 0.064904 0.163462
0 0.000092 0.055769 0.057692 0.163462
