0 0.660060 0.700090 0.082692 0.067008
0 0.660008 0.690008 0.070077 0.007690
0 0.609806 0.600600 0.070670 0.055088
0 0.660060 0.090902 0.070080 0.064904
0 0.660060 0.000269 0.070080 0.062000
0 0.660660 0.097096 0.070670 0.060000
0 0.667067 0.00700 0.060860 0.000885
0 0.667067 0.000604 0.060860 0.005088
0 0.669070 0.000360 0.070673 0.000885
0 0.090990 0.700080 0.060008 0.067308
0 0.096090 0.688700 0.070670 0.064904
0 0.000000 0.600807 0.060060 0.007692
0 0.000808 0.090008 0.060460 0.055288
0 0.007000 0.000470 0.160462 0.005288
0 0.007000 0.096090 0.060462 0.000288
0 0.008000 0.000900 0.161008 0.057690
0 0.000000 0.000806 0.06200 0.002885
0 0.000000 0.060779 0.03846 0.000481
