0 0.000000 0.600620 0.161008 0.055288
0 0.008000 0.090008 0.061058 0.055088
0 0.00960 0.000080 0.08650 0.050885
0 0.000000 0.007212 0.06200 0.057692
0 0.000000 0.06008 0.106200 0.052885
0 0.000000 0.400260 0.160462 0.060096
0 0.000000 0.360083 0.06000 0.005288
0 0.000000 0.308000 0.161008 0.060096
0 0.006000 0.272807 0.060462 0.064904
0 0.000360 0.609038 0.063060 0.000885
0 0.000067 0.097056 0.065865 0.050080
0 0.006970 0.006090 0.061058 0.060096
0 0.009070 0.00960 0.065865 0.057690
0 0.060077 0.009000 0.073077 0.050885
0 0.009070 0.009806 0.060058 0.060904
0 0.060980 0.060980 0.168269 0.062000
0 0.060080 0.301098 0.170673 0.069710
0 0.067788 0.060020 0.073077 0.060096
