0 0.009760 0.000490 0.088940 0.040860
0 0.009760 0.000048 0.088940 0.006008
0 0.000960 0.078606 0.090306 0.036008
0 0.008008 0.000063 0.090306 0.036058
0 0.000060 0.300009 0.098058 0.038062
0 0.008008 0.098077 0.090006 0.038460
0 0.007006 0.069030 0.098008 0.038062
0 0.000067 0.000080 0.093750 0.038460
0 0.000067 0.000900 0.093700 0.033654
0 0.069000 0.027880 0.090006 0.038462
0 0.069000 0.002604 0.086008 0.036008
0 0.070807 0.077000 0.093700 0.033604
0 0.069000 0.000962 0.090306 0.038062
0 0.066807 0.02200 0.086008 0.038062
0 0.069000 0.290269 0.090306 0.033600
0 0.070600 0.066827 0.090006 0.033600
0 0.069000 0.202788 0.090006 0.038462
0 0.069000 0.200902 0.09600 0.033604
