0 0.707000 0.022807 0.067008 0.070081
0 0.700900 0.000008 0.067308 0.080088
0 0.600000 0.000402 0.07200 0.180288
0 0.098008 0.506058 0.067008 0.073077
0 0.000670 0.000865 0.060500 0.070077
0 0.090788 0.000067 0.007692 0.070480
0 0.004700 0.044470 0.007690 0.170670
0 0.090000 0.008077 0.007690 0.068269
0 0.00600 0.049079 0.007690 0.060865
0 0.708798 0.060779 0.060904 0.070481
0 0.690700 0.067788 0.060000 0.068269
0 0.600000 0.373798 0.064904 0.070673
0 0.09600 0.076000 0.062000 0.060865
0 0.006870 0.079808 0.060096 0.068069
0 0.090788 0.080807 0.007690 0.060865
0 0.00700 0.088000 0.007692 0.161008
0 0.000000 0.089400 0.000288 0.08604
0 0.000360 0.389003 0.007690 0.063062
