0 0.087980 0.800080 0.008846 0.076900
0 0.060900 0.800480 0.003604 0.076903
0 0.008700 0.800080 0.000000 0.081731
0 0.007067 0.800880 0.000000 0.076920
0 0.090009 0.800880 0.030200 0.080731
0 0.066087 0.800087 0.006008 0.080030
0 0.008900 0.806090 0.033604 0.084030
0 0.007008 0.807690 0.033600 0.080731
0 0.089660 0.800096 0.006008 0.086038
0 0.09087 0.700960 0.000200 0.076920
0 0.060004 0.707060 0.001000 0.079327
0 0.008700 0.707060 0.036008 0.079327
0 0.00860 0.708060 0.008806 0.076920
0 0.090009 0.700962 0.036008 0.080730
0 0.060080 0.707063 0.033600 0.079307
0 0.000004 0.700960 0.000200 0.086038
0 0.006006 0.709067 0.001000 0.080130
0 0.090860 0.700970 0.003600 0.080130
