0 0.603003 0.490380 0.055088 0.03846
0 0.087700 0.490788 0.055288 0.00846
0 0.000069 0.493990 0.057692 0.06250
0 0.096094 0.496394 0.000480 0.161058
0 0.000700 0.496094 0.055288 0.161058
0 0.000440 0.001202 0.057692 0.165865
0 0.000960 0.503606 0.062500 0.065865
0 0.007690 0.000808 0.062500 0.063462
0 0.000808 0.508400 0.057692 0.161058
0 0.609003 0.340044 0.007692 0.165865
0 0.090508 0.037740 0.055288 0.065865
0 0.005670 0.340044 0.060500 0.165865
0 0.097096 0.040548 0.057692 0.070673
0 0.049009 0.041346 0.060500 0.168269
0 0.000440 0.041346 0.067308 0.173077
0 0.009760 0.343700 0.060096 0.077885
0 0.000080 0.347306 0.067308 0.185096
0 0.000000 0.00604 0.072015 0.177885
