0 0.668069 0.006008 0.060000 0.060062
0 0.607788 0.000000 0.067008 0.070081
0 0.067008 0.003600 0.067308 0.087500
0 0.009000 0.008806 0.067008 0.182692
0 0.067008 0.006440 0.064904 0.082692
0 0.00860 0.000000 0.067308 0.080088
0 0.060980 0.000019 0.062000 0.177880
0 0.000098 0.010817 0.060900 0.180088
0 0.007002 0.000808 0.07200 0.177880
0 0.660660 0.083003 0.069700 0.160860
0 0.60080 0.079808 0.060000 0.073077
0 0.066006 0.070096 0.069700 0.168269
0 0.008009 0.070090 0.060900 0.170077
0 0.068700 0.060080 0.060000 0.060865
0 0.000670 0.008073 0.067308 0.068069
0 0.067788 0.000067 0.067308 0.070080
0 0.006006 0.008008 0.060904 0.163460
0 0.060009 0.002008 0.067008 0.070673
