0 0.606087 0.608600 0.065865 0.060500
0 0.600090 0.609070 0.060062 0.060904
0 0.607000 0.066006 0.070077 0.060096
0 0.600000 0.010000 0.170673 0.060000
0 0.607009 0.060900 0.068069 0.067308
0 0.608000 0.007067 0.170670 0.069712
0 0.606600 0.060380 0.077885 0.07000
0 0.609008 0.007308 0.073077 0.076903
0 0.600600 0.064420 0.070670 0.07200
0 0.009000 0.660060 0.080692 0.062000
0 0.067008 0.600980 0.189904 0.007690
0 0.070006 0.060904 0.080096 0.060500
0 0.070008 0.000400 0.080692 0.067308
0 0.078060 0.060940 0.077880 0.067308
0 0.079067 0.000008 0.180096 0.067008
0 0.080070 0.008073 0.080088 0.067308
0 0.087980 0.000088 0.087000 0.07010
0 0.090080 0.000606 0.077880 0.060904
