0 0.660660 0.040067 0.060096 0.065865
0 0.600981 0.009663 0.067308 0.170673
0 0.066006 0.506058 0.060096 0.168069
0 0.000021 0.533650 0.064904 0.173077
0 0.060740 0.000048 0.064904 0.075481
0 0.001008 0.504008 0.062500 0.177885
0 0.009375 0.509031 0.069712 0.182692
0 0.007690 0.008029 0.062500 0.180288
0 0.002004 0.502019 0.067008 0.177885
0 0.608650 0.08460 0.060500 0.063462
0 0.609070 0.380010 0.060096 0.165865
0 0.060098 0.076202 0.060904 0.06250
0 0.00605 0.076202 0.060096 0.065865
0 0.067048 0.068990 0.055088 0.065865
0 0.00860 0.060980 0.062500 0.163462
0 0.060083 0.309375 0.064904 0.170673
0 0.003700 0.305769 0.060904 0.163462
0 0.00960 0.009760 0.067308 0.075481
