0 0.670077 0.766807 0.000880 0.029808
0 0.609808 0.770000 0.003069 0.032202
0 0.090000 0.770040 0.000480 0.100212
0 0.000680 0.780000 0.050081 0.109808
0 0.008000 0.788060 0.000480 0.10460
0 0.067008 0.790069 0.000480 0.00460
0 0.007880 0.790670 0.000885 0.00060
0 0.087009 0.800880 0.000880 0.00060
0 0.000700 0.808890 0.000880 0.030202
0 0.670079 0.600400 0.000480 0.030212
0 0.60060 0.607807 0.048077 0.040807
0 0.090900 0.600000 0.050480 0.007019
0 0.000880 0.650600 0.048077 0.007009
0 0.00960 0.608600 0.050885 0.00060
0 0.067008 0.660008 0.000480 0.109400
0 0.000079 0.660860 0.000480 0.00460
0 0.079808 0.670077 0.000880 0.03060
0 0.006038 0.673077 0.007690 0.000030
