0 0.660060 0.632202 0.173077 0.062000
0 0.660008 0.590104 0.168069 0.060096
0 0.660008 0.504471 0.168069 0.060096
0 0.660008 0.096094 0.168069 0.064904
0 0.660260 0.040900 0.175481 0.064904
0 0.660660 0.399038 0.080088 0.067308
0 0.607050 0.04604 0.080288 0.057692
0 0.607050 0.295670 0.080288 0.057692
0 0.609856 0.005092 0.180288 0.057692
0 0.000019 0.628606 0.00806 0.060096
0 0.00960 0.585037 0.058650 0.055088
0 0.007002 0.500865 0.160462 0.062500
0 0.000606 0.09087 0.070673 0.060096
0 0.006000 0.048017 0.161058 0.055088
0 0.000004 0.097837 0.063462 0.055288
0 0.098798 0.049760 0.060865 0.060096
0 0.096094 0.300480 0.160865 0.060500
0 0.096094 0.048798 0.070673 0.000481
