0 0.600806 0.608070 0.060000 0.08600
0 0.600769 0.600080 0.060000 0.161008
0 0.060096 0.600090 0.062000 0.08600
0 0.008000 0.600000 0.005088 0.068269
0 0.060007 0.608606 0.060904 0.060008
0 0.000060 0.600010 0.060904 0.160860
0 0.009070 0.633003 0.060096 0.060865
0 0.000096 0.609003 0.067308 0.068069
0 0.000808 0.604000 0.067008 0.063462
0 0.609806 0.000007 0.060096 0.060460
0 0.600077 0.006700 0.060000 0.170077
0 0.060096 0.060007 0.060000 0.070080
0 0.000807 0.066006 0.064904 0.177880
0 0.007900 0.069900 0.069700 0.070481
0 0.006000 0.069900 0.07200 0.070481
0 0.000360 0.073058 0.076903 0.077885
0 0.000680 0.070760 0.069700 0.180088
0 0.008798 0.079067 0.064904 0.080088
