0 0.605008 0.600981 0.055288 0.08654
0 0.606970 0.616087 0.055088 0.161058
0 0.060096 0.600090 0.057692 0.161058
0 0.008000 0.602596 0.055288 0.163462
0 0.060037 0.609808 0.060096 0.063462
0 0.000260 0.60460 0.060096 0.163462
0 0.009375 0.637009 0.060904 0.163460
0 0.007690 0.600827 0.067308 0.168269
0 0.007202 0.604201 0.062500 0.163462
0 0.609856 0.056700 0.060096 0.168069
0 0.609070 0.057933 0.060096 0.070673
0 0.060096 0.060037 0.060500 0.075481
0 0.000019 0.065144 0.062500 0.175481
0 0.060037 0.468700 0.064904 0.077885
0 0.008604 0.469950 0.067008 0.075481
0 0.005769 0.074760 0.07000 0.180288
0 0.000683 0.080769 0.060096 0.177880
0 0.006094 0.479067 0.069702 0.175481
