0 0.760009 0.607000 0.07200 0.170081
0 0.706700 0.608600 0.067008 0.068069
0 0.600806 0.660008 0.060000 0.068069
0 0.600060 0.660008 0.060000 0.068069
0 0.000088 0.660058 0.060500 0.068269
0 0.007000 0.660660 0.007692 0.070670
0 0.007900 0.663060 0.000088 0.063462
0 0.000060 0.662260 0.060096 0.070670
0 0.060980 0.660660 0.008077 0.070673
0 0.700000 0.49087 0.067008 0.060008
0 0.700000 0.098798 0.060096 0.060860
0 0.600008 0.098798 0.060096 0.060008
0 0.600060 0.000808 0.007690 0.08650
0 0.008890 0.006000 0.060096 0.061058
0 0.008000 0.007000 0.005288 0.160062
0 0.060900 0.008400 0.007690 0.061008
0 0.000060 0.004808 0.007690 0.08604
0 0.070798 0.00960 0.000088 0.058650
