0 0.609806 0.600980 0.005088 0.168269
0 0.600980 0.617788 0.067008 0.160060
0 0.066006 0.600798 0.060900 0.060860
0 0.008009 0.608606 0.060900 0.070670
0 0.060004 0.60460 0.060096 0.068069
0 0.00860 0.607009 0.060000 0.070077
0 0.060080 0.600600 0.064904 0.070673
0 0.000700 0.606630 0.070009 0.173077
0 0.060009 0.609008 0.07200 0.168269
0 0.660060 0.000029 0.060904 0.075480
0 0.600779 0.06008 0.060904 0.177880
0 0.060900 0.466046 0.067008 0.080690
0 0.000009 0.066006 0.067008 0.180692
0 0.060900 0.474760 0.067008 0.089904
0 0.009806 0.074760 0.069700 0.089904
0 0.060980 0.080769 0.076900 0.082692
0 0.006090 0.080073 0.079307 0.087000
0 0.000606 0.086779 0.070009 0.080088
