0 0.776000 0.800060 0.038460 0.080730
0 0.708798 0.800060 0.030000 0.080731
0 0.700006 0.800962 0.000200 0.080731
0 0.690900 0.808008 0.006058 0.086538
0 0.670670 0.808008 0.003600 0.080730
0 0.606600 0.80604 0.003604 0.080730
0 0.600090 0.80604 0.006008 0.080731
0 0.090900 0.800048 0.006058 0.084005
0 0.070009 0.804900 0.000654 0.079307
0 0.777600 0.776440 0.006008 0.086008
0 0.700000 0.777600 0.000604 0.084030
0 0.700008 0.776000 0.003604 0.080730
0 0.69700 0.770807 0.003600 0.080030
0 0.670670 0.770807 0.033600 0.079307
0 0.600000 0.770837 0.030000 0.084030
0 0.600090 0.770807 0.030200 0.080130
0 0.090900 0.769000 0.000200 0.086538
0 0.070900 0.768009 0.000000 0.079327
