0 0.600077 0.650000 0.160462 0.060096
0 0.607788 0.600960 0.160062 0.007692
0 0.607788 0.050087 0.168069 0.060096
0 0.600090 0.003606 0.170673 0.060096
0 0.607004 0.400025 0.173077 0.060096
0 0.608606 0.000846 0.070673 0.062000
0 0.60060 0.303365 0.073077 0.060500
0 0.608020 0.302880 0.170673 0.057692
0 0.600009 0.248798 0.060865 0.064904
0 0.000900 0.656250 0.168269 0.062500
0 0.006700 0.605769 0.168069 0.057692
0 0.009005 0.555088 0.173077 0.052885
0 0.060740 0.004808 0.070670 0.057692
0 0.060044 0.450105 0.170673 0.060096
0 0.067048 0.400440 0.175481 0.067008
0 0.070058 0.347356 0.073077 0.064904
0 0.074760 0.092067 0.080288 0.064904
0 0.080769 0.04087 0.077880 0.064904
