0 0.00960 0.708798 0.068069 0.060096
0 0.006000 0.69710 0.165865 0.060500
0 0.006000 0.607807 0.170673 0.055088
0 0.000004 0.599760 0.068269 0.060096
0 0.097096 0.550680 0.163460 0.055288
0 0.090090 0.502404 0.160462 0.062500
0 0.090788 0.407903 0.08654 0.064904
0 0.090788 0.402260 0.08604 0.060096
0 0.090080 0.365385 0.08654 0.057690
0 0.004900 0.752404 0.070673 0.062500
0 0.00604 0.699009 0.177885 0.060500
0 0.003700 0.645433 0.077885 0.064904
0 0.00604 0.099760 0.068069 0.069712
0 0.004900 0.550480 0.175481 0.067308
0 0.000346 0.003606 0.163460 0.060096
0 0.000044 0.403105 0.165865 0.060096
0 0.030030 0.403846 0.173077 0.060500
0 0.036038 0.360779 0.173077 0.060096
