0 0.000050 0.045913 0.038462 0.098558
0 0.000606 0.045903 0.040865 0.093750
0 0.078060 0.448307 0.038460 0.098558
0 0.049009 0.448017 0.033654 0.098558
0 0.000670 0.44700 0.038462 0.096104
0 0.090033 0.448307 0.040865 0.093750
0 0.067788 0.000700 0.038462 0.093750
0 0.000044 0.449019 0.036058 0.09604
0 0.003700 0.000721 0.036058 0.098558
0 0.007060 0.356970 0.036058 0.088902
0 0.007002 0.060577 0.038062 0.09604
0 0.080971 0.006971 0.036058 0.093750
0 0.000900 0.358173 0.033654 0.09604
0 0.006680 0.308073 0.036058 0.100962
0 0.000440 0.009375 0.033654 0.098558
0 0.070096 0.360577 0.028806 0.09604
0 0.007306 0.360980 0.036058 0.091346
0 0.000903 0.360077 0.036058 0.09600
