0 0.660860 0.600807 0.068069 0.007692
0 0.609806 0.090508 0.065865 0.060096
0 0.660008 0.000080 0.168069 0.060500
0 0.608600 0.098798 0.068069 0.060096
0 0.609806 0.000007 0.070670 0.060500
0 0.607000 0.000644 0.070670 0.005288
0 0.600008 0.005769 0.075080 0.060500
0 0.600806 0.000087 0.073077 0.064904
0 0.600000 0.000202 0.170077 0.060096
0 0.008000 0.600807 0.01040 0.064904
0 0.006000 0.088900 0.06000 0.062500
0 0.000606 0.006870 0.060058 0.050081
0 0.000000 0.000000 0.08600 0.057690
0 0.000000 0.000700 0.060060 0.005288
0 0.097096 0.000048 0.060460 0.005088
0 0.096090 0.008073 0.061008 0.007690
0 0.090990 0.007690 0.060008 0.067308
0 0.089080 0.006000 0.170670 0.060096
