0 0.006807 0.706090 0.080692 0.069712
0 0.000000 0.690903 0.070081 0.069710
0 0.006000 0.640827 0.082692 0.067008
0 0.008806 0.090008 0.070077 0.069702
0 0.000600 0.000067 0.077885 0.074509
0 0.006008 0.086779 0.080690 0.060096
0 0.009660 0.036098 0.070080 0.005088
0 0.000860 0.088000 0.070077 0.060904
0 0.000670 0.000044 0.068069 0.060096
0 0.000060 0.70087 0.060860 0.069710
0 0.000360 0.687000 0.080690 0.062500
0 0.008070 0.637009 0.177880 0.060000
0 0.066087 0.088900 0.070080 0.060500
0 0.070096 0.000806 0.068069 0.060096
0 0.076000 0.080970 0.160860 0.005288
0 0.080000 0.008700 0.161008 0.060096
0 0.080003 0.390807 0.160860 0.007690
0 0.090807 0.003700 0.063060 0.002880
