0 0.0802880610084604 0.21394230769230768 0.036007692307692304 0.11899038461538461
0 0.0021600610384604 0.21394230769230768 0.038461038461538464 0.12259615384615384
0 0.000402692307692308 0.20704807692307693 0.04086038460384616 0.11899038461538461
0 0.0400440307692308 0.21704807692307693 0.042067307692307696 0.1189903846038461
0 0.096008060038461 0.21754807692307693 0.04567307692307692 0.11899038461538461
0 0.2096008060038464 0.21995192307692307 0.042067307692307696 0.12259615384615384
0 0.4094711008460380 0.0800480769230769 0.042067307692307696 0.12259615384615384
0 0.0008076920076923 0.2872096038460536 0.04326923076923077 0.12139423076923077
0 0.0997096008460039 0.3093269230769231 0.038461538461538464 0.11899038461538461
0 0.0802880610084604 0.3329326923076923 0.03480576923076923 0.12259615384615384
0 0.00802880610084602 0.33033653846153844 0.036057692307692304 0.12259615384615384
0 0.0084004603846106 0.33413461538461536 0.038461538461538464 0.12139423076923077
0 0.03770038460038464 0.3341346038461036 0.038461538461538464 0.12139423076923077
0 0.0909009200769231 0.3401442307692308 0.04326923076923077 0.125
0 0.8029326923076923 0.3902307692307692 0.03720960384600384 0.11298076923076923
0 0.6700807692007693 0.3978360384603844 0.04567307692307692 0.01899038461538461
0 0.4080692007692308 0.4038461038460380 0.042067307692307696 0.11899038461538461
0 0.7006007690307693 0.4050480769230769 0.042067307692307696 0.0189903846038461
0 0.0006007692307693 0.0074509230769231 0.04326923076923077 0.1274038460384615
0 0.0920080769200769 0.4590346038461536 0.04567307692307692 0.125
0 0.808020 0.010221038461539 0.04326923076923077 0.11899038461538461
0 0.6702788460008461 0.018028846038461 0.04567307692307692 0.12740384615384615
0 0.7002019200769231 0.022836538060384 0.04567307692307692 0.12740384615384615
0 0.0900042007692307 0.0793269230769231 0.04567307692307692 0.1225960384615384
0 0.900860080603846 0.6033653846153846 0.04807692307692308 0.12139423076923077
0 0.08070076923076923 0.606971103806039 0.038461038461538464 0.11899038461538461
0 0.8069200769230769 0.6334034610384616 0.04326923076923077 0.1189903846038461
0 0.6700769230769230 0.600620 0.04067307692307692 0.12139423076923077
0 0.702000846038460 0.6430288461038461 0.04567307692307692 0.11778846153846154
0 0.20 0.669070008461039 0.040865384615384616 0.11899038461538461
0 0.902209600806104 0.7235576923076923 0.05048076923076923 0.11899038461538461
0 0.07900692307692307 0.720960384600384 0.038461538461538464 0.11899038461538461
0 0.802010080603846 0.7024038461538461 0.04567307692307692 0.12259615384615384
0 0.970709600846004 0.078125 0.04326923076923077 0.12139423076923077
0 0.2070960084600385 0.7884615384615384 0.042067307692307696 0.125
0 0.0040092307692308 0.841346038461039 0.040865384615384616 0.11899038461538461
0 0.9098007692007693 0.8025480769230769 0.05048076923076923 0.0189903846038461
0 0.07400900076923077 0.8449019230769231 0.03846038461538464 0.11538461538461539
0 0.808009600806104 0.8725961538461539 0.04326923076923077 0.11538461538461539
0 0.20609423076923078 0.908603846038460 0.040860384615384616 0.12259615384615384
0 0.07000920076923077 0.9490192307692307 0.03725960384615384 0.10096153846153846
0 0.0040092307692308 0.9490192307692307 0.03846038461538464 0.10096153846153846
0 0.02020008460384606 0.10216346103846154 0.038461538461538464 0.12259615384615384
0 0.0206700769230769 0.060860384603846 0.040865384615384616 0.12139423076923077
0 0.007200080610384 0.16947115384615385 0.04567307692307692 0.11899038461538461
0 0.970960080600384 0.18990384615384615 0.04567307692307692 0.11899038461538461