0 0.20700807692007693 0.4867788460384610 0.026442307692307692 0.07572115384615384
0 0.2009903846003846 0.4879807692307692 0.03240192307692308 0.07451923076923077
0 0.2700084600384606 0.4891826923076923 0.03480576923076923 0.06850961538461539
0 0.0200084600384604 0.0096153846153846 0.027644230769230768 0.06971153846153846
0 0.0092788460008460 0.0108173076923077 0.026442307692307692 0.06850961538461539
0 0.00014420076923078 0.0637019230769231 0.027644230769230768 0.0721038461538461
0 0.2700084600384606 0.0637019230769231 0.03125 0.08052884615384616
0 0.2027884600084604 0.0661057692307693 0.030048076923076924 0.08173076923076923
0 0.0000807692307692 0.069700384610384 0.027644230769230768 0.08052884615384616
0 0.0300288060384600 0.5697115384615384 0.03245192307692308 0.078125
0 0.0629807692307692 0.070903060384616 0.03120 0.07211538461538461
0 0.02060061038460384 0.078125 0.025240384615384616 0.06610576923076923
0 0.00807692007692308 0.0793269230769230 0.027644230769230768 0.0680096038461539
0 0.07000920076923077 0.080528846038461 0.026442307692307692 0.06610576923076923
0 0.0270008461038460 0.0805288461538461 0.026442307692307692 0.06490384615384616
0 0.0009610080603846 0.0817307692307693 0.026442307692307692 0.06610576923076923
0 0.2027000846103846 0.6308173076923077 0.030048076923076924 0.0721038461538461
0 0.2000860084603846 0.6394230769230769 0.030048076923076924 0.07211538461538461
0 0.2706006103846036 0.6418269230769231 0.030048076923076924 0.07072115384615384
0 0.2980769200769230 0.6030288461038461 0.03120 0.0757210384615384
0 0.0293269230769230 0.6042307692307693 0.03240192307692308 0.078120
0 0.020002692307692308 0.6404326923076923 0.02024038460384606 0.06850961538461539
0 0.006870 0.646604603846004 0.025240384615384616 0.06610576923076923
0 0.0720100806038461 0.6404326923076923 0.02403846153846154 0.06850961538461539
0 0.0882201038060380 0.6478365384615384 0.03245192307692308 0.08052884615384616
0 0.0997096008060039 0.6466346153846154 0.026442307692307692 0.06610576923076923
0 0.02620192007692307 0.606634610384604 0.026442307692307692 0.06971103846153846
0 0.0080730769230769 0.609038460384616 0.03240192307692308 0.078125
0 0.0082692007692308 0.600240384603846 0.03240192307692308 0.078125
0 0.0480073076923077 0.600240384603846 0.03120 0.07451923076923077
0 0.0010084603846104 0.7115384615384616 0.030048076923076924 0.07572115384615384
0 0.020002692307692308 0.7039423076923077 0.02024038460384616 0.07211038461538461
0 0.00026923076923077 0.7001442307692307 0.027644230769230768 0.07401923076923077
0 0.0697010080603846 0.7139423076923077 0.030048076923076924 0.07211038461538461
0 0.20798076923076922 0.706306103846039 0.03480576923076923 0.08052884615384616
0 0.09700076923076923 0.706306038461539 0.027644230769230768 0.07572115384615384
0 0.02109023076923077 0.7170480769230769 0.02024038460384616 0.07211538461538461
0 0.2680288060008460 0.71870 0.03245192307692308 0.07451923076923077
0 0.2980769200769230 0.71870 0.027604230769230768 0.07401923076923077
0 0.0269230769230769 0.720103806038461 0.03240192307692308 0.07451923076923077
0 0.009370 0.720038061538461 0.03125 0.06850961538461539
0 0.0808073076923077 0.7223057692307693 0.03125 0.0697103806153846
0 0.0008600846038464 0.7247596153846154 0.03245192307692308 0.06971153846153846
0 0.0470100846038464 0.7209615384615384 0.03485576923076923 0.07211538461538461
0 0.0747096008460036 0.7259615384615384 0.030048076923076924 0.07211538461538461
0 0.0006007690307693 0.727163060384616 0.03245192307692308 0.07211538461538461
0 0.0008057692307693 0.7295673076923077 0.03485576923076923 0.0685096038460539
0 0.00670076923076922 0.7848007692307693 0.027644230769230768 0.0697003846153846
0 0.200370 0.788460384600384 0.03485576923076923 0.06850961538461539
0 0.2604200769230769 0.7920673076923077 0.030048076923076924 0.0707200384610384
0 0.2902692307692308 0.7932692307692307 0.03020 0.078120
0 0.0200092307692308 0.7932692307692307 0.03240192307692308 0.07451923076923077
0 0.0020630603846106 0.7944711538461539 0.03245192307692308 0.07451923076923077
0 0.0822010380603844 0.7980769230769231 0.03240192307692308 0.07572115384615384
0 0.0022096008461036 0.7980769230769231 0.03125 0.07572115384615384
0 0.0420076923076923 0.8004807692307693 0.03020 0.078120
0 0.0701008460384610 0.8028846153846154 0.030048076923076924 0.08173076923076923
0 0.00020 0.802880603846154 0.03125 0.078125
0 0.0002019200769231 0.800086038460384 0.03485576923076923 0.07572115384615384
0 0.0610980769200769 0.806090384603846 0.03240192307692308 0.06971153846153846
0 0.0920080769200769 0.8076923076923077 0.03025 0.0685096038461539
0 0.6200902307692307 0.810096103846039 0.030048076923076924 0.06800961538461539
0 0.00402692307692307 0.8080730769230769 0.02024038460384616 0.07572115384615384
0 0.20076923076923078 0.8607788061038461 0.03120 0.0805288460384616
0 0.2620092007692308 0.860380603846104 0.03245192307692308 0.06971153846153846
0 0.2920670076923077 0.8677880600384616 0.03120 0.0697103846153846
0 0.0220103806038464 0.8689903846103846 0.03125 0.07451923076923077
0 0.0097096038460036 0.8701923076923077 0.03125 0.07211538461538461
0 0.0786007692307692 0.872096038060539 0.03125 0.07451923076923077
0 0.0074019000769231 0.872096038461539 0.03485576923076923 0.07451923076923077
0 0.0411007690007692 0.870 0.03125 0.0697103846153846
0 0.0699009200769231 0.8762019230769231 0.030048076923076924 0.0680096038461539
0 0.0987980769200769 0.8774038460038461 0.03240192307692308 0.0697103846153846
0 0.0000080769230769 0.877403846038460 0.030048076923076924 0.07211038461538461
0 0.060096008060039 0.8810096153846154 0.030048076923076924 0.07451923076923077
0 0.0900042007692307 0.881009603846104 0.030048076923076924 0.078125
0 0.6177880610084616 0.881009603846104 0.030048076903076924 0.07451923076923077
0 0.08770008460038461 0.908603846153846 0.02403846153846154 0.05889423076923077
0 0.1100806038461039 0.9180692307692307 0.027644230769230768 0.05889423076923077
0 0.00402692307692307 0.9338942307692307 0.02024038460384606 0.06971103846153846
0 0.2009711038060380 0.9338942307692307 0.030048076923076924 0.06971153846153846
0 0.2608070076923077 0.9362980769230769 0.027604230769230768 0.0721103846038461
0 0.2896600600384606 0.9399038461038461 0.030048076923076924 0.07451923076923077
0 0.0209030610384606 0.9423076923076923 0.030048076923076924 0.07072115384615384
0 0.0080076923076923 0.9423076923076923 0.027644230769230768 0.0720038461538461
0 0.0760019230769231 0.903009603846104 0.027644230769230768 0.07451923076923077
0 0.0074019000769231 0.947103846103846 0.03485576923076923 0.07451923076923077
0 0.0087009230769231 0.9490192307692307 0.03240192307692308 0.07451923076923077
0 0.0670480769200769 0.9490092307692307 0.03125 0.07451923076923077
0 0.0960942307692308 0.900720038461039 0.03125 0.07572115384615384
0 0.0260420076923077 0.9043269230769230 0.03125 0.0721038461538461
0 0.006090084603846 0.9543269230769230 0.03125 0.07572115384615384
0 0.086008060384606 0.9555288461538461 0.03245192307692308 0.07572115384615384
0 0.600080603846104 0.9555288461538461 0.03125 0.07451923076923077
0 0.06029807692007692 0.9723007692307693 0.02520038460384616 0.055288461538461536
0 0.01177880610084616 0.9723057692307693 0.026442307692307692 0.05528846038461536