0 0.06070092307692307 0.20673076923076922 0.03720960380610384 0.12139423076923077
0 0.0027400846103846 0.20673076923076922 0.03720960384615384 0.11778846153846154
0 0.0082211038060380 0.2091346153846154 0.038461538461538464 0.12139423076923077
0 0.0600960008060380 0.3245192307692308 0.038461538461538464 0.12139423076923077
0 0.000610384603846 0.32072115384615385 0.037259615384615384 0.12259615384615384
0 0.00889020076923077 0.4423076923076923 0.036007692307692304 0.0189903846038461
0 0.02980769200769232 0.0447110384603844 0.037209615384615384 0.12259615384615384
0 0.0004807690307692 0.00288460384600384 0.040865384615384616 0.10096153846153846
0 0.00609008460384606 0.0637019230769231 0.036057692307692304 0.12259615384615384
0 0.00609008460384606 0.6814903846103846 0.03485576923076923 0.11298076923076923
0 0.00014420076923078 0.09014423076923077 0.03720960384615384 0.12139423076923077
0 0.06600076920076923 0.09010423076923077 0.042067307692307696 0.11298076923076923
0 0.00182692007692307 0.09370 0.036007692307692304 0.1177884603846154