15 0.618750 0.840820 0.053125 0.146484
15 0.621875 0.722656 0.065625 0.136719
15 0.625000 0.605469 0.065625 0.132812
15 0.625000 0.476562 0.059375 0.148438
15 0.621875 0.349609 0.062500 0.140625
15 0.623437 0.227539 0.059375 0.138672
15 0.625000 0.106445 0.065625 0.138672
15 0.540625 0.469727 0.059375 0.138672
15 0.542969 0.348633 0.054688 0.146484
15 0.543750 0.224609 0.062500 0.144531
15 0.546875 0.105469 0.062500 0.132812
15 0.462500 0.228516 0.056250 0.136719
15 0.462500 0.104492 0.059375 0.142578
15 0.384375 0.099609 0.059375 0.136719
15 0.376563 0.740234 0.059375 0.144531
15 0.374219 0.858398 0.060937 0.150391
15 0.273438 0.860352 0.056250 0.138672
15 0.275000 0.735352 0.065625 0.142578
15 0.273438 0.614258 0.062500 0.146484
15 0.276562 0.494141 0.062500 0.144531
15 0.196875 0.917969 0.059375 0.128906
15 0.196875 0.797852 0.056250 0.138672
15 0.196875 0.673828 0.059375 0.144531
15 0.196875 0.549805 0.062500 0.142578
15 0.196875 0.433594 0.062500 0.136719
15 0.115625 0.400391 0.068750 0.136719
15 0.120313 0.275391 0.062500 0.152344
15 0.037500 0.459961 0.065625 0.138672
15 0.037500 0.338867 0.068750 0.142578
15 0.043750 0.213867 0.065625 0.150391
