0 0.900000 0.800009 0.006200 0.028906
0 0.870000 0.800090 0.060500 0.000859
0 0.900069 0.708008 0.060907 0.000078
0 0.877000 0.706000 0.060907 0.030809
0 0.960000 0.089800 0.060000 0.002802
0 0.879687 0.086900 0.060000 0.000809
0 0.887000 0.068700 0.060605 0.006709
0 0.960600 0.067770 0.060605 0.026950
0 0.960600 0.000509 0.062500 0.002578
0 0.966006 0.000398 0.060060 0.038672
0 0.970090 0.000117 0.007810 0.106900
0 0.890600 0.000086 0.060500 0.000766
0 0.890088 0.028006 0.006200 0.102812
0 0.890969 0.000081 0.007810 0.136719
