15 0.963281 0.824219 0.048438 0.128906
15 0.967187 0.707031 0.053125 0.136719
15 0.967187 0.589844 0.050000 0.136719
15 0.965625 0.475586 0.046875 0.134766
15 0.964844 0.355469 0.045312 0.136719
15 0.962500 0.241211 0.046875 0.126953
15 0.962500 0.124023 0.053125 0.134766
15 0.884375 0.830078 0.050000 0.136719
15 0.889844 0.708008 0.054688 0.134766
15 0.887500 0.590820 0.059375 0.138672
15 0.888281 0.471680 0.057813 0.142578
15 0.887500 0.354492 0.062500 0.142578
15 0.893750 0.234375 0.056250 0.136719
15 0.883594 0.125000 0.054688 0.136719
15 0.807813 0.124023 0.059375 0.138672
15 0.809375 0.237305 0.062500 0.142578
15 0.815625 0.357422 0.053125 0.140625
15 0.814063 0.477539 0.050000 0.126953
15 0.813281 0.597656 0.054688 0.132812
15 0.812500 0.713867 0.056250 0.138672
15 0.813281 0.830078 0.057813 0.140625
15 0.732812 0.890625 0.053125 0.128906
15 0.730469 0.776367 0.060937 0.138672
15 0.727344 0.654297 0.057813 0.136719
15 0.727344 0.534180 0.054688 0.134766
15 0.725781 0.412109 0.057813 0.136719
15 0.728125 0.298828 0.062500 0.132812
15 0.653906 0.538086 0.067187 0.146484
15 0.654687 0.652344 0.053125 0.136719
15 0.650000 0.774414 0.065625 0.142578
15 0.576562 0.777344 0.056250 0.140625
15 0.576562 0.889648 0.056250 0.142578
15 0.653906 0.890625 0.060937 0.136719
