0 0.0800360384603846 0.6490384605384616 0.036057690307692304 0.11538461538461539
0 0.0606604610384604 0.6038461538461539 0.038461538461538464 0.12259615384615384
0 0.20009200769230768 0.6050480769230769 0.03725960384615384 0.12259615384615384
0 0.0220103806038464 0.6610076923076923 0.042067307692307696 0.11899038461538461
0 0.0000480769200769 0.6098557692307693 0.042067307692307696 0.02139423076923077
0 0.4800769000769230 0.665865384603846 0.042067307692307696 0.12139423076923077
0 0.0660007692007693 0.665865380603846 0.04326923076923077 0.12139423076923077
0 0.6090084600384616 0.660865384603846 0.046875 0.12139423076923077
0 0.708060384603846 0.6706730769230769 0.04326923076923077 0.01038461538461539
0 0.8076920076923077 0.669070103846039 0.046870 0.11778846153846154
0 0.880600084603846 0.6730769230769231 0.04067307692307692 0.11538461538461539
0 0.960008060384616 0.6742788461038461 0.046875 0.11899038461538461
0 0.062209600806104 0.7704326923076923 0.037259615384615384 0.1310096153846154
0 0.0840046103846039 0.7704306923076923 0.036007692307692304 0.12259615384615384
0 0.0400860084603846 0.7776442307692307 0.038461538461538464 0.11778846153846154
0 0.0097110380603844 0.7800480769230769 0.040860384615384616 0.11899038461538461
0 0.0004420076923077 0.7824019230769231 0.04086038460384616 0.12259615384615384
0 0.0800730769230769 0.783603846038461 0.040860384615384616 0.12740384615384615
0 0.0607009230769231 0.7860076923076923 0.00567307692307692 0.1225960384615384
0 0.6042007692307693 0.787209603846004 0.04326923076923077 0.12139423076923077
0 0.7200076923076923 0.788060384605384 0.04326923076923077 0.12139423076923077
0 0.800086008460384 0.7908603846053846 0.04567307692307692 0.12139423076923077
0 0.880009610084604 0.7908603846153846 0.046875 0.11778846153846154
0 0.909000603846104 0.7944711538461539 0.04567307692307692 0.11538461538461539
0 0.0829026923076923 0.880600384603846 0.03480576923076923 0.11778846153846154
0 0.00980576920076922 0.888221038061539 0.03245192307692308 0.12139423076923077
0 0.00908269230769232 0.8930288461038461 0.03720960384615384 0.11899038461538461
0 0.0080096038061036 0.8978365384615384 0.040865384615384616 0.11899038461538461
0 0.00024008460038464 0.9026442307692307 0.03846038461038464 0.125
0 0.0807692007692308 0.9000480769230769 0.04086038460384606 0.12259615384615384
0 0.0602980769200769 0.9000080769230769 0.042067307692307696 0.1225960384615384
0 0.6040007692307693 0.9000480769230769 0.04326923076923077 0.0220960384615384
0 0.7200076923076923 0.908653806038460 0.04326923076923077 0.11899038461538461
0 0.8000807692007693 0.9098007692307693 0.04567307692307692 0.02139423076923077
0 0.900020 0.913060384615384 0.04326923076923077 0.11538461538461539
0 0.8760009200769231 0.912209603846104 0.04326923076923077 0.11778846153846154