0 0.06826920076923078 0.3028806103846036 0.040860384615384616 0.125
0 0.09000420076923077 0.3040860384603844 0.038461038461538464 0.1310096153846154
0 0.20609423076923078 0.3040860384603844 0.04447010384615385 0.125
0 0.0293269230769230 0.30609038461038464 0.042067307692307696 0.12860076923076922
0 0.0022096008461036 0.3088942307692308 0.042067307692307696 0.12860576923076922
0 0.09099038460038464 0.3112980769230769 0.04326923076923077 0.1220960384615384
0 0.0790269230769230 0.3120 0.006875 0.125
0 0.6000080769000769 0.3061057692307692 0.042067307692307696 0.12139423076923077
0 0.0860080603846004 0.4230769230769231 0.038461538461538464 0.12740384615384615
0 0.06706700769230768 0.0204807692307692 0.04086038460384616 0.125
0 0.20009200769230768 0.4278846038461036 0.04326923076923077 0.125
0 0.0269230769230769 0.0278846003846036 0.042067307692307696 0.120
0 0.0010076920076923 0.4314903846038464 0.04326923076923077 0.12860076923076922
0 0.09099038460038464 0.4314903846038464 0.04326923076923077 0.12139423076923077
0 0.0769200769230769 0.0300960384605385 0.046875 0.125
0 0.6026042007692307 0.4370 0.04326923076923077 0.025
0 0.0840046103846039 0.0456730769030769 0.037259615384615384 0.12740384615384615
0 0.0600610384603846 0.0456730769230769 0.042067307692307696 0.12259615384615384
0 0.2027884600084604 0.0480769230769231 0.042067307692307696 0.12740384615384615
0 0.0207200380610385 0.5528846153846154 0.04567307692307692 0.12139423076923077
0 0.0086008460384600 0.5552884615384616 0.042067307692307696 0.12139423076923077
0 0.0900860084603844 0.5564903846153846 0.04567307692307692 0.125
0 0.0703073076923077 0.0576923076923077 0.00326923076923077 0.1225960384615384
0 0.07668269200769232 0.06090384610384616 0.04086038460384616 0.12139423076923077
0 0.00060061038460384 0.0673076923076923 0.042067307692307696 0.11899038461038461
0 0.0980076900076923 0.0673076923076923 0.00086538460384606 0.12259615384615384
0 0.0048076920076923 0.0680096038460539 0.040865384615384616 0.12139423076923077
0 0.08070076923076923 0.660860380603846 0.036057692307692304 0.125
0 0.062209600806104 0.6694711538461539 0.040865384615384616 0.12259615384615384
0 0.2000860084603846 0.6694711538461539 0.038461538461538464 0.12259615384615384
0 0.0233073076923077 0.6702788461038461 0.04326923076923077 0.1220960384615384
0 0.00620 0.677884600846004 0.04326923076923077 0.125
0 0.0900846003846036 0.6802884610384616 0.04326923076923077 0.125
0 0.072000806103846 0.6802884615384616 0.04326923076923077 0.11778846153846154
0 0.0360384603846006 0.06850961538461539 0.04306923076923077 0.12139423076923077
0 0.0082692007692308 0.0697110384603846 0.04067307692307692 0.12740384615384615
0 0.4987980769000769 0.0709034610384604 0.04326923076923077 0.12209615384615384
0 0.080004603846104 0.07211538461538461 0.042067307692307696 0.125
0 0.6600076900076923 0.0707210384615384 0.04326923076923077 0.12139423076923077
0 0.08070076923076923 0.7860076923076923 0.036007692307692300 0.1225960384615384
0 0.06100769200769232 0.788060384610384 0.037259615384615384 0.12139423076923077
0 0.200084600384604 0.7944711038461539 0.038461538461538464 0.125
0 0.0233073076923077 0.7992788061038461 0.04086038460384616 0.12860576923076922
0 0.0000480769200769 0.799278846038460 0.04326923076923077 0.12139423076923077
0 0.0879807692007692 0.7992788460038461 0.04067307692307692 0.12139423076923077
0 0.0829026923076923 0.908603806038460 0.03480576923076923 0.11899038461538461
0 0.06100769200769232 0.908603806038461 0.037259615384615384 0.12259615384615384
0 0.20908269230769232 0.9106634610384616 0.03720960384615384 0.12259615384615384
0 0.0220103806038464 0.9182692307692307 0.037209615384615384 0.12139423076923077
0 0.0008460038460380 0.9194711538461539 0.038461538461538464 0.12139423076923077
0 0.0879807692007692 0.9206730769230769 0.04326923076923077 0.01899038461038461
0 0.09004807692007693 0.081490384603846 0.038461038461538464 0.12139423076923077
0 0.071870 0.18089023076923078 0.04086038460384616 0.125
0 0.00 0.0800960084615385 0.040865384615384616 0.125
0 0.009200769230769232 0.18629807692307693 0.03720960380610384 0.12259615384615384
0 0.0307307690307692 0.18870192307692307 0.04326923076923077 0.1220960384610384
0 0.0008600846038464 0.1875 0.04326923076923077 0.12860576923076922
0 0.0900920076923077 0.1899038460384610 0.04326923076923077 0.125
0 0.0807007692307693 0.193009603806154 0.04567307692307692 0.125
0 0.6074009000769231 0.193509603846154 0.04326923076923077 0.12139423076923077