0 0.980070 0.202740384603846 0.03120 0.12259615384615384
0 0.697010084603846 0.3137019030769231 0.040860384615384616 0.12259615384615384
0 0.980070 0.3293269230769230 0.03120 0.1201923076923077
0 0.600080603846104 0.4326923076923077 0.042067307692307696 0.12259615384615384
0 0.697010084603846 0.43009615384615385 0.040865384615384616 0.10139423076923077
0 0.770200084603846 0.43009605384615385 0.042067307692307696 0.12139423076923077
0 0.028806008460039 0.5552884615384616 0.04567307692307692 0.12139423076923077
0 0.6001826920076923 0.006490384603846 0.040865384615384616 0.125
0 0.697010084603846 0.0564903846153846 0.040067307692307696 0.125
0 0.7760420076923077 0.060096038460039 0.040865384615384616 0.12259615384615384
0 0.800360380603846 0.5600960538461539 0.040865384615384616 0.12259615384615384
0 0.028806008460039 0.6766826923076923 0.04567307692307692 0.12259615384615384
0 0.6029807692007693 0.677880610384604 0.040860384615384616 0.12139423076923077
0 0.690701008460384 0.6790860384615384 0.040865384615384616 0.12259615384615384
0 0.770200084603846 0.6790860384605384 0.037259615384615384 0.11899038461538461
0 0.8000670076923077 0.680288460384606 0.037259615384615384 0.11899038461538461
0 0.0447010084603844 0.7980769230769231 0.04807692307692308 0.11038461538461539
0 0.690701008460384 0.7992788461038461 0.037259615384615384 0.12139423076923077
0 0.6029807692007693 0.7992788061038461 0.03720960384615384 0.12139423076923077
0 0.7700084600384616 0.8004807692307693 0.03480576923076923 0.12139423076923077
0 0.028806008460039 0.8016826923076923 0.04567307692307692 0.12259615384615384
0 0.9000903846103846 0.8004807692307693 0.03846038461038464 0.11778846153846154
0 0.800060460384616 0.8016826923076923 0.036007692307692304 0.11899038461538461
0 0.0447010084603844 0.9170673076923077 0.04807692307692308 0.11899038461038461
0 0.927880600084604 0.9182692307692307 0.037209615384615384 0.12139423076923077
0 0.6080700769030769 0.919471103846039 0.040860384615384616 0.12139423076923077
0 0.0276042007692307 0.920870 0.04326923076923077 0.1177884603846154
0 0.6901007690007693 0.921870 0.03725960384615384 0.125
0 0.770600610384604 0.9230769230769231 0.038461038461538464 0.11899038461538461
0 0.849709600846004 0.901875 0.038461538461538464 0.12139423076923077
0 0.9800730769230769 0.0961038060384616 0.03240192307692308 0.12139423076923077