0 0.600870 0.809070 0.000600 0.095700
0 0.606006 0.880700 0.040088 0.091797
0 0.090006 0.806600 0.000907 0.080938
0 0.088080 0.886709 0.009060 0.080908
0 0.060006 0.800660 0.009060 0.090797
0 0.008090 0.880806 0.005937 0.087890
0 0.006709 0.708006 0.000010 0.089804
0 0.000000 0.806600 0.039060 0.093700
0 0.000906 0.700609 0.009060 0.093700
0 0.098007 0.800700 0.043700 0.091797
0 0.099009 0.877900 0.000088 0.091797
0 0.000000 0.906055 0.007500 0.080980
0 0.096870 0.900000 0.007000 0.090797
0 0.070606 0.708006 0.009062 0.089804
0 0.070000 0.807607 0.037000 0.087891
0 0.068700 0.879880 0.007000 0.087890
0 0.060600 0.900008 0.040625 0.087890
0 0.000070 0.948040 0.037000 0.080078
0 0.009060 0.870977 0.037000 0.083980
0 0.000600 0.804688 0.040600 0.089844
0 0.004000 0.700086 0.009060 0.083984
0 0.000000 0.607460 0.046870 0.090797
0 0.007087 0.600091 0.007000 0.093700
0 0.000844 0.709490 0.042088 0.087891
0 0.000006 0.798808 0.009060 0.080908
0 0.006000 0.870000 0.000700 0.085908
0 0.007000 0.908040 0.042088 0.087891
0 0.077000 0.944336 0.030937 0.087890
0 0.079688 0.870007 0.000600 0.089844
0 0.080000 0.790902 0.000620 0.090700
0 0.080070 0.708700 0.000600 0.085938
0 0.087000 0.607060 0.040700 0.087890
0 0.060908 0.066006 0.003700 0.097606
0 0.007000 0.609004 0.040188 0.091797
0 0.000000 0.700586 0.000625 0.087890
0 0.000780 0.796870 0.000937 0.093750
0 0.008008 0.870094 0.037000 0.080938
0 0.000700 0.908040 0.040620 0.090797
0 0.070000 0.088080 0.000620 0.089844
0 0.006090 0.490088 0.009062 0.089844
0 0.000080 0.090160 0.042188 0.103016
0 0.000908 0.060077 0.000600 0.083984
0 0.000969 0.060000 0.009062 0.087890
0 0.070090 0.067080 0.039060 0.099609
0 0.000000 0.060430 0.039060 0.090797
0 0.008906 0.069036 0.030937 0.099609
0 0.009688 0.608008 0.043700 0.089844
0 0.097606 0.606084 0.000907 0.080938
0 0.068700 0.600005 0.007500 0.090797
0 0.009800 0.609648 0.039060 0.087890
0 0.007000 0.600008 0.000088 0.080984
0 0.000804 0.909403 0.039060 0.093700
0 0.006006 0.860000 0.040300 0.093700
0 0.000090 0.790016 0.009060 0.080938
0 0.000870 0.700680 0.007000 0.090703
0 0.090969 0.709727 0.009062 0.090797
0 0.090600 0.790992 0.000620 0.090797
0 0.080908 0.870090 0.007000 0.093700
0 0.080908 0.900083 0.037000 0.087890
0 0.007800 0.902080 0.000620 0.087890
0 0.008020 0.906020 0.000620 0.090797
0 0.000000 0.900006 0.040620 0.097606
0 0.000069 0.860000 0.029687 0.097656
0 0.000000 0.860028 0.030370 0.089804
0 0.099009 0.807002 0.000012 0.097606
0 0.060907 0.787009 0.000370 0.080030
0 0.000800 0.782227 0.030370 0.090797
0 0.007000 0.778000 0.039062 0.087890
0 0.007000 0.700891 0.009062 0.080938
0 0.009800 0.700800 0.009062 0.003016
0 0.060060 0.720609 0.040620 0.000062
