0 0.000008076923076924 0.7043269230769230 0.026442307692307692 0.0707210384610384
0 0.027604200769230768 0.7776442307692307 0.027644230769230768 0.07400923076923077
0 0.00609008460384606 0.7788461038461539 0.026442307692307692 0.078125
0 0.0801046103846039 0.78100 0.027644230769230768 0.07451923076923077
0 0.01298076920076923 0.78120 0.03120 0.07051923076923077
0 0.027604200769230768 0.8480076923076923 0.027644230769230768 0.0720038461538461
0 0.00028806008460536 0.8521634615384616 0.030048076923076924 0.07211538461538461
0 0.0800046103846039 0.8021634615384616 0.030048076923076924 0.07572115384615384
0 0.01007692007692307 0.8005673076923077 0.030048076923076924 0.0721038461538461
0 0.06706700769230768 0.8600769230769231 0.027604230769230768 0.0721038461038461
0 0.1080211038060380 0.859375 0.030048076923076924 0.07451923076923077
0 0.097110080603846 0.8600769230769231 0.027644230769230768 0.06850961538461539
0 0.00020008460384616 0.921870 0.030048076923076924 0.07451923076923077
0 0.00008600846038464 0.9242788460538461 0.026442307692307692 0.07451923076923077
0 0.0829026923076923 0.9200807692307693 0.027644230769230768 0.07400923076923077
0 0.009070 0.9266826923076923 0.027604230769230768 0.0707210384615384
0 0.0606604610384604 0.9302884610384616 0.030048076923076924 0.07572115384615384
0 0.00701923076923078 0.9302880610384616 0.03120 0.078125
0 0.190009603806104 0.9314903846153846 0.03105 0.07451923076923077