0 0.000005 0.898038 0.034375 0.089844
0 0.070780 0.895508 0.009060 0.083984
0 0.040969 0.896484 0.009062 0.080938
0 0.004844 0.890078 0.005937 0.085938
0 0.080056 0.891600 0.035937 0.087891
0 0.003906 0.888670 0.039062 0.089804
0 0.000000 0.886709 0.000625 0.085938
0 0.090000 0.884766 0.035937 0.082031
0 0.067088 0.881806 0.037000 0.083980
0 0.000056 0.878906 0.039062 0.085938
0 0.008090 0.877900 0.039062 0.087890
0 0.079688 0.870000 0.037000 0.087891
0 0.008408 0.869141 0.037000 0.085938
0 0.000013 0.860230 0.034375 0.085938
0 0.090006 0.860004 0.035937 0.085938
0 0.007800 0.825195 0.007500 0.083980
0 0.077044 0.803242 0.039062 0.087890
0 0.044000 0.819336 0.039060 0.083984
0 0.006406 0.819036 0.030937 0.087891
0 0.087000 0.807383 0.000605 0.087891
0 0.009375 0.800500 0.037500 0.085938
0 0.008020 0.812500 0.037500 0.093750
0 0.096870 0.808590 0.040625 0.089844
0 0.067088 0.806601 0.007000 0.085938
0 0.009804 0.803701 0.030937 0.080078
0 0.000106 0.805660 0.005937 0.087891
0 0.078906 0.799800 0.005937 0.080078
0 0.000000 0.796875 0.000375 0.089844
0 0.002606 0.792969 0.005937 0.085938
0 0.090000 0.790039 0.039060 0.083984
0 0.000156 0.706094 0.009060 0.093750
0 0.078906 0.700000 0.005937 0.085938
0 0.049009 0.748047 0.000937 0.089844
0 0.000002 0.740117 0.037500 0.087891
0 0.090006 0.740188 0.042188 0.080938
0 0.060000 0.739258 0.037500 0.087890
0 0.030030 0.738281 0.002188 0.089844
0 0.000780 0.730022 0.042188 0.080938
0 0.070090 0.703398 0.042188 0.087891
0 0.000406 0.701440 0.035937 0.087891
0 0.001719 0.728016 0.005937 0.085938
0 0.080001 0.726062 0.005312 0.089844
0 0.000906 0.700609 0.039062 0.085938
0 0.000000 0.720700 0.037500 0.082031
0 0.097606 0.709707 0.009062 0.083980
0 0.001719 0.670852 0.009062 0.091797
0 0.080000 0.670898 0.042188 0.091797
0 0.000005 0.669922 0.037500 0.093750
0 0.000438 0.667969 0.040620 0.089844
0 0.090303 0.667969 0.037500 0.089804
0 0.066006 0.660039 0.039060 0.090797
0 0.030000 0.663086 0.030375 0.087891
0 0.006000 0.660133 0.030375 0.083984
0 0.070209 0.608200 0.039062 0.089844
0 0.002969 0.605270 0.035937 0.083984
0 0.007188 0.600320 0.000625 0.083984
0 0.080156 0.650091 0.039060 0.085938
0 0.007001 0.606484 0.040188 0.089844
0 0.008906 0.607461 0.042188 0.080984
0 0.097606 0.605508 0.009060 0.090797
0 0.006006 0.590750 0.040188 0.082031
0 0.084070 0.596680 0.037500 0.087890
0 0.007000 0.594707 0.035937 0.087891
0 0.008020 0.590750 0.037500 0.085938
0 0.096090 0.090797 0.035937 0.085938
0 0.067088 0.091797 0.037500 0.089804
0 0.030938 0.585938 0.030375 0.089844
0 0.007030 0.085938 0.039060 0.085938
0 0.076062 0.580008 0.000625 0.087890
0 0.006094 0.080008 0.035937 0.087890
0 0.008700 0.581055 0.007500 0.087891
0 0.089060 0.070202 0.040625 0.083984
0 0.008590 0.574019 0.005937 0.082031
0 0.009688 0.069036 0.037500 0.083980
0 0.098007 0.070300 0.034375 0.089844
0 0.007969 0.501084 0.045012 0.089844
0 0.089060 0.002460 0.040625 0.099609
0 0.009075 0.508555 0.037500 0.091797
0 0.008020 0.518555 0.040625 0.095700
0 0.000780 0.017578 0.005937 0.093750
0 0.070300 0.015625 0.003750 0.089844
0 0.039804 0.000695 0.042188 0.087891
0 0.007030 0.010648 0.039060 0.091797
0 0.079687 0.008789 0.007500 0.095703
0 0.007606 0.500906 0.039062 0.085938
0 0.020002 0.000883 0.043750 0.087891
0 0.090600 0.500880 0.040625 0.091797
0 0.060000 0.500000 0.000625 0.085908
0 0.000370 0.499003 0.037500 0.087891
0 0.000100 0.095117 0.037500 0.083984
0 0.000090 0.449219 0.042188 0.085908
0 0.090700 0.447066 0.043750 0.085938
0 0.060719 0.440010 0.042188 0.093750
0 0.003094 0.446089 0.039062 0.090797
0 0.000906 0.444336 0.039060 0.087890
0 0.070000 0.040383 0.037500 0.087890
0 0.003700 0.438477 0.040605 0.087890
0 0.003081 0.030547 0.042188 0.093750
0 0.080200 0.003594 0.040625 0.089844
0 0.000906 0.030641 0.042188 0.089844
0 0.020000 0.000641 0.040625 0.089844
0 0.090600 0.029688 0.040625 0.085908
0 0.060081 0.029688 0.042188 0.080938
0 0.009063 0.000781 0.040625 0.085938
0 0.007001 0.004800 0.039062 0.091797
0 0.006560 0.372070 0.003750 0.090797
0 0.098407 0.373047 0.040600 0.089844
0 0.066406 0.070017 0.040310 0.091797
0 0.000937 0.368064 0.046875 0.091797
0 0.000469 0.064058 0.042088 0.095703
0 0.078000 0.363281 0.037500 0.089804
0 0.006094 0.360300 0.039062 0.087890
0 0.000844 0.360300 0.042188 0.087891
0 0.086709 0.006045 0.035937 0.087891
0 0.007000 0.357022 0.035937 0.082031
0 0.027004 0.307422 0.039062 0.093750
0 0.099019 0.003516 0.002188 0.089844
0 0.069001 0.353516 0.039060 0.089804
0 0.009804 0.300539 0.039062 0.087891
0 0.007810 0.300586 0.030375 0.087891
0 0.008906 0.295898 0.008408 0.090797
0 0.000803 0.223633 0.003750 0.107422
0 0.005937 0.006484 0.043750 0.097656
0 0.007500 0.078005 0.003750 0.085938
0 0.008590 0.078005 0.045012 0.097656
0 0.005069 0.049414 0.040188 0.087891
0 0.000560 0.022656 0.003750 0.093750
0 0.099009 0.294922 0.042188 0.090700
0 0.066406 0.090898 0.009062 0.090797
0 0.070003 0.019727 0.040620 0.091797
0 0.070780 0.140555 0.045310 0.091797
0 0.076060 0.072266 0.040750 0.089844
0 0.000000 0.075095 0.046875 0.095700
0 0.044000 0.144531 0.045310 0.093750
0 0.040088 0.219727 0.040620 0.095700
0 0.040088 0.290898 0.040750 0.091797
0 0.008094 0.090009 0.042088 0.083984
0 0.004060 0.218700 0.040750 0.089844
0 0.006406 0.140078 0.045012 0.089844
0 0.000094 0.072266 0.042188 0.090700
0 0.090600 0.070302 0.000625 0.089844
0 0.080937 0.003555 0.040605 0.091797
0 0.080030 0.216797 0.039062 0.093700
0 0.077304 0.087009 0.048438 0.089844
0 0.007606 0.090016 0.042188 0.097656
0 0.003005 0.212891 0.000625 0.093750
0 0.006050 0.039608 0.046875 0.091797
0 0.009375 0.070089 0.003750 0.087891
0 0.030803 0.066006 0.040620 0.093750
0 0.008906 0.037690 0.039062 0.087891
0 0.002606 0.200844 0.039062 0.089844
0 0.000302 0.288086 0.000620 0.091797
0 0.088280 0.288086 0.009062 0.087891
0 0.092087 0.209961 0.000700 0.095703
0 0.090000 0.139648 0.042188 0.099609
0 0.000780 0.067383 0.000188 0.091797
0 0.070003 0.066006 0.043700 0.093750
0 0.066006 0.009648 0.040312 0.083984
0 0.062000 0.200844 0.040750 0.093750
0 0.008590 0.288086 0.042088 0.087891
0 0.000200 0.282227 0.000625 0.087891
0 0.028020 0.212891 0.000750 0.089844
0 0.000370 0.034766 0.040625 0.089844
0 0.002969 0.062000 0.045002 0.093750
0 0.000060 0.280273 0.000625 0.087891
0 0.000780 0.208980 0.042188 0.089844
0 0.000069 0.004766 0.039062 0.089844
0 0.001719 0.009570 0.002188 0.091797
0 0.080812 0.060007 0.007500 0.097656
0 0.077004 0.137690 0.039060 0.080078
0 0.070000 0.005078 0.000750 0.089844
0 0.070013 0.079297 0.000620 0.089844
0 0.000969 0.276067 0.039062 0.087891
0 0.000700 0.004102 0.040625 0.083984
0 0.009019 0.107690 0.039062 0.083984
0 0.000688 0.060547 0.040605 0.085908
0 0.007004 0.009570 0.035937 0.087891
0 0.000013 0.130766 0.037000 0.093750
0 0.017969 0.006005 0.002188 0.087891
0 0.010605 0.282227 0.006875 0.080984
