15 0.957031 0.829102 0.045312 0.142578
15 0.884375 0.897461 0.050000 0.142578
15 0.881250 0.783203 0.046875 0.136719
15 0.813281 0.868164 0.045312 0.126953
15 0.811719 0.749023 0.042188 0.138672
15 0.813281 0.630859 0.051562 0.136719
15 0.815625 0.505859 0.053125 0.136719
15 0.808594 0.387695 0.057813 0.134766
15 0.738281 0.394531 0.054688 0.132812
15 0.736719 0.508789 0.051562 0.134766
15 0.739062 0.629883 0.050000 0.130859
15 0.742188 0.750000 0.053125 0.136719
15 0.741406 0.870117 0.048438 0.130859
15 0.657031 0.568359 0.057813 0.136719
15 0.660156 0.687500 0.054688 0.128906
15 0.659375 0.808594 0.046875 0.144531
15 0.582031 0.922852 0.051562 0.130859
15 0.664844 0.924805 0.051562 0.130859
15 0.579688 0.802734 0.050000 0.140625
15 0.430469 0.532227 0.064062 0.142578
15 0.433594 0.407227 0.057813 0.130859
15 0.309375 0.885742 0.062500 0.138672
15 0.238281 0.855469 0.048438 0.128906
