15 0.977344 0.321289 0.045312 0.138672
15 0.975000 0.203125 0.050000 0.140625
15 0.977344 0.089844 0.045312 0.128906
15 0.903906 0.314453 0.048438 0.140625
15 0.905469 0.197266 0.054688 0.140625
15 0.903125 0.084961 0.053125 0.134766
15 0.826562 0.313477 0.056250 0.138672
15 0.827344 0.198242 0.057813 0.134766
15 0.828906 0.080078 0.045312 0.136719
15 0.749219 0.312500 0.045312 0.132812
15 0.750000 0.199219 0.056250 0.144531
15 0.750781 0.081055 0.054688 0.134766
15 0.669531 0.079102 0.057813 0.138672
15 0.671875 0.194336 0.056250 0.150391
15 0.670312 0.312500 0.056250 0.140625
15 0.590625 0.312500 0.056250 0.136719
15 0.592187 0.192383 0.056250 0.138672
15 0.596875 0.072266 0.059375 0.136719
15 0.514062 0.073242 0.056250 0.142578
15 0.516406 0.189453 0.057813 0.140625
15 0.512500 0.307617 0.053125 0.142578
15 0.432812 0.307617 0.062500 0.142578
15 0.430469 0.187500 0.060937 0.140625
15 0.432031 0.068359 0.054688 0.132812
15 0.356250 0.071289 0.053125 0.134766
15 0.353906 0.191406 0.057813 0.140625
15 0.353906 0.309570 0.067187 0.138672
15 0.271875 0.309570 0.056250 0.138672
15 0.278906 0.190430 0.064062 0.138672
15 0.279687 0.075195 0.053125 0.138672
15 0.192188 0.310547 0.056250 0.144531
15 0.196094 0.189453 0.057813 0.144531
15 0.196094 0.077148 0.057813 0.134766
15 0.113281 0.316406 0.057813 0.140625
15 0.119531 0.192383 0.057813 0.138672
15 0.120313 0.073242 0.056250 0.134766
15 0.037500 0.313477 0.059375 0.142578
15 0.042188 0.195312 0.056250 0.136719
15 0.046094 0.074219 0.060937 0.136719
