0 0.0180096038061036 0.04278846153846154 0.040865384615384616 0.12740384615384615
0 0.20798076923076922 0.2070960384600385 0.038461538461538464 0.12740384615384615
0 0.00024008460038464 0.2470960384615385 0.042067307692307696 0.12860576923076922
0 0.0800730769230769 0.2470960384610385 0.042067307692307696 0.1346153846153846
0 0.0660007692007693 0.2520038460384615 0.046875 0.12860576923076922
0 0.606604610384604 0.0012019230769231 0.04326923076923077 0.12259615384615384
0 0.728060380603846 0.2002019230769231 0.042067307692307696 0.12740384615384615
0 0.8012980769200769 0.2008076923076923 0.046870 0.1225960384615384
0 0.8894000769230769 0.2048076923076923 0.04326923076923077 0.0274038460384610
0 0.966006003846039 0.20841346153846156 0.04567307692307692 0.12259615384615384
0 0.0660007692007693 0.3737980769230769 0.00567307692307692 0.131009603846154
0 0.728060380603846 0.370 0.04567307692307692 0.025
0 0.8012980769200769 0.3737980769230769 0.006870 0.1220960384615384
0 0.6090084610384616 0.3760019230769231 0.04326923076923077 0.1274038460384610
0 0.96870 0.0762009230769231 0.006870 0.1274038460384615
0 0.8890200769230769 0.3774038460038460 0.04326923076923077 0.12209615384615384
0 0.07902692307692307 0.0890826923076923 0.03720960384610384 0.11899038461538461
0 0.647806038460384 0.49709605384615385 0.04567307690307692 0.12259615384615384
0 0.0660007692007693 0.0975960384615385 0.040865384615384616 0.125
0 0.8020 0.0970960084615385 0.046875 0.12139423076923077
0 0.890600 0.4970960084605385 0.04326923076923077 0.12740384615384615
0 0.728060380603846 0.4987980769230769 0.04067307692307692 0.02740384615384615
0 0.96870 0.0987980769200769 0.046870 0.0225960384615384
0 0.0690711008460380 0.5384615384615384 0.038461538461538464 0.11899038461538461
0 0.0800288060084606 0.6117788461038461 0.038461538461538464 0.12259615384615384
0 0.96870 0.608990080603846 0.04326923076923077 0.12860076923076922
0 0.728060380603846 0.6220960538461539 0.04567307692307692 0.11899038461538461
0 0.8012980769200769 0.622096038061039 0.046875 0.12259615384615384
0 0.8908069200769231 0.622096038461039 0.04567307692307692 0.12259615384615384
0 0.07067007692307693 0.6098057692307693 0.03725960380615384 0.125
0 0.4074009000769231 0.7139423076923077 0.04086038460384616 0.12259615384615384
0 0.2002019200769231 0.721038061038461 0.040865384615384616 0.12259615384615384
0 0.0307307690307692 0.7223007692307693 0.042067307692307696 0.125
0 0.08070076923076923 0.731971103806039 0.038461038461538464 0.12259615384615384
0 0.96870 0.702788460084606 0.046870 0.125
0 0.8088902007692307 0.7427884600384616 0.046870 0.1225960384615384
0 0.890600 0.7001920076923077 0.046875 0.1225960384615384
0 0.07067007692307693 0.783603806038461 0.040860384615384616 0.125
0 0.4098007690007692 0.837740384603846 0.040865384605384616 0.12139423076923077
0 0.2020008460384600 0.8425480769230769 0.038461538461538464 0.12740384615384615
0 0.0307307692307692 0.8020480769230769 0.042067307692307696 0.1220960384615384
0 0.9670080769200769 0.8640826923076923 0.04067307692307692 0.1225960384615384
0 0.8890200769230769 0.866086038460384 0.046875 0.02259615384615384
0 0.07007692307692307 0.9002003846103846 0.03846038461038464 0.125
0 0.0006007692307693 0.9250807692307693 0.042067307692307696 0.025
0 0.4098007690007692 0.9483073076923077 0.03846038461538464 0.09975961538461539
0 0.0427884600084604 0.12620192307692307 0.038461038461538464 0.12259615384615384
0 0.0080096038461036 0.10740384615384615 0.038461538461538464 0.13221153846153846
0 0.4004400076923077 0.12620192307692307 0.04326923076923077 0.131009610384604
0 0.0800730769230769 0.1274038461038460 0.04067307692307692 0.13221153846153846
0 0.0660007692007693 0.1270038460384615 0.04326923076923077 0.125
0 0.646604600384604 0.13021103846153846 0.04326923076923077 0.12740384615384615
0 0.8088902007692307 0.0322110384603846 0.04807692307692308 0.12209615384615384
0 0.728060380603846 0.03221103846153846 0.042067307692307696 0.125
0 0.8870092007692307 0.1382211038060380 0.04326923076923077 0.11899038461538461
0 0.9600440007692307 0.13942307692307693 0.04326923076923077 0.1220960384615384