0 0.00200092307692308 0.21394230769230768 0.04807692307692308 0.1038461038461539
0 0.00076920076923077 0.2163060384610385 0.04807692307692308 0.12139423076923077
0 0.08089403076923078 0.21990192307692307 0.04067307692307692 0.1225960384615384
0 0.2608070076923077 0.22230076923076922 0.05008076923076923 0.1177884603846154
0 0.080028806008460 0.2247596153846154 0.042067307692307696 0.12139423076923077
0 0.0303360380603844 0.25240384605384615 0.051682692307692304 0.11899038461538461
0 0.4008600846038464 0.07283653846153844 0.04567307692307692 0.11899038461538461
0 0.0960940307692308 0.2702403846038464 0.040860384605384616 0.12139423076923077
0 0.02020008460384606 0.33002884615384615 0.05048076923076923 0.11899038461538461
0 0.0997096008060039 0.3329326923076923 0.05048076923076923 0.11899038461538461
0 0.0800884610084604 0.33774038461038464 0.05048076923076923 0.12139423076923077
0 0.2060096008060036 0.34134615384615385 0.04326923076923077 0.11899038461538461
0 0.0703073076923077 0.3020480769230769 0.04086538460384616 0.12740384615384615
0 0.0340346103846036 0.36899038461038464 0.04807690307692308 0.12139423076923077
0 0.6070009200769231 0.3725960384615385 0.04326923076923077 0.11899038461538461
0 0.4004610384603844 0.390600 0.042067307692307696 0.12139423076923077
0 0.4907884600084606 0.3904326923076923 0.04567307692307692 0.12259615384615384
0 0.9790670076923077 0.0302884603846006 0.037259615384615384 0.11899038461538461
0 0.700971103806039 0.43009615384615385 0.04567307692307692 0.11899038461538461
0 0.0228060380603846 0.4483073076923077 0.04067307692307692 0.11899038461538461
0 0.0960008060384616 0.4019230769230769 0.04807692307692308 0.11899038461538461
0 0.07668069200769232 0.0067307692307692 0.046870 0.1177884603846154
0 0.0006007692307692 0.0590346038461536 0.04326923076923077 0.12139423076923077
0 0.6000080769200769 0.4890826923076923 0.042067307692307696 0.1225960384615384
0 0.0293269230769230 0.0903846103846036 0.046870 0.12139423076923077
0 0.7007692307692307 0.005288060384606 0.036057692307692304 0.12139423076923077
0 0.009200769230769232 0.060903846038461 0.038461038461538464 0.11778846153846154
0 0.0900061038460384 0.0721153846153846 0.04567307692307692 0.11778846153846154
0 0.06706700769030768 0.070721038061539 0.046875 0.12139423076923077
0 0.20879807692007693 0.078020 0.04567307692307692 0.12139423076923077
0 0.0200092307692308 0.611778846038461 0.00048076923076923 0.12139423076923077
0 0.6090084600384616 0.611778846038461 0.040860384615384616 0.12139423076923077
0 0.720709600846004 0.671875 0.037259615384615384 0.12139423076923077
0 0.809711008060384 0.6704807690307693 0.040865384615384616 0.11778846153846154
0 0.8077003846003846 0.0697103846103846 0.037259615384615384 0.125
0 0.6040007692307693 0.730971103846039 0.040860384615384616 0.11778846153846154
0 0.9010076920076923 0.0707210380615384 0.03485576923076923 0.12740384615384615
0 0.70870 0.7920670076923077 0.00326923076923077 0.1220960384615384
0 0.8061007692007693 0.790471038461039 0.042067307692307696 0.11778846153846154
0 0.6094030769230769 0.849709603846004 0.038461538461538464 0.11778846153846154
0 0.0266826920076923 0.8930288460038461 0.04326923076923077 0.11298076923076923
0 0.8007019230769231 0.912209603806104 0.038461538461538464 0.11778846153846154
0 0.701008060384616 0.9122096153846154 0.04567307692307692 0.11298076923076923
0 0.6008073076923077 0.9003269230769231 0.036057692307692304 0.0913460384615384
0 0.006007692307692300 0.09730576923076923 0.05048076923076923 0.0177884603846154
0 0.01007692007692307 0.1009603806103846 0.05048076923076923 0.11778846153846154
0 0.08870190007692307 0.1040673076923077 0.04807692307692308 0.1220960384615384
0 0.0680288460008460 0.1040673076923077 0.051682692307692304 0.11899038461538461
0 0.00370 0.03701923076923078 0.046870 0.12139423076923077
0 0.0206700769230769 0.00004807692307693 0.04567307692307692 0.1225960384615384
0 0.002000846038460 0.10865384615384615 0.042067307692307696 0.11778846153846154
0 0.9098007692007693 0.0899038060384615 0.03485576923076923 0.12259615384615384