15 0.760156 0.498047 0.064062 0.132812
15 0.766406 0.385742 0.060937 0.134766
15 0.767969 0.264648 0.057813 0.142578
15 0.774219 0.147461 0.057813 0.138672
15 0.678906 0.492188 0.051562 0.132812
15 0.687500 0.379883 0.056250 0.146484
15 0.601562 0.493164 0.065625 0.134766
15 0.608594 0.373047 0.057813 0.132812
15 0.614062 0.252930 0.056250 0.142578
15 0.616406 0.131836 0.057813 0.142578
15 0.521094 0.484375 0.067187 0.144531
15 0.530469 0.367188 0.054688 0.144531
15 0.534375 0.246094 0.050000 0.136719
15 0.535937 0.127930 0.046875 0.138672
15 0.442969 0.480469 0.060937 0.128906
15 0.446875 0.360352 0.053125 0.142578
15 0.454688 0.238281 0.059375 0.136719
15 0.460938 0.124023 0.056250 0.134766
15 0.363281 0.473633 0.057813 0.134766
15 0.368750 0.355469 0.056250 0.140625
15 0.375000 0.237305 0.053125 0.134766
15 0.380469 0.113281 0.057813 0.140625
15 0.275000 0.469727 0.056250 0.130859
15 0.282813 0.353516 0.056250 0.140625
15 0.288281 0.235352 0.064062 0.134766
15 0.200000 0.468750 0.056250 0.132812
15 0.204687 0.344727 0.056250 0.138672
15 0.211719 0.230469 0.054688 0.132812
15 0.120313 0.458008 0.053125 0.130859
15 0.126562 0.340820 0.053125 0.138672
15 0.135937 0.226562 0.062500 0.128906
15 0.045312 0.456055 0.056250 0.130859
15 0.050000 0.336914 0.065625 0.130859
15 0.059375 0.222656 0.062500 0.136719
