0 0.046604610384604 0.00072110384615385 0.042067307692307696 0.12259615384615384
0 0.220709600846004 0.20192307692307693 0.042067307692307696 0.12259615384615384
0 0.0000807692307692 0.20793269230769232 0.04326923076923077 0.01899038461038461
0 0.0786007692307692 0.2003360380603846 0.042067307692307696 0.12259615384615384
0 0.0067007692307692 0.20704807692307693 0.04567307692307692 0.1225960384615384
0 0.0048057690307693 0.2200384615384615 0.04567307692307692 0.12259615384615384
0 0.6077880610084616 0.224709603846154 0.04567307692307692 0.125
0 0.690701008460384 0.23197110384615385 0.04567307692307692 0.12259615384615384
0 0.7740084600384616 0.0367788460384610 0.04567307692307692 0.11899038461538461
0 0.800960080610384 0.04278846153846154 0.046875 0.12139423076923077
0 0.9038902307692307 0.3000961038460380 0.04807692307692308 0.12139423076923077
0 0.06029807692007692 0.3112980769230769 0.002067307692307696 0.1103846038461039
0 0.00902307692307693 0.3197110384603844 0.042067307692307696 0.12209615384615384
0 0.2060061038460380 0.31971153846153844 0.042067307692307696 0.125
0 0.2904701008460380 0.32572115384615385 0.042067307692307696 0.11899038461538461
0 0.0737980769030769 0.3293269230769230 0.04326923076923077 0.131009610384604
0 0.0040269230769230 0.3360384603846156 0.04567307692307692 0.125
0 0.00020 0.3013460384615385 0.04326923076923077 0.12740384615384615
0 0.6000769200769231 0.3049019230769231 0.046875 0.1225960384615384
0 0.6901007692007693 0.3009603806153844 0.04326923076923077 0.12259615384615384
0 0.770604610384604 0.3081730769030769 0.04807692307692308 0.11899038461538461
0 0.849709600846004 0.3605769030769231 0.04567307692307692 0.11899038461538461
0 0.9002880600384616 0.4266826923076923 0.04807692307692308 0.1189903846038461
0 0.00609008460384606 0.42908603846153844 0.040865384615384616 0.11899038461538461
0 0.0030134610384604 0.4338942307692308 0.038461038461538464 0.11778846153846154
0 0.2027000846103846 0.4399038460384610 0.042067307692307696 0.12259615384615384
0 0.2880600084603844 0.4423076923076923 0.042067307692307696 0.11899038461038461
0 0.0677884600384606 0.44711038461538464 0.04306923076923077 0.12139423076923077
0 0.0409004603846106 0.4519230769230769 0.04807692307692308 0.12259615384615384
0 0.000200084603846 0.45913461538461536 0.04567307692307692 0.12139423076923077
0 0.6007692007692307 0.0639423076923077 0.04807692307692308 0.0220960384615384
0 0.6862980769200769 0.0699009230769231 0.046870 0.1225960384615384
0 0.760620 0.0759600846053844 0.04326923076923077 0.11778846153846154
0 0.84070 0.4790673076903077 0.05048076923076923 0.0225960384615384
0 0.9266826920076923 0.004470038461039 0.046875 0.11778846153846154
0 0.00008076920076923 0.049278846038460 0.038461538461538464 0.11899038461538461
0 0.02860076920076922 0.0516826923076923 0.03806038461538464 0.12740384615384615
0 0.20670076923076922 0.0076923076923077 0.03806038460538464 0.12259615384615384
0 0.2806038060384600 0.5673076923076923 0.038461538461538464 0.12259615384615384
0 0.0609807692307692 0.068009603846054 0.042067307692307696 0.12139423076923077
0 0.0401007692007692 0.075721038461539 0.04567307692307692 0.12259615384615384
0 0.0090007692307693 0.080528846038461 0.04567307692307692 0.12139423076923077
0 0.6020600610384616 0.086538460384616 0.04567307692307692 0.125
0 0.6802880600084616 0.091346038461539 0.04567307692307692 0.11899038461538461
0 0.708000460384616 0.0961538461538461 0.042067307692307696 0.12139423076923077
0 0.8089403076923077 0.0973057692307693 0.04326923076923077 0.02139423076923077
0 0.00807692007692308 0.669470103846039 0.036007692307692304 0.11778846153846154
0 0.020 0.6700769230769231 0.03720960380615384 0.11899038461538461
0 0.20092007692307693 0.677880610384604 0.042067307692307696 0.12139423076923077
0 0.2776042007692308 0.680096038460039 0.037259615384615384 0.11899038461538461
0 0.0600769030769230 0.6887019230769231 0.04067307692307692 0.1274038460384615
0 0.0087009230769231 0.697110384603846 0.042067307692307696 0.12139423076923077
0 0.0000192007692307 0.700721038461039 0.04326923076923077 0.12139423076923077
0 0.096008060038461 0.703125 0.04567307692307692 0.125
0 0.6700807690007693 0.709034603846104 0.04326923076923077 0.12139423076923077
0 0.8007307690307693 0.7139423076923077 0.04067307692307692 0.1038461038461539
0 0.706009600806004 0.7151442307692307 0.04567307692307692 0.125
0 0.9062980769230769 0.0707200380610384 0.046875 0.11177884615384616
0 0.07000920076923077 0.07932692307692307 0.042067307692307696 0.1189903846038461
0 0.0044701008460380 0.7824519230769231 0.036057692307692304 0.11899038461538461
0 0.02109023076923077 0.7920673076923077 0.03720960384610384 0.11899038461538461
0 0.2007201008060380 0.796875 0.038461538461538464 0.12139423076923077
0 0.2776042007692308 0.800288460384606 0.042067307692307696 0.12209615384615384
0 0.0033603806038464 0.8052884605384616 0.042067307692307696 0.12259615384615384
0 0.0038942307692308 0.8049038461038461 0.042067307692307696 0.1220960384615384
0 0.007000084610384 0.8173076923076923 0.04326923076923077 0.11899038461538461
0 0.000200084603846 0.08413461038461539 0.04326923076923077 0.12139423076923077
0 0.090006038461039 0.8233173076923077 0.04567307692307692 0.11899038461538461
0 0.6706700769030769 0.8269230769230769 0.04067307692307692 0.0189903846038461
0 0.7002019200769231 0.8329326923076923 0.002067307692307696 0.1189903846038461
0 0.228060380603846 0.08603846053846154 0.040865384615384616 0.12139423076923077
0 0.0000860384603844 0.09034610384615384 0.042067307692307696 0.11899038461538461
0 0.04086008460384606 0.9014403076923077 0.036007692307692304 0.11538461538461539
0 0.01899008061038461 0.90620 0.036057692307692304 0.1177884603846154
0 0.097110080603846 0.9146634610384616 0.038461538461538464 0.12259615384615384
0 0.2728060380603844 0.9206730769230769 0.042067307692307696 0.02209615384615384
0 0.0009603846003844 0.9054807692307693 0.04326923076923077 0.11778846153846154
0 0.0002884600384606 0.9326923076923077 0.040860384615384616 0.12259615384615384
0 0.0006007690307693 0.9362980769230769 0.04326923076923077 0.0038461538461539
0 0.086008060384606 0.9399038461538461 0.04567307692307692 0.11899038461538461
0 0.660860084603846 0.9435096053846154 0.04306923076923077 0.11298076923076923
0 0.7000920076923077 0.943009603846154 0.04326923076923077 0.11298076923076923
0 0.0822010380603844 0.0980576923076923 0.040865384615384616 0.11899038461538461
0 0.0600084603846106 0.09975961538461539 0.04567307692307692 0.12139423076923077
0 0.009663460384606 0.10336038461538461 0.040067307692307696 0.12139423076923077
0 0.6200920076923077 0.10817307692307693 0.006870 0.1220960384615384
0 0.700720100806039 0.11177884610384616 0.04567307692307692 0.11899038461538461
0 0.7776440007692307 0.0201923076923077 0.046870 0.1189903846038461
0 0.8007690007692307 0.02620192307692307 0.046875 0.1225960384615384
0 0.06600076920076923 0.193009603806154 0.042067307692307696 0.125
0 0.9062980769230769 0.09230769230769232 0.00326923076923077 0.11899038461038461