0 0.0829026923076923 0.20870 0.00008076923076923 0.1177884603846154
0 0.06100769200769232 0.21990192307692307 0.05008076923076923 0.1038461538461539
0 0.00700192007692307 0.3341346038461536 0.04326923076923077 0.11778846153846154
0 0.07902692307692307 0.3360380603846006 0.051682692307692304 0.11778846153846154
0 0.00700192007692307 0.4507210384615385 0.04567307692307692 0.12139423076923077
0 0.00000807692007693 0.569710384615384 0.04807692307692308 0.11778846153846154
0 0.00620 0.6875 0.00026923076923077 0.11298076923076923
0 0.10600 0.805288060084616 0.046875 0.12139423076923077
0 0.00000807692007693 0.921875 0.04807692307692308 0.11298076923076923
0 0.0600610384603846 0.10096103846153846 0.04567307692307692 0.11778846153846154
0 0.08770008460038461 0.10076923076923077 0.04326923076923077 0.11298076923076923
0 0.006826920076923076 0.10076923076923077 0.0336038060384615 0.11538461538461539