0 0.20870 0.2100360380603846 0.04326923076923077 0.11538461538461539
0 0.296870 0.2000806103846154 0.040865384615384616 0.11778846153846154
0 0.0670076923076923 0.2027003846103846 0.04086038460384616 0.12139423076923077
0 0.00182692007692307 0.21394230769230768 0.046870 0.1038461038461539
0 0.2060061038460380 0.3269230769230769 0.042067307692307696 0.11899038461538461
0 0.2906700769230769 0.3293269230769230 0.00086038460384616 0.11899038461538461
0 0.06090084600384616 0.3300288460384615 0.04567307692307692 0.11899038461538461
0 0.000620 0.0317307692307692 0.04326923076923077 0.1177884603846104
0 0.2904701008460380 0.44471153846153844 0.038461538461538464 0.11899038461538461
0 0.2060061038460380 0.4483173076923077 0.042067307692307696 0.11538461538461539
0 0.00902307692307693 0.4483173076923077 0.042067307692307696 0.11899038461038461
0 0.06070092307692307 0.0007210384610385 0.04567307692307692 0.11899038461538461
0 0.00902307692307693 0.064903846038461 0.042067307692307696 0.11298076923076923
0 0.20010420076923078 0.064903846038461 0.040865384615384616 0.11538461538461539
0 0.06070092307692307 0.060903846038461 0.04067307692307692 0.11538461538461539
0 0.2904701008460380 0.5673076923076923 0.042067307692307696 0.11899038461538461
0 0.000620 0.681490084603846 0.04326923076923077 0.11778846103846154
0 0.2060061038460380 0.6826923076923077 0.042067307692307696 0.11538461538461539
0 0.06070092307692307 0.6810903846103846 0.04326923076923077 0.11298076923076923
0 0.2904701008460380 0.6826923076923077 0.042067307692307696 0.11538461538461539
0 0.06090084600384616 0.799278846038461 0.042067307692307696 0.11038461538461539
0 0.00902307692307693 0.7992788461038461 0.042067307692307696 0.1189903846038461
0 0.2906700769230769 0.799278806038460 0.040860384615384616 0.11899038461538461
0 0.20010420076923078 0.8016826923076923 0.042067307692307696 0.1038461038461539
0 0.06600076920076923 0.910663460384616 0.042067307692307696 0.11177884610384616
0 0.000620 0.919471008461039 0.040865384615384616 0.11538461538461539
0 0.20700807692007693 0.9182692307692307 0.04086038460384616 0.11778846153846154
0 0.2906700769230769 0.909071038461039 0.042067307692307696 0.12139423076923077
0 0.2201008060384610 0.09495192307692307 0.042067307692307696 0.11538461538461539
0 0.296870 0.09090092007692307 0.04086538460384616 0.11538461538461539
0 0.0680096008060039 0.09615384615384616 0.04326923076923077 0.11177884615384616
0 0.00420076923076922 0.0980076923076923 0.042067307692307696 0.1038461538461539