15 0.941406 0.552734 0.051562 0.136719
15 0.860156 0.545898 0.048438 0.146484
15 0.780469 0.547852 0.054688 0.138672
15 0.702344 0.541016 0.054688 0.136719
15 0.618750 0.539062 0.050000 0.140625
15 0.541406 0.541016 0.054688 0.128906
15 0.454688 0.538086 0.065625 0.130859
15 0.373437 0.538086 0.059375 0.134766
15 0.290625 0.537109 0.056250 0.128906
15 0.213281 0.533203 0.064062 0.132812
15 0.128906 0.533203 0.060937 0.140625
15 0.052344 0.533203 0.060937 0.132812
15 0.053125 0.410156 0.050000 0.144531
15 0.057031 0.293945 0.051562 0.134766
15 0.063281 0.177734 0.051562 0.140625
15 0.130469 0.174805 0.064062 0.134766
15 0.131250 0.297852 0.059375 0.134766
15 0.132812 0.411133 0.059375 0.134766
15 0.214062 0.416992 0.065625 0.138672
15 0.215625 0.291992 0.062500 0.142578
15 0.214844 0.174805 0.073438 0.130859
15 0.295312 0.418945 0.062500 0.138672
15 0.297656 0.296875 0.060937 0.140625
15 0.297656 0.174805 0.064062 0.138672
15 0.379688 0.176758 0.062500 0.138672
15 0.381250 0.295898 0.056250 0.138672
15 0.378125 0.416016 0.056250 0.140625
15 0.458594 0.418945 0.060937 0.146484
15 0.460938 0.296875 0.059375 0.140625
15 0.464844 0.172852 0.054688 0.138672
15 0.546094 0.180664 0.067187 0.138672
15 0.545312 0.295898 0.059375 0.146484
15 0.539062 0.419922 0.062500 0.136719
15 0.623437 0.423828 0.056250 0.132812
15 0.625000 0.300781 0.059375 0.136719
15 0.625781 0.177734 0.060937 0.144531
15 0.704688 0.179688 0.065625 0.136719
15 0.707031 0.302734 0.064062 0.136719
15 0.706250 0.423828 0.059375 0.136719
15 0.785156 0.425781 0.060937 0.132812
15 0.782031 0.304688 0.064062 0.140625
15 0.785937 0.184570 0.068750 0.134766
15 0.864062 0.181641 0.065625 0.140625
15 0.862500 0.308594 0.053125 0.136719
15 0.862500 0.423828 0.059375 0.136719
15 0.939063 0.426758 0.056250 0.138672
15 0.941406 0.303711 0.054688 0.142578
15 0.936719 0.191406 0.060937 0.136719
