0 0.209000610384604 0.0865384615384616 0.038461538461538464 0.12259615384615384
0 0.00609008460384606 0.0865384615384616 0.037259615384615384 0.11899038461538461
0 0.00860076920076922 0.086538460384616 0.037259615384615384 0.12259615384615384
0 0.2872096008060036 0.5889423076923077 0.040865384615384616 0.12259615384615384
0 0.0677880600384606 0.0913461538461539 0.042067307692307696 0.12259615384615384
0 0.000240084603846 0.5903461538461539 0.042067307692307696 0.12139423076923077
0 0.4470100846038464 0.0905480769230769 0.042067307692307696 0.11899038461538461
0 0.6007692007692307 0.0973557692307693 0.00326923076923077 0.0177884603846154
0 0.6862980769200769 0.600960038060384 0.04067307692307692 0.12259615384615384
0 0.760620 0.600960080605384 0.04326923076923077 0.12139423076923077
0 0.900870 0.600960084610384 0.046875 0.11899038461538461
0 0.80070 0.603360384603846 0.04326923076923077 0.02139423076923077
0 0.00028806008460536 0.7043269230769231 0.037259615384615384 0.11899038461538461
0 0.00860076920076922 0.7043269230769231 0.03720960384615384 0.12259615384615384
0 0.2000288060084605 0.7055288461538461 0.038461538461538464 0.12139423076923077
0 0.2820009200769231 0.709134603846104 0.040865384615384616 0.12139423076923077
0 0.0600826923076923 0.7079326923076923 0.04326923076923077 0.1220960384610384
0 0.0400076923076923 0.700336038460384 0.040860384615384616 0.12259615384615384
0 0.002806038060384 0.7139423076923077 0.042067307692307696 0.12259615384615384
0 0.600360380603846 0.7063461038461539 0.042067307692307696 0.12740384615384615
0 0.6806920076923077 0.7170080769230769 0.04326923076923077 0.1274038460384610
0 0.909071100846039 0.7199019230769231 0.04567307692307692 0.11899038461538461
0 0.7604200769230769 0.720103846038461 0.04067307692307692 0.12139423076923077
0 0.80070 0.720038461038461 0.046875 0.11899038461538461
0 0.00288060084600384 0.8197115384615384 0.036057692307692304 0.11899038461538461
0 0.000 0.820910460384616 0.03480576923076923 0.11899038461538461
0 0.20002692307692307 0.8233073076923077 0.03846103846038464 0.11038461538461539
0 0.2820009200769231 0.828120 0.03846038461538464 0.11778846153846154
0 0.0401007692007692 0.8293269230769231 0.03720960384615384 0.12740384615384615
0 0.0607788061038460 0.8293269230769231 0.042067307692307696 0.11899038461038461
0 0.0092007692307693 0.8329326923076923 0.002067307692307696 0.1189903846038461
0 0.600960008060384 0.8360384615384616 0.040865384615384616 0.125
0 0.8000442007692307 0.836038460384616 0.046870 0.11899038461538461
0 0.7620092007692307 0.8389023076923077 0.042067307692307696 0.11899038461038461
0 0.9070670076923077 0.8389023076923077 0.046870 0.1220960384615384
0 0.679086008460384 0.8403461038461539 0.04567307690307692 0.11899038461538461
0 0.806038060384606 0.9490192307692307 0.04326923076923077 0.10096153846153846
0 0.9006604610384616 0.9490192307692307 0.04567307692307692 0.1009603846153846
0 0.709600806003846 0.9495192307692307 0.04326923076923077 0.10096153846153846