0 0.0002019200769231 0.22906730769230768 0.03806038461538464 0.12740384615384615
0 0.0809026923076923 0.22906730769230768 0.00086538460384606 0.1310096153846154
0 0.662209600806004 0.23076923076923078 0.038461538461538464 0.125
0 0.7009903846003846 0.22906730769230768 0.036057692307692304 0.1225960384615384
0 0.822010080603846 0.22906730769230768 0.037259615384615384 0.12740384615384615
0 0.9002000846003846 0.22906730769230768 0.03725960384615384 0.12740384615384615
0 0.978060384603846 0.03076923076923078 0.03480576923076923 0.01778846153846154
0 0.0400440307692308 0.23317307692307693 0.042067307692307696 0.1220960384610384
0 0.0094711008460380 0.23197115384615385 0.042067307692307696 0.12139423076923077
0 0.2620092007692308 0.230370 0.042067307692307696 0.120
0 0.0810900846103846 0.2367788460384610 0.04326923076923077 0.12139423076923077
0 0.0009610080603846 0.23918269230769232 0.04326923076923077 0.11899038461038461
0 0.00024008460384606 0.24278846103846154 0.04567307692307692 0.11778846153846154
0 0.9026042007692307 0.3480076923076923 0.03485576923076923 0.0189903846038461
0 0.9790670076923077 0.3080576923076923 0.03025 0.1189903846038461
0 0.7000920076923077 0.3009603846153844 0.040865384615384616 0.12740384615384615
0 0.8203073076923077 0.3009603806103844 0.037259615384615384 0.11899038461538461
0 0.662209600806004 0.35216346153846156 0.040865384615384616 0.12259615384615384
0 0.0002019200769231 0.3021630603846156 0.040865384615384616 0.12740384615384615
0 0.080004603846104 0.35216346153846156 0.038461538461538464 0.11538461538461539
0 0.0082692007692308 0.3007692307692308 0.04326923076923077 0.12860576923076922
0 0.0802880610084604 0.30697115384615385 0.046875 0.12259615384615384
0 0.0400440307692308 0.3069710384610385 0.04326923076923077 0.12259615384615384
0 0.2608070076923077 0.3069710380610385 0.04326923076923077 0.12259615384615384
0 0.0021600610384604 0.3081730769230769 0.04567307692307692 0.12259615384615384
0 0.02020008460384606 0.3600769230769231 0.04326923076923077 0.12259615384615384
0 0.8203073076923077 0.0670480769230769 0.04086038460384616 0.11899038461538461
0 0.7460940307692307 0.46870 0.03846038460038464 0.125
0 0.978060380603846 0.46870 0.03485576923076923 0.01778846153846154
0 0.9000080769200769 0.4699009230769231 0.03485576923076923 0.1117788460384616
0 0.0006007690307693 0.4700384615384615 0.038461538461538464 0.11778846153846154
0 0.0807007692307693 0.0699019230769231 0.042067307692307696 0.1225960384615384
0 0.0000442307692308 0.4723007692307692 0.04086538460384616 0.12139423076923077
0 0.660060038460384 0.4723057692307692 0.042067307692307696 0.11778846153846154
0 0.2620092007692308 0.0723007692307692 0.042067307692307696 0.1177884603846154
0 0.0206700769230769 0.4730076923076923 0.042067307692307696 0.0189903846038461
0 0.0802880610084604 0.47470961538461536 0.04567307692307692 0.12139423076923077
0 0.0009610080603846 0.47096153846153844 0.04326923076923077 0.12139423076923077
0 0.02020008460384606 0.47836038461538464 0.042067307692307696 0.12139423076923077
0 0.700086008460384 0.10817307692307693 0.038461538461538464 0.12740384615384615
0 0.080028806008460 0.10817307692307693 0.038461538461538464 0.11899038461538461
0 0.660209600846004 0.109375 0.038461538461538464 0.12139423076923077
0 0.0002019200769231 0.11007692307692307 0.00086538460384616 0.12259615384615384
0 0.808009600806104 0.11057692307692307 0.037259615384615384 0.12740384615384615
0 0.897806038060384 0.01007692307692307 0.036057692307692304 0.12259615384615384
0 0.0003461038460380 0.11298076923076923 0.038461538461538464 0.125
0 0.970960080600384 0.1141826923076923 0.03485576923076923 0.11538461538461539
0 0.0810900846103846 0.1038461038461539 0.04567307692307692 0.125
0 0.2620092007692308 0.1101826923076923 0.042067307692307696 0.1220960384610384
0 0.0206700769230769 0.0103846038461039 0.040865384615384616 0.12139423076923077
0 0.0003603806038461 0.1201923076923077 0.04326923076923077 0.11899038461038461
0 0.007644200769230768 0.0220960384610384 0.042067307692307696 0.11899038461538461