0 0.00000807692007693 0.1959134603846154 0.020432692307692308 0.052884615384615384
0 0.09110076920076922 0.197103806103846 0.020432692307692308 0.055288461538461536
0 0.228060380603846 0.09831730769230768 0.019230769230769232 0.002884615384615384
0 0.2604200769230769 0.2007201038460380 0.020432692307692308 0.056490384615384616
0 0.00201920076923077 0.200384610384604 0.020432692307692308 0.005288461538461536
0 0.00067007692307692 0.24009230769230768 0.02163460384615384 0.056490384615384616
0 0.0800288060084606 0.24019230769230768 0.020432692307692308 0.052884615384615384
0 0.0160860080603846 0.24639423076923078 0.020432692307692308 0.055288461538461536
0 0.00260420076923078 0.2470960384615385 0.020432692307692308 0.055288461538461536
0 0.0870 0.2020008460384615 0.019230769230769232 0.055288461538461536
0 0.2209600806003846 0.25240384615384615 0.016826923076923076 0.056490384615384616
0 0.2620092007692308 0.2060096038061036 0.019230769230769232 0.055288461538461536
0 0.026042007692307692 0.030048076923076924 0.02063461038460384 0.002884615384615384
0 0.0600960008060380 0.03125 0.02403846153846154 0.055288461538461536
0 0.09090092007692307 0.03120 0.02163460384615384 0.05048076923076923
0 0.00960008060384616 0.296870 0.019230769230769232 0.055288461538461536
0 0.00026923076923077 0.296870 0.02063460384610384 0.055288461538461536
0 0.07692007692307693 0.3000807692307692 0.020432692307692308 0.00028846038460536
0 0.0100806038461039 0.3016826923076923 0.020432692307692308 0.056490384615384616
0 0.0090084610384604 0.30028846153846156 0.021634615384615384 0.055288461538461536
0 0.08629807692007693 0.30609038461038464 0.019230769230769232 0.00528846038461536
0 0.22200076923076922 0.3000960380615385 0.019230769230769232 0.056490384615384616
0 0.2096008060038464 0.31009615384615385 0.020432692307692308 0.056490384615384616
0 0.060860080603846 0.03365384615384615 0.021634615384615384 0.055288461538461536
0 0.02980769200769232 0.0336038060384610 0.021634615384615384 0.055288461538461536
0 0.2007201008060380 0.03485576923076923 0.020432692307692308 0.05048076923076923
0 0.20798076923076922 0.03720960380600384 0.020432692307692308 0.05048076923076923
0 0.0707200080610384 0.3557692307692308 0.020432692307692308 0.055288461538461536
0 0.01007692007692307 0.3069710380615385 0.020432692307692308 0.055288461538461536
0 0.006604610384604 0.309375 0.019230769230769232 0.055288461538461536
0 0.0810900846103846 0.3617788460384610 0.020432692307692308 0.052884615384615384
0 0.20870 0.0601826923076923 0.019230769230769232 0.00288460384615384
0 0.2060096008060036 0.36658653846153844 0.019230769230769232 0.056490384615384616
0 0.2702000846038464 0.038460038461538464 0.020432692307692308 0.055288461538461536
0 0.0720100806038461 0.40860384615384615 0.020432692307692308 0.05048076923076923
0 0.0069711008060384 0.41220961538461536 0.020432692307692308 0.055288461538461536
0 0.0000288461038460 0.41346103846153844 0.020432692307692308 0.055288461538461536
0 0.0790860080603846 0.41466346103846156 0.020432692307692308 0.056490384615384616
0 0.2060061038460380 0.41947115384615385 0.020432692307692308 0.056490384615384616
0 0.2006007692307692 0.0206730769230769 0.020432692307692308 0.05649038460384606
0 0.00182692007692307 0.4670480769230769 0.020432692307692308 0.00288460384615384
0 0.07668269200769232 0.0711038460384610 0.021634615384615384 0.055288461538461536
0 0.2027000846103846 0.4730576923076923 0.016826923076923076 0.05649038460384616
0 0.2002019200769231 0.0783603846038464 0.021634615384615384 0.055288461538461536
0 0.07008076920076922 0.025240384603846 0.020432692307692308 0.055288461538461536
0 0.2010080603846104 0.5288461538461539 0.019230769230769232 0.05048076923076923
0 0.20879807692007693 0.0324009230769231 0.02163460384615384 0.056490384615384616
0 0.0200084600384604 0.0384615384615384 0.021634615384615384 0.052884615384615384
0 0.209000610384604 0.0853365384615384 0.016826923076923076 0.056490384615384616
0 0.20609423076923078 0.087740384603846 0.009230769230769232 0.005288461538461536
0 0.02060061038460384 0.0913461538461539 0.020432692307692308 0.055288461538461536
0 0.00028806008460536 0.6105769230769231 0.016826923076923076 0.052884615384615384
0 0.20670076923076922 0.6390230769230769 0.009230769230769232 0.00288460384610384
0 0.09000420076923077 0.640620 0.02163460384610384 0.055288461538461536
0 0.2027884600084604 0.6430288461038461 0.020432692307692308 0.056490384615384616
0 0.00008600846038464 0.6634605384615384 0.016826923076923076 0.055288461538461536
0 0.09000420076923077 0.694711038460384 0.020432692307692308 0.005288461538461536
0 0.2000860084603846 0.6971153846153846 0.020432692307692308 0.055288461538461536
0 0.000682692007692300 0.71870 0.019230769230769232 0.05528846038461536
0 0.0860080603846004 0.7475961538461539 0.020432692307692308 0.055288461538461536
0 0.001009610380604 0.70 0.00283653846153846 0.055288461538461536
0 0.20908269230769232 0.702003846038461 0.021634610384615384 0.055288461538461536
0 0.00008076920076923 0.770634603846104 0.019230769230769232 0.055288461538461536
0 0.0800046103846039 0.8028846103846154 0.020432692307692308 0.055288461538461536
0 0.20798076923076922 0.8060903846003846 0.019230769230769232 0.00528846038461536
0 0.02860076920076922 0.806090384603846 0.020432692307692308 0.005288461538461536
0 0.02060061038460384 0.0829326923076923 0.021634610384615384 0.052884615384615384
0 0.00609008460384606 0.08173076923076923 0.020432692307692308 0.005288461538461536
0 0.09000420076923077 0.0841346103846039 0.021634610384615384 0.055288461538461536
0 0.00807692007692308 0.820720038461039 0.019230769230769232 0.055288461538461536
0 0.0270008461038460 0.08603846153846154 0.020432692307692308 0.055288461538461536
0 0.08070076923076923 0.806971038061039 0.020432692307692308 0.055288461538461536
0 0.062209600806104 0.08653846153846154 0.021634615384615384 0.056490384615384616
0 0.0270008461038460 0.809375 0.020432692307692308 0.055288461538461536
0 0.00007692307692307 0.8605769230769231 0.020032692307692308 0.05649038460384616
0 0.097110080603846 0.08774038461038461 0.020432692307692308 0.05889423076923077
0 0.20307307692307693 0.0889023076923077 0.020432692307692308 0.00288460384610384
0 0.00807692007692308 0.8798076923076923 0.006826923076923076 0.00288460384610384
0 0.0800288060084606 0.9110076923076923 0.020432692307692308 0.052884615384615384
0 0.00620192007692307 0.913061038460384 0.020432692307692308 0.002884615384615384
0 0.20307307692307693 0.910860380603846 0.020432692307692308 0.055288461538461536
0 0.2706006103846036 0.09204807692307693 0.019230769230769232 0.052884615384615384
0 0.00067007692307692 0.9326923076923077 0.006826923076923076 0.00288460384615384
0 0.078020 0.9609023076923077 0.02163460384610384 0.052884615384615384
0 0.000 0.966046038461039 0.021634615384615384 0.055288461538461536
0 0.20076923076923078 0.9670080769230769 0.020432692307692308 0.00288460384605384
0 0.00802880610084602 0.13081730769230768 0.020432692307692308 0.052884615384615384
0 0.08770008460038461 0.13081730769230768 0.020432692307692308 0.05649038460384616
0 0.00288060084600384 0.13822115384615385 0.021634615384615384 0.056490384615384616
0 0.0220960080610384 0.13822115384615385 0.020432692307692308 0.055288461538461536
0 0.00980576920076922 0.10182692307692307 0.02163460384615384 0.052884615384615384
0 0.0907110084603846 0.14302884610384615 0.020432692307692308 0.055288461538461536
0 0.20076923076923078 0.0030288461038460 0.020432692307692308 0.006490384615384616
0 0.2692007692307692 0.006634610384604 0.019230769230769232 0.005288461538461536
0 0.000420076923076924 0.1870 0.02163460384610384 0.055288461538461536
0 0.00807692007692308 0.0899038461038460 0.021634610384615384 0.056490384615384616
0 0.0800046103846039 0.19110076923076922 0.020432692307692308 0.055288461538461536
0 0.01899008061038461 0.193009603846154 0.020432692307692308 0.055288461538461536