15 0.684375 0.396484 0.059375 0.128906
15 0.683594 0.279297 0.060937 0.132812
15 0.682813 0.152344 0.056250 0.140625
15 0.592187 0.602539 0.056250 0.142578
15 0.591406 0.476562 0.054688 0.132812
15 0.597656 0.351562 0.054688 0.144531
15 0.511719 0.281250 0.057813 0.136719
15 0.596875 0.108398 0.062500 0.142578
15 0.524219 0.569336 0.064062 0.150391
15 0.521875 0.442383 0.059375 0.146484
15 0.597656 0.233398 0.054688 0.138672
15 0.526563 0.195312 0.056250 0.140625
15 0.524219 0.076172 0.064062 0.128906
15 0.438281 0.370117 0.060937 0.142578
15 0.439844 0.248047 0.067187 0.140625
15 0.442969 0.125977 0.064062 0.138672
15 0.242969 0.646484 0.057813 0.148438
15 0.245312 0.523438 0.062500 0.136719
15 0.246094 0.404297 0.057813 0.140625
15 0.164062 0.883789 0.053125 0.146484
15 0.163281 0.764648 0.057813 0.134766
15 0.158594 0.639648 0.048438 0.134766
15 0.160156 0.519531 0.054688 0.140625
15 0.160156 0.396484 0.051562 0.136719
15 0.160156 0.273438 0.051562 0.136719
15 0.162500 0.152344 0.050000 0.132812
15 0.086719 0.089844 0.054688 0.128906
15 0.085938 0.213867 0.056250 0.142578
15 0.082812 0.330078 0.050000 0.132812
15 0.082812 0.456055 0.050000 0.146484
15 0.082812 0.577148 0.050000 0.134766
15 0.083594 0.699219 0.054688 0.136719
15 0.083594 0.821289 0.051562 0.130859
