15 0.974219 0.687500 0.042188 0.136719
15 0.976562 0.571289 0.046875 0.138672
15 0.974219 0.451172 0.048438 0.125000
15 0.974219 0.335938 0.051562 0.136719
15 0.974219 0.221680 0.051562 0.134766
15 0.972656 0.110352 0.054688 0.146484
15 0.900000 0.687500 0.046875 0.132812
15 0.900781 0.567383 0.057813 0.146484
15 0.903125 0.454102 0.056250 0.130859
15 0.901563 0.334961 0.046875 0.142578
15 0.900781 0.217773 0.057813 0.134766
15 0.901563 0.102539 0.056250 0.130859
15 0.825000 0.102539 0.062500 0.134766
15 0.827344 0.217773 0.057813 0.138672
15 0.826562 0.333984 0.050000 0.136719
15 0.825000 0.454102 0.053125 0.138672
15 0.825000 0.570312 0.056250 0.132812
15 0.821094 0.684570 0.048438 0.138672
15 0.742969 0.684570 0.054688 0.126953
15 0.743750 0.567383 0.059375 0.142578
15 0.746875 0.448242 0.056250 0.142578
15 0.745313 0.333984 0.053125 0.140625
15 0.746875 0.214844 0.053125 0.140625
15 0.742969 0.096680 0.054688 0.138672
15 0.663281 0.681641 0.054688 0.128906
15 0.664844 0.569336 0.060937 0.138672
15 0.664844 0.451172 0.060937 0.144531
15 0.664844 0.328125 0.060937 0.140625
15 0.664844 0.210938 0.057813 0.136719
15 0.669531 0.095703 0.057813 0.132812
15 0.586719 0.094727 0.064062 0.130859
15 0.585156 0.210938 0.057813 0.148438
15 0.514062 0.207031 0.046875 0.140625
15 0.507031 0.328125 0.051562 0.136719
15 0.507812 0.444336 0.050000 0.142578
15 0.504687 0.565430 0.053125 0.138672
15 0.504687 0.685547 0.056250 0.132812
15 0.585938 0.681641 0.059375 0.136719
15 0.579688 0.567383 0.053125 0.138672
15 0.580469 0.446289 0.060937 0.150391
15 0.583594 0.329102 0.054688 0.146484
