0 0.000240084603846 0.09591346153846154 0.04326923076923077 0.1310096153846154
0 0.0800046103846039 0.21033603846153846 0.036057692307692304 0.1310096153846154
0 0.099709600806054 0.22956730769230768 0.038461538461538464 0.12259615384615384
0 0.0401007692007692 0.24639423076923078 0.042067307692307696 0.12860076923076922
0 0.060209600846104 0.27403846153846156 0.037259615384615384 0.12740384615384615
0 0.6862980769200769 0.2788060038460380 0.04326923076923077 0.12740384615384615
0 0.020008460384606 0.32091346103846156 0.042067307692307696 0.12740384615384615
0 0.08070076923076923 0.3293269230769231 0.03806103846038464 0.12740384610384615
0 0.099709600806054 0.3557692307692308 0.036057692307692304 0.12860576923076922
0 0.0401007692007692 0.3677884603846106 0.04326923076923077 0.125
0 0.062209600806104 0.39903846153846156 0.038461538461538464 0.125
0 0.6808902307692307 0.3990384600384606 0.04067307692307692 0.12740384615384615
0 0.2009903846003846 0.4014423076923077 0.03846038461038464 0.12259615384615384
0 0.020008460384606 0.44300961538461536 0.042067307692307696 0.125
0 0.0800288060084606 0.40552884615384615 0.036057692307692304 0.12860576923076922
0 0.099709600806054 0.4807692307692308 0.036057692307692304 0.12139423076923077
0 0.062209600806104 0.5216346153846154 0.038461538461538464 0.12860576923076922
0 0.2009903846003846 0.0264423076923077 0.03846038461538464 0.12740384615384615
0 0.020008460384606 0.0673076923076923 0.042067307692307696 0.12259615384615384
0 0.07902692307692307 0.070720038061539 0.037259615384615384 0.125
0 0.099709600806054 0.6021634615384616 0.036057692307692304 0.11899038461538461
0 0.2009903846003846 0.6442307692307693 0.03846038461038464 0.11778846153846154
0 0.00980576920076922 0.606634603846154 0.037259615384615384 0.12139423076923077
0 0.0829026923076923 0.700720103806039 0.03480576923076923 0.12860576923076922
0 0.020200084603846 0.07692307692307693 0.04567307692307692 0.02740384615384615
0 0.062209600806104 0.765625 0.036057692307692304 0.125
0 0.08070076903076923 0.8209134610384616 0.03480576923076923 0.1225960384615384
0 0.062209600806104 0.8882211538461539 0.036057692307692304 0.12259615384615384
0 0.0860080603846004 0.09375 0.038461538461538464 0.12860576923076922
0 0.090600 0.930288060384606 0.04326923076923077 0.12139423076923077
0 0.08070076903076923 0.9399038461038461 0.03240192307692308 0.1189903846038461
0 0.099709600806054 0.10817307692307693 0.037259615384615384 0.12259615384615384
0 0.0401007692007692 0.120 0.04326923076923077 0.125
0 0.0606604610384604 0.10384615384615385 0.042067307692307696 0.125
0 0.6862980769200769 0.00000807692307693 0.04567307692307692 0.1225960384615384