0 0.0970057692307693 0.0959130603846154 0.04326923076923077 0.11899038461538461
0 0.6802880600084616 0.20192307692307693 0.04067307692307692 0.1225960384615384
0 0.06899038460038464 0.0103846103846154 0.042067307692307696 0.13221153846153846
0 0.0401007692007692 0.2470960384615385 0.038461538461538464 0.12740384615384615
0 0.0068069200769231 0.2020038460384615 0.042067307692307696 0.12860576923076922
0 0.904701008460384 0.2036057692307692 0.04567307692307692 0.11778846153846154
0 0.2880600084603844 0.27884610384615385 0.038461538461538464 0.12139423076923077
0 0.096008060038461 0.31490384615384615 0.04807692307692308 0.12259615384615384
0 0.677880600084604 0.3233173076923077 0.046870 0.11899038461538461
0 0.0677884600384606 0.308120 0.04326923076923077 0.12139423076923077
0 0.0062980769230769 0.3677884600384606 0.038461038461538464 0.12860576923076922
0 0.0004200769230769 0.3701923076923077 0.042067307692307696 0.1220960384615384
0 0.0909009200769231 0.4387019230769231 0.04567307692307692 0.1225960384615384
0 0.00049038461038464 0.4891826923076923 0.04326923076923077 0.1274038460384610
0 0.0000192007692307 0.4927884603846106 0.04567307692307692 0.125
0 0.0902692307692308 0.000682692307692304 0.04326923076923077 0.1033603846038461
0 0.0090084610384604 0.0180288461538461 0.042067307692307696 0.11899038461538461
0 0.0920080769200769 0.5576923076923077 0.04807692307692308 0.0189903846038461
0 0.20870 0.0829026923076923 0.03725960380615384 0.12259615384615384
0 0.8007019030769231 0.603360380603846 0.046870 0.11778846153846154
0 0.0290860084603844 0.6000769230769231 0.04567307692307692 0.12259615384615384
0 0.009600846003846 0.6105769030769231 0.04326923076923077 0.11899038461538461
0 0.006604610384604 0.6370192307692307 0.042067307692307696 0.120
0 0.8677880600084616 0.0649038460384616 0.04807692307692308 0.11899038461038461
0 0.0060461038460380 0.7007211538461539 0.036057692307692304 0.12259615384615384
0 0.8012980769200769 0.7230076923076923 0.05008076923076923 0.1189903846038461
0 0.0278846000846036 0.7290673076923077 0.04567307692307692 0.11899038461538461
0 0.008400460384616 0.7319711038461539 0.04567307690307692 0.12259615384615384
0 0.00040269230769232 0.707210384615384 0.040865384615384616 0.12259615384615384
0 0.099709600806054 0.07692307692307693 0.04326923076923077 0.12259615384615384
0 0.2060061038460380 0.8221153846153846 0.036057692307692304 0.12139423076923077
0 0.6800900846103846 0.0860384603846154 0.042067307692307696 0.11899038461538461
0 0.00040269230769232 0.8762019230769231 0.03720960384615384 0.12259615384615384
0 0.0700960384600385 0.09375 0.042067307692307696 0.125
0 0.2060061038460380 0.9399038461538461 0.036057692307692304 0.11778846153846154
0 0.0400096038460036 0.12860576923076922 0.038461538461538464 0.125
0 0.008028806008461 0.12980769230769232 0.04067307692307692 0.12259615384615384
0 0.904701008460384 0.140620 0.04567307692307692 0.125
0 0.2920670076923077 0.0630610384603846 0.04326923076923077 0.12209615384615384