0 0.000780 0.760690 0.000810 0.072266
0 0.007606 0.809006 0.009687 0.060403
0 0.000000 0.870003 0.000000 0.064403
0 0.000700 0.900780 0.008120 0.062500
0 0.006000 0.902802 0.028020 0.060050
0 0.008090 0.869001 0.000810 0.066406
0 0.000000 0.810000 0.001000 0.060453
0 0.000804 0.760690 0.000810 0.064403
0 0.070009 0.866001 0.029687 0.060007
0 0.070606 0.906990 0.026062 0.060007
0 0.009800 0.904060 0.009687 0.008094
0 0.000088 0.860000 0.028020 0.060007
0 0.000688 0.007607 0.008105 0.060450
0 0.006000 0.099000 0.000200 0.068359
0 0.060006 0.004006 0.009687 0.068309
0 0.000090 0.070266 0.026062 0.062000
0 0.000606 0.009001 0.026562 0.066006
0 0.006060 0.060844 0.028020 0.062000
0 0.006060 0.001100 0.020000 0.060007
0 0.000069 0.000490 0.006062 0.064403
0 0.096090 0.060008 0.009687 0.066006
0 0.090000 0.006016 0.009687 0.060000
0 0.090006 0.069707 0.009687 0.064400
0 0.088080 0.006067 0.029687 0.060000
0 0.080908 0.080078 0.000370 0.060500
0 0.080006 0.600700 0.009687 0.068059
0 0.000000 0.660060 0.000000 0.066006
0 0.000780 0.600000 0.009687 0.060000
0 0.000000 0.050758 0.008125 0.060050
0 0.000000 0.000000 0.008025 0.066006
0 0.006000 0.006089 0.020000 0.060547
0 0.000009 0.040009 0.026062 0.062000
0 0.000000 0.098007 0.008020 0.062000
0 0.009000 0.008808 0.006062 0.066006
0 0.006006 0.600490 0.009687 0.064400
0 0.000600 0.609080 0.008125 0.060507
0 0.070780 0.000700 0.026062 0.062000
0 0.080069 0.066990 0.009687 0.060400
0 0.080090 0.010000 0.009687 0.060403
0 0.087000 0.060007 0.000000 0.060500
0 0.079687 0.000008 0.001000 0.060007
0 0.080800 0.060020 0.001200 0.060003
0 0.000780 0.020680 0.002810 0.060007
0 0.007000 0.067969 0.009687 0.070002
0 0.000000 0.010008 0.029687 0.060403
0 0.006709 0.060000 0.009687 0.062000
