15 0.939063 0.653320 0.046875 0.134766
15 0.935937 0.536133 0.053125 0.142578
15 0.933594 0.413086 0.057813 0.146484
15 0.867969 0.665039 0.042188 0.134766
15 0.864844 0.551758 0.054688 0.138672
15 0.861719 0.426758 0.048438 0.134766
15 0.857812 0.302734 0.053125 0.144531
15 0.857812 0.181641 0.053125 0.140625
15 0.771094 0.457031 0.060937 0.144531
15 0.765625 0.333008 0.062500 0.146484
15 0.765625 0.213867 0.062500 0.142578
15 0.764062 0.096680 0.053125 0.138672
15 0.675000 0.393555 0.056250 0.134766
15 0.669531 0.268555 0.051562 0.138672
15 0.671875 0.148438 0.062500 0.140625
15 0.592187 0.197266 0.056250 0.132812
15 0.591406 0.077148 0.057813 0.138672
15 0.514844 0.165039 0.054688 0.142578
15 0.057031 0.407227 0.067187 0.134766
15 0.060156 0.528320 0.073438 0.142578
15 0.063281 0.652344 0.064062 0.144531
15 0.064062 0.769531 0.065625 0.140625
15 0.071094 0.891602 0.060937 0.142578
15 0.144531 0.890625 0.064062 0.136719
15 0.225781 0.890625 0.054688 0.140625
15 0.310156 0.891602 0.070312 0.138672
15 0.385156 0.890625 0.057813 0.140625
15 0.468750 0.892578 0.053125 0.136719
15 0.553125 0.890625 0.053125 0.132812
15 0.634375 0.889648 0.053125 0.134766
15 0.712500 0.888672 0.053125 0.144531
15 0.552344 0.757812 0.057813 0.167969
15 0.465625 0.762695 0.065625 0.142578
15 0.463281 0.643555 0.060937 0.150391
15 0.387500 0.770508 0.059375 0.134766
15 0.386719 0.643555 0.064062 0.146484
15 0.382812 0.525391 0.056250 0.140625
15 0.379688 0.399414 0.062500 0.138672
15 0.295312 0.278320 0.062500 0.154297
15 0.300000 0.399414 0.059375 0.142578
15 0.300781 0.525391 0.057813 0.140625
15 0.303125 0.649414 0.059375 0.146484
15 0.305469 0.774414 0.057813 0.138672
15 0.221875 0.771484 0.056250 0.125000
15 0.222656 0.647461 0.057813 0.146484
15 0.219531 0.526367 0.057813 0.138672
15 0.220312 0.403320 0.062500 0.142578
15 0.220312 0.279297 0.062500 0.144531
15 0.221094 0.159180 0.064062 0.142578
15 0.139844 0.280273 0.060937 0.146484
15 0.139063 0.405273 0.053125 0.138672
15 0.139063 0.528320 0.062500 0.142578
15 0.141406 0.653320 0.051562 0.138672
15 0.145313 0.772461 0.062500 0.134766
