0 0.0900480769200769 0.0959134603846154 0.040865384615384616 0.11899038461538461
0 0.7668269200769230 0.2163061038460380 0.038461538461538464 0.12259615384615384
0 0.6700807692007693 0.2728360384603844 0.042067307692307696 0.02740384615384615
0 0.02200076923076922 0.28025 0.04807692307692308 0.12139423076923077
0 0.2980769200769230 0.2836038060384610 0.04567307692307692 0.12139423076923077
0 0.00182692007692307 0.2860076923076923 0.042067307692307696 0.1220960384615384
0 0.8607788461008461 0.3076903076923077 0.036007692307692304 0.1225960384615384
0 0.7680288060008461 0.3360384603846156 0.038461538461538464 0.12259615384615384
0 0.677880600084604 0.390620 0.038461538461538464 0.125
0 0.2992788060008460 0.40384610384615385 0.038461538461538464 0.12259615384615384
0 0.0822010380603844 0.40384610384615385 0.042067307692307696 0.12259615384615384
0 0.00990192007692307 0.4038460384610385 0.04567307692307692 0.12139423076923077
0 0.00902307692307693 0.4086038460384610 0.04567307692307692 0.12259615384615384
0 0.00889020076923077 0.4086038460384605 0.04807692307692308 0.12740384615384615
0 0.900096038060039 0.41346153846153844 0.036057692307692304 0.125
0 0.8629807692007693 0.0278846003846036 0.03480576923076923 0.11778846153846154
0 0.7692007692307693 0.0603360384603844 0.038460038461538464 0.12259615384615384
0 0.0006826923076923 0.0260423076923077 0.04326923076923077 0.1220960384615384
0 0.0830034610384606 0.0264423076923077 0.042067307692307696 0.12259615384615384
0 0.00620 0.052880605084615384 0.037259615384615384 0.10576923076923077
0 0.2201008060384610 0.5288461538461539 0.04567307692307692 0.125
0 0.000620 0.0000480769230769 0.04326923076923077 0.1274038460384615
0 0.0600960008060380 0.53125 0.04567307692307692 0.125
0 0.9062980769230769 0.037209603806054 0.036057692307692304 0.11778846153846154
0 0.8629807692007693 0.0080769230769230 0.036007692307692304 0.1189903846038461
0 0.0660460038460380 0.6478365384615384 0.04567307692307692 0.12259615384615384
0 0.0000860384603844 0.6490384600384616 0.04567307692307692 0.12259615384615384
0 0.0846003846038464 0.6000403846153846 0.042067307692307696 0.12139423076923077
0 0.22200076923076922 0.6500423076923077 0.042067307692307696 0.1274038460384615
0 0.06070092307692307 0.6026042307692307 0.04067307692307692 0.125
0 0.00182692007692307 0.603846038461039 0.042067307692307696 0.12259615384615384
0 0.9070 0.6050080769230769 0.03725960384605384 0.11899038461538461
0 0.8600826920076923 0.669471103846039 0.03480576923076923 0.11538461538461539
0 0.0900440007692307 0.078120 0.042067307692307696 0.12139423076923077
0 0.009278846008460 0.7680288461038461 0.042067307692307696 0.12259615384615384
0 0.0670480769200769 0.7704326923076923 0.042067307692307696 0.0274038460384610
0 0.0870090307692308 0.7704326923076923 0.042067307692307696 0.1274038461038460
0 0.220709600846004 0.7728365384615384 0.042067307692307696 0.12259615384615384
0 0.0002880603846006 0.7728365384615384 0.042067307692307696 0.12259615384615384
0 0.0000288461038460 0.7728360384615384 0.042067307692307696 0.12740384615384615
0 0.06070092307692307 0.7760423076923077 0.04067307692307692 0.1220960384615384
0 0.600201038460384 0.8808173076923077 0.040865384615384616 0.12259615384615384
0 0.7027000846103846 0.8870192307692307 0.03846038461038464 0.12860576923076922
0 0.0699009200769231 0.8918269230769231 0.042067307692307696 0.131009603846104
0 0.0000807692007693 0.893028846038460 0.042067307692307696 0.12740384615384615
0 0.228060380603846 0.8942307692307693 0.042067307692307696 0.02860076923076922
0 0.0088902307692308 0.8930288460038461 0.042067307692307696 0.1274038460384610
0 0.0090084610384604 0.8930288461038461 0.04326923076923077 0.12259615384615384
0 0.0870090307692308 0.8942307692307693 0.04086038460384616 0.120
0 0.0670076923076923 0.8900326923076923 0.04326923076923077 0.0220960384615384
0 0.7604200769230769 0.0960038460384616 0.038461038461538464 0.12259615384615384
0 0.6702788460008461 0.002403846103846 0.042067307692307696 0.125
0 0.0201008060384610 0.1622596153846154 0.04807692307692308 0.12139423076923077
0 0.008008846008461 0.16706730769230768 0.038461038461538464 0.12259615384615384
0 0.8080700769230769 0.18629807692307693 0.03080576923076923 0.1189903846038461