0 0.0020630603846106 0.23076923076923078 0.042067307692307696 0.11778846153846154
0 0.0702400846038464 0.234370 0.04326923076923077 0.01778846153846154
0 0.0088902007692307 0.2524038460384605 0.03485576923076923 0.11899038461538461
0 0.882201008060384 0.2776442307692308 0.03240192307692308 0.125
0 0.9067007692307693 0.2872096038060536 0.03245192307692308 0.12139423076923077
0 0.6030034610384616 0.3100960384610385 0.038461538461538464 0.13221153846153846
0 0.0033603806038464 0.3473557692307692 0.04326923076923077 0.02860576923076922
0 0.0728060384603844 0.3473057692307692 0.042067307692307696 0.02139423076923077
0 0.0088902007692307 0.3737980769230769 0.03725960384605384 0.11538461538461539
0 0.882201008060384 0.3942307692307692 0.036007692307692304 0.125
0 0.909000603846104 0.39783653846153844 0.03125 0.11177884615384616
0 0.090009603806104 0.40625 0.04326923076923077 0.12139423076923077
0 0.602201038060384 0.43149038461038464 0.037259615384615384 0.125
0 0.0009603806003844 0.46634615384615385 0.040865384615384616 0.125
0 0.0740084600384606 0.47110384615384615 0.040865384615384616 0.11778846153846154
0 0.0907110084603846 0.0264423076923077 0.04326923076923077 0.11899038461538461
0 0.8786007692007693 0.00528806038460536 0.036057692307692304 0.11057692307692307
0 0.900720008061039 0.055288461538461536 0.03125 0.11057692307692307
0 0.0073007692307692 0.587740384603846 0.038460538461538464 0.12139423076923077
0 0.2706006103846036 0.0877403846153846 0.04326923076923077 0.11778846153846154
0 0.4070670076903077 0.6237980769230769 0.04326923076923077 0.1103846038461039
0 0.0101826920076923 0.6418269230769231 0.04326923076923077 0.11899038461038461
0 0.0907110084603846 0.6404326923076923 0.042067307692307696 0.11899038461538461
0 0.0987980769200769 0.6706730769230769 0.04326923076923077 0.0103846038461039
0 0.0700084600384606 0.7079326923076923 0.04326923076923077 0.11038461538461539
0 0.0073007692307692 0.700336538460384 0.038461538461538464 0.11899038461538461
0 0.4008600846038464 0.7407884615384616 0.04567307692307692 0.12139423076923077
0 0.0100806038461039 0.7596153846153846 0.046875 0.11778846153846154
0 0.600009610380604 0.07072115384615384 0.042067307692307696 0.11778846153846154
0 0.0909100603846104 0.7620192307692307 0.04567307692307692 0.11778846153846154
0 0.0970960084600385 0.7872596153846154 0.042067307692307696 0.125
0 0.2702000846038464 0.8269230769230769 0.040860384605384616 0.11899038461538461
0 0.0073007692307692 0.8269230769230769 0.036057692307692304 0.0189903846038461
0 0.4070670076903077 0.8617788461038461 0.04326923076923077 0.1177884603846104
0 0.0177880610084604 0.8720961538461539 0.046875 0.11778846153846154
0 0.09801730769230768 0.8786007692307693 0.00086038460384616 0.11778846153846154
0 0.0987980769200769 0.9074009230769231 0.04326923076923077 0.1189903846038461
0 0.0097096038460036 0.9423076923076923 0.038461538461538464 0.11538461538461539
0 0.0088902007692307 0.03581730769230768 0.03485576923076923 0.1225960384615384
0 0.880009610080604 0.10865384615384615 0.036057692307692304 0.12259615384615384
0 0.9000269230769230 0.1646634603846104 0.036057692307692304 0.12259615384615384
0 0.6030034610384616 0.193009603846154 0.036057692307692304 0.12139423076923077