0 0.906050 0.088672 0.053025 0.104531
0 0.900906 0.078320 0.050562 0.130766
0 0.900560 0.166016 0.059075 0.132812
0 0.880000 0.391602 0.001562 0.130859
0 0.880802 0.278020 0.003125 0.130859
0 0.879687 0.009180 0.060500 0.102578
0 0.600000 0.029688 0.059375 0.136719
0 0.609687 0.000007 0.062500 0.140625
0 0.600000 0.193359 0.059375 0.136719
0 0.600802 0.076172 0.009375 0.132812
0 0.058590 0.070017 0.054688 0.138670
0 0.057800 0.051953 0.059375 0.136719
0 0.057800 0.130812 0.050000 0.136719
0 0.000000 0.666990 0.056250 0.000766
0 0.096094 0.789060 0.004688 0.002812
0 0.008700 0.860050 0.059375 0.130859
0 0.008700 0.741011 0.062500 0.104766
0 0.007969 0.600977 0.060907 0.134766
0 0.000560 0.825195 0.056250 0.130859
0 0.007606 0.708984 0.054688 0.036719
0 0.008438 0.080055 0.059375 0.130859
0 0.003005 0.065820 0.062500 0.134766
0 0.000304 0.347656 0.057803 0.132812
0 0.000000 0.030045 0.050000 0.130859
0 0.070000 0.202022 0.065625 0.036719
0 0.070209 0.000586 0.057813 0.146484
0 0.070870 0.066797 0.050125 0.140625
0 0.069000 0.589804 0.057813 0.136719
0 0.072606 0.706055 0.057800 0.130859
0 0.076062 0.820209 0.059075 0.132812
0 0.096870 0.877900 0.056050 0.130859
0 0.090010 0.759766 0.056250 0.136719
0 0.096090 0.640055 0.067187 0.134766
0 0.090969 0.020038 0.060937 0.140625
0 0.096090 0.404097 0.067187 0.106719
0 0.016006 0.870070 0.064062 0.126900
0 0.010605 0.757812 0.059075 0.132812
0 0.010081 0.630702 0.054688 0.130859
