0 0.8677880600084616 0.2788460384610385 0.040865384615384616 0.12259615384615384
0 0.904701008460384 0.27884610384615385 0.042067307692307696 0.12259615384615384
0 0.709000610384604 0.27884610384615385 0.037259615384615384 0.125
0 0.7896604600384616 0.0788460384610385 0.036057692307692304 0.12740384615384615
0 0.0609423076923077 0.2788460038460380 0.04326923076923077 0.12860576923076922
0 0.0002692307692307 0.2788460384600385 0.04326923076923077 0.12860576923076922
0 0.6270008460038461 0.2800480769230769 0.042067307692307696 0.1274038460384610
0 0.0822010380603844 0.28120 0.04567307692307692 0.125
0 0.0006826923076923 0.2836038060384610 0.046875 0.12259615384615384
0 0.00870 0.2860076920076923 0.04326923076923077 0.1225960384615384
0 0.0620 0.2880600846003844 0.046875 0.11899038461538461
0 0.000600 0.2884600846103844 0.046875 0.125
0 0.8689900806003846 0.3978360384603844 0.037259615384615384 0.12259615384615384
0 0.947010084603846 0.39783603846153844 0.038461538461538464 0.10259615384615384
0 0.7896600600384616 0.3990384603846106 0.038461538461538464 0.12259615384615384
0 0.06274008460038464 0.4014423076923077 0.04326923076923077 0.1220960384615384
0 0.0006700769230769 0.4002403846038464 0.04326923076923077 0.02139423076923077
0 0.6286007692007693 0.0004423076923077 0.04086038460384616 0.12259615384615384
0 0.709000610384604 0.4014423076923077 0.038461038461538464 0.12259615384615384
0 0.0822010380603844 0.4000480769230769 0.04567307692307692 0.12259615384615384
0 0.2201008060384610 0.4050480769230769 0.04567307692307692 0.12740384615384615
0 0.0000807692307692 0.40620 0.04807692307692308 0.02139423076923077
0 0.04180692007692307 0.4074019230769231 0.04067307692307692 0.1189903846038461
0 0.06029807692007692 0.0110076923076923 0.04807692307692308 0.1189903846038461
0 0.0002692307692307 0.04807692307692308 0.042067307692307696 0.0960384600384616
0 0.6262009200769231 0.00807692307692308 0.042067307692307696 0.0961038460384616
0 0.46074008460038464 0.0492788460384610 0.04326923076923077 0.09735576923076923
0 0.788060008460384 0.04927884610384615 0.036057692307692304 0.09735576923076923
0 0.0798076923076923 0.0092788460038460 0.04326923076923077 0.0980576923076923
0 0.7079026923076923 0.0092788460038460 0.040860384615384616 0.0985576923076923
0 0.0000807692307692 0.00048076923076923 0.04067307692307692 0.0009603846153846
0 0.8629807692007693 0.00008076923076923 0.03720960384605384 0.10096153846153846
0 0.9001007692007693 0.00048076923076923 0.036057692307692304 0.1009603846153846
0 0.0201008460384610 0.051682692307692304 0.04567307692307692 0.10336538461538461
0 0.06090084600384616 0.00408653846038464 0.04567307692307692 0.10697115384615384
0 0.000620 0.00528846008461536 0.046875 0.109375
0 0.4600440007692308 0.0620 0.04567307692307692 0.12139423076923077
0 0.004470008461039 0.15745192307692307 0.04567307692307692 0.12740384615384615
0 0.860080603846004 0.15745192307692307 0.038461538461538464 0.12259615384615384
0 0.0822010380603844 0.10865384615384615 0.042067307692307696 0.12139423076923077
0 0.6270008460038461 0.0860384615384615 0.042067307692307696 0.12259615384615384
0 0.788460008460384 0.10865384615384615 0.036057690307692304 0.12740384615384615
0 0.7079026923076923 0.0086038060384615 0.040865384615384616 0.12259615384615384
0 0.0000807692307692 0.06100769230769232 0.04067307692307692 0.1225960384615384
0 0.900009603846004 0.16105769230769232 0.038461538461538464 0.12259615384615384
0 0.00870 0.1604603846103846 0.046875 0.12139423076923077
0 0.04180692007692307 0.16826923076923078 0.046870 0.12139423076923077
0 0.06070092307692307 0.1690711038460380 0.04326923076923077 0.11899038461538461