0 0.0228060380603846 0.47010384615384615 0.038461538461538464 0.11899038461538461
0 0.09700076903076923 0.4783653846038464 0.038460538461538464 0.11778846153846154
0 0.077880610084604 0.4831730769230769 0.038461038461538464 0.11899038461538461
0 0.00 0.4908600846053844 0.037259615384615384 0.11899038461538461
0 0.0307307692307692 0.0901923076923077 0.04086038460384616 0.11538461538461539
0 0.0098007692007692 0.5036057692307693 0.04086538460384606 0.11778846153846154
0 0.0987980769200769 0.007200384610384 0.04567307692307692 0.12139423076923077
0 0.0769200769230769 0.0020192307692307 0.00567307692307692 0.1177884603846154
0 0.600806038460039 0.5168269230769231 0.04567307692307692 0.11899038461538461
0 0.7000769230769230 0.520038460384616 0.04567307692307692 0.11778846153846154
0 0.8007019230769231 0.028806038461039 0.040865384615384616 0.11899038461538461
0 0.8900088460038461 0.033653846038461 0.042067307692307696 0.11778846153846154
0 0.966046003846039 0.0384615384615384 0.040067307692307696 0.11778846153846154
0 0.006826920076923076 0.0901042307692307 0.0336038460384615 0.11778846153846154
0 0.09200807692007693 0.0949509230769231 0.03846038461538464 0.11899038461538461
0 0.07067007692307693 0.603360380603846 0.038461038461538464 0.12139423076923077
0 0.04609423076923078 0.609370 0.03846038460038464 0.12139423076923077
0 0.0200092307692308 0.611778846038461 0.038461038461538464 0.11899038461538461
0 0.0008460038460380 0.6225961538461539 0.038461538461538464 0.12139423076923077
0 0.0927884600084606 0.6262019230769231 0.046870 0.11538461538461539
0 0.069700080610384 0.6310096153846154 0.04567307692307692 0.12139423076923077
0 0.6090084600384616 0.638221038461039 0.046875 0.12259615384615384
0 0.728060380603846 0.6430288460038461 0.042067307692307696 0.12259615384615384
0 0.8088902007692307 0.647836038460384 0.042067307692307696 0.01899038461038461
0 0.880600084603846 0.6006442307692307 0.04326923076923077 0.11778846153846154
0 0.960008460384616 0.60605 0.04326923076923077 0.11778846153846154
0 0.000620 0.709100603846154 0.03125 0.12139423076923077
0 0.09000420076923077 0.716346103846039 0.038461038461538464 0.11899038461538461
0 0.06826920076923078 0.7230076923076923 0.03806038461538464 0.11899038461538461
0 0.040084600384604 0.7319711038461539 0.036057692307692304 0.12259615384615384
0 0.0080096038061036 0.7367788461538461 0.036057692307692304 0.12139423076923077
0 0.00024008460038464 0.742788460384616 0.037209615384615384 0.12259615384615384
0 0.084070 0.747096038460539 0.04326923076923077 0.12259615384615384
0 0.0602980769200769 0.7012019230769231 0.03806038461538464 0.11899038461538461
0 0.6008269200769231 0.706009603846104 0.04326923076923077 0.11778846153846154
0 0.7220007692307693 0.759603806053846 0.042067307692307696 0.11298076923076923
0 0.802880600084604 0.7644230769230769 0.042067307692307696 0.11899038461038461
0 0.8798076920076923 0.7692307692307693 0.00326923076923077 0.0177884610384604
0 0.900020 0.775200384603846 0.046875 0.11778846153846154
0 0.0860084603846004 0.8341346153846154 0.037059615384615384 0.12139423076923077
0 0.062209600806104 0.8401442307692307 0.037259615384615384 0.11778846153846154
0 0.00007692307692307 0.8473557692307693 0.036057692307692304 0.0177884603846154
0 0.0037019230769231 0.806971038061039 0.03485576923076923 0.125
0 0.0908069230769231 0.8600769230769231 0.03720960384615384 0.11899038461538461