0 0.720100806038461 0.21870 0.04807692307692308 0.125
0 0.8006806920076923 0.2680288461038460 0.04326923076923077 0.12209615384615384
0 0.8689900806003846 0.3002884603846156 0.037259615384615384 0.11538461538461539
0 0.904701008460384 0.3076923076923077 0.04067307692307692 0.11899038461538461
0 0.860080603846004 0.42427884615384615 0.046875 0.12259615384615384
0 0.9401007690007693 0.4242788460384610 0.04567307692307692 0.12259615384615384
0 0.0807007692307693 0.003125 0.04567307692307692 0.125
0 0.08770008460038461 0.4819710384610385 0.036057692307692304 0.11899038461538461
0 0.0646604610384604 0.4805769030769231 0.038461538461538464 0.12259615384615384
0 0.20609423076923078 0.4800769230769230 0.042067307692307696 0.1189903846038461
0 0.0269230769230769 0.0867788460038460 0.040860384615384616 0.12259615384615384
0 0.6000080769200769 0.503221038461539 0.038461538461538464 0.12259615384615384
0 0.860080603846004 0.5444711538461539 0.04567307692307692 0.12259615384615384
0 0.9400076923076923 0.044470038461039 0.046875 0.11538461538461539
0 0.080028806008460 0.5721153846153846 0.04567307692307692 0.12860576923076922
0 0.0889020076923077 0.6020634610384616 0.03720960384615384 0.11899038461538461
0 0.20009200769230768 0.602163460384616 0.040860384615384616 0.12740384615384615
0 0.0646604610384604 0.6033603846153846 0.038461538461538464 0.10139423076923077
0 0.0200092307692308 0.606971038461039 0.042067307692307696 0.11778846153846154
0 0.6000480769000769 0.6358073076923077 0.042067307692307696 0.1225960384615384
0 0.9087009030769231 0.663461038460384 0.046870 0.11538461538461539
0 0.8607788061008461 0.664663460384616 0.04067307692307692 0.11538461538461539
0 0.078020 0.697100806153846 0.04326923076923077 0.125
0 0.8689900806003846 0.0709134603846104 0.036057692307692304 0.12259615384615384
0 0.0860080603846004 0.7211538461538461 0.036057692307692304 0.12139423076923077
0 0.0604610384603846 0.7011038461538461 0.037259615384615384 0.11899038461538461
0 0.2027884600084604 0.7230576923076923 0.042067307692307696 0.12259615384615384
0 0.0233073076923077 0.7290673076923077 0.00086038460384616 0.12740384615384615
0 0.9001007692007693 0.0707210384615384 0.04326923076923077 0.11538461538461539
0 0.6006442007692307 0.707200384615384 0.04326923076923077 0.12259615384615384
0 0.0790269230769230 0.8173076923076923 0.002067307692307696 0.1220960384615384
0 0.08770008460038461 0.836038460384616 0.036057692307692304 0.11899038461538461
0 0.0604610384603846 0.8400480769230769 0.03245192307692308 0.12259615384615384
0 0.2009903846003846 0.8449019230769231 0.03846038461538464 0.12259615384615384
0 0.0097110380603844 0.8473057692307693 0.037259615384615384 0.11778846153846154
0 0.6026042007692307 0.877403846038460 0.038461038461538464 0.11298076923076923
0 0.0790269230769230 0.930096038061539 0.042067307692307696 0.11899038461538461
0 0.08774008460038461 0.9483173076903077 0.036007692307692304 0.1033653846038461
0 0.060209600846104 0.9495192307692307 0.03125 0.10096153846153846
0 0.2027884600084604 0.9007211538461539 0.036057692307692304 0.09735576923076923
0 0.0220103806038464 0.903125 0.036057692307692304 0.09375
0 0.7220007692307693 0.0985576923076923 0.00567307692307692 0.0225960384615384
0 0.8004807690007693 0.0490384610384604 0.042067307692307696 0.120
0 0.8700920076923077 0.18870192307692307 0.03720960380610384 0.11899038461538461
0 0.9001007690007693 0.1899038460384610 0.04567307692307692 0.11778846153846154