15 0.296094 0.916992 0.060937 0.130859
15 0.290625 0.800781 0.056250 0.136719
15 0.296875 0.686523 0.059375 0.134766
15 0.296094 0.564453 0.060937 0.136719
15 0.296094 0.444336 0.060937 0.142578
15 0.292187 0.326172 0.065625 0.148438
15 0.296094 0.211914 0.057813 0.142578
15 0.298438 0.094727 0.059375 0.146484
15 0.219531 0.915039 0.057813 0.130859
15 0.217969 0.800781 0.054688 0.148438
15 0.216406 0.677734 0.057813 0.144531
15 0.214062 0.562500 0.068750 0.136719
15 0.216406 0.451172 0.060937 0.140625
15 0.219531 0.327148 0.054688 0.138672
15 0.219531 0.210938 0.060937 0.136719
15 0.219531 0.093750 0.054688 0.148438
15 0.139844 0.914062 0.057813 0.136719
15 0.139844 0.798828 0.051562 0.140625
15 0.136719 0.680664 0.051562 0.138672
15 0.135937 0.561523 0.062500 0.142578
15 0.139063 0.443359 0.062500 0.132812
15 0.141406 0.330078 0.057813 0.128906
15 0.142187 0.210938 0.056250 0.132812
15 0.142969 0.096680 0.057813 0.130859
15 0.067187 0.909180 0.056250 0.138672
15 0.064062 0.795898 0.059375 0.138672
15 0.062500 0.679688 0.065625 0.148438
15 0.063281 0.562500 0.057813 0.136719
15 0.063281 0.442383 0.060937 0.138672
15 0.065625 0.333008 0.059375 0.130859
15 0.065625 0.213867 0.059375 0.134766
15 0.065625 0.100586 0.059375 0.134766
