0 0.969000 0.900109 0.007810 0.100031
0 0.890600 0.909080 0.006000 0.002578
0 0.900000 0.790009 0.009070 0.038670
0 0.906000 0.670898 0.060000 0.000809
0 0.900006 0.070800 0.060907 0.106484
0 0.800000 0.006870 0.065605 0.004501
0 0.800000 0.667969 0.060000 0.008008
0 0.808700 0.780027 0.062000 0.002078
0 0.800080 0.900300 0.060937 0.102078
0 0.700070 0.903300 0.009370 0.000578
0 0.700006 0.780000 0.064060 0.036719
0 0.706090 0.664060 0.064060 0.044000
0 0.700060 0.000900 0.068750 0.044501
0 0.700687 0.000808 0.060620 0.048408
0 0.608090 0.899004 0.064060 0.08000
0 0.660080 0.780227 0.000688 0.002078
0 0.660600 0.609080 0.060500 0.00090
0 0.670000 0.007009 0.060000 0.136719
0 0.670000 0.000060 0.060600 0.048408
0 0.680069 0.097800 0.060062 0.046484
0 0.680000 0.070781 0.060060 0.106719
0 0.070008 0.890078 0.068700 0.004530
0 0.080000 0.770090 0.067187 0.100031
0 0.080000 0.600000 0.064062 0.044031
0 0.088080 0.000080 0.060060 0.146484
0 0.090006 0.009080 0.064060 0.140078
0 0.098007 0.097800 0.068700 0.058200
0 0.600780 0.071870 0.070010 0.100600
