0 0.000056 0.073633 0.045312 0.142578
0 0.008280 0.309375 0.050688 0.144531
0 0.002969 0.203398 0.000562 0.138672
0 0.004000 0.112305 0.060937 0.134766
0 0.000700 0.670898 0.046875 0.138670
0 0.001560 0.550711 0.056250 0.138672
0 0.000781 0.009688 0.057810 0.136719
0 0.007001 0.309570 0.057813 0.130766
0 0.009075 0.188077 0.053105 0.134766
0 0.066006 0.069036 0.040310 0.130859
0 0.070038 0.634766 0.003005 0.136719
0 0.080000 0.510648 0.050000 0.104766
0 0.080070 0.397460 0.056050 0.142578
0 0.089804 0.072460 0.007810 0.134766
0 0.090969 0.060106 0.057810 0.132812
