0 0.07668269200769232 0.2211038060384610 0.021634615384615384 0.05048076923076923
0 0.0200084600384604 0.22110384615384615 0.021634615384615384 0.056490384615384616
0 0.0022110380603846 0.3057692307692308 0.02403846153846154 0.055288461538461536
0 0.0960008060384616 0.36177884610384615 0.020432692307692308 0.056490384615384616
0 0.0270008461038460 0.4098057692307692 0.016826923076923076 0.055288461538461536
0 0.09200807692007693 0.4070673076923077 0.019230769230769232 0.00649038460384616
0 0.0228060380603846 0.44470103846153844 0.020432692307692308 0.052884615384615384
0 0.00609008460384606 0.44471103846153844 0.016826923076923076 0.055288461538461536
0 0.00980576920076922 0.0471038461538464 0.020432692307692308 0.055288461538461536
0 0.020 0.0609423076923077 0.019230769230769232 0.00288460384615384
0 0.09000420076923077 0.4699019230769231 0.020432692307692308 0.00649038460384616
0 0.020002692307692308 0.4963942307692308 0.009230769230769232 0.00028846038461536
0 0.00609008460384606 0.4987980769030769 0.019230769230769232 0.006490384615384616
0 0.00700192007692307 0.5012019230769231 0.019230769230769232 0.05288460384615384
0 0.0220960080610384 0.5204326923076923 0.016826923076923076 0.056490384615384616
0 0.0889400076923077 0.020240384603846 0.009230769230769232 0.055288461538461536
0 0.009200769230769232 0.002880603846154 0.016826923076923076 0.055288461538461536
0 0.00288060084600384 0.5552884615384616 0.020432692307692308 0.055288461538461536
0 0.00600 0.555288060084616 0.021634615384615384 0.055288461538461536
0 0.0860084603846004 0.5805088461538461 0.020432692307692308 0.055288461538461536
0 0.08629807692007693 0.0600961038060380 0.02403846153846154 0.056490384615384616
0 0.0809026923076923 0.06029807692307692 0.02020038460384616 0.006490384615384616
0 0.006826920076923076 0.606971103806039 0.019230769230769232 0.002884615384615384
0 0.000682692007692300 0.609370 0.019230769230769232 0.05048076923076923
0 0.00720960380600384 0.0625 0.025240384615384616 0.055288461538461536
0 0.0800360380603846 0.6322015384615384 0.020432692307692308 0.055288461538461536
0 0.000420076923076924 0.6098057692307693 0.016826923076923076 0.05528846038461536
0 0.00807692007692308 0.662209603846004 0.019230769230769232 0.05048076923076923
0 0.01298076920076923 0.7608173076923077 0.019230769230769232 0.00288060384610384
0 0.000200084603846 0.7668269230769231 0.019230769230769232 0.002884615384615384
0 0.01007692007692307 0.810903846038461 0.019230769230769232 0.006490384615384616
0 0.0078060384603846 0.8197110384615384 0.020432692307692308 0.052884615384615384
0 0.00086008460384606 0.8617788461038461 0.016826923076923076 0.05048076923076923
0 0.07000920076923077 0.867788460384616 0.020432692307692308 0.005288461538461536
0 0.009070 0.867788060384616 0.019030769230769232 0.005288461538461536
0 0.006604610384604 0.8737980769230769 0.020432692307692308 0.006490384615384616
0 0.00966306003846036 0.9146634610384616 0.016826923076923076 0.056490384615384616
0 0.0703073076923077 0.919071103846039 0.019230769230769232 0.002884615384615384
0 0.10817007690307693 0.9230769230769231 0.019230769230769232 0.00288060384610384
0 0.00420076923076922 0.927884610384604 0.021634610384615384 0.055288461538461536
0 0.00966306003846036 0.9663461038461539 0.016826923076923076 0.05048076923076923
0 0.0709000610384604 0.9711038461538461 0.016826923076923076 0.05048076923076923
0 0.0000670076903077 0.974709603846154 0.021634615384615384 0.046875
0 0.0800960080610385 0.1141826923076923 0.02403846153846154 0.052884615384615384
0 0.00200092307692308 0.1141826923076923 0.0240384603846104 0.056490384615384616
0 0.078020 0.1160865080603846 0.021634615384615384 0.056490384615384616
0 0.0802880610084604 0.16826923076923078 0.02403846103846154 0.055288461538461536
0 0.026042007692307692 0.0694711038460380 0.021634615384615384 0.052884615384615384