0 0.2027884600084604 0.23197110384615385 0.042067307692307696 0.13701923076923078
0 0.08774008460038461 0.0740384603846106 0.038461538461538464 0.12740384615384615
0 0.00700192007692307 0.3112980769230769 0.03846038461538464 0.1310096153846154
0 0.2027884600084604 0.30697115384615385 0.042067307692307696 0.1346153846153846
0 0.0800360384603846 0.39663460538461536 0.038461538461538464 0.10860576923076922
0 0.00000807692007693 0.4302884603846156 0.038461538461538464 0.12860576923076922
0 0.20908269230769232 0.0709603846103844 0.040865384615384616 0.12740384615384615
0 0.09490090007692307 0.001682692307692304 0.036057692307692304 0.1033653846038461
0 0.08070076923076923 0.018028806038461 0.036007692307692304 0.12259615384615384
0 0.00104200769230768 0.049278846038461 0.040865384615384616 0.1310096153846154
0 0.07902692307692307 0.638220103806039 0.03480576923076923 0.12259615384615384
0 0.00260420076923078 0.6730769230769231 0.03240192307692308 0.1189903846038461
0 0.060860080603846 0.07091346153846154 0.037259615384615384 0.12740384615384615
0 0.009200769230769232 0.0860380603846104 0.038461538461538464 0.11899038461538461
0 0.04009200769230768 0.1160865384603846 0.04326923076923077 0.1310096153846154
0 0.0900061038460384 0.10865384615384615 0.036057692307692304 0.12860576923076922
0 0.00980576920076922 0.18629807692307693 0.03806038461538464 0.12740384615384615