15 0.486719 0.916992 0.064062 0.142578
15 0.397656 0.915039 0.060937 0.134766
15 0.321875 0.912109 0.059375 0.132812
15 0.239063 0.912109 0.053125 0.144531
15 0.159375 0.911133 0.040625 0.142578
15 0.083594 0.898438 0.057813 0.136719
15 0.482031 0.795898 0.060937 0.126953
15 0.651563 0.432617 0.050000 0.138672
15 0.651563 0.314453 0.056250 0.136719
15 0.653906 0.196289 0.057813 0.138672
15 0.660156 0.076172 0.054688 0.140625
15 0.585938 0.075195 0.059375 0.123047
15 0.578125 0.191406 0.065625 0.132812
15 0.578906 0.311523 0.057813 0.146484
15 0.575000 0.438477 0.065625 0.134766
15 0.571094 0.556641 0.054688 0.144531
15 0.570312 0.678711 0.065625 0.142578
15 0.487500 0.675781 0.065625 0.144531
15 0.489844 0.550781 0.057813 0.128906
15 0.492188 0.430664 0.062500 0.146484
15 0.489844 0.309570 0.057813 0.130859
15 0.496875 0.187500 0.059375 0.128906
15 0.498437 0.071289 0.059375 0.138672
15 0.417187 0.070312 0.056250 0.136719
15 0.414062 0.189453 0.059375 0.140625
15 0.410156 0.307617 0.057813 0.138672
15 0.410156 0.426758 0.057813 0.146484
15 0.405469 0.550781 0.057813 0.152344
15 0.402344 0.675781 0.057813 0.140625
15 0.406250 0.798828 0.056250 0.140625
15 0.321875 0.795898 0.056250 0.142578
15 0.321875 0.673828 0.056250 0.144531
15 0.324219 0.546875 0.054688 0.136719
15 0.327344 0.425781 0.064062 0.136719
15 0.326562 0.305664 0.056250 0.142578
15 0.332813 0.187500 0.056250 0.140625
15 0.332813 0.069336 0.050000 0.134766
15 0.256250 0.068359 0.053125 0.132812
15 0.250781 0.181641 0.054688 0.144531
15 0.248438 0.303711 0.050000 0.138672
15 0.247656 0.430664 0.060937 0.142578
15 0.242969 0.548828 0.051562 0.144531
15 0.239844 0.672852 0.060937 0.138672
15 0.239844 0.792969 0.048438 0.140625
15 0.160938 0.786133 0.043750 0.146484
15 0.078906 0.788086 0.054688 0.146484
15 0.081250 0.661133 0.046875 0.134766
15 0.160938 0.664062 0.050000 0.144531
15 0.164844 0.546875 0.051562 0.140625
15 0.084375 0.538086 0.056250 0.138672
15 0.087500 0.424805 0.050000 0.138672
15 0.164844 0.425781 0.051562 0.136719
15 0.166406 0.303711 0.054688 0.142578
15 0.171094 0.179688 0.051562 0.136719
15 0.092969 0.181641 0.057813 0.140625
15 0.089063 0.297852 0.053125 0.138672
