0 0.0044701008460380 0.22115384615384615 0.04807692307692308 0.11538461538461539
0 0.06274008460038464 0.2271634603846104 0.042067307692307696 0.12259615384615384
0 0.0002692307692307 0.22906730769230768 0.04086538460384606 0.12740384615384615
0 0.620 0.2009710380610385 0.04326923076923077 0.12139423076923077
0 0.01899008061038461 0.2836038460384615 0.04807692307692308 0.12139423076923077
0 0.00966306003846036 0.34134610384615385 0.04807690307692308 0.125
0 0.0002692307692307 0.3009603846053844 0.042067307692307696 0.125
0 0.6262009200769231 0.3021630603846106 0.04326923076923077 0.12259615384615384
0 0.0177880610084604 0.40384610384615385 0.04807692307692308 0.12740384615384615
0 0.20092007692307693 0.0302884610384606 0.04807692307692308 0.11899038461038461
0 0.00846003846038464 0.46103846153846156 0.04807690307692308 0.12740384615384615
0 0.0002692307692307 0.4747096038460536 0.042067307692307696 0.12860576923076922
0 0.6262009200769231 0.0709603846103844 0.04567307692307692 0.12740384615384615
0 0.2788060008460380 0.49399038461538464 0.04807692307692308 0.125
0 0.09901920076923078 0.055288060384616 0.04567307692307692 0.125
0 0.6207980769230769 0.099709603806054 0.04567307692307692 0.125
0 0.2760420076923077 0.606086038460384 0.05048076923076923 0.12740384615384615
0 0.097110080603846 0.6766826923076923 0.04326923076923077 0.12209615384615384
0 0.6200902307692307 0.724709603846104 0.046875 0.12860576923076922
0 0.0760009230769231 0.7367788061038461 0.04326923076923077 0.1220960384615384
0 0.2702000846038464 0.7403846003846154 0.051682692307692304 0.12860576923076922
0 0.097110084603846 0.7990788461038461 0.042067307692307696 0.12259615384615384
0 0.6200902307692307 0.846103846038461 0.042067307692307696 0.11899038461038461
0 0.0786007692307692 0.8600769230769230 0.00326923076923077 0.1274038460384615
0 0.2700084600384606 0.8600769230769231 0.04567307692307692 0.12259615384615384
0 0.097110084603846 0.901870 0.042067307692307696 0.125
0 0.6010902307692307 0.9019230769230769 0.04326923076923077 0.0960384610384616
0 0.0786007692307692 0.909030603846154 0.04326923076923077 0.08173076923076923
0 0.2728060380603844 0.9600384615384616 0.04567307692307692 0.07572115384615384
0 0.0830034610384606 0.1040673076923077 0.038461538461538464 0.12259615384615384
0 0.0600442007692308 0.10076923076923077 0.042067307692307696 0.125
0 0.0006700769230769 0.00817307692307693 0.03846038461538464 0.12740384615384615
0 0.6270008460038461 0.109370 0.042067307692307696 0.125