0 0.709009 0.880766 0.000060 0.140620
0 0.706000 0.760608 0.006050 0.008672
0 0.760709 0.600008 0.060907 0.100809
0 0.766006 0.000003 0.067087 0.036719
0 0.770870 0.007007 0.006200 0.000766
0 0.670870 0.879880 0.009070 0.030766
0 0.670009 0.760719 0.007810 0.100600
0 0.680090 0.600600 0.060907 0.034766
0 0.680006 0.000080 0.060907 0.108906
0 0.689800 0.406000 0.060907 0.040600
0 0.600908 0.000300 0.003000 0.126903
0 0.608090 0.008055 0.050688 0.046484
0 0.600000 0.607690 0.003005 0.138672
0 0.097606 0.708789 0.050688 0.006484
0 0.090969 0.870000 0.060907 0.000000
0 0.000080 0.871090 0.007810 0.104031
0 0.007088 0.700000 0.060605 0.106719
0 0.000009 0.602802 0.060062 0.144001
0 0.000000 0.000700 0.062500 0.008672
0 0.000000 0.390600 0.060062 0.102078
0 0.009804 0.700633 0.000060 0.030809
0 0.004000 0.600009 0.060937 0.038670
0 0.007606 0.480402 0.007800 0.040620
0 0.000004 0.060308 0.064062 0.044031
0 0.067088 0.080980 0.003000 0.100605
0 0.060908 0.697066 0.003000 0.000031
0 0.007800 0.800289 0.009070 0.130766
0 0.078906 0.800000 0.004688 0.006719
0 0.080800 0.696289 0.006200 0.008672
0 0.087000 0.078000 0.059075 0.006719
0 0.000780 0.700900 0.000688 0.002078
0 0.000687 0.600789 0.060600 0.002078
0 0.000606 0.097606 0.050688 0.028906
0 0.000000 0.080022 0.000120 0.128906
0 0.006709 0.060008 0.000688 0.140078
0 0.000700 0.004041 0.006000 0.102812
0 0.007606 0.001806 0.000688 0.138670
0 0.006000 0.080980 0.009375 0.000605
0 0.000906 0.000073 0.000688 0.030766
0 0.007800 0.006016 0.000100 0.100605
0 0.060006 0.090898 0.00060 0.000859
0 0.070090 0.081601 0.007810 0.108906
0 0.078906 0.067080 0.060060 0.030809
