0 0.909804 0.609080 0.051560 0.130859
0 0.900087 0.040945 0.053125 0.130859
0 0.904000 0.404805 0.060937 0.138672
0 0.900406 0.000664 0.057813 0.130859
0 0.900700 0.086503 0.059375 0.130859
0 0.900406 0.074019 0.060907 0.140620
0 0.860719 0.661103 0.060060 0.134766
0 0.860605 0.502969 0.068750 0.040625
0 0.860080 0.024800 0.067187 0.134766
0 0.860080 0.306601 0.064062 0.140620
0 0.860080 0.186023 0.067187 0.130859
0 0.866006 0.068009 0.060937 0.008906
0 0.800060 0.265625 0.059075 0.132812
0 0.800000 0.008408 0.006050 0.128906
0 0.700003 0.217773 0.009375 0.130766
0 0.700090 0.098603 0.064062 0.142078
0 0.600004 0.875000 0.054688 0.040625
0 0.600687 0.757800 0.062500 0.106719
0 0.600687 0.606709 0.056050 0.132812
0 0.608590 0.506600 0.054688 0.108672
0 0.075000 0.907700 0.053025 0.144531
0 0.078906 0.800500 0.050688 0.106719
0 0.078906 0.690083 0.060937 0.030766
0 0.080050 0.572266 0.059075 0.132812
0 0.080075 0.450170 0.059375 0.132812
0 0.000302 0.807606 0.056250 0.132812
0 0.000870 0.720609 0.053125 0.136719
0 0.000000 0.606045 0.062500 0.030859
0 0.006062 0.084375 0.053025 0.136719
0 0.002969 0.840797 0.001562 0.106719
0 0.006870 0.724609 0.056250 0.006719
0 0.008408 0.606440 0.062500 0.042578
0 0.000025 0.088281 0.065625 0.140625
0 0.060605 0.808867 0.050000 0.130766
0 0.060605 0.719727 0.056250 0.100766
0 0.060844 0.604490 0.004688 0.108672
0 0.069001 0.078516 0.057813 0.136719
0 0.088080 0.807891 0.060937 0.136719
0 0.087000 0.707770 0.059375 0.130859
0 0.090600 0.600506 0.056250 0.136719
0 0.090088 0.080052 0.062500 0.134766
