0 0.000908 0.006806 0.003000 0.126953
0 0.000006 0.090001 0.060937 0.108438
0 0.000090 0.270404 0.004688 0.104766
0 0.000090 0.000297 0.048408 0.128906
0 0.006870 0.000097 0.009075 0.140605
0 0.006090 0.070408 0.007803 0.136719
0 0.000087 0.090078 0.009070 0.136719
0 0.009800 0.008789 0.060907 0.034766
0 0.006709 0.606900 0.00060 0.100031
0 0.000090 0.708047 0.048438 0.040600
0 0.007800 0.866001 0.006000 0.106084
0 0.007800 0.707070 0.068700 0.006484
0 0.007000 0.600007 0.060937 0.036719
0 0.060709 0.007810 0.000688 0.108906
0 0.060907 0.093000 0.053005 0.030766
0 0.060060 0.070090 0.006870 0.040620
0 0.067087 0.000070 0.000105 0.130766
