0 0.8061007692007693 0.3882210380610385 0.040865384615384616 0.11899038461538461
0 0.7067788460038461 0.3930088460384610 0.042067307692307696 0.12139423076923077
0 0.0026923076923077 0.4022096038461036 0.040865384615384616 0.12139423076923077
0 0.808009600806104 0.5072115384615384 0.038461538461538464 0.11778846153846154
0 0.7090806923076923 0.009603846103846 0.037259615384615384 0.12139423076923077
0 0.0038940307692308 0.0324009230769231 0.04326923076923077 0.1189903846038461
0 0.6070009200769231 0.5661057692307693 0.042067307692307696 0.12139423076923077
0 0.808009600806104 0.6274038461538461 0.037259615384615384 0.11899038461538461
0 0.740084600384604 0.6098076923076923 0.037209615384615384 0.11538461538461539
0 0.662209600806004 0.6862980769230769 0.042067307692307696 0.11899038461538461
0 0.6298076920076923 0.0733073076923077 0.00086038460384616 0.11038461538461539
0 0.700084600384604 0.7470961538461539 0.038461538461538464 0.11899038461538461
0 0.8070076923076923 0.7087980769230769 0.03480076923076923 0.1038461538461539
0 0.884600084603846 0.78100 0.037259615384615384 0.11778846153846154
0 0.080028806008460 0.8052884615384616 0.042067307692307696 0.11899038461538461
0 0.662209600806004 0.8076923076923077 0.040865384615384616 0.11899038461538461
0 0.960008060384616 0.8269230769230769 0.03480576923076923 0.11538461538461539
0 0.20798076923076922 0.806970038061039 0.036057692307692304 0.11778846153846154
0 0.8009008461038461 0.867788460384616 0.03240192307692308 0.11538461538461539
0 0.7007884600084616 0.872096038461539 0.040865384615384616 0.12259615384615384
0 0.0088902307692308 0.8894230769230769 0.042067307692307696 0.01899038461038461
0 0.8804034610384616 0.899038460384616 0.036007690307692304 0.11538461538461539
0 0.080028806008460 0.9242788461538461 0.038461538461538464 0.11899038461538461
0 0.660460038460384 0.9042788461038461 0.038461538461538464 0.12259615384615384
0 0.960008060384616 0.9362980769230769 0.03480576923076923 0.11538461538461539