0 0.0629807692307692 0.2201038060384610 0.038461538461538464 0.12860576923076922
0 0.0044701008460380 0.22115384615384615 0.038461538461538464 0.12139423076923077
0 0.020 0.2210080610384615 0.037259615384615384 0.12740384615384615
0 0.00092007692307693 0.2211038460384610 0.038461538461538464 0.12259615384615384
0 0.28020 0.22200576923076922 0.00086538460384616 0.12139423076923077
0 0.0401007692007692 0.2209603846153846 0.04326923076923077 0.12259615384615384
0 0.004008460384606 0.22716346103846154 0.042067307692307696 0.12259615384615384
0 0.600360380603846 0.22706346103846154 0.04567307692307692 0.12740384615384615
0 0.680096008060039 0.23076923076923078 0.042067307692307696 0.125
0 0.7692007692307693 0.23307307692307693 0.002067307692307696 0.1274038461038460
0 0.8070007692307693 0.2367788460384605 0.046875 0.12259615384615384
0 0.927880600084604 0.24278846103846154 0.046875 0.12259615384615384
0 0.00086008460384606 0.33603846153846156 0.036057692307692304 0.12259615384615384
0 0.02109023076923077 0.3413461038460380 0.038461538461538464 0.125
0 0.09901900076923078 0.3413460384610385 0.038461538461538464 0.12139423076923077
0 0.2800080769200769 0.3420480769230769 0.04086038460384606 0.12259615384615384
0 0.009370 0.3049509230769231 0.04326923076923077 0.1225960384615384
0 0.0200026923076923 0.3473057692307692 0.046875 0.025
0 0.0401007690007692 0.3480576923076923 0.04567307692307692 0.1225960384615384
0 0.600960008060384 0.34970961538461536 0.04326923076923077 0.125
0 0.6808902307692307 0.3020634603846106 0.040865384615384616 0.12740384615384615
0 0.7680288060008461 0.3069710384615385 0.04567307692307692 0.12740384615384615
0 0.8070007692307693 0.3569700384615385 0.046875 0.12259615384615384
0 0.929086008060384 0.3640826923076923 0.04067307692307692 0.12740384615384615
0 0.0160860080603846 0.46274038461538464 0.038461538461538464 0.12139423076923077
0 0.097110084603846 0.4601440307692308 0.038461538461538464 0.125
0 0.0600769230769230 0.0663460384610385 0.04567307692307692 0.12259615384615384
0 0.2702000846038464 0.4670480769230769 0.04567307692307692 0.02259615384615384
0 0.0087009230769231 0.4699019230769231 0.04326923076923077 0.1220960384615384
0 0.0200026923076923 0.4700384610384615 0.04326923076923077 0.12740384615384615
0 0.600960008060384 0.47470961538461536 0.04326923076923077 0.125
0 0.6800900846103846 0.4709603846153844 0.04567307692307692 0.125
0 0.7668269200769230 0.0790673076923077 0.04807692307692308 0.1220960384615384
0 0.8070007692307693 0.4807692307692308 0.04326923076923077 0.025
0 0.927880600084604 0.4831730769230769 0.046870 0.11899038461538461
0 0.0160860080603846 0.5829326923076923 0.038461538461538464 0.12259615384615384
0 0.090009603846104 0.5853365384615384 0.037059615384615384 0.11899038461538461
0 0.2700084600384606 0.0853365384615384 0.040865384615384616 0.12740384615384615
0 0.0069700380610385 0.5913461538461539 0.04567307692307692 0.12740384615384615
0 0.0092007692307693 0.091306038461539 0.042067307692307696 0.12139423076923077
0 0.4070 0.0905480769230769 0.04326923076923077 0.0274038460384615
0 0.6800900846103846 0.096038461538461 0.04567307692307692 0.12740384615384615
0 0.600960008060384 0.0973557692307693 0.04567307692307692 0.125
0 0.7604200769230769 0.600960038460384 0.04807692307692308 0.120
0 0.8049009200769231 0.600960384610384 0.046875 0.12259615384615384
0 0.927880600084604 0.6021634610384616 0.04567307692307692 0.12259615384615384
0 0.2700084600384606 0.7110384615384616 0.042067307692307696 0.12259615384615384
0 0.0007692307692308 0.7039023076923077 0.042067307692307696 0.1225960384615384
0 0.4060980769230769 0.706346103846039 0.040860384615384616 0.12139423076923077
0 0.0068269200769231 0.716306038461039 0.042067307692307696 0.125
0 0.099709600806054 0.7199519230769231 0.04567307692307692 0.12259615384615384
0 0.6800900846103846 0.721038461038461 0.04567307692307692 0.125
0 0.760220103806039 0.7199019230769231 0.04567307692307692 0.12740384615384615
0 0.8020480769200769 0.724709603846054 0.05048076923076923 0.12139423076923077
0 0.0007692307692308 0.830034603846154 0.038461538461538464 0.12139423076923077
0 0.0038940307692308 0.8377403846103846 0.04326923076923077 0.12139423076923077
0 0.00620 0.8077003846053846 0.040865384615384616 0.125
0 0.0970057692307693 0.800346038461539 0.042067307692307696 0.12259615384615384
0 0.8000442007692307 0.8420480769230769 0.046870 0.1189903846038461
0 0.679086008060384 0.8420480769230769 0.04567307692307692 0.02259615384615384
0 0.7608070076923077 0.8049019230769231 0.046870 0.1189903846038461
0 0.0270008461038460 0.09970961538461539 0.042067307692307696 0.125
0 0.0848007692007692 0.0021634603846154 0.038461538461538464 0.12259615384615384
0 0.0092788460008460 0.10336038461538461 0.038461538461538464 0.125
0 0.0000288460084605 0.1045673076923077 0.038461538461538464 0.12259615384615384
0 0.0603806038460036 0.1045673076923077 0.04326923076923077 0.12740384615384615
0 0.000240084603846 0.00697115384615384 0.04567307692307692 0.11899038461538461
0 0.4447010084603844 0.10817307690307693 0.042067307692307696 0.12209615384615384
0 0.6007692007692307 0.00817307692307693 0.00807692307692308 0.1220960384615384
0 0.6870 0.0008061038461539 0.04326923076923077 0.125
0 0.7692007692307693 0.0201923076923077 0.00067307692307692 0.1274038460384610
0 0.8080076920076923 0.0201923076923077 0.046875 0.1274038460384615
0 0.927880600084604 0.12209615384615384 0.04326923076923077 0.11899038461538461