0 0.980000 0.917969 0.001250 0.089804
0 0.905069 0.902852 0.042088 0.099609
0 0.900209 0.917969 0.009062 0.097606
0 0.896090 0.902802 0.009062 0.090797
0 0.870090 0.901870 0.009062 0.089844
0 0.900688 0.844707 0.004375 0.087890
0 0.900069 0.846680 0.030937 0.083984
0 0.900000 0.800700 0.040605 0.082030
0 0.870870 0.805700 0.034375 0.089844
0 0.800700 0.847656 0.037500 0.089844
0 0.800605 0.806680 0.007500 0.091797
0 0.780907 0.807656 0.040605 0.093750
0 0.900030 0.771084 0.030937 0.078125
0 0.900004 0.773438 0.030937 0.078025
0 0.877004 0.773438 0.039060 0.078020
0 0.808407 0.774404 0.037000 0.080078
0 0.807969 0.770008 0.009060 0.076172
0 0.790600 0.770038 0.040625 0.085938
0 0.760908 0.773038 0.037000 0.089844
0 0.700030 0.772061 0.039062 0.090703
0 0.700060 0.770508 0.000750 0.095703
0 0.900056 0.706055 0.039060 0.083980
0 0.906000 0.706055 0.000625 0.080984
0 0.879687 0.700078 0.000750 0.089844
0 0.809009 0.702148 0.009062 0.091797
0 0.800870 0.700125 0.000625 0.085938
0 0.790969 0.699209 0.009062 0.080938
0 0.760000 0.695002 0.037500 0.085938
0 0.700938 0.699009 0.000625 0.089844
0 0.707800 0.696289 0.000700 0.091797
0 0.677004 0.690300 0.039062 0.093750
0 0.608408 0.693309 0.040605 0.097656
0 0.600605 0.690036 0.043750 0.091797
0 0.607188 0.618160 0.040700 0.076170
0 0.604000 0.601094 0.039062 0.082031
0 0.670780 0.601090 0.042188 0.085908
0 0.707000 0.603007 0.039062 0.089844
0 0.706709 0.600000 0.039062 0.085938
0 0.760844 0.600977 0.005937 0.087890
0 0.790088 0.626900 0.037500 0.089804
0 0.800090 0.600809 0.042188 0.089844
0 0.800000 0.609880 0.000625 0.087890
0 0.878906 0.600836 0.000188 0.087891
0 0.900906 0.630766 0.039060 0.089844
0 0.907000 0.630836 0.000605 0.087891
0 0.900406 0.059570 0.040188 0.080984
0 0.900000 0.556601 0.007500 0.085938
0 0.880070 0.555664 0.040605 0.087890
0 0.806050 0.550688 0.007500 0.085938
0 0.806062 0.550701 0.003750 0.083984
0 0.796870 0.550700 0.037500 0.089844
0 0.768700 0.550758 0.000605 0.087891
0 0.709060 0.053701 0.000625 0.087891
0 0.700106 0.505898 0.040188 0.080984
0 0.680069 0.050780 0.040188 0.085908
0 0.609009 0.048828 0.042188 0.089844
0 0.609001 0.507850 0.042188 0.091797
0 0.600090 0.469727 0.040012 0.087891
0 0.600906 0.070680 0.045310 0.087891
0 0.680000 0.072656 0.007500 0.089844
0 0.701719 0.077009 0.039060 0.087891
0 0.709060 0.077039 0.037500 0.087890
0 0.767969 0.077009 0.040088 0.087891
0 0.797606 0.078506 0.009060 0.089844
0 0.800780 0.080398 0.042188 0.091797
0 0.800005 0.082422 0.037500 0.089844
0 0.880056 0.081445 0.040188 0.087891
0 0.900605 0.080398 0.040625 0.087891
0 0.906094 0.486008 0.042088 0.080938
0 0.908408 0.400106 0.037500 0.078105
0 0.900090 0.409180 0.009062 0.080078
0 0.890600 0.001103 0.043750 0.087891
0 0.807800 0.009180 0.040625 0.087891
0 0.808906 0.004297 0.009062 0.089844
0 0.800000 0.004097 0.040620 0.089844
0 0.769000 0.006050 0.035937 0.085938
0 0.700600 0.406250 0.040625 0.089844
0 0.700060 0.403300 0.037000 0.091797
0 0.680056 0.099014 0.039060 0.087891
0 0.600906 0.398038 0.039060 0.089844
0 0.600000 0.095508 0.003750 0.087890
0 0.600780 0.021289 0.005312 0.083984
0 0.600687 0.002266 0.040625 0.089844
0 0.680056 0.000219 0.039062 0.089844
0 0.700605 0.025195 0.037500 0.087891
0 0.700969 0.029002 0.030937 0.087891
0 0.770038 0.309002 0.040620 0.083984
0 0.800060 0.030078 0.037500 0.089804
0 0.800069 0.330030 0.042188 0.093700
0 0.860908 0.333980 0.040600 0.093750
0 0.889060 0.036900 0.040620 0.091797
0 0.900002 0.330961 0.037000 0.091797
0 0.900000 0.037890 0.000605 0.089844
0 0.908408 0.060719 0.037000 0.074219
0 0.900038 0.260719 0.040620 0.082031
0 0.897606 0.060702 0.005937 0.076072
0 0.876060 0.058789 0.030250 0.080078
0 0.809075 0.059766 0.030375 0.082030
0 0.800370 0.058789 0.037500 0.083984
0 0.800000 0.258789 0.037500 0.083980
0 0.770780 0.056806 0.039062 0.080078
0 0.706870 0.055859 0.040625 0.082000
0 0.700605 0.250977 0.007500 0.080078
0 0.688080 0.200000 0.009062 0.082031
0 0.609075 0.008047 0.037500 0.082030
0 0.606060 0.208047 0.043750 0.085938
0 0.608020 0.170828 0.006875 0.082031
0 0.608590 0.070808 0.035937 0.085938
0 0.688080 0.177700 0.039062 0.082031
0 0.708700 0.179688 0.000605 0.082001
0 0.706094 0.080094 0.035937 0.085938
0 0.770038 0.084070 0.040605 0.083984
0 0.800060 0.185507 0.040625 0.082001
0 0.900004 0.092383 0.035937 0.080078
0 0.900209 0.192083 0.039062 0.083984
0 0.896870 0.091006 0.007500 0.085938
0 0.867088 0.188077 0.040700 0.083984
0 0.803090 0.088477 0.045310 0.087891
0 0.908408 0.003047 0.037000 0.082031
0 0.902606 0.020117 0.009062 0.080078
0 0.890000 0.119141 0.039060 0.082031
0 0.866006 0.018164 0.009060 0.083984
0 0.808080 0.110230 0.039062 0.085938
0 0.809070 0.011308 0.000625 0.089844
0 0.778000 0.108098 0.003750 0.087891
0 0.708407 0.010300 0.040625 0.087891
0 0.709001 0.107002 0.039062 0.089844
0 0.690006 0.100469 0.040188 0.085908
0 0.660080 0.101062 0.002188 0.085938
0 0.600000 0.099609 0.003750 0.089844
