0 0.06600076920076923 0.2700326923076923 0.04086038460384616 0.12740384615384615
0 0.00040269230769232 0.2728360384603844 0.040865384615384616 0.12259615384615384
0 0.00704807692007693 0.2764423076923077 0.03720960384615384 0.12740384615384615
0 0.0620 0.0930288060384600 0.037259615384615384 0.12259615384615384
0 0.00014420076923078 0.3904326923076923 0.03846038461538464 0.11899038461538461
0 0.00182692007692307 0.3904326923076923 0.03846038461038464 0.12740384615384615
0 0.024709600846004 0.04927884615384615 0.036057692307692304 0.0985576923076923
0 0.000200084603846 0.04927884610384615 0.036057692307692304 0.0985576923076923
0 0.0700100846038461 0.00048076923076923 0.037259615384615384 0.10096153846153846
0 0.0600960008060380 0.5096153846153846 0.036057692307692304 0.12139423076923077
0 0.0082211038060380 0.5108173076923077 0.038461538461538464 0.12259615384615384
0 0.00670076923076922 0.003221038461039 0.038461538461538464 0.12259615384615384
0 0.00889020076923077 0.627403846038460 0.037209615384615384 0.11899038461538461
0 0.00701923076923078 0.6270038461038461 0.03846038461038464 0.12740384615384615
0 0.000610384603846 0.7012019230769231 0.036057692307692304 0.12259615384615384
0 0.007692007692307696 0.7002019230769231 0.03085576923076923 0.1274038460384615
0 0.00889020076923077 0.860778846038461 0.03120 0.11899038461538461
0 0.0090084610384604 0.10865384615384615 0.040865384615384616 0.11899038461538461
0 0.0697010084603846 0.10865384615384615 0.037059615384615384 0.12259615384615384
0 0.02200076923076922 0.0985576923076922 0.042067307692307696 0.01778846153846154