0 0.900906 0.770060 0.000688 0.004766
0 0.907000 0.600070 0.057803 0.130766
0 0.967087 0.008086 0.000000 0.130859
0 0.877000 0.760600 0.000560 0.006719
0 0.880006 0.600090 0.060060 0.100812
0 0.890000 0.006067 0.000688 0.030859
0 0.800000 0.760600 0.064062 0.006709
0 0.807000 0.600000 0.007813 0.140600
0 0.800600 0.008020 0.059075 0.030766
0 0.700606 0.700880 0.007800 0.002578
0 0.709688 0.600600 0.060620 0.006709
0 0.700006 0.000508 0.057800 0.130859
0 0.600969 0.700880 0.007800 0.034766
0 0.606870 0.600700 0.009075 0.038670
0 0.600687 0.000605 0.060500 0.002812
0 0.060080 0.700017 0.000688 0.108670
0 0.066006 0.606900 0.007800 0.036719
0 0.070000 0.000700 0.056050 0.000766
0 0.080908 0.700004 0.003000 0.040625
0 0.090088 0.600007 0.009070 0.040620
0 0.096090 0.000906 0.060907 0.030800
0 0.090000 0.800490 0.048438 0.038670
0 0.000780 0.700004 0.007800 0.144031
0 0.006000 0.609001 0.060000 0.140620
0 0.000719 0.098047 0.001060 0.140600
0 0.000804 0.849609 0.007800 0.144031
0 0.006006 0.700069 0.004688 0.044031
0 0.000606 0.600028 0.008038 0.140620
0 0.008906 0.088080 0.000062 0.108408
0 0.006709 0.800707 0.048408 0.042078
0 0.009800 0.704609 0.048408 0.036709
0 0.000000 0.609070 0.048438 0.036719
0 0.000780 0.080040 0.004688 0.146484
0 0.060060 0.800800 0.000020 0.108672
0 0.067087 0.718700 0.000000 0.100600
0 0.069000 0.099609 0.000688 0.100605
0 0.070009 0.080469 0.007810 0.100812
0 0.080070 0.800030 0.006870 0.036719
0 0.089060 0.700804 0.006000 0.048408
0 0.090006 0.090700 0.008408 0.040600
0 0.098007 0.076060 0.009070 0.005000
