0 0.9070009200769231 0.2427884603846104 0.04567307692307692 0.11538461538461539
0 0.8269200769230769 0.2036007692307692 0.00807692307692308 0.0177884603846154
0 0.700084600384604 0.0492788461538461 0.04807692307692308 0.12259615384615384
0 0.7620092007692307 0.0620 0.006870 0.11298076923076923
0 0.9790670076903077 0.06370092307692307 0.04086038460384616 0.11538461538461539
0 0.7030730769230769 0.6670673076923077 0.00067307692307692 0.1220960384615384
0 0.9627000846003846 0.78120 0.04326923076923077 0.1177884603846154
0 0.700971103806039 0.7884610384615384 0.04567307692307692 0.12259615384615384
0 0.9067007692307693 0.899038060384606 0.04067307692307692 0.11899038461538461
0 0.720960080600384 0.9074519230769231 0.04326923076923077 0.11899038461538461
0 0.908600806038460 0.12740384610384615 0.042067307692307696 0.11899038461538461
0 0.806038060384606 0.13081730769230768 0.037259615384615384 0.11177884615384616