0 0.900870 0.916016 0.006875 0.102812
0 0.800000 0.907969 0.050000 0.105000
0 0.768700 0.907969 0.050000 0.100812
0 0.690969 0.907969 0.000688 0.106719
0 0.600106 0.915009 0.051560 0.102578
0 0.006560 0.908905 0.059375 0.130859
0 0.048407 0.906990 0.060625 0.134766
0 0.040088 0.790898 0.065625 0.104766
0 0.007004 0.800780 0.057813 0.136719
0 0.007004 0.678701 0.060937 0.142578
0 0.005000 0.550758 0.056250 0.102578
0 0.600060 0.429688 0.062000 0.140625
0 0.600000 0.550688 0.059075 0.148438
0 0.608090 0.670852 0.057800 0.138672
0 0.609070 0.796875 0.056050 0.000625
0 0.696870 0.008590 0.059375 0.036719
0 0.690000 0.030664 0.050000 0.142578
0 0.690969 0.056600 0.057810 0.136719
0 0.689804 0.680641 0.004688 0.140605
0 0.690600 0.799805 0.059075 0.030859
0 0.908906 0.806600 0.040012 0.152344
0 0.800000 0.800780 0.006875 0.106719
0 0.808407 0.676708 0.050000 0.040578
0 0.800005 0.557617 0.050000 0.130766
0 0.770606 0.798828 0.050688 0.006719
0 0.770000 0.677730 0.003125 0.144531
0 0.770038 0.057607 0.059375 0.146484
0 0.770009 0.404070 0.054688 0.154297
