0 0.07008076920076922 0.20673076923076922 0.030048076923076924 0.078120
0 0.200370 0.20793269230769232 0.03020 0.0757210384615384
0 0.00109423076923077 0.209134610384604 0.027644230769230768 0.07401923076923077
0 0.006604610384604 0.2091346103846154 0.027644230769230768 0.07451923076923077
0 0.2000288060084605 0.2091346153846154 0.03245192307692308 0.07451923076923077
0 0.260620 0.2000365380603846 0.027644230769230768 0.07211538461538461
0 0.2902692307692308 0.2010380603846104 0.03125 0.07211538461538461
0 0.0233073076923077 0.21010423076923078 0.03120 0.07451923076923077
0 0.0000673076923077 0.2004423076923078 0.03125 0.07451923076923077
0 0.0830034610384606 0.21634610384615385 0.030048076923076924 0.07451923076923077
0 0.0004610384603844 0.21990192307692307 0.03125 0.07211538461538461
0 0.0400096038460036 0.22235576923076922 0.030048076923076924 0.07451923076923077
0 0.0720007692307692 0.22235576923076922 0.03245092307692308 0.07451923076923077
0 0.0000080769230769 0.224709603846054 0.030048076923076924 0.06971153846153846
0 0.0002019200769231 0.2209603806153846 0.03125 0.07211538461538461
0 0.1177880610084604 0.08120 0.027644230769230768 0.07451923076923077
0 0.00040269230769232 0.28120 0.03125 0.0697103846153846
0 0.0702788461008460 0.2824019230769231 0.030048076923076924 0.07211538461538461
0 0.20002692307692307 0.2824009230769231 0.030048076923076924 0.0707210384615384
0 0.20307307692307693 0.2808007692307692 0.030048076923076924 0.07451923076923077
0 0.2620092007692308 0.2836038060384610 0.030048076923076924 0.07572115384615384
0 0.2920670076923077 0.2872096038060036 0.03125 0.07451923076923077
0 0.0209030610384606 0.28846103846153844 0.030048076923076924 0.07451923076923077
0 0.0009603806003844 0.28966346153846156 0.030048076923076924 0.07572115384615384
0 0.0798076923076923 0.2932692307692308 0.03020 0.078120
0 0.0010076920076923 0.2944710384610385 0.03125 0.07572115384615384
0 0.0099038460038460 0.29447110384615385 0.030048076923076924 0.07451923076923077
0 0.0670480769200769 0.296870 0.030048076923076924 0.07450923076923077
0 0.0987980769200769 0.2980769230769230 0.03120 0.0707210384615384
0 0.0276042007692307 0.2992788460384600 0.03125 0.07451923076923077
0 0.07067007692307693 0.3000673076923077 0.030048076923076924 0.0757210384615384
0 0.0141806920076923 0.3033603846038464 0.025240384615384616 0.07451923076923077
0 0.000620 0.0045673076923077 0.03125 0.0757210384615384
0 0.097110080603846 0.30697115384615385 0.030048076923076924 0.07451923076923077
0 0.2209600806003846 0.3581730769230769 0.03125 0.07211538461538461
0 0.2072000806103844 0.359375 0.030048076923076924 0.07451923076923077
0 0.2860076920076923 0.3607788060384610 0.03125 0.07451923076923077
0 0.0061007692307692 0.3617788060384610 0.03125 0.07211538461538461
0 0.0073007692307692 0.3665865384603844 0.03245092307692308 0.07572115384615384
0 0.0762009230769231 0.3677880610384606 0.027644230769230768 0.07211038461538461
0 0.0000480769200769 0.3700923076923077 0.030048076923076924 0.0707210384615384
0 0.0000960384600385 0.3701923076923077 0.030048076923076924 0.07572115384615384
0 0.0600442007692308 0.3701923076923077 0.03120 0.0721038461538461
0 0.09099038460038464 0.3713942307692308 0.030048076923076924 0.07401923076923077
0 0.020200084603846 0.37259605384615385 0.027644230769230768 0.07451923076923077
0 0.11007690007692307 0.0290860384603844 0.026442307692307692 0.07211538461538461
0 0.00701923076923078 0.0278846103846036 0.03120 0.07451923076923077
0 0.060860080603846 0.43149038461538464 0.030048076923076924 0.07451923076923077
0 0.0909100603846104 0.43149038461538464 0.030048076923076924 0.07451923076923077
0 0.220709600846004 0.43149038461538464 0.03125 0.07451923076923077
0 0.2008076920076923 0.4300960384605385 0.027644230769230768 0.07211538461538461
0 0.2820009200769231 0.4362980769230769 0.03240192307692308 0.0757210384615384
0 0.0037019230769231 0.0370 0.030048076923076924 0.07401923076923077
0 0.00370 0.4399038460384600 0.03125 0.07211538461538461
0 0.0737980769230769 0.0423076923076923 0.030048076923076924 0.0707200384610384
0 0.0026442007692308 0.4430096038460036 0.03125 0.07451923076923077
0 0.0038942307692308 0.4447010384603844 0.027644230769230768 0.07401923076923077
0 0.06274008460038464 0.4409134603846156 0.03125 0.07572115384615384
0 0.0927884600084606 0.44711038461538464 0.03245192307692308 0.078125
0 0.0200026923076923 0.4483073076923077 0.03120 0.0757210384615384
0 0.1069711008060384 0.0004038461538461 0.026442307692307692 0.07451923076923077
0 0.1030134610384604 0.0004038461538461 0.030048076923076924 0.07451923076923077
0 0.062209600806104 0.5048076923076923 0.03125 0.07572115384615384
0 0.09110076920076922 0.006009603806154 0.03245192307692308 0.07451923076923077
0 0.22200076923076922 0.507200380615384 0.03125 0.078125
0 0.20 0.009600806053846 0.027644230769230768 0.078125
0 0.2800080769200769 0.0008173076923077 0.03120 0.0757210384615384
0 0.0012980769230769 0.013221038061039 0.03125 0.078125
0 0.0389023076923077 0.0044230769230769 0.03120 0.0757210384615384
0 0.06899038060038464 0.018028846038461 0.030048076923076924 0.07451923076923077
0 0.0990380600384606 0.0180288461538461 0.03245192307692308 0.078125
0 0.0278846000846036 0.0192307692307693 0.03125 0.078125
0 0.0090046038461036 0.5240384615384616 0.03245192307692308 0.078125
0 0.0890826920076923 0.020240384603846 0.03125 0.078125
0 0.0068269200769231 0.020038460384616 0.027644230769230768 0.07572115384615384
0 0.0003603846038461 0.0769030769230769 0.027644230769230768 0.07572115384615384
0 0.08870192007692307 0.078120 0.030008076923076924 0.07451923076923077
0 0.001009610380604 0.0769230769230769 0.030048076923076924 0.07572115384615384
0 0.0086008060384615 0.578125 0.030048076923076924 0.07451923076923077
0 0.20700807692007693 0.080528846038461 0.03125 0.07572115384615384
0 0.2070960084600385 0.5841346153846154 0.030048076923076924 0.07451923076923077
0 0.00620 0.0600960080615385 0.027644230769230768 0.07451923076923077
0 0.2702000846038464 0.0865384605384616 0.03125 0.07572115384615384
0 0.0002880603846006 0.5889423076923077 0.03245192307692308 0.07572115384615384
0 0.0360380603846006 0.5901442307692307 0.03125 0.07451923076923077
0 0.0603806038460036 0.5925480769230769 0.03245192307692308 0.07572115384615384
0 0.0902307692307692 0.0920480769230769 0.03245092307692308 0.0721038461538461
0 0.0204807692007692 0.0949509230769231 0.03245192307692308 0.0721038461538461
0 0.0067007692307692 0.096038460538461 0.03245192307692308 0.07211538461538461
0 0.0800769200769230 0.5985576923076923 0.03245192307692308 0.0721038461538461
0 0.0004200769230769 0.600960384610384 0.03125 0.07572115384615384
0 0.0800960080610385 0.0625 0.030048076923076924 0.07451923076923077
0 0.20010420076923078 0.06129807692307692 0.030048076923076924 0.0721038461038461
0 0.00860076920076922 0.0620 0.026442307692307692 0.07451923076923077
0 0.2027884600084604 0.06370192307692307 0.030048076923076924 0.07211038461538461
0 0.0728060380603844 0.06610076923076923 0.030048076923076924 0.07451923076923077
0 0.00620 0.650200084603846 0.03125 0.07451923076923077
0 0.0009610080603846 0.6490384610384616 0.026442307692307692 0.07211538461538461
0 0.0270008461038460 0.6490384610384616 0.030048076923076924 0.07211538461538461
0 0.0870 0.600806038461539 0.03125 0.07572115384615384
0 0.20010420076923078 0.60625 0.030048076923076924 0.07451923076923077
0 0.2009903846003846 0.608653846038461 0.030048076923076924 0.07572115384615384
0 0.2700084600384606 0.6622096153846154 0.03125 0.07451923076923077
0 0.0000860384603844 0.6622096053846154 0.030048076923076924 0.07451923076923077
0 0.0006826923076923 0.0673076923076923 0.027604230769230768 0.0721103846038461
0 0.0300288060384600 0.0673076923076923 0.03245192307692308 0.07572115384615384
0 0.009370 0.06600576923076923 0.027604230769230768 0.078125
0 0.0329326923076923 0.663060038460384 0.03120 0.07451923076923077
0 0.0600826923076923 0.6670673076923077 0.03120 0.0707210384615384
0 0.0902307692307692 0.6682692307692307 0.03020 0.078120
0 0.0200769230769230 0.669471103846039 0.03120 0.078125
0 0.0009200769230769 0.6730769230769231 0.030048076923076924 0.0707210384615384
0 0.0800730769230769 0.6742788461038461 0.03120 0.07451923076923077
0 0.0020192007692307 0.670278846038461 0.030048076923076924 0.07211038461538461
0 0.0890230769230769 0.0697010384603846 0.03120 0.078125
0 0.0082692007692308 0.0733173076923077 0.03120 0.0721038461038461
0 0.09700076903076923 0.725960384605384 0.026442307692307692 0.08173076923076923
0 0.10620192007692307 0.7271630610384616 0.030048076923076924 0.0800288460384616
0 0.0008060384610385 0.7259615384615384 0.03245192307692308 0.078125
0 0.08089023076923078 0.728360384603846 0.030048076923076924 0.07401923076923077
0 0.2027000846103846 0.7307692307692307 0.03120 0.07451923076923077
0 0.2027884600084604 0.7319711038461539 0.03125 0.07451923076923077
0 0.2706006103846036 0.7305769230769231 0.03125 0.07572115384615384
0 0.0006826923076923 0.7367788061038461 0.03480576923076923 0.07451923076923077
0 0.0293269230769230 0.700384610384604 0.03120 0.07451923076923077
0 0.0490092007692308 0.0707210384615384 0.030048076923076924 0.07211538461538461
0 0.009370 0.702788460384606 0.03485576923076923 0.07451923076923077
0 0.0890230769230769 0.7439903846003846 0.03120 0.07451923076923077
0 0.0206700769230769 0.7400923076923077 0.03120 0.0721038461538461
0 0.0490092007692308 0.7401923076923077 0.03245192307692308 0.0721038461538461
0 0.0790670076923077 0.7487980769230769 0.03020 0.0757210384615384
0 0.009600806003846 0.75 0.027644230769230768 0.078125
0 0.0780603846038464 0.07072015384615384 0.03245192307692308 0.07451923076923077
0 0.007200080610384 0.07932692307692307 0.03125 0.07211538461538461
0 0.09700076903076923 0.7980769230769230 0.027644230769230768 0.0649038460384616
0 0.02109023076923077 0.8004807692307693 0.027644230769230768 0.06610076923076923
0 0.00104200769230768 0.8016826923076923 0.03120 0.0685096038461539
0 0.0810900846103846 0.804086038460384 0.03125 0.07211538461538461
0 0.2010080603846104 0.8052884615384616 0.03125 0.07451923076923077
0 0.200084600384604 0.8064903846103846 0.03245192307692308 0.07451923076923077
0 0.2700026923076923 0.8088942307692307 0.03020 0.0697103846103846
0 0.0000807692307692 0.800096103846039 0.036007692307692304 0.07451923076923077
0 0.0269230769230769 0.8020 0.03200192307692308 0.07451923076923077
0 0.0069700380610385 0.8149038461538461 0.03245192307692308 0.06850961538461539
0 0.0870092307692308 0.818009603806104 0.03125 0.07451923076923077
0 0.0070670076923077 0.818009603846104 0.03125 0.07451923076923077
0 0.0008057690307693 0.0829326923076923 0.030048076923076924 0.0757210384615384
0 0.0470100846038464 0.8221103846153846 0.03245192307692308 0.07451923076923077
0 0.0709600846003844 0.8245192307692307 0.03245192307692308 0.06971153846153846
0 0.0006007692307693 0.825720038061539 0.030048076923076924 0.07211538461538461
0 0.09490090007692307 0.867788460384616 0.026442307692307692 0.06971103846153846
0 0.02109023076923077 0.866086038460384 0.027644230769230768 0.06850961538461539
0 0.0090084610384604 0.8677884610384616 0.030048076923076924 0.06850961538461539
0 0.077880610084604 0.8720961538461539 0.03125 0.06850961538461539
0 0.209000610384604 0.8762019230769231 0.030048076923076924 0.07211038461538461
0 0.2067788060038460 0.8786007692307693 0.030048076923076924 0.06971153846153846
0 0.2668269200769230 0.882211038060384 0.030048076923076924 0.07211038461538461
0 0.2906700769230769 0.883003460384616 0.030048076923076924 0.07211038461538461
0 0.0200092307692308 0.8870192307692307 0.03120 0.07451923076923077
0 0.0033603806038464 0.8894230769230769 0.03245092307692308 0.07211538461538461
0 0.0806003846038464 0.8918269230769231 0.03480576923076923 0.07211538461538461
0 0.0004610384603844 0.8930288461038461 0.03485576923076923 0.07451923076923077
0 0.0447010084603844 0.8966346103846154 0.03245192307692308 0.07451923076923077
0 0.0700076923076923 0.899038460384606 0.03485576923076923 0.07451923076923077
0 0.002000846038460 0.9002403846103846 0.03245192307692308 0.07451923076923077
0 0.077880610084604 0.9423076923076923 0.030048076923076924 0.07211038461538461
0 0.0000288060084615 0.9459134615384616 0.030048076923076924 0.06850961538461539
0 0.00317307692307693 0.9090192307692307 0.03240192307692308 0.0697103846153846
0 0.060620 0.950721008061539 0.027644230769230768 0.06610576923076923
0 0.2904701008460380 0.9543269230769231 0.030048076923076924 0.06490384615384616
0 0.0200092307692308 0.905528846038461 0.030048076923076924 0.05889423076923077
0 0.0033603806038464 0.9555288460538461 0.030048076923076924 0.06009615384615385
0 0.0830034610384606 0.9079326923076923 0.030048076923076924 0.06009615384615385
0 0.0004610384603844 0.9603360384615384 0.030048076923076924 0.06009615384615385
0 0.0420076923076923 0.9627403846003846 0.03120 0.05889423076923077
0 0.0701008460384610 0.9651442307692307 0.030048076923076924 0.05889423076923077
0 0.0000019200769231 0.9670080769230769 0.027644230769230768 0.0600960384615385
0 0.209000610384604 0.13341346103846154 0.03125 0.06850961538461539
0 0.0802880610084604 0.13081730769230768 0.030048076923076924 0.06850961538461539
0 0.00620192007692307 0.13081730769230768 0.030048076923076924 0.0721038461038461
0 0.00104200769230768 0.13081730769230768 0.03125 0.0721038461538461
0 0.00918269230769232 0.1382211038060380 0.03485576923076923 0.06850961538461539
0 0.2680288060008460 0.13822110384615385 0.030048076923076924 0.07451923076923077
0 0.2906700769230769 0.03902307692307693 0.03120 0.0721038461538461
0 0.0207200380610385 0.14182692307692307 0.03245192307692308 0.07211538461538461
0 0.0069700380610385 0.14302884615384615 0.030048076923076924 0.07211538461538461
0 0.0806003846038464 0.14043269230769232 0.03245192307692308 0.07211538461538461
0 0.0008600846038464 0.14423076923076922 0.03125 0.07451923076923077
0 0.0447010084603844 0.1466346103846154 0.03125 0.07451923076923077
0 0.0747096008460036 0.1502403846153846 0.03245192307692308 0.06971153846153846
0 0.0008076920076923 0.0264423076923078 0.03020 0.06971153846153846
0 0.0020009230769231 0.0384615384615385 0.030048076923076924 0.06971153846153846