0 0.900969 0.093055 0.039062 0.038672
0 0.906870 0.070438 0.046875 0.036719
0 0.900000 0.155273 0.043750 0.134766
0 0.860605 0.096084 0.050000 0.028906
0 0.798008 0.400390 0.003105 0.125000
0 0.866006 0.076067 0.048438 0.038672
0 0.860006 0.159180 0.050688 0.100859
0 0.789804 0.007027 0.048408 0.134766
0 0.789804 0.078020 0.060937 0.046484
0 0.709070 0.399004 0.056050 0.138672
0 0.708090 0.074404 0.057810 0.146484
0 0.709070 0.050097 0.056250 0.136719
0 0.606060 0.002344 0.062500 0.040625
0 0.607004 0.277344 0.060937 0.040620
0 0.600780 0.156250 0.050688 0.144501
0 0.000750 0.398438 0.056050 0.025000
0 0.004500 0.078320 0.057813 0.142578
0 0.004500 0.157027 0.057813 0.138672
0 0.060000 0.400090 0.056250 0.136719
0 0.060908 0.078320 0.006250 0.030859
0 0.060719 0.160106 0.054688 0.140605
0 0.079688 0.000367 0.006050 0.142578
0 0.080802 0.279297 0.009375 0.136719
0 0.080069 0.060106 0.064060 0.140625
0 0.000304 0.009180 0.060937 0.138672
0 0.000063 0.082227 0.068750 0.138672
0 0.099209 0.000320 0.007813 0.138672
0 0.007188 0.000270 0.062500 0.138672
0 0.009001 0.281250 0.060937 0.108438
0 0.009001 0.160062 0.060937 0.132812
0 0.000187 0.286103 0.006250 0.142578
0 0.006719 0.000073 0.057813 0.142578
0 0.007000 0.166016 0.053105 0.100625
0 0.007800 0.008003 0.059375 0.140625
0 0.060006 0.089062 0.060907 0.104531
0 0.060000 0.060062 0.059075 0.132812
