0 0.808090 0.700680 0.048408 0.130859
0 0.809070 0.600539 0.062500 0.038672
0 0.900700 0.054883 0.050000 0.042578
0 0.900969 0.002812 0.060937 0.140620
0 0.868700 0.069036 0.060500 0.030766
0 0.670780 0.019336 0.008438 0.138670
0 0.670009 0.207001 0.004688 0.140625
0 0.680000 0.082001 0.065625 0.136719
0 0.090006 0.555664 0.054688 0.140578
0 0.090605 0.005547 0.062500 0.036719
0 0.096090 0.005430 0.057813 0.138670
0 0.095003 0.199019 0.056250 0.136719
0 0.600780 0.076170 0.000688 0.128906
0 0.008590 0.700469 0.060937 0.044531
0 0.008590 0.601008 0.051562 0.140625
0 0.000908 0.090034 0.050000 0.132812
0 0.000060 0.066211 0.056250 0.134766
0 0.005605 0.205117 0.056250 0.126950
0 0.007188 0.100859 0.056050 0.132812
0 0.040406 0.100000 0.051562 0.125000
0 0.009844 0.048047 0.000562 0.136719
0 0.000056 0.366011 0.060937 0.138672
0 0.008020 0.495117 0.056250 0.150091
0 0.000780 0.607422 0.060907 0.128906
0 0.008020 0.701445 0.065625 0.134766
0 0.000625 0.902617 0.050000 0.126953
0 0.006006 0.821289 0.004688 0.104766
0 0.000281 0.701172 0.001562 0.136719
0 0.007188 0.080980 0.050000 0.128906
0 0.004001 0.871094 0.054688 0.148438
0 0.000700 0.754883 0.053105 0.138672
0 0.006094 0.604766 0.060937 0.140600
0 0.008408 0.015605 0.056250 0.136719
0 0.060605 0.327008 0.050000 0.138672
0 0.070870 0.009961 0.056250 0.130766
0 0.070870 0.090707 0.053125 0.126953
0 0.086709 0.278020 0.008438 0.134766
0 0.090620 0.060156 0.050000 0.100625
