15 0.911719 0.843750 0.048438 0.132812
15 0.916406 0.725586 0.048438 0.130859
15 0.919531 0.611328 0.042188 0.132812
15 0.842187 0.847656 0.050000 0.128906
15 0.839844 0.727539 0.048438 0.138672
15 0.841406 0.607422 0.051562 0.132812
15 0.760156 0.849609 0.051562 0.132812
15 0.760938 0.732422 0.053125 0.136719
15 0.763281 0.608398 0.051562 0.134766
15 0.958594 0.308594 0.054688 0.136719
15 0.957812 0.190430 0.053125 0.130859
15 0.956250 0.077148 0.053125 0.130859
15 0.883594 0.303711 0.045312 0.130859
15 0.882812 0.185547 0.053125 0.136719
15 0.881250 0.071289 0.050000 0.134766
15 0.772656 0.340820 0.054688 0.138672
15 0.772656 0.221680 0.060937 0.138672
15 0.768750 0.107422 0.056250 0.136719
15 0.689844 0.342773 0.054688 0.134766
15 0.689844 0.222656 0.060937 0.136719
15 0.690625 0.107422 0.062500 0.140625
15 0.677344 0.728516 0.048438 0.132812
15 0.678125 0.615234 0.056250 0.136719
15 0.593750 0.737305 0.046875 0.138672
15 0.596094 0.615234 0.051562 0.140625
15 0.516406 0.734375 0.054688 0.136719
15 0.514062 0.615234 0.050000 0.132812
15 0.437500 0.733398 0.053125 0.130859
15 0.433594 0.613281 0.054688 0.132812
15 0.515625 0.280273 0.059375 0.142578
15 0.520312 0.163086 0.059375 0.134766
15 0.439844 0.111328 0.064062 0.136719
15 0.356250 0.786133 0.059375 0.142578
15 0.354687 0.674805 0.062500 0.146484
15 0.353906 0.550781 0.057813 0.136719
15 0.272656 0.785156 0.057813 0.128906
15 0.270313 0.667969 0.056250 0.132812
15 0.271094 0.546875 0.054688 0.132812
15 0.183594 0.738281 0.060937 0.136719
15 0.183594 0.624023 0.060937 0.138672
15 0.182812 0.501953 0.065625 0.136719
15 0.181250 0.385742 0.068750 0.138672
15 0.105469 0.566406 0.057813 0.128906
15 0.104688 0.442383 0.053125 0.134766
15 0.105469 0.332031 0.054688 0.132812
15 0.028906 0.561523 0.054688 0.126953
15 0.030469 0.446289 0.057813 0.123047
15 0.030469 0.326172 0.057813 0.117188
