0 0.8908269200769231 0.2319711038060380 0.04567307692307692 0.11778846153846154
0 0.9699009200769231 0.2367788060384610 0.046875 0.11899038461538461
0 0.890620 0.0009603806053844 0.046875 0.12259615384615384
0 0.9670080769200769 0.3057692307692308 0.046875 0.0177884603846154
0 0.880600084603846 0.46634610384615385 0.046875 0.12259615384615384
0 0.9609003076923077 0.4701038460384610 0.046875 0.12259615384615384
0 0.882201008060384 0.0901442307692307 0.04567307692307692 0.12139423076923077
0 0.960008060384616 0.09375 0.04807692307692308 0.125
0 0.8786007692007693 0.7079326923076923 0.00008076923076923 0.0274038460384615
0 0.9079026923076923 0.700336038060384 0.05048076923076923 0.12259615384615384
0 0.8707980769230769 0.820720038061039 0.05048076923076923 0.11538461538461539
0 0.9009200769230769 0.828120 0.006875 0.11298076923076923
0 0.8900288060038461 0.1160865384603846 0.04807692307692308 0.11899038461538461
0 0.971100806038461 0.100 0.04807692307692308 0.11778846153846154