0 0.533654 0.661058 0.153846 0.052885
0 0.528846 0.614183 0.153846 0.064904
0 0.533654 0.576923 0.163462 0.062500
0 0.527644 0.530048 0.161058 0.064904
0 0.522837 0.484375 0.161058 0.064904
0 0.524038 0.439904 0.163462 0.062500
0 0.519231 0.388221 0.153846 0.055288
0 0.513221 0.342548 0.165865 0.060096
0 0.518029 0.295673 0.170673 0.057692
0 0.391827 0.656250 0.149038 0.062500
0 0.387019 0.609375 0.163462 0.050481
0 0.387019 0.570913 0.153846 0.060096
0 0.388221 0.528846 0.156250 0.057692
0 0.378606 0.484375 0.151442 0.055288
0 0.375000 0.438702 0.149038 0.050481
0 0.377404 0.395433 0.149038 0.055288
0 0.375000 0.346154 0.153846 0.057692
0 0.365385 0.298077 0.153846 0.052885
