15 0.745192 0.510817 0.072115 0.175481
15 0.693510 0.515625 0.069712 0.180288
15 0.641827 0.515625 0.072115 0.170673
15 0.588942 0.522837 0.067308 0.175481
15 0.537260 0.528846 0.060096 0.177885
15 0.484375 0.532452 0.060096 0.175481
15 0.437500 0.536058 0.067308 0.173077
15 0.385817 0.538462 0.064904 0.173077
15 0.336538 0.540865 0.062500 0.173077
15 0.737981 0.348558 0.072115 0.158654
15 0.682692 0.353365 0.067308 0.163462
15 0.633413 0.360577 0.064904 0.173077
15 0.585337 0.364183 0.064904 0.165865
15 0.533654 0.366587 0.062500 0.170673
15 0.485577 0.371394 0.057692 0.165865
15 0.436298 0.377404 0.060096 0.168269
15 0.388221 0.378606 0.055288 0.165865
15 0.340144 0.385817 0.055288 0.165865
