15 0.757212 0.522837 0.067308 0.175481
15 0.701923 0.530048 0.067308 0.180288
15 0.651442 0.532452 0.072115 0.180288
15 0.598558 0.536058 0.067308 0.173077
15 0.545673 0.540865 0.062500 0.173077
15 0.492788 0.542067 0.057692 0.175481
15 0.444712 0.544471 0.057692 0.170673
15 0.394231 0.548077 0.057692 0.168269
15 0.346154 0.549279 0.057692 0.165865
15 0.748798 0.361779 0.064904 0.175481
15 0.694712 0.367788 0.062500 0.168269
15 0.645433 0.373798 0.064904 0.170673
15 0.596154 0.376202 0.062500 0.165865
15 0.546875 0.379808 0.060096 0.168269
15 0.492788 0.385817 0.057692 0.165865
15 0.447115 0.388221 0.057692 0.161058
15 0.400240 0.389423 0.055288 0.158654
15 0.353365 0.389423 0.057692 0.163462
