0 0.743990 0.507212 0.074519 0.177885
0 0.692308 0.508413 0.072115 0.180288
0 0.641827 0.515625 0.067308 0.175481
0 0.587740 0.519231 0.064904 0.173077
0 0.536058 0.522837 0.067308 0.170673
0 0.485577 0.528846 0.062500 0.177885
0 0.435096 0.533654 0.067308 0.173077
0 0.384615 0.536058 0.057692 0.173077
0 0.336538 0.538462 0.062500 0.168269
0 0.739183 0.344952 0.069712 0.165865
0 0.686298 0.348558 0.069712 0.168269
0 0.639423 0.353365 0.072115 0.163462
0 0.585337 0.359375 0.060096 0.165865
0 0.532452 0.367788 0.060096 0.168269
0 0.486779 0.371394 0.060096 0.165865
0 0.436298 0.370192 0.060096 0.163462
0 0.390625 0.377404 0.055288 0.163462
0 0.341346 0.378606 0.057692 0.161058
