0 0.379808 0.675481 0.149038 0.057692
0 0.385817 0.632212 0.146635 0.057692
0 0.389423 0.588942 0.144231 0.052885
0 0.395433 0.543269 0.146635 0.057692
0 0.396635 0.497596 0.149038 0.052885
0 0.402644 0.455529 0.146635 0.055288
0 0.407452 0.415865 0.141827 0.048077
0 0.412260 0.373798 0.137019 0.050481
0 0.415865 0.335337 0.144231 0.045673
0 0.245192 0.671875 0.134615 0.055288
0 0.251202 0.627404 0.137019 0.052885
0 0.254808 0.584135 0.134615 0.052885
0 0.259615 0.543269 0.139423 0.057692
0 0.266827 0.501202 0.144231 0.050481
0 0.271635 0.460337 0.134615 0.045673
0 0.275240 0.420673 0.137019 0.052885
0 0.277644 0.378606 0.137019 0.050481
0 0.284856 0.336538 0.137019 0.048077
