15 0.657452 0.635817 0.170673 0.060096
15 0.657452 0.588942 0.170673 0.062500
15 0.658654 0.544471 0.168269 0.064904
15 0.658654 0.496394 0.173077 0.060096
15 0.656250 0.447115 0.173077 0.062500
15 0.653846 0.395433 0.173077 0.064904
15 0.653846 0.346154 0.173077 0.062500
15 0.653846 0.298077 0.173077 0.062500
15 0.652644 0.242788 0.180288 0.062500
15 0.506010 0.626202 0.151442 0.060096
15 0.501202 0.584135 0.151442 0.057692
15 0.502404 0.536058 0.149038 0.062500
15 0.501202 0.491587 0.156250 0.064904
15 0.498798 0.443510 0.161058 0.055288
15 0.497596 0.396635 0.163462 0.057692
15 0.496394 0.349760 0.161058 0.060096
15 0.492788 0.299279 0.163462 0.060096
15 0.489183 0.250000 0.161058 0.052885
