15 0.653846 0.610577 0.057692 0.163462
15 0.603365 0.614183 0.062500 0.165865
15 0.558894 0.621394 0.060096 0.170673
15 0.509615 0.622596 0.062500 0.168269
15 0.459135 0.623798 0.067308 0.161058
15 0.408654 0.631010 0.062500 0.165865
15 0.356971 0.637019 0.064904 0.168269
15 0.305288 0.639423 0.062500 0.168269
15 0.250000 0.646635 0.062500 0.168269
15 0.659856 0.459135 0.064904 0.173077
15 0.608173 0.457933 0.062500 0.170673
15 0.558894 0.461538 0.060096 0.173077
15 0.508413 0.463942 0.064904 0.177885
15 0.456731 0.465144 0.062500 0.185096
15 0.406250 0.468750 0.067308 0.177885
15 0.350962 0.474760 0.067308 0.175481
15 0.299279 0.475962 0.069712 0.177885
15 0.245192 0.483173 0.072115 0.177885
