0 0.456731 0.659856 0.173077 0.060096
0 0.457933 0.609375 0.175481 0.055288
0 0.462740 0.558894 0.175481 0.060096
0 0.472356 0.509615 0.175481 0.062500
0 0.474760 0.462740 0.175481 0.064904
0 0.474760 0.406250 0.180288 0.067308
0 0.480769 0.358173 0.182692 0.072115
0 0.484375 0.305288 0.185096 0.076923
0 0.489183 0.248798 0.180288 0.074519
0 0.617788 0.655048 0.158654 0.060096
0 0.620192 0.608173 0.158654 0.062500
0 0.625000 0.560096 0.168269 0.062500
0 0.626202 0.508413 0.165865 0.060096
0 0.634615 0.461538 0.163462 0.057692
0 0.635817 0.412260 0.165865 0.060096
0 0.643029 0.364183 0.170673 0.064904
0 0.651442 0.311298 0.173077 0.069712
0 0.647837 0.253606 0.170673 0.060096
