0 0.485577 0.612981 0.110577 0.052885
0 0.484375 0.578125 0.112981 0.036058
0 0.485577 0.554087 0.110577 0.040865
0 0.485577 0.524038 0.110577 0.038462
0 0.483173 0.492788 0.110577 0.043269
0 0.481971 0.461538 0.112981 0.043269
0 0.479567 0.426683 0.108173 0.050481
0 0.478365 0.393029 0.110577 0.045673
0 0.479567 0.362981 0.112981 0.048077
0 0.381010 0.620192 0.108173 0.048077
0 0.381010 0.587740 0.112981 0.036058
0 0.378606 0.560096 0.117788 0.038462
0 0.379808 0.527644 0.115385 0.045673
0 0.376202 0.496394 0.117788 0.045673
0 0.375000 0.460337 0.120192 0.045673
0 0.372596 0.430288 0.120192 0.043269
0 0.368990 0.399038 0.122596 0.043269
0 0.366587 0.364183 0.127404 0.040865
