0 0.655048 0.543269 0.069712 0.168269
0 0.606971 0.543269 0.064904 0.168269
0 0.555288 0.540865 0.067308 0.173077
0 0.507212 0.538462 0.067308 0.173077
0 0.453125 0.536058 0.060096 0.177885
0 0.402644 0.530048 0.064904 0.175481
0 0.350962 0.528846 0.062500 0.177885
0 0.296875 0.525240 0.060096 0.180288
0 0.242788 0.521635 0.067308 0.173077
0 0.651442 0.390625 0.062500 0.161058
0 0.602163 0.387019 0.060096 0.163462
0 0.554087 0.382212 0.060096 0.163462
0 0.503606 0.377404 0.060096 0.168269
0 0.457933 0.376202 0.060096 0.165865
0 0.405048 0.368990 0.060096 0.170673
0 0.354567 0.364183 0.060096 0.170673
0 0.304087 0.364183 0.069712 0.165865
0 0.250000 0.358173 0.062500 0.168269
