15 0.653846 0.608173 0.062500 0.158654
15 0.605769 0.614183 0.062500 0.161058
15 0.560096 0.620192 0.062500 0.158654
15 0.508413 0.625000 0.055288 0.168269
15 0.460337 0.628606 0.064904 0.161058
15 0.412260 0.631010 0.064904 0.165865
15 0.359375 0.633413 0.060096 0.165865
15 0.310096 0.639423 0.067308 0.168269
15 0.254808 0.644231 0.067308 0.163462
15 0.659856 0.454327 0.060096 0.163462
15 0.610577 0.456731 0.062500 0.173077
15 0.560096 0.460337 0.062500 0.175481
15 0.510817 0.466346 0.064904 0.177885
15 0.457933 0.469952 0.069712 0.175481
15 0.406250 0.469952 0.072115 0.175481
15 0.353365 0.473558 0.076923 0.177885
15 0.301683 0.474760 0.069712 0.180288
15 0.248798 0.479567 0.064904 0.180288
