15 0.353365 0.260817 0.158654 0.060096
15 0.358173 0.313702 0.168269 0.064904
15 0.360577 0.367788 0.168269 0.062500
15 0.367788 0.415865 0.168269 0.062500
15 0.366587 0.465144 0.170673 0.060096
15 0.376202 0.513221 0.165865 0.069712
15 0.376202 0.564904 0.170673 0.062500
15 0.385817 0.609375 0.165865 0.060096
15 0.385817 0.658654 0.161058 0.062500
15 0.516827 0.251202 0.182692 0.069712
15 0.521635 0.308894 0.187500 0.064904
15 0.522837 0.359375 0.185096 0.060096
15 0.526442 0.412260 0.187500 0.064904
15 0.534856 0.466346 0.180288 0.062500
15 0.533654 0.516827 0.187500 0.062500
15 0.533654 0.564904 0.173077 0.067308
15 0.543269 0.615385 0.173077 0.067308
15 0.543269 0.662260 0.177885 0.060096
