0 0.659856 0.653846 0.050481 0.144231
0 0.621394 0.653846 0.055288 0.139423
0 0.579327 0.659856 0.057692 0.146635
0 0.537260 0.664663 0.055288 0.151442
0 0.492788 0.668269 0.052885 0.149038
0 0.450721 0.671875 0.055288 0.146635
0 0.403846 0.676683 0.062500 0.141827
0 0.360577 0.681490 0.067308 0.146635
0 0.317308 0.686298 0.067308 0.146635
0 0.665865 0.514423 0.052885 0.149038
0 0.625000 0.515625 0.052885 0.146635
0 0.582933 0.520433 0.050481 0.151442
0 0.540865 0.525240 0.057692 0.141827
0 0.493990 0.527644 0.055288 0.146635
0 0.450721 0.531250 0.055288 0.153846
0 0.403846 0.536058 0.057692 0.149038
0 0.358173 0.539663 0.062500 0.146635
0 0.308894 0.539663 0.060096 0.156250
