15 0.610577 0.650240 0.163462 0.060096
15 0.617788 0.600962 0.163462 0.057692
15 0.617788 0.554087 0.168269 0.060096
15 0.621394 0.503606 0.170673 0.060096
15 0.627404 0.453125 0.173077 0.060096
15 0.628606 0.403846 0.170673 0.062500
15 0.634615 0.353365 0.173077 0.062500
15 0.638221 0.302885 0.170673 0.057692
15 0.643029 0.248798 0.165865 0.064904
15 0.451923 0.656250 0.168269 0.062500
15 0.456731 0.605769 0.168269 0.057692
15 0.459135 0.555288 0.173077 0.052885
15 0.462740 0.504808 0.170673 0.057692
15 0.465144 0.453125 0.170673 0.060096
15 0.467548 0.401442 0.175481 0.067308
15 0.473558 0.347356 0.173077 0.064904
15 0.474760 0.292067 0.180288 0.064904
15 0.480769 0.241587 0.177885 0.064904
