15 0.655048 0.544471 0.060096 0.175481
15 0.605769 0.546875 0.067308 0.170673
15 0.552885 0.545673 0.062500 0.173077
15 0.506010 0.537260 0.064904 0.170673
15 0.454327 0.537260 0.062500 0.170673
15 0.403846 0.533654 0.062500 0.177885
15 0.352163 0.526442 0.064904 0.173077
15 0.296875 0.525240 0.060096 0.175481
15 0.241587 0.521635 0.064904 0.173077
15 0.650240 0.394231 0.064904 0.158654
15 0.599760 0.388221 0.060096 0.161058
15 0.551683 0.387019 0.060096 0.163462
15 0.502404 0.378606 0.057692 0.165865
15 0.453125 0.376202 0.060096 0.165865
15 0.401442 0.371394 0.062500 0.165865
15 0.354567 0.370192 0.064904 0.173077
15 0.301683 0.365385 0.060096 0.168269
15 0.248798 0.364183 0.060096 0.170673
