0 0.750000 0.516827 0.072115 0.177885
0 0.697115 0.522837 0.076923 0.180288
0 0.647837 0.528846 0.069712 0.177885
0 0.592548 0.527644 0.064904 0.185096
0 0.544471 0.530048 0.064904 0.180288
0 0.491587 0.536058 0.064904 0.177885
0 0.439904 0.542067 0.072115 0.180288
0 0.391827 0.544471 0.057692 0.175481
0 0.343750 0.548077 0.062500 0.168269
0 0.746394 0.358173 0.069712 0.173077
0 0.693510 0.359375 0.064904 0.165865
0 0.643029 0.364183 0.064904 0.165865
0 0.591346 0.368990 0.062500 0.170673
0 0.539663 0.372596 0.064904 0.168269
0 0.492788 0.381010 0.057692 0.165865
0 0.442308 0.379808 0.062500 0.163462
0 0.393029 0.384615 0.060096 0.158654
0 0.350962 0.389423 0.052885 0.158654
