0 0.639423 0.662260 0.052885 0.156250
0 0.593750 0.661058 0.052885 0.158654
0 0.549279 0.659856 0.050481 0.156250
0 0.498798 0.658654 0.050481 0.158654
0 0.453125 0.659856 0.050481 0.161058
0 0.405048 0.657452 0.060096 0.170673
0 0.354567 0.657452 0.055288 0.170673
0 0.302885 0.655048 0.057692 0.170673
0 0.250000 0.657452 0.057692 0.170673
0 0.637019 0.509615 0.052885 0.144231
0 0.591346 0.508413 0.057692 0.151442
0 0.545673 0.508413 0.052885 0.156250
0 0.500000 0.507212 0.057692 0.153846
0 0.451923 0.504808 0.052885 0.153846
0 0.403846 0.498798 0.057692 0.161058
0 0.356971 0.500000 0.055288 0.158654
0 0.307692 0.496394 0.057692 0.161058
0 0.252404 0.492788 0.057692 0.163462
