0 0.659856 0.546875 0.064904 0.170673
0 0.610577 0.543269 0.062500 0.168269
0 0.561298 0.544471 0.064904 0.175481
0 0.510817 0.538462 0.064904 0.177885
0 0.460337 0.536058 0.060096 0.187500
0 0.408654 0.526442 0.072115 0.173077
0 0.356971 0.521635 0.064904 0.173077
0 0.301683 0.522837 0.060096 0.175481
0 0.247596 0.518029 0.072115 0.165865
0 0.652644 0.388221 0.060096 0.156250
0 0.605769 0.382212 0.062500 0.163462
0 0.558894 0.383413 0.060096 0.165865
0 0.508413 0.376202 0.055288 0.161058
0 0.460337 0.375000 0.060096 0.168269
0 0.411058 0.370192 0.057692 0.168269
0 0.360577 0.365385 0.062500 0.168269
0 0.310096 0.359375 0.062500 0.165865
0 0.257212 0.355769 0.057692 0.173077
