15 0.655048 0.612981 0.055288 0.158654
15 0.606971 0.616587 0.055288 0.161058
15 0.560096 0.621394 0.057692 0.161058
15 0.508413 0.622596 0.055288 0.163462
15 0.460337 0.629808 0.060096 0.163462
15 0.412260 0.634615 0.060096 0.163462
15 0.359375 0.637019 0.064904 0.163462
15 0.307692 0.641827 0.067308 0.168269
15 0.257212 0.644231 0.062500 0.163462
15 0.659856 0.456731 0.060096 0.168269
15 0.609375 0.457933 0.060096 0.170673
15 0.560096 0.460337 0.062500 0.175481
15 0.512019 0.465144 0.062500 0.175481
15 0.460337 0.468750 0.064904 0.177885
15 0.408654 0.469952 0.067308 0.175481
15 0.355769 0.474760 0.072115 0.180288
15 0.301683 0.480769 0.060096 0.177885
15 0.246394 0.479567 0.069712 0.175481
