15 0.653846 0.546875 0.062500 0.165865
15 0.604567 0.546875 0.064904 0.175481
15 0.555288 0.542067 0.067308 0.175481
15 0.508413 0.540865 0.064904 0.168269
15 0.455529 0.537260 0.064904 0.175481
15 0.402644 0.534856 0.069712 0.175481
15 0.350962 0.532452 0.062500 0.180288
15 0.296875 0.526442 0.064904 0.177885
15 0.240385 0.520433 0.057692 0.185096
15 0.651442 0.389423 0.067308 0.163462
15 0.600962 0.385817 0.062500 0.170673
15 0.552885 0.385817 0.062500 0.165865
15 0.504808 0.379808 0.057692 0.173077
15 0.455529 0.376202 0.060096 0.165865
15 0.407452 0.370192 0.064904 0.168269
15 0.354567 0.367788 0.064904 0.173077
15 0.301683 0.365385 0.064904 0.168269
15 0.245192 0.359375 0.057692 0.165865
