0 0.487981 0.800481 0.028846 0.076923
0 0.463942 0.800481 0.033654 0.076923
0 0.438702 0.800481 0.031250 0.081731
0 0.417067 0.802885 0.031250 0.076923
0 0.393029 0.802885 0.031250 0.081731
0 0.366587 0.804087 0.036058 0.084135
0 0.338942 0.806490 0.033654 0.084135
0 0.317308 0.807692 0.033654 0.081731
0 0.289663 0.810096 0.036058 0.086538
0 0.491587 0.725962 0.031250 0.076923
0 0.465144 0.727163 0.031250 0.079327
0 0.438702 0.727163 0.036058 0.079327
0 0.415865 0.728365 0.028846 0.076923
0 0.393029 0.725962 0.036058 0.081731
0 0.365385 0.727163 0.033654 0.079327
0 0.340144 0.725962 0.031250 0.086538
0 0.316106 0.729567 0.031250 0.084135
0 0.290865 0.731971 0.033654 0.084135
