15 0.509615 0.750000 0.163462 0.067308
15 0.510817 0.700721 0.170673 0.060096
15 0.510817 0.653846 0.175481 0.057692
15 0.502404 0.599760 0.163462 0.055288
15 0.502404 0.551683 0.158654 0.060096
15 0.502404 0.509615 0.158654 0.062500
15 0.498798 0.459135 0.156250 0.062500
15 0.497596 0.417067 0.158654 0.064904
15 0.493990 0.370192 0.156250 0.052885
15 0.348558 0.753606 0.173077 0.064904
15 0.349760 0.706731 0.175481 0.062500
15 0.346154 0.653846 0.173077 0.062500
15 0.343750 0.600962 0.182692 0.067308
15 0.342548 0.555288 0.175481 0.062500
15 0.344952 0.506010 0.165865 0.064904
15 0.344952 0.456731 0.170673 0.062500
15 0.340144 0.411058 0.165865 0.067308
15 0.340144 0.364183 0.161058 0.069712
