15 0.663462 0.638221 0.173077 0.060096
15 0.662260 0.588942 0.170673 0.057692
15 0.661058 0.545673 0.168269 0.057692
15 0.659856 0.496394 0.170673 0.055288
15 0.659856 0.449519 0.170673 0.057692
15 0.658654 0.397837 0.173077 0.060096
15 0.656250 0.350962 0.177885 0.057692
15 0.657452 0.299279 0.180288 0.064904
15 0.656250 0.245192 0.182692 0.057692
15 0.509615 0.631010 0.149038 0.060096
15 0.507212 0.585337 0.153846 0.060096
15 0.504808 0.543269 0.163462 0.057692
15 0.504808 0.493990 0.158654 0.060096
15 0.500000 0.447115 0.158654 0.062500
15 0.501202 0.401442 0.161058 0.057692
15 0.500000 0.352163 0.163462 0.055288
15 0.496394 0.304087 0.165865 0.060096
15 0.491587 0.251202 0.175481 0.060096
