0 0.516827 0.746394 0.182692 0.069712
0 0.520433 0.695913 0.175481 0.069712
0 0.526442 0.641827 0.182692 0.067308
0 0.528846 0.592548 0.173077 0.069712
0 0.533654 0.542067 0.177885 0.074519
0 0.536058 0.486779 0.182692 0.060096
0 0.539663 0.436298 0.175481 0.055288
0 0.540865 0.388221 0.173077 0.064904
0 0.545673 0.340144 0.168269 0.060096
0 0.352163 0.741587 0.165865 0.069712
0 0.353365 0.687500 0.182692 0.062500
0 0.358173 0.637019 0.177885 0.062500
0 0.366587 0.588942 0.175481 0.062500
0 0.372596 0.534856 0.168269 0.060096
0 0.376202 0.481971 0.165865 0.055288
0 0.381010 0.438702 0.161058 0.060096
0 0.383413 0.391827 0.165865 0.057692
0 0.391827 0.343750 0.163462 0.052885
