15 0.665865 0.633413 0.173077 0.060096
15 0.664663 0.584135 0.165865 0.057692
15 0.663462 0.540865 0.168269 0.062500
15 0.659856 0.490385 0.170673 0.062500
15 0.662260 0.443510 0.175481 0.060096
15 0.659856 0.394231 0.170673 0.057692
15 0.657452 0.344952 0.170673 0.064904
15 0.657452 0.296875 0.180288 0.060096
15 0.661058 0.243990 0.182692 0.060096
15 0.508413 0.627404 0.156250 0.062500
15 0.507212 0.581731 0.163462 0.057692
15 0.508413 0.534856 0.161058 0.055288
15 0.507212 0.490385 0.163462 0.052885
15 0.504808 0.442308 0.163462 0.057692
15 0.502404 0.395433 0.163462 0.055288
15 0.501202 0.346154 0.165865 0.062500
15 0.497596 0.296875 0.163462 0.055288
15 0.497596 0.247596 0.168269 0.052885
