0 0.663462 0.641827 0.158654 0.062500
0 0.663462 0.597356 0.158654 0.060096
0 0.664663 0.551683 0.170673 0.060096
0 0.659856 0.502404 0.165865 0.062500
0 0.661058 0.455529 0.177885 0.064904
0 0.655048 0.407452 0.165865 0.060096
0 0.656250 0.356971 0.168269 0.060096
0 0.651442 0.307692 0.168269 0.067308
0 0.650240 0.254808 0.175481 0.057692
0 0.510817 0.639423 0.156250 0.062500
0 0.512019 0.586538 0.168269 0.052885
0 0.508413 0.546875 0.161058 0.060096
0 0.503606 0.502404 0.156250 0.057692
0 0.504808 0.453125 0.163462 0.060096
0 0.502404 0.409856 0.168269 0.055288
0 0.497596 0.361779 0.168269 0.064904
0 0.493990 0.310096 0.165865 0.057692
0 0.491587 0.259615 0.170673 0.067308
