15 0.522837 0.753606 0.185096 0.074519
15 0.524038 0.698317 0.182692 0.069712
15 0.526442 0.646635 0.182692 0.076923
15 0.530048 0.592548 0.180288 0.069712
15 0.530048 0.543269 0.180288 0.067308
15 0.539663 0.490385 0.175481 0.067308
15 0.539663 0.441106 0.175481 0.064904
15 0.548077 0.390625 0.177885 0.064904
15 0.548077 0.343750 0.177885 0.062500
15 0.355769 0.741587 0.168269 0.069712
15 0.359375 0.693510 0.170673 0.064904
15 0.362981 0.637019 0.163462 0.067308
15 0.367788 0.588942 0.168269 0.062500
15 0.373798 0.538462 0.170673 0.067308
15 0.377404 0.490385 0.168269 0.062500
15 0.379808 0.438702 0.163462 0.060096
15 0.385817 0.390625 0.165865 0.064904
15 0.387019 0.344952 0.168269 0.055288
