0 0.667067 0.717548 0.045673 0.132212
0 0.626202 0.721154 0.040865 0.129808
0 0.588942 0.725962 0.048077 0.134615
0 0.544471 0.733173 0.050481 0.134615
0 0.504808 0.735577 0.048077 0.134615
0 0.463942 0.743990 0.052885 0.137019
0 0.417067 0.743990 0.050481 0.137019
0 0.375000 0.748798 0.052885 0.137019
0 0.329327 0.752404 0.052885 0.134615
0 0.668269 0.586538 0.043269 0.139423
0 0.629808 0.590144 0.048077 0.137019
0 0.586538 0.593750 0.048077 0.144231
0 0.546875 0.602163 0.045673 0.137019
0 0.504808 0.603365 0.048077 0.139423
0 0.460337 0.604567 0.050481 0.141827
0 0.412260 0.604567 0.050481 0.141827
0 0.371394 0.610577 0.050481 0.144231
0 0.328125 0.616587 0.055288 0.146635
