0 0.743990 0.513221 0.069712 0.185096
0 0.688702 0.512019 0.069712 0.192308
0 0.643029 0.518029 0.069712 0.189904
0 0.588942 0.525240 0.076923 0.189904
0 0.536058 0.525240 0.067308 0.185096
0 0.486779 0.528846 0.064904 0.173077
0 0.437500 0.533654 0.062500 0.173077
0 0.381010 0.536058 0.064904 0.177885
0 0.335337 0.539663 0.060096 0.194712
0 0.735577 0.352163 0.076923 0.170673
0 0.687500 0.350962 0.076923 0.168269
0 0.635817 0.360577 0.069712 0.173077
0 0.585337 0.362981 0.074519 0.177885
0 0.534856 0.367788 0.064904 0.173077
0 0.484375 0.370192 0.060096 0.177885
0 0.435096 0.375000 0.062500 0.173077
0 0.389423 0.379808 0.067308 0.173077
0 0.337740 0.378606 0.069712 0.170673
