15 0.747596 0.502404 0.062500 0.163462
15 0.694712 0.504808 0.062500 0.163462
15 0.641827 0.502404 0.062500 0.168269
15 0.596154 0.501202 0.062500 0.161058
15 0.550481 0.496394 0.067308 0.161058
15 0.504808 0.493990 0.062500 0.161058
15 0.455529 0.492788 0.060096 0.158654
15 0.411058 0.491587 0.062500 0.156250
15 0.365385 0.489183 0.057692 0.156250
15 0.752404 0.343750 0.062500 0.173077
15 0.699519 0.343750 0.057692 0.177885
15 0.647837 0.341346 0.064904 0.168269
15 0.596154 0.340144 0.062500 0.165865
15 0.551683 0.340144 0.064904 0.165865
15 0.502404 0.341346 0.062500 0.163462
15 0.454327 0.337740 0.062500 0.165865
15 0.405048 0.338942 0.060096 0.163462
15 0.356971 0.336538 0.060096 0.168269
