0 0.716346 0.585337 0.062500 0.156250
0 0.665865 0.580529 0.067308 0.161058
0 0.625000 0.579327 0.072115 0.158654
0 0.575721 0.572115 0.064904 0.158654
0 0.527644 0.572115 0.064904 0.163462
0 0.485577 0.569712 0.062500 0.153846
0 0.438702 0.568510 0.060096 0.156250
0 0.393029 0.564904 0.050481 0.158654
0 0.349760 0.563702 0.055288 0.165865
0 0.719952 0.435096 0.069712 0.173077
0 0.671875 0.431490 0.064904 0.170673
0 0.622596 0.429087 0.057692 0.175481
0 0.574519 0.424279 0.062500 0.161058
0 0.528846 0.423077 0.062500 0.168269
0 0.481971 0.421875 0.060096 0.165865
0 0.436298 0.418269 0.060096 0.158654
0 0.388221 0.413462 0.060096 0.158654
0 0.348558 0.409856 0.062500 0.161058
