0 0.745192 0.503606 0.057692 0.161058
0 0.691106 0.501202 0.064904 0.161058
0 0.643029 0.502404 0.055288 0.163462
0 0.597356 0.500000 0.060096 0.163462
0 0.546875 0.496394 0.060096 0.161058
0 0.500000 0.495192 0.057692 0.158654
0 0.454327 0.493990 0.062500 0.165865
0 0.411058 0.491587 0.062500 0.156250
0 0.364183 0.491587 0.055288 0.165865
0 0.748798 0.342548 0.064904 0.180288
0 0.697115 0.342548 0.067308 0.170673
0 0.645433 0.342548 0.060096 0.180288
0 0.598558 0.344952 0.067308 0.175481
0 0.549279 0.340144 0.064904 0.175481
0 0.500000 0.341346 0.062500 0.168269
0 0.450721 0.341346 0.055288 0.177885
0 0.405048 0.338942 0.064904 0.163462
0 0.360577 0.334135 0.057692 0.168269
