15 0.509615 0.748798 0.168269 0.060096
15 0.506010 0.697115 0.165865 0.062500
15 0.506010 0.647837 0.170673 0.055288
15 0.502404 0.599760 0.168269 0.060096
15 0.497596 0.551683 0.163462 0.055288
15 0.495192 0.502404 0.163462 0.062500
15 0.492788 0.457933 0.158654 0.064904
15 0.492788 0.412260 0.158654 0.060096
15 0.490385 0.365385 0.158654 0.057692
15 0.344952 0.752404 0.170673 0.062500
15 0.346154 0.699519 0.177885 0.062500
15 0.343750 0.645433 0.177885 0.064904
15 0.346154 0.599760 0.168269 0.069712
15 0.344952 0.550481 0.175481 0.067308
15 0.341346 0.503606 0.163462 0.060096
15 0.340144 0.453125 0.165865 0.060096
15 0.334135 0.403846 0.173077 0.062500
15 0.336538 0.361779 0.173077 0.060096
