15 0.479567 0.754808 0.185096 0.072115
15 0.477163 0.700721 0.185096 0.064904
15 0.473558 0.647837 0.182692 0.069712
15 0.471154 0.596154 0.177885 0.062500
15 0.468750 0.540865 0.177885 0.062500
15 0.463942 0.489183 0.177885 0.060096
15 0.460337 0.441106 0.165865 0.060096
15 0.457933 0.388221 0.175481 0.064904
15 0.456731 0.343750 0.168269 0.062500
15 0.646635 0.746394 0.163462 0.069712
15 0.641827 0.695913 0.168269 0.064904
15 0.639423 0.643029 0.163462 0.064904
15 0.635817 0.591346 0.165865 0.067308
15 0.628606 0.544471 0.165865 0.069712
15 0.627404 0.491587 0.168269 0.060096
15 0.621394 0.444712 0.161058 0.062500
15 0.617788 0.395433 0.163462 0.064904
15 0.612981 0.349760 0.158654 0.064904
