0 0.657452 0.544471 0.060096 0.165865
0 0.608173 0.539663 0.062500 0.175481
0 0.556490 0.540865 0.064904 0.173077
0 0.506010 0.537260 0.055288 0.175481
0 0.455529 0.537260 0.064904 0.180288
0 0.403846 0.530048 0.062500 0.175481
0 0.350962 0.526442 0.052885 0.177885
0 0.298077 0.522837 0.067308 0.170673
0 0.241587 0.518029 0.064904 0.180288
0 0.650240 0.390625 0.055288 0.156250
0 0.600962 0.388221 0.057692 0.165865
0 0.551683 0.381010 0.060096 0.161058
0 0.507212 0.378606 0.057692 0.165865
0 0.454327 0.373798 0.062500 0.170673
0 0.403846 0.372596 0.057692 0.168269
0 0.354567 0.365385 0.055288 0.163462
0 0.304087 0.362981 0.064904 0.163462
0 0.245192 0.355769 0.057692 0.163462
