15 0.658654 0.542067 0.062500 0.170673
15 0.609375 0.542067 0.064904 0.175481
15 0.558894 0.536058 0.060096 0.173077
15 0.510817 0.533654 0.064904 0.173077
15 0.459135 0.530048 0.067308 0.175481
15 0.406250 0.525240 0.057692 0.175481
15 0.352163 0.524038 0.060096 0.177885
15 0.299279 0.518029 0.060096 0.180288
15 0.243990 0.518029 0.064904 0.175481
15 0.651442 0.387019 0.062500 0.163462
15 0.603365 0.384615 0.062500 0.163462
15 0.556490 0.379808 0.055288 0.158654
15 0.509615 0.373798 0.062500 0.161058
15 0.456731 0.368990 0.057692 0.170673
15 0.408654 0.362981 0.062500 0.177885
15 0.358173 0.364183 0.062500 0.170673
15 0.305288 0.358173 0.062500 0.168269
15 0.253606 0.356971 0.060096 0.170673
