0 0.658654 0.631010 0.048077 0.146635
0 0.615385 0.635817 0.048077 0.141827
0 0.574519 0.635817 0.048077 0.146635
0 0.532452 0.634615 0.055288 0.139423
0 0.486779 0.641827 0.050481 0.144231
0 0.441106 0.647837 0.055288 0.151442
0 0.399038 0.652644 0.057692 0.146635
0 0.352163 0.656250 0.055288 0.144231
0 0.308894 0.658654 0.055288 0.144231
0 0.664663 0.486779 0.050481 0.156250
0 0.618990 0.495192 0.050481 0.158654
0 0.579327 0.496394 0.057692 0.156250
0 0.533654 0.501202 0.057692 0.165865
0 0.491587 0.503606 0.064904 0.161058
0 0.445913 0.500000 0.064904 0.153846
0 0.394231 0.506010 0.057692 0.156250
0 0.348558 0.510817 0.062500 0.161058
0 0.304087 0.515625 0.069712 0.161058
