15 0.663462 0.632212 0.173077 0.062500
15 0.661058 0.590144 0.168269 0.060096
15 0.661058 0.544471 0.168269 0.060096
15 0.661058 0.496394 0.168269 0.064904
15 0.662260 0.445913 0.175481 0.064904
15 0.664663 0.399038 0.180288 0.067308
15 0.657452 0.346154 0.180288 0.057692
15 0.657452 0.295673 0.180288 0.057692
15 0.659856 0.245192 0.180288 0.057692
15 0.512019 0.628606 0.153846 0.060096
15 0.509615 0.585337 0.158654 0.055288
15 0.507212 0.540865 0.163462 0.062500
15 0.503606 0.491587 0.170673 0.060096
15 0.506010 0.448317 0.161058 0.055288
15 0.502404 0.397837 0.163462 0.055288
15 0.498798 0.349760 0.165865 0.060096
15 0.496394 0.300481 0.165865 0.062500
15 0.496394 0.248798 0.170673 0.050481
