2 0.2091346153846154 0.5865384615384616 0.038461538461538464 0.12259615384615384
2 0.056490384615384616 0.5865384615384616 0.037259615384615384 0.11899038461538461
4 0.12860576923076922 0.5865384615384616 0.037259615384615384 0.12259615384615384
2 0.28725961538461536 0.5889423076923077 0.040865384615384616 0.12259615384615384
2 0.36778846153846156 0.5913461538461539 0.042067307692307696 0.12259615384615384
4 0.5252403846153846 0.5913461538461539 0.042067307692307696 0.12139423076923077
4 0.44711538461538464 0.5925480769230769 0.042067307692307696 0.11899038461538461
2 0.6057692307692307 0.5973557692307693 0.04326923076923077 0.11778846153846154
2 0.6862980769230769 0.6009615384615384 0.04567307692307692 0.12259615384615384
2 0.765625 0.6009615384615384 0.04326923076923077 0.12139423076923077
4 0.921875 0.6009615384615384 0.046875 0.11899038461538461
2 0.84375 0.6033653846153846 0.04326923076923077 0.12139423076923077
2 0.055288461538461536 0.7043269230769231 0.037259615384615384 0.11899038461538461
4 0.12860576923076922 0.7043269230769231 0.037259615384615384 0.12259615384615384
2 0.20552884615384615 0.7055288461538461 0.038461538461538464 0.12139423076923077
2 0.2824519230769231 0.7091346153846154 0.040865384615384616 0.12139423076923077
2 0.3641826923076923 0.7079326923076923 0.04326923076923077 0.12259615384615384
0 0.4423076923076923 0.7103365384615384 0.040865384615384616 0.12259615384615384
1 0.5228365384615384 0.7139423076923077 0.042067307692307696 0.12259615384615384
2 0.6033653846153846 0.7163461538461539 0.042067307692307696 0.12740384615384615
1 0.6826923076923077 0.7175480769230769 0.04326923076923077 0.12740384615384615
2 0.9194711538461539 0.7199519230769231 0.04567307692307692 0.11899038461538461
2 0.7644230769230769 0.7211538461538461 0.04567307692307692 0.12139423076923077
2 0.84375 0.7211538461538461 0.046875 0.11899038461538461
2 0.052884615384615384 0.8197115384615384 0.036057692307692304 0.11899038461538461
4 0.125 0.8209134615384616 0.03485576923076923 0.11899038461538461
2 0.20432692307692307 0.8233173076923077 0.038461538461538464 0.11538461538461539
2 0.2824519230769231 0.828125 0.038461538461538464 0.11778846153846154
2 0.4411057692307692 0.8293269230769231 0.037259615384615384 0.12740384615384615
2 0.36177884615384615 0.8293269230769231 0.042067307692307696 0.11899038461538461
2 0.5192307692307693 0.8329326923076923 0.042067307692307696 0.11899038461538461
2 0.6009615384615384 0.8365384615384616 0.040865384615384616 0.125
2 0.8401442307692307 0.8365384615384616 0.046875 0.11899038461538461
2 0.7620192307692307 0.8389423076923077 0.042067307692307696 0.11899038461538461
2 0.9170673076923077 0.8389423076923077 0.046875 0.12259615384615384
4 0.6790865384615384 0.8413461538461539 0.04567307692307692 0.11899038461538461
2 0.8365384615384616 0.9495192307692307 0.04326923076923077 0.10096153846153846
2 0.9146634615384616 0.9495192307692307 0.04567307692307692 0.10096153846153846
2 0.7596153846153846 0.9495192307692307 0.04326923076923077 0.10096153846153846