3 0.03333333333333333 0.24583333333333332 0.014583333333333334 0.021875
3 0.12291666666666666 0.253125 0.020833333333333332 0.017708333333333333
3 0.41875 0.19583333333333333 0.017708333333333333 0.03229166666666667
3 0.440625 0.22916666666666666 0.03229166666666667 0.017708333333333333
3 0.5791666666666667 0.20625 0.0375 0.016666666666666666
3 0.7708333333333334 0.20625 0.041666666666666664 0.016666666666666666
3 0.875 0.19791666666666666 0.027083333333333334 0.014583333333333334
3 0.9479166666666666 0.1875 0.016666666666666666 0.014583333333333334
3 0.63125 0.6291666666666667 0.016666666666666666 0.03854166666666667
3 0.49375 0.6354166666666666 0.0125 0.030208333333333334
3 0.44583333333333336 0.6208333333333333 0.020833333333333332 0.022916666666666665
3 0.22291666666666668 0.6802083333333333 0.015625 0.023958333333333335
3 0.14479166666666668 0.678125 0.027083333333333334 0.015625