3 0.03333333333333333 0.24583333333333332 0.015625 0.021354166666666667
3 0.12291666666666666 0.253125 0.020833333333333332 0.018229166666666668
3 0.41875 0.19583333333333333 0.0171875 0.0328125
3 0.440625 0.22916666666666666 0.03177083333333333 0.0171875
3 0.5791666666666667 0.20625 0.0375 0.016666666666666666
3 0.7708333333333334 0.20625 0.041666666666666664 0.016666666666666666
3 0.875 0.19791666666666666 0.026041666666666668 0.013541666666666667
3 0.9479166666666666 0.1875 0.016666666666666666 0.015625
3 0.63125 0.6291666666666667 0.016666666666666666 0.03802083333333333
3 0.49375 0.6354166666666666 0.0125 0.0296875
3 0.44583333333333336 0.6208333333333333 0.020833333333333332 0.023958333333333335
3 0.22291666666666668 0.6802083333333333 0.016145833333333335 0.0234375
3 0.14479166666666668 0.678125 0.027083333333333334 0.015104166666666667