3 0.471875 0.22604166666666667 0.015104166666666667 0.019270833333333334
3 0.553125 0.23333333333333334 0.020833333333333332 0.021354166666666667
3 0.8364583333333333 0.16354166666666667 0.018229166666666668 0.009895833333333333
3 0.8375 0.178125 0.0171875 0.018229166666666668
3 0.85625 0.209375 0.029166666666666667 0.016666666666666666
3 0.9895833333333334 0.18854166666666666 0.016666666666666666 0.0234375
3 0.846875 0.58125 0.0067708333333333336 0.013541666666666667
3 0.8708333333333333 0.5916666666666667 0.0203125 0.0171875
3 0.9135416666666667 0.603125 0.01875 0.0265625
3 0.653125 0.6489583333333333 0.014583333333333334 0.01875
3 0.5791666666666667 0.6458333333333334 0.020833333333333332 0.016145833333333335
3 0.2677083333333333 0.6864583333333333 0.018229166666666668 0.018229166666666668
3 0.3072916666666667 0.6854166666666667 0.018229166666666668 0.020833333333333332