3 0.9114583333333334 0.540625 0.041666666666666664 0.03177083333333333
3 0.70625 0.5385416666666667 0.05 0.022395833333333334
3 0.10520833333333333 0.5625 0.041666666666666664 0.0328125
3 0.4791666666666667 0.5625 0.05 0.0328125
3 0.9416666666666667 0.078125 0.0671875 0.0375
3 0.9197916666666667 0.159375 0.058333333333333334 0.027083333333333334
3 0.8739583333333333 0.035416666666666666 0.05 0.0375
3 0.9322916666666666 0.040625 0.06822916666666666 0.0375
3 0.096875 0.45625 0.058333333333333334 0.028125
3 0.5583333333333333 0.459375 0.041666666666666664 0.022395833333333334
3 0.365625 0.48125 0.0765625 0.05416666666666667
3 0.4666666666666667 0.48333333333333334 0.07552083333333333 0.058854166666666666
3 0.79375 0.48333333333333334 0.058333333333333334 0.058854166666666666
3 0.915625 0.49166666666666664 0.05 0.0328125
3 0.2604166666666667 0.503125 0.05 0.04375
3 0.20625 0.5052083333333334 0.041666666666666664 0.027083333333333334
3 0.5885416666666666 0.5104166666666666 0.08489583333333334 0.0703125
3 0.7270833333333333 0.5104166666666666 0.07552083333333333 0.0375