3 0.09583333333333334 0.05 0.025 0.010416666666666666
3 0.029166666666666667 0.05 0.01875 0.010416666666666666
3 0.06041666666666667 0.052083333333333336 0.03229166666666667 0.014583333333333334
3 0.7166666666666667 0.125 0.04479166666666667 0.019791666666666666
3 0.7802083333333333 0.125 0.057291666666666664 0.019791666666666666
3 0.5322916666666667 0.125 0.04479166666666667 0.019791666666666666
3 0.6145833333333334 0.125 0.03229166666666667 0.019791666666666666
3 0.24791666666666667 0.15729166666666666 0.12708333333333333 0.025
3 0.7166666666666667 0.019791666666666666 0.057291666666666664 0.010416666666666666
3 0.7927083333333333 0.022916666666666665 0.06979166666666667 0.014583333333333334
3 0.5291666666666667 0.042708333333333334 0.025 0.014583333333333334
3 0.5989583333333334 0.042708333333333334 0.025 0.014583333333333334