3 0.3125 0.5947916666666667 0.18333333333333332 0.071875
3 0.21979166666666666 0.6458333333333334 0.019791666666666666 0.030208333333333334
3 0.19479166666666667 0.6572916666666667 0.022916666666666665 0.041666666666666664
3 0.41041666666666665 0.6697916666666667 0.013541666666666667 0.030208333333333334
3 0.625 0.68125 0.010416666666666666 0.030208333333333334
3 0.8229166666666666 0.684375 0.013541666666666667 0.023958333333333335
3 0.171875 0.7083333333333334 0.04375 0.04791666666666667
3 0.31145833333333334 0.253125 0.010416666666666666 0.017708333333333333
3 0.23333333333333334 0.26145833333333335 0.03958333333333333 0.011458333333333333
3 0.3 0.303125 0.013541666666666667 0.035416666666666666
3 0.24479166666666666 0.33645833333333336 0.11041666666666666 0.017708333333333333
3 0.27708333333333335 0.440625 0.013541666666666667 0.023958333333333335
3 0.43854166666666666 0.44375 0.016666666666666666 0.017708333333333333
3 0.6145833333333334 0.45208333333333334 0.010416666666666666 0.023958333333333335
3 0.20833333333333334 0.5864583333333333 0.022916666666666665 0.065625