3 0.4083333333333333 0.6552083333333333 0.020833333333333332 0.022916666666666665
3 0.540625 0.6552083333333333 0.0390625 0.022916666666666665
3 0.434375 0.6583333333333333 0.03125 0.040625
3 0.59375 0.6583333333333333 0.04583333333333333 0.040625
3 0.2677083333333333 0.68125 0.014583333333333334 0.016666666666666666
3 0.39791666666666664 0.6833333333333333 0.013541666666666667 0.023958333333333335
3 0.528125 0.6833333333333333 0.014583333333333334 0.023958333333333335
3 0.6604166666666667 0.6833333333333333 0.011458333333333333 0.023958333333333335
3 0.7958333333333333 0.6864583333333333 0.015625 0.027604166666666666
3 0.43645833333333334 0.7541666666666667 0.027604166666666666 0.028645833333333332
3 0.40625 0.7572916666666667 0.025 0.034895833333333334
3 0.47708333333333336 0.759375 0.030208333333333334 0.03958333333333333
3 0.5 0.759375 0.020833333333333332 0.027604166666666666
3 0.3854166666666667 0.12395833333333334 0.030208333333333334 0.034895833333333334
3 0.42291666666666666 0.12708333333333333 0.028645833333333332 0.028645833333333332