3 0.171875 0.6052083333333333 0.058333333333333334 0.046875
3 0.5333333333333333 0.615625 0.05416666666666667 0.046875
3 0.778125 0.634375 0.058333333333333334 0.03125
3 0.665625 0.6364583333333333 0.058333333333333334 0.05625
3 0.353125 0.7291666666666666 0.065625 0.046875
3 0.011458333333333333 0.765625 0.022916666666666665 0.046875
3 0.7197916666666667 0.7885416666666667 0.058333333333333334 0.051041666666666666
3 0.73125 0.2833333333333333 0.042708333333333334 0.041666666666666664
3 0.43854166666666666 0.30416666666666664 0.042708333333333334 0.03125
3 0.23333333333333334 0.38958333333333334 0.042708333333333334 0.036458333333333336
3 0.40729166666666666 0.4 0.034375 0.026041666666666668