3 0.43645833333333334 0.6583333333333333 0.020833333333333332 0.016666666666666666
3 0.41354166666666664 0.6614583333333334 0.025 0.022916666666666665
3 0.540625 0.6614583333333334 0.03125 0.022916666666666665
3 0.59375 0.6614583333333334 0.03802083333333333 0.022916666666666665
3 0.3958333333333333 0.6833333333333333 0.009375 0.023958333333333335
3 0.528125 0.6864583333333333 0.014583333333333334 0.016666666666666666
3 0.6614583333333334 0.6864583333333333 0.014583333333333334 0.027604166666666666
3 0.2677083333333333 0.6864583333333333 0.020833333333333332 0.027604166666666666
3 0.41041666666666665 0.7572916666666667 0.0171875 0.022916666666666665
3 0.5020833333333333 0.7572916666666667 0.025 0.022916666666666665
3 0.434375 0.759375 0.025 0.016666666666666666
3 0.47708333333333336 0.7625 0.025 0.023958333333333335
3 0.38229166666666664 0.12395833333333334 0.025 0.022916666666666665
3 0.42604166666666665 0.12395833333333334 0.020833333333333332 0.022916666666666665