3 0.3104166666666667 0.5479166666666667 0.049479166666666664 0.0375
3 0.58125 0.6010416666666667 0.041666666666666664 0.08958333333333333
3 0.51875 0.6260416666666667 0.075 0.0734375
3 0.646875 0.6375 0.05260416666666667 0.0375
3 0.7572916666666667 0.671875 0.05625 0.043229166666666666
3 0.15208333333333332 0.675 0.05520833333333333 0.0375
3 0.584375 0.6791666666666667 0.05625 0.05364583333333333
3 0.4739583333333333 0.7114583333333333 0.05260416666666667 0.0375
3 0.86875 0.278125 0.0375 0.0265625
3 0.6395833333333333 0.3125 0.0453125 0.020833333333333332
3 0.8979166666666667 0.32708333333333334 0.041666666666666664 0.06979166666666667
3 0.7083333333333334 0.32916666666666666 0.049479166666666664 0.025520833333333333
3 0.5916666666666667 0.3385416666666667 0.041666666666666664 0.020833333333333332
3 0.8520833333333333 0.3489583333333333 0.0453125 0.03125
3 0.9041666666666667 0.37604166666666666 0.03333333333333333 0.020833333333333332
3 0.796875 0.38125 0.05260416666666667 0.030208333333333334
3 0.6958333333333333 0.38333333333333336 0.0453125 0.025520833333333333
3 0.6260416666666667 0.39166666666666666 0.03333333333333333 0.020833333333333332
3 0.371875 0.40208333333333335 0.0375 0.020833333333333332
3 0.13333333333333333 0.4125 0.025520833333333333 0.020833333333333332
3 0.6166666666666667 0.42604166666666665 0.0296875 0.015104166666666667
3 0.353125 0.434375 0.0375 0.020833333333333332
3 0.1125 0.4395833333333333 0.023958333333333335 0.020833333333333332