3 0.171875 0.6083333333333333 0.05 0.051041666666666666
3 0.5302083333333333 0.6166666666666667 0.05416666666666667 0.041666666666666664
3 0.6645833333333333 0.63125 0.05416666666666667 0.036458333333333336
3 0.7802083333333333 0.63125 0.05416666666666667 0.036458333333333336
3 0.35104166666666664 0.7291666666666666 0.06145833333333333 0.05625
3 0.011458333333333333 0.7604166666666666 0.022916666666666665 0.036458333333333336
3 0.7197916666666667 0.7833333333333333 0.058333333333333334 0.06145833333333333
3 0.73125 0.2864583333333333 0.034375 0.026041666666666668
3 0.43645833333333334 0.30625 0.03854166666666667 0.015625
3 0.23333333333333334 0.38958333333333334 0.042708333333333334 0.026041666666666668
3 0.40729166666666666 0.4 0.042708333333333334 0.036458333333333336