3 0.3145833333333333 0.5947916666666667 0.18333333333333332 0.071875
3 0.225 0.65 0.019791666666666666 0.030208333333333334
3 0.19479166666666667 0.6614583333333334 0.022916666666666665 0.041666666666666664
3 0.4083333333333333 0.6697916666666667 0.016666666666666666 0.030208333333333334
3 0.6270833333333333 0.68125 0.013541666666666667 0.017708333333333333
3 0.171875 0.7083333333333334 0.04375 0.04791666666666667
3 0.23645833333333333 0.26458333333333334 0.046875 0.017708333333333333
3 0.3 0.30625 0.013541666666666667 0.041666666666666664
3 0.24479166666666666 0.3333333333333333 0.11041666666666666 0.011458333333333333
3 0.4395833333333333 0.446875 0.013541666666666667 0.023958333333333335
3 0.6114583333333333 0.45208333333333334 0.010416666666666666 0.023958333333333335
3 0.20833333333333334 0.5864583333333333 0.022916666666666665 0.065625