3 0.30833333333333335 0.5447916666666667 0.04479166666666667 0.03125
3 0.5385416666666667 0.6135416666666667 0.13541666666666666 0.12708333333333333
3 0.65 0.6354166666666666 0.06041666666666667 0.053125
3 0.7541666666666667 0.6697916666666667 0.071875 0.058333333333333334
3 0.5864583333333333 0.671875 0.06041666666666667 0.053125
3 0.146875 0.671875 0.06770833333333333 0.053125
3 0.46770833333333334 0.7125 0.06354166666666666 0.053125
3 0.86875 0.275 0.04479166666666667 0.042708333333333334
3 0.6375 0.31354166666666666 0.053125 0.042708333333333334
3 0.9 0.31979166666666664 0.06354166666666666 0.07916666666666666
3 0.7083333333333334 0.3333333333333333 0.05625 0.042708333333333334
3 0.590625 0.3416666666666667 0.053125 0.04791666666666667
3 0.8479166666666667 0.3489583333333333 0.04895833333333333 0.042708333333333334
3 0.909375 0.3729166666666667 0.053125 0.026041666666666668
3 0.696875 0.37604166666666666 0.05625 0.042708333333333334
3 0.80625 0.378125 0.06354166666666666 0.0375
3 0.6333333333333333 0.3885416666666667 0.041666666666666664 0.026041666666666668
3 0.371875 0.39895833333333336 0.030208333333333334 0.026041666666666668
3 0.13541666666666666 0.41041666666666665 0.0375 0.026041666666666668
3 0.61875 0.42604166666666665 0.04895833333333333 0.026041666666666668
3 0.35104166666666664 0.43645833333333334 0.041666666666666664 0.0375
3 0.1125 0.4395833333333333 0.04479166666666667 0.03125