3 0.171875 0.6052083333333333 0.058333333333333334 0.04739583333333333
3 0.5333333333333333 0.615625 0.05416666666666667 0.04739583333333333
3 0.778125 0.634375 0.058333333333333334 0.03125
3 0.665625 0.6364583333333333 0.058333333333333334 0.05625
3 0.353125 0.7291666666666666 0.06510416666666667 0.04635416666666667
3 0.011458333333333333 0.765625 0.022916666666666665 0.04739583333333333
3 0.7197916666666667 0.7885416666666667 0.058333333333333334 0.0515625
3 0.73125 0.2833333333333333 0.0421875 0.041666666666666664
3 0.43854166666666666 0.30416666666666664 0.043229166666666666 0.03229166666666667
3 0.23333333333333334 0.38958333333333334 0.0421875 0.03697916666666667
3 0.40729166666666666 0.4 0.034895833333333334 0.025520833333333333