3 0.171875 0.6083333333333333 0.05 0.050520833333333334
3 0.5302083333333333 0.6166666666666667 0.05416666666666667 0.041666666666666664
3 0.6645833333333333 0.63125 0.05416666666666667 0.03697916666666667
3 0.7802083333333333 0.63125 0.05416666666666667 0.03697916666666667
3 0.35104166666666664 0.7291666666666666 0.0609375 0.057291666666666664
3 0.011458333333333333 0.7604166666666666 0.022916666666666665 0.03697916666666667
3 0.7197916666666667 0.7833333333333333 0.058333333333333334 0.06197916666666667
3 0.73125 0.2864583333333333 0.033854166666666664 0.0265625
3 0.43645833333333334 0.30625 0.0390625 0.016145833333333335
3 0.23333333333333334 0.38958333333333334 0.0421875 0.025520833333333333
3 0.40729166666666666 0.4 0.043229166666666666 0.03697916666666667