3 0.21458333333333332 0.5989583333333334 0.013020833333333334 0.015104166666666667
3 0.27291666666666664 0.628125 0.013020833333333334 0.016666666666666666
3 0.43645833333333334 0.33229166666666665 0.0067708333333333336 0.015104166666666667
3 0.21666666666666667 0.25625 0.008854166666666666 0.0203125
3 0.496875 0.41458333333333336 0.0140625 0.021354166666666667
3 0.515625 0.409375 0.0067708333333333336 0.015104166666666667
3 0.5166666666666667 0.3875 0.007291666666666667 0.016145833333333335
3 0.5072916666666667 0.4010416666666667 0.0067708333333333336 0.018229166666666668
3 0.5770833333333333 0.33958333333333335 0.004166666666666667 0.011979166666666667
3 0.559375 0.36875 0.00625 0.0171875
3 0.23333333333333334 0.671875 0.0046875 0.0067708333333333336
3 0.4947916666666667 0.6177083333333333 0.005729166666666666 0.0125