3 0.21458333333333332 0.5989583333333334 0.013541666666666667 0.015625
3 0.27291666666666664 0.628125 0.013541666666666667 0.016666666666666666
3 0.43645833333333334 0.33229166666666665 0.007291666666666667 0.015625
3 0.21666666666666667 0.25625 0.009375 0.019791666666666666
3 0.496875 0.41458333333333336 0.013541666666666667 0.021875
3 0.515625 0.409375 0.007291666666666667 0.015625
3 0.5166666666666667 0.3875 0.00625 0.015625
3 0.5072916666666667 0.4010416666666667 0.007291666666666667 0.017708333333333333
3 0.5770833333333333 0.33958333333333335 0.004166666666666667 0.011458333333333333
3 0.559375 0.36875 0.00625 0.017708333333333333
3 0.23333333333333334 0.671875 0.005208333333333333 0.007291666666666667
3 0.4947916666666667 0.6177083333333333 0.005208333333333333 0.0125