3 0.7135416666666666 0.4166666666666667 0.014583333333333334 0.017708333333333333
3 0.6791666666666667 0.41875 0.022916666666666665 0.013541666666666667
3 0.4895833333333333 0.4635416666666667 0.014583333333333334 0.013541666666666667
3 0.49583333333333335 0.4979166666666667 0.0125 0.015625
3 0.48333333333333334 0.50625 0.014583333333333334 0.015625
3 0.759375 0.509375 0.01875 0.019791666666666666
3 0.49583333333333335 0.5208333333333334 0.016666666666666666 0.009375
3 0.6958333333333333 0.11875 0.00625 0.008333333333333333
3 0.6572916666666667 0.12083333333333333 0.004166666666666667 0.008333333333333333
3 0.5802083333333333 0.12291666666666666 0.004166666666666667 0.008333333333333333
3 0.48333333333333334 0.128125 0.014583333333333334 0.009375