3 0.690625 0.321875 0.009895833333333333 0.008333333333333333
3 0.6020833333333333 0.32916666666666666 0.008333333333333333 0.008854166666666666
3 0.7135416666666666 0.4166666666666667 0.014583333333333334 0.0171875
3 0.6791666666666667 0.41875 0.023958333333333335 0.013020833333333334
3 0.4895833333333333 0.4635416666666667 0.013541666666666667 0.0140625
3 0.49583333333333335 0.4979166666666667 0.0125 0.016145833333333335
3 0.48333333333333334 0.50625 0.015625 0.016145833333333335
3 0.759375 0.509375 0.01875 0.019270833333333334
3 0.6010416666666667 0.5177083333333333 0.008333333333333333 0.008333333333333333
3 0.575 0.51875 0.007291666666666667 0.005208333333333333
3 0.5645833333333333 0.5197916666666667 0.005208333333333333 0.008333333333333333
3 0.49583333333333335 0.5208333333333334 0.016666666666666666 0.008854166666666666
3 0.6958333333333333 0.11979166666666667 0.007291666666666667 0.00625
3 0.6572916666666667 0.12083333333333333 0.008333333333333333 0.008333333333333333
3 0.5791666666666667 0.12395833333333334 0.007291666666666667 0.009895833333333333