3 0.434375 0.22083333333333333 0.04895833333333333 0.04895833333333333
3 0.309375 0.209375 0.04479166666666667 0.027083333333333334
3 0.5822916666666667 0.53125 0.06666666666666667 0.027083333333333334
3 0.25 0.2875 0.035416666666666666 0.03125
3 0.5354166666666667 0.46458333333333335 0.08958333333333333 0.03125
3 0.478125 0.490625 0.0625 0.027083333333333334
3 0.484375 0.5114583333333333 0.058333333333333334 0.021875
3 0.6208333333333333 0.6739583333333333 0.071875 0.027083333333333334
3 0.71875 0.69375 0.053125 0.021875
3 0.725 0.7145833333333333 0.07604166666666666 0.027083333333333334
3 0.665625 0.740625 0.08020833333333334 0.027083333333333334
3 0.20520833333333333 0.365625 0.15208333333333332 0.027083333333333334
3 0.20520833333333333 0.7322916666666667 0.09791666666666667 0.027083333333333334
3 0.7385416666666667 0.44895833333333335 0.03125 0.03125