3 0.19375 0.45729166666666665 0.040625 0.040625
3 0.18333333333333332 0.740625 0.053125 0.035416666666666666
3 0.058333333333333334 0.765625 0.035416666666666666 0.03125
3 0.0875 0.803125 0.03125 0.04479166666666667
3 0.5114583333333333 0.10520833333333333 0.040625 0.03125
3 0.4125 0.134375 0.040625 0.035416666666666666
3 0.051041666666666666 0.23854166666666668 0.040625 0.040625
3 0.9375 0.3416666666666667 0.04479166666666667 0.040625
3 0.7947916666666667 0.37916666666666665 0.035416666666666666 0.053125
3 0.20729166666666668 0.396875 0.04895833333333333 0.04479166666666667
3 0.12916666666666668 0.4 0.04479166666666667 0.04895833333333333
3 0.05625 0.4041666666666667 0.040625 0.03125
3 0.05625 0.4395833333333333 0.058333333333333334 0.040625