3 0.834375 0.140625 0.04479166666666667 0.04895833333333333
3 0.9041666666666667 0.24583333333333332 0.04895833333333333 0.035416666666666666
3 0.8260416666666667 0.20729166666666668 0.04479166666666667 0.040625
3 0.8458333333333333 0.24791666666666667 0.03125 0.03125
3 0.81875 0.37083333333333335 0.04895833333333333 0.053125
3 0.8885416666666667 0.4708333333333333 0.04479166666666667 0.04895833333333333
3 0.959375 0.5822916666666667 0.04479166666666667 0.04895833333333333
3 0.884375 0.5427083333333333 0.035416666666666666 0.04895833333333333
3 0.90625 0.584375 0.027083333333333334 0.04479166666666667
3 0.56875 0.584375 0.040625 0.053125
3 0.20104166666666667 0.6739583333333333 0.04479166666666667 0.071875