3 0.5333333333333333 0.234375 0.021354166666666667 0.044270833333333336
3 0.4708333333333333 0.4625 0.03229166666666667 0.04114583333333333
3 0.5291666666666667 0.90625 0.021354166666666667 0.028125
3 0.5510416666666667 0.90625 0.022395833333333334 0.028125
3 0.740625 0.55625 0.044270833333333336 0.049479166666666664
3 0.7614583333333333 0.49583333333333335 0.04010416666666667 0.0453125
3 0.75625 0.4395833333333333 0.030208333333333334 0.04114583333333333
3 0.7125 0.415625 0.04114583333333333 0.05260416666666667
3 0.30104166666666665 0.265625 0.0484375 0.0484375
3 0.31875 0.18958333333333333 0.04114583333333333 0.049479166666666664
3 0.30833333333333335 0.13854166666666667 0.034375 0.05260416666666667
3 0.259375 0.11354166666666667 0.044270833333333336 0.058333333333333334