3 0.5739583333333333 0.26979166666666665 0.058333333333333334 0.058333333333333334
3 0.4822916666666667 0.2989583333333333 0.053125 0.0625
3 0.48125 0.37083333333333335 0.058333333333333334 0.071875
3 0.5135416666666667 0.4625 0.053125 0.06666666666666667
3 0.353125 0.5 0.125 0.04479166666666667
3 0.490625 0.5135416666666667 0.08020833333333334 0.04479166666666667
3 0.6229166666666667 0.5270833333333333 0.04895833333333333 0.04479166666666667
3 0.671875 0.53125 0.04895833333333333 0.04479166666666667
3 0.8104166666666667 0.5427083333333333 0.103125 0.040625
3 0.45729166666666665 0.7072916666666667 0.103125 0.040625
3 0.65 0.725 0.09375 0.040625
3 0.75 0.7322916666666667 0.0625 0.035416666666666666
3 0.5895833333333333 0.88125 0.08020833333333334 0.040625
3 0.29270833333333335 0.85 0.03125 0.03125
3 0.3375 0.853125 0.03125 0.035416666666666666
3 0.7770833333333333 0.8927083333333333 0.035416666666666666 0.035416666666666666
3 0.9083333333333333 0.9104166666666667 0.03125 0.035416666666666666