3 0.396875 0.5989583333333334 0.011458333333333333 0.040625
3 0.44166666666666665 0.9135416666666667 0.03125 0.051041666666666666
3 0.47291666666666665 0.9135416666666667 0.03125 0.051041666666666666
3 0.38125 0.9135416666666667 0.035416666666666666 0.051041666666666666
3 0.4125 0.9166666666666666 0.035416666666666666 0.05625
3 0.5 0.9166666666666666 0.03125 0.05625
3 0.5333333333333333 0.9166666666666666 0.035416666666666666 0.05625
3 0.6229166666666667 0.9166666666666666 0.035416666666666666 0.04583333333333333
3 0.34791666666666665 0.9166666666666666 0.03125 0.05625
3 0.5666666666666667 0.91875 0.03958333333333333 0.051041666666666666
3 0.5958333333333333 0.91875 0.027083333333333334 0.051041666666666666