3 0.8614583333333333 0.484375 0.125 0.03125
3 0.665625 0.49375 0.04479166666666667 0.03125
3 0.7208333333333333 0.49375 0.040625 0.03125
3 0.5135416666666667 0.49583333333333335 0.10729166666666666 0.017708333333333333
3 0.36875 0.4979166666666667 0.13854166666666667 0.03125
3 0.5416666666666666 0.540625 0.0625 0.035416666666666666
3 0.4864583333333333 0.6114583333333333 0.053125 0.04479166666666667
3 0.4979166666666667 0.671875 0.03125 0.03125
3 0.6072916666666667 0.7010416666666667 0.0625 0.04479166666666667
3 0.8572916666666667 0.18541666666666667 0.035416666666666666 0.03125
3 0.9864583333333333 0.18958333333333333 0.017708333333333333 0.021875
3 0.6385416666666667 0.19895833333333332 0.09791666666666667 0.021875
3 0.37083333333333335 0.209375 0.027083333333333334 0.035416666666666666
3 0.321875 0.2125 0.035416666666666666 0.040625
3 0.8104166666666667 0.328125 0.06666666666666667 0.021875
3 0.709375 0.3302083333333333 0.09791666666666667 0.027083333333333334
3 0.49375 0.3375 0.12083333333333333 0.021875