3 0.3385416666666667 0.8375 0.022916666666666665 0.057291666666666664
3 0.31666666666666665 0.915625 0.021875 0.030208333333333334
3 0.253125 0.9614583333333333 0.021875 0.041666666666666664
3 0.20625 0.9020833333333333 0.020833333333333332 0.036458333333333336
3 0.42916666666666664 0.765625 0.009375 0.03333333333333333
3 0.4479166666666667 0.6854166666666667 0.027083333333333334 0.0375
3 0.40625 0.9447916666666667 0.016666666666666666 0.03854166666666667
3 0.41354166666666664 0.8895833333333333 0.014583333333333334 0.03854166666666667
3 0.3697916666666667 0.7229166666666667 0.015625 0.0375
3 0.4239583333333333 0.93125 0.015625 0.021875
3 0.44583333333333336 0.8458333333333333 0.017708333333333333 0.025
3 0.24583333333333332 0.48854166666666665 0.019791666666666666 0.041666666666666664
3 0.215625 0.4010416666666667 0.013541666666666667 0.041666666666666664
3 0.19583333333333333 0.41770833333333335 0.020833333333333332 0.030208333333333334
3 0.171875 0.48333333333333334 0.019791666666666666 0.034375
3 0.16770833333333332 0.5427083333333333 0.01875 0.040625
3 0.21354166666666666 0.6177083333333333 0.013541666666666667 0.030208333333333334
3 0.3072916666666667 0.534375 0.019791666666666666 0.03854166666666667
3 0.23125 0.596875 0.015625 0.036458333333333336
3 0.23541666666666666 0.6375 0.017708333333333333 0.025
3 0.4552083333333333 0.6302083333333334 0.017708333333333333 0.04479166666666667
3 0.825 0.80625 0.021875 0.0375
3 0.80625 0.8770833333333333 0.027083333333333334 0.04583333333333333
3 0.75 0.9333333333333333 0.013541666666666667 0.040625
3 0.7052083333333333 0.8666666666666667 0.013541666666666667 0.040625
3 0.6927083333333334 0.8802083333333334 0.017708333333333333 0.03229166666666667
3 0.7791666666666667 0.8916666666666667 0.009375 0.030208333333333334
3 0.8916666666666667 0.909375 0.01875 0.029166666666666667
3 0.909375 0.8916666666666667 0.015625 0.029166666666666667
3 0.896875 0.8458333333333333 0.015625 0.036458333333333336
3 0.27708333333333335 0.4625 0.016666666666666666 0.029166666666666667
3 0.6666666666666666 0.5020833333333333 0.025 0.040625
3 0.9833333333333333 0.6645833333333333 0.01875 0.034375
3 0.9291666666666667 0.6489583333333333 0.025 0.053125
3 0.9135416666666667 0.7260416666666667 0.019791666666666666 0.04895833333333333
3 0.9270833333333334 0.8197916666666667 0.01875 0.05520833333333333
3 0.9385416666666667 0.5958333333333333 0.023958333333333335 0.05
3 0.896875 0.7416666666666667 0.013541666666666667 0.036458333333333336
3 0.8895833333333333 0.6958333333333333 0.01875 0.0375
3 0.8541666666666666 0.6822916666666666 0.022916666666666665 0.05520833333333333
3 0.796875 0.9885416666666667 0.014583333333333334 0.022916666666666665
3 0.771875 0.4197916666666667 0.025 0.0375
3 0.7989583333333333 0.5104166666666666 0.016666666666666666 0.04479166666666667
3 0.74375 0.45 0.017708333333333333 0.036458333333333336
3 0.6760416666666667 0.44895833333333335 0.019791666666666666 0.034375
3 0.6958333333333333 0.38125 0.019791666666666666 0.03854166666666667
3 0.7135416666666666 0.365625 0.015625 0.042708333333333334
3 0.6291666666666667 0.65625 0.025 0.057291666666666664