3 0.11145833333333334 0.103125 0.053125 0.053125
3 0.0875 0.15 0.04895833333333333 0.040625
3 0.20729166666666668 0.18333333333333332 0.0625 0.053125
3 0.08958333333333333 0.375 0.04479166666666667 0.053125
3 0.115625 0.47291666666666665 0.035416666666666666 0.04479166666666667
3 0.221875 0.521875 0.040625 0.053125
3 0.24479166666666666 0.5916666666666667 0.053125 0.058333333333333334
3 0.16875 0.5979166666666667 0.040625 0.053125
3 0.08020833333333334 0.5427083333333333 0.035416666666666666 0.04895833333333333
3 0.08645833333333333 0.5916666666666667 0.04479166666666667 0.040625
3 0.0875 0.7875 0.058333333333333334 0.058333333333333334
3 0.5416666666666666 0.9489583333333333 0.04479166666666667 0.04895833333333333
3 0.44375 0.9125 0.04895833333333333 0.058333333333333334
3 0.8322916666666667 0.6177083333333333 0.04479166666666667 0.04479166666666667
3 0.9666666666666667 0.65625 0.04895833333333333 0.053125
3 0.6854166666666667 0.7947916666666667 0.040625 0.035416666666666666
3 0.81875 0.834375 0.04895833333333333 0.053125
3 0.946875 0.884375 0.04479166666666667 0.053125
3 0.725 0.3416666666666667 0.040625 0.040625
3 0.334375 0.4625 0.053125 0.040625
3 0.45729166666666665 0.49583333333333335 0.040625 0.035416666666666666
3 0.59375 0.30625 0.04479166666666667 0.040625
3 0.33958333333333335 0.23020833333333332 0.04479166666666667 0.040625
3 0.5802083333333333 0.5354166666666667 0.04479166666666667 0.04479166666666667