3 0.5479166666666667 0.7979166666666667 0.016666666666666666 0.023958333333333335
3 0.4666666666666667 0.23541666666666666 0.013541666666666667 0.017708333333333333
3 0.49375 0.246875 0.013541666666666667 0.017708333333333333
3 0.5052083333333334 0.2708333333333333 0.016666666666666666 0.017708333333333333
3 0.6083333333333333 0.303125 0.010416666666666666 0.023958333333333335
3 0.596875 0.3125 0.013541666666666667 0.017708333333333333
3 0.6083333333333333 0.33645833333333336 0.016666666666666666 0.017708333333333333
3 0.596875 0.46770833333333334 0.013541666666666667 0.017708333333333333
3 0.59375 0.48854166666666665 0.013541666666666667 0.023958333333333335
3 0.5833333333333334 0.490625 0.013541666666666667 0.017708333333333333
3 0.625 0.490625 0.010416666666666666 0.030208333333333334