3 0.478125 0.46458333333333335 0.035416666666666666 0.028125
3 0.546875 0.4822916666666667 0.0484375 0.027083333333333334
3 0.578125 0.6520833333333333 0.0484375 0.036458333333333336
3 0.6541666666666667 0.6697916666666667 0.049479166666666664 0.018229166666666668
3 0.6541666666666667 0.696875 0.049479166666666664 0.035416666666666666
3 0.2635416666666667 0.71875 0.0625 0.028125
3 0.615625 0.7229166666666667 0.0625 0.028125
3 0.428125 0.11145833333333334 0.035416666666666666 0.027083333333333334
3 0.33958333333333335 0.11354166666666667 0.028125 0.03125
3 0.2947916666666667 0.203125 0.035416666666666666 0.0484375
3 0.2677083333333333 0.290625 0.11510416666666666 0.044270833333333336
3 0.6677083333333333 0.3885416666666667 0.04010416666666667 0.027083333333333334
3 0.5114583333333333 0.4083333333333333 0.06666666666666667 0.021354166666666667
3 0.47291666666666665 0.4375 0.05364583333333333 0.026041666666666668