3 0.5239583333333333 0.24479166666666666 0.06875 0.0390625
3 0.3489583333333333 0.709375 0.11041666666666666 0.13541666666666666
3 0.4010416666666667 0.56875 0.0484375 0.041666666666666664
3 0.33541666666666664 0.5677083333333334 0.0296875 0.041666666666666664
3 0.6697916666666667 0.9135416666666667 0.11927083333333334 0.04375
3 0.8427083333333333 0.39166666666666666 0.027604166666666666 0.05364583333333333
3 0.8385416666666666 0.19375 0.04375 0.08385416666666666
3 0.8125 0.8572916666666667 0.059375 0.06875
3 0.8177083333333334 0.7885416666666667 0.06666666666666667 0.04739583333333333
3 0.8083333333333333 0.6604166666666667 0.040625 0.04583333333333333
3 0.8229166666666666 0.60625 0.03333333333333333 0.041666666666666664
3 0.484375 0.40208333333333335 0.04739583333333333 0.06302083333333333
3 0.40729166666666666 0.3416666666666667 0.044270833333333336 0.028645833333333332
3 0.640625 0.8666666666666667 0.034895833333333334 0.04635416666666667
3 0.6927083333333334 0.853125 0.059895833333333336 0.058333333333333334
3 0.696875 0.6854166666666667 0.03333333333333333 0.06666666666666667
3 0.30416666666666664 0.875 0.058333333333333334 0.040625
3 0.7677083333333333 0.540625 0.052083333333333336 0.0390625
3 0.75625 0.48125 0.030208333333333334 0.03802083333333333
3 0.8041666666666667 0.3333333333333333 0.03229166666666667 0.041666666666666664
3 0.43333333333333335 0.37916666666666665 0.042708333333333334 0.0375
3 0.340625 0.396875 0.05677083333333333 0.06666666666666667
3 0.33645833333333336 0.5177083333333333 0.13177083333333334 0.041666666666666664
3 0.46770833333333334 0.5177083333333333 0.03125 0.041666666666666664
3 0.5666666666666667 0.39375 0.042708333333333334 0.028125
3 0.68125 0.3802083333333333 0.14479166666666668 0.04375
3 0.5854166666666667 0.3458333333333333 0.04479166666666667 0.03802083333333333
3 0.6989583333333333 0.3302083333333333 0.13958333333333334 0.04791666666666667