3 0.45729166666666665 0.22083333333333333 0.03125 0.03229166666666667
3 0.365625 0.21458333333333332 0.035416666666666666 0.028125
3 0.31875 0.27708333333333335 0.030208333333333334 0.028125
3 0.5291666666666667 0.44166666666666665 0.06666666666666667 0.026041666666666668
3 0.5583333333333333 0.4979166666666667 0.07135416666666666 0.030208333333333334
3 0.4979166666666667 0.459375 0.049479166666666664 0.027083333333333334
3 0.49583333333333335 0.4822916666666667 0.05364583333333333 0.018229166666666668
3 0.265625 0.6583333333333333 0.06666666666666667 0.021354166666666667
3 0.5916666666666667 0.6229166666666667 0.058333333333333334 0.030208333333333334
3 0.6604166666666667 0.6427083333333333 0.0453125 0.018229166666666668
3 0.6739583333333333 0.6229166666666667 0.044270833333333336 0.021354166666666667
3 0.6625 0.6625 0.049479166666666664 0.021354166666666667
3 0.625 0.68125 0.0625 0.030208333333333334