3 0.31666666666666665 0.4625 0.027083333333333334 0.027083333333333334
3 0.08229166666666667 0.5489583333333333 0.06666666666666667 0.125
3 0.24583333333333332 0.6833333333333333 0.04479166666666667 0.035416666666666666
3 0.05625 0.6916666666666667 0.03125 0.035416666666666666
3 0.31875 0.69375 0.058333333333333334 0.058333333333333334
3 0.74375 0.7052083333333333 0.021875 0.027083333333333334
3 0.725 0.74375 0.03125 0.03125
3 0.228125 0.8302083333333333 0.027083333333333334 0.027083333333333334
3 0.12604166666666666 0.8614583333333333 0.021875 0.027083333333333334
3 0.5489583333333333 0.865625 0.053125 0.08958333333333333
3 0.390625 0.9104166666666667 0.06666666666666667 0.178125
3 0.06875 0.3614583333333333 0.084375 0.178125