3 0.42604166666666665 0.13125 0.03125 0.03125
3 0.453125 0.125 0.035416666666666666 0.027083333333333334
3 0.5625 0.78125 0.035416666666666666 0.04479166666666667
3 0.5979166666666667 0.546875 0.035416666666666666 0.040625
3 0.8375 0.6989583333333333 0.058333333333333334 0.04895833333333333
3 0.8302083333333333 0.78125 0.04479166666666667 0.053125
3 0.8552083333333333 0.8322916666666667 0.040625 0.04895833333333333
3 0.9177083333333333 0.8395833333333333 0.058333333333333334 0.053125
3 0.31666666666666665 0.65 0.071875 0.04895833333333333
3 0.259375 0.63125 0.035416666666666666 0.040625
3 0.24583333333333332 0.584375 0.04479166666666667 0.053125
3 0.2635416666666667 0.515625 0.053125 0.04895833333333333