3 0.42604166666666665 0.13125 0.03125 0.030208333333333334
3 0.453125 0.125 0.035416666666666666 0.026041666666666668
3 0.5625 0.78125 0.034375 0.0453125
3 0.5979166666666667 0.546875 0.036458333333333336 0.04010416666666667
3 0.8375 0.6989583333333333 0.058333333333333334 0.0484375
3 0.8302083333333333 0.78125 0.044270833333333336 0.05364583333333333
3 0.8552083333333333 0.8322916666666667 0.04010416666666667 0.0484375
3 0.9177083333333333 0.8395833333333333 0.058333333333333334 0.05364583333333333
3 0.31666666666666665 0.65 0.07135416666666666 0.049479166666666664
3 0.259375 0.63125 0.035416666666666666 0.04114583333333333
3 0.24583333333333332 0.584375 0.0453125 0.05260416666666667
3 0.2635416666666667 0.515625 0.05260416666666667 0.0484375