3 0.290625 0.30833333333333335 0.044270833333333336 0.0453125
3 0.30625 0.25 0.04114583333333333 0.0453125
3 0.2947916666666667 0.209375 0.027083333333333334 0.035416666666666666
3 0.24375 0.19895833333333332 0.049479166666666664 0.0484375
3 0.521875 0.28125 0.027083333333333334 0.028125
3 0.46875 0.45729166666666665 0.028125 0.04010416666666667
3 0.7052083333333333 0.4125 0.035416666666666666 0.04114583333333333
3 0.7541666666666667 0.428125 0.026041666666666668 0.035416666666666666
3 0.7614583333333333 0.47291666666666665 0.04010416666666667 0.0453125
3 0.7385416666666667 0.521875 0.04010416666666667 0.027083333333333334
3 0.5489583333333333 0.7989583333333333 0.05260416666666667 0.027083333333333334