3 0.25625 0.678125 0.040625 0.04479166666666667
3 0.546875 0.15625 0.021875 0.027083333333333334
3 0.56875 0.16041666666666668 0.021875 0.027083333333333334
3 0.44375 0.5333333333333333 0.03125 0.040625
3 0.4864583333333333 0.7364583333333333 0.035416666666666666 0.04479166666666667
3 0.265625 0.7479166666666667 0.03125 0.04895833333333333
3 0.24791666666666667 0.7927083333333333 0.03125 0.040625
3 0.18958333333333333 0.803125 0.03125 0.04479166666666667
3 0.728125 0.4864583333333333 0.04479166666666667 0.053125
3 0.74375 0.546875 0.03125 0.04895833333333333
3 0.7364583333333333 0.5895833333333333 0.027083333333333334 0.027083333333333334
3 0.6875 0.6052083333333333 0.04479166666666667 0.040625