3 0.7322916666666667 0.21458333333333332 0.04479166666666667 0.035416666666666666
3 0.7302083333333333 0.265625 0.03125 0.03125
3 0.7479166666666667 0.2989583333333333 0.03125 0.027083333333333334
3 0.796875 0.2947916666666667 0.03125 0.035416666666666666
3 0.7302083333333333 0.40208333333333335 0.040625 0.04479166666666667
3 0.7989583333333333 0.4822916666666667 0.035416666666666666 0.035416666666666666
3 0.7989583333333333 0.5375 0.035416666666666666 0.03125
3 0.8166666666666667 0.56875 0.027083333333333334 0.03125
3 0.859375 0.5645833333333333 0.03125 0.03125
3 0.5333333333333333 0.5875 0.03125 0.040625
3 0.23645833333333333 0.6895833333333333 0.035416666666666666 0.040625