3 0.8239583333333333 0.5135416666666667 0.040625 0.053125
3 0.75625 0.6270833333333333 0.04895833333333333 0.04895833333333333
3 0.790625 0.74375 0.035416666666666666 0.03125
3 0.84375 0.74375 0.04479166666666667 0.058333333333333334
3 0.7770833333333333 0.7833333333333333 0.027083333333333334 0.040625
3 0.78125 0.8572916666666667 0.04479166666666667 0.04479166666666667
3 0.16979166666666667 0.3458333333333333 0.035416666666666666 0.058333333333333334
3 0.8322916666666667 0.40625 0.040625 0.035416666666666666
3 0.884375 0.40625 0.04479166666666667 0.053125
3 0.5135416666666667 0.42604166666666665 0.035416666666666666 0.04895833333333333
3 0.8166666666666667 0.44375 0.035416666666666666 0.040625