3 0.05 0.53125 0.023958333333333335 0.06666666666666667
3 0.25104166666666666 0.540625 0.022916666666666665 0.06666666666666667
3 0.296875 0.5458333333333333 0.015104166666666667 0.06666666666666667
3 0.525 0.5614583333333333 0.016145833333333335 0.06666666666666667
3 0.49375 0.5645833333333333 0.016145833333333335 0.07135416666666666
3 0.5854166666666667 0.571875 0.0203125 0.07708333333333334
3 0.8802083333333334 0.5895833333333333 0.022916666666666665 0.07135416666666666
3 0.10833333333333334 0.6052083333333333 0.023958333333333335 0.07239583333333334
3 0.03854166666666667 0.6072916666666667 0.022916666666666665 0.07708333333333334
3 0.146875 0.6072916666666667 0.022916666666666665 0.07708333333333334
3 0.384375 0.628125 0.019270833333333334 0.06666666666666667
3 0.7354166666666667 0.65 0.0203125 0.07135416666666666
3 0.9458333333333333 0.6666666666666666 0.023958333333333335 0.07135416666666666
3 0.9916666666666667 0.95 0.016666666666666666 0.025
3 0.15104166666666666 0.115625 0.022916666666666665 0.04583333333333333
3 0.35520833333333335 0.13333333333333333 0.015104166666666667 0.050520833333333334
3 0.6541666666666667 0.14583333333333334 0.0203125 0.057291666666666664
3 0.8645833333333334 0.16875 0.021875 0.050520833333333334
3 0.22395833333333334 0.16875 0.03125 0.050520833333333334
3 0.89375 0.171875 0.030208333333333334 0.05625
3 0.27395833333333336 0.171875 0.0067708333333333336 0.04583333333333333
3 0.459375 0.184375 0.022916666666666665 0.0515625
3 0.490625 0.184375 0.015104166666666667 0.0515625
3 0.5385416666666667 0.19791666666666666 0.019270833333333334 0.05520833333333333
3 0.6541666666666667 0.19791666666666666 0.0203125 0.05520833333333333
3 0.6895833333333333 0.2 0.028125 0.050520833333333334
3 0.10208333333333333 0.2947916666666667 0.028125 0.05625
3 0.12916666666666668 0.3 0.026041666666666668 0.057291666666666664
3 0.4822916666666667 0.32083333333333336 0.0390625 0.06666666666666667
3 0.6135416666666667 0.38958333333333334 0.022916666666666665 0.07135416666666666
3 0.9322916666666666 0.41041666666666665 0.019270833333333334 0.06197916666666667
3 0.8885416666666667 0.4125 0.015104166666666667 0.057291666666666664
3 0.9052083333333333 0.41770833333333335 0.027083333333333334 0.06666666666666667