3 0.31666666666666665 0.4625 0.026041666666666668 0.026041666666666668
3 0.08229166666666667 0.5489583333333333 0.06666666666666667 0.125
3 0.24583333333333332 0.6833333333333333 0.0453125 0.034375
3 0.05625 0.6916666666666667 0.030208333333333334 0.034375
3 0.31875 0.69375 0.058333333333333334 0.058333333333333334
3 0.74375 0.7052083333333333 0.021354166666666667 0.027083333333333334
3 0.725 0.74375 0.03229166666666667 0.030208333333333334
3 0.228125 0.8302083333333333 0.027083333333333334 0.027083333333333334
3 0.12604166666666666 0.8614583333333333 0.022395833333333334 0.027083333333333334
3 0.5489583333333333 0.865625 0.05260416666666667 0.08958333333333333
3 0.390625 0.9104166666666667 0.06666666666666667 0.17864583333333334
3 0.06875 0.3614583333333333 0.08385416666666666 0.17760416666666667