3 0.09375 0.19375 0.053125 0.040625
3 0.21458333333333332 0.1875 0.04479166666666667 0.035416666666666666
3 0.4083333333333333 0.18125 0.09375 0.040625
3 0.665625 0.171875 0.09791666666666667 0.03125
3 0.5291666666666667 0.3375 0.12083333333333333 0.040625
3 0.2520833333333333 0.35 0.06666666666666667 0.040625
3 0.34375 0.34791666666666665 0.08958333333333333 0.035416666666666666
3 0.671875 0.3416666666666667 0.04895833333333333 0.03125
3 0.665625 0.540625 0.14270833333333333 0.053125
3 0.12708333333333333 0.19375 0.021875 0.03125
3 0.16770833333333332 0.196875 0.03125 0.027083333333333334
3 0.196875 0.5489583333333333 0.14270833333333333 0.035416666666666666
3 0.34791666666666665 0.546875 0.14270833333333333 0.03125
3 0.5270833333333333 0.5375 0.115625 0.040625
3 0.5041666666666667 0.5958333333333333 0.0625 0.058333333333333334
3 0.5510416666666667 0.6854166666666667 0.04895833333333333 0.058333333333333334
3 0.5447916666666667 0.759375 0.035416666666666666 0.053125
3 0.459375 0.7989583333333333 0.071875 0.04479166666666667