3 0.540625 0.4510416666666667 0.053125 0.027083333333333334
3 0.4979166666666667 0.484375 0.058333333333333334 0.03125
3 0.5114583333333333 0.5114583333333333 0.040625 0.013541666666666667
3 0.590625 0.515625 0.0625 0.021875
3 0.65 0.6677083333333333 0.04895833333333333 0.021875
3 0.728125 0.6677083333333333 0.04479166666666667 0.021875
3 0.74375 0.6916666666666667 0.058333333333333334 0.017708333333333333
3 0.696875 0.728125 0.035416666666666666 0.027083333333333334
3 0.303125 0.790625 0.08020833333333334 0.027083333333333334
3 0.40625 0.19375 0.035416666666666666 0.03125
3 0.30833333333333335 0.209375 0.035416666666666666 0.027083333333333334
3 0.26979166666666665 0.30104166666666665 0.03125 0.021875
3 0.7125 0.40208333333333335 0.03125 0.027083333333333334