3 0.30104166666666665 0.19895833333333332 0.03125 0.03125
3 0.34375 0.203125 0.036458333333333336 0.03125
3 0.56875 0.1875 0.07552083333333333 0.03229166666666667
3 0.7583333333333333 0.1875 0.034375 0.034375
3 0.875 0.18125 0.04114583333333333 0.04114583333333333
3 0.44375 0.36354166666666665 0.09479166666666666 0.03125
3 0.625 0.35520833333333335 0.07135416666666666 0.04010416666666667
3 0.7145833333333333 0.35 0.0625 0.03229166666666667
3 0.78125 0.5510416666666667 0.1421875 0.03125
3 0.5958333333333333 0.5625 0.049479166666666664 0.034375
3 0.6385416666666667 0.5625 0.035416666666666666 0.034375
3 0.459375 0.5645833333333333 0.10677083333333333 0.04114583333333333
3 0.3375 0.571875 0.12916666666666668 0.044270833333333336
3 0.4864583333333333 0.625 0.05260416666666667 0.05364583333333333
3 0.44375 0.7145833333333333 0.049479166666666664 0.05364583333333333
3 0.4552083333333333 0.7875 0.05260416666666667 0.04114583333333333
3 0.5427083333333333 0.821875 0.0765625 0.05260416666666667