3 0.725 0.353125 0.04114583333333333 0.0625
3 0.4 0.4375 0.04114583333333333 0.05364583333333333
3 0.165625 0.6520833333333333 0.05260416666666667 0.07135416666666666
3 0.08020833333333334 0.7697916666666667 0.044270833333333336 0.04010416666666667
3 0.134375 0.7635416666666667 0.027083333333333334 0.035416666666666666
3 0.15 0.80625 0.03229166666666667 0.049479166666666664
3 0.14270833333333333 0.8770833333333333 0.044270833333333336 0.049479166666666664
3 0.035416666666666666 0.421875 0.036458333333333336 0.04010416666666667
3 0.08958333333333333 0.4197916666666667 0.036458333333333336 0.035416666666666666
3 0.1 0.4666666666666667 0.04114583333333333 0.049479166666666664
3 0.09791666666666667 0.5333333333333333 0.0453125 0.049479166666666664