3 0.49375 0.4 0.04895833333333333 0.03125
3 0.5291666666666667 0.43125 0.040625 0.03125
3 0.45729166666666665 0.46458333333333335 0.04895833333333333 0.027083333333333334
3 0.525 0.4552083333333333 0.03125 0.017708333333333333
3 0.4083333333333333 0.6135416666666667 0.058333333333333334 0.040625
3 0.3416666666666667 0.6291666666666667 0.03125 0.027083333333333334
3 0.33229166666666665 0.6520833333333333 0.04895833333333333 0.027083333333333334
3 0.36875 0.68125 0.04895833333333333 0.03125
3 0.7166666666666667 0.7125 0.058333333333333334 0.03125
3 0.5958333333333333 0.13854166666666667 0.021875 0.027083333333333334
3 0.725 0.23229166666666667 0.03125 0.035416666666666666
3 0.3416666666666667 0.359375 0.040625 0.03125
3 0.6854166666666667 0.146875 0.03125 0.035416666666666666