3 0.596875 0.6125 0.06458333333333334 0.3375
3 0.3729166666666667 0.315625 0.13020833333333334 0.042708333333333334
3 0.5354166666666667 0.3145833333333333 0.121875 0.035416666666666666
3 0.53125 0.221875 0.13854166666666667 0.04375
3 0.3729166666666667 0.21979166666666666 0.13645833333333332 0.046875
3 0.5427083333333333 0.45208333333333334 0.03958333333333333 0.036458333333333336
3 0.05520833333333333 0.31875 0.11041666666666666 0.03333333333333333
3 0.05625 0.22604166666666667 0.11145833333333334 0.03125
3 0.8645833333333334 0.44583333333333336 0.05 0.03229166666666667
3 0.7052083333333333 0.45 0.041666666666666664 0.027083333333333334
3 0.375 0.4583333333333333 0.0375 0.03854166666666667
3 0.20416666666666666 0.45729166666666665 0.03958333333333333 0.028125
3 0.16666666666666666 0.22291666666666668 0.05 0.04375
3 0.47291666666666665 0.15208333333333332 0.021875 0.06145833333333333
3 0.31145833333333334 0.15520833333333334 0.017708333333333333 0.06041666666666667
3 0.9697916666666667 0.20520833333333333 0.06041666666666667 0.03333333333333333
3 0.046875 0.4666666666666667 0.04479166666666667 0.035416666666666666