3 0.1625 0.45729166666666665 0.058333333333333334 0.0765625
3 0.3416666666666667 0.5114583333333333 0.021354166666666667 0.03125
3 0.15416666666666667 0.6072916666666667 0.06666666666666667 0.17760416666666667
3 0.40208333333333335 0.10520833333333333 0.0625 0.1109375
3 0.5291666666666667 0.115625 0.058333333333333334 0.08958333333333333
3 0.28541666666666665 0.146875 0.028125 0.035416666666666666
3 0.084375 0.23854166666666668 0.07239583333333334 0.15625
3 0.6520833333333333 0.24375 0.028125 0.030208333333333334
3 0.14479166666666668 0.2635416666666667 0.058333333333333334 0.07239583333333334
3 0.34791666666666665 0.275 0.0453125 0.058333333333333334
3 0.6625 0.28125 0.021354166666666667 0.028125
3 0.2947916666666667 0.29270833333333335 0.018229166666666668 0.03125
3 0.16041666666666668 0.38125 0.0453125 0.04114583333333333