3 0.5802083333333333 0.490625 0.04479166666666667 0.04479166666666667
3 0.5583333333333333 0.5625 0.04479166666666667 0.0625
3 0.56875 0.6114583333333333 0.040625 0.053125
3 0.63125 0.63125 0.040625 0.04895833333333333
3 0.3614583333333333 0.40208333333333335 0.027083333333333334 0.04479166666666667
3 0.3260416666666667 0.4666666666666667 0.04479166666666667 0.04895833333333333
3 0.36875 0.56875 0.04895833333333333 0.058333333333333334
3 0.3458333333333333 0.65 0.058333333333333334 0.06666666666666667
3 0.390625 0.7541666666666667 0.058333333333333334 0.053125
3 0.3729166666666667 0.7052083333333333 0.03125 0.035416666666666666
3 0.35520833333333335 0.8572916666666667 0.040625 0.071875
3 0.40208333333333335 0.35520833333333335 0.027083333333333334 0.04895833333333333
3 0.3927083333333333 0.31666666666666665 0.027083333333333334 0.035416666666666666