3 0.725 0.353125 0.040625 0.0625
3 0.4 0.4375 0.040625 0.053125
3 0.165625 0.6520833333333333 0.053125 0.071875
3 0.08020833333333334 0.7697916666666667 0.04479166666666667 0.040625
3 0.134375 0.7635416666666667 0.027083333333333334 0.035416666666666666
3 0.15 0.80625 0.03125 0.04895833333333333
3 0.14270833333333333 0.8770833333333333 0.04479166666666667 0.04895833333333333
3 0.035416666666666666 0.421875 0.035416666666666666 0.040625
3 0.08958333333333333 0.4197916666666667 0.035416666666666666 0.035416666666666666
3 0.1 0.4666666666666667 0.040625 0.04895833333333333
3 0.09791666666666667 0.5333333333333333 0.04479166666666667 0.04895833333333333