3 0.2677083333333333 0.5375 0.1734375 0.04114583333333333
3 0.446875 0.5510416666666667 0.125 0.04010416666666667
3 0.625 0.56875 0.05364583333333333 0.04114583333333333
3 0.69375 0.578125 0.049479166666666664 0.04010416666666667
3 0.875 0.5958333333333333 0.12916666666666668 0.04114583333333333
3 0.475 0.6072916666666667 0.0796875 0.05260416666666667
3 0.40208333333333335 0.6875 0.0625 0.0453125
3 0.40625 0.759375 0.0625 0.044270833333333336
3 0.525 0.8104166666666667 0.07552083333333333 0.04114583333333333
3 0.25625 0.18333333333333332 0.049479166666666664 0.0453125
3 0.32395833333333335 0.19166666666666668 0.04010416666666667 0.034375
3 0.6427083333333333 0.23020833333333332 0.09791666666666667 0.03125
3 0.8947916666666667 0.25416666666666665 0.04010416666666667 0.034375
3 0.4375 0.359375 0.125 0.04010416666666667
3 0.7052083333333333 0.390625 0.10677083333333333 0.04010416666666667