3 0.540625 0.4510416666666667 0.05260416666666667 0.027083333333333334
3 0.4979166666666667 0.484375 0.058333333333333334 0.03125
3 0.5114583333333333 0.5114583333333333 0.04010416666666667 0.0140625
3 0.590625 0.515625 0.0625 0.022395833333333334
3 0.65 0.6677083333333333 0.049479166666666664 0.022395833333333334
3 0.728125 0.6677083333333333 0.044270833333333336 0.022395833333333334
3 0.74375 0.6916666666666667 0.058333333333333334 0.0171875
3 0.696875 0.728125 0.035416666666666666 0.027083333333333334
3 0.303125 0.790625 0.08072916666666667 0.027083333333333334
3 0.40625 0.19375 0.036458333333333336 0.030208333333333334
3 0.30833333333333335 0.209375 0.034375 0.027083333333333334
3 0.26979166666666665 0.30104166666666665 0.03125 0.022395833333333334
3 0.7125 0.40208333333333335 0.03229166666666667 0.028125