3 0.290625 0.43333333333333335 0.05260416666666667 0.05364583333333333
3 0.27708333333333335 0.5760416666666667 0.0796875 0.07239583333333334
3 0.23229166666666667 0.65625 0.08958333333333333 0.0625
3 0.28125 0.7479166666666667 0.0796875 0.058333333333333334
3 0.5625 0.5375 0.0796875 0.04114583333333333
3 0.6114583333333333 0.6677083333333333 0.0625 0.0484375
3 0.5270833333333333 0.5979166666666667 0.05364583333333333 0.0453125
3 0.53125 0.6427083333333333 0.0453125 0.035416666666666666
3 0.4125 0.709375 0.06666666666666667 0.044270833333333336
3 0.5604166666666667 0.7145833333333333 0.058333333333333334 0.036458333333333336
3 0.2125 0.84375 0.04114583333333333 0.05364583333333333
3 0.24375 0.49375 0.049479166666666664 0.04114583333333333
3 0.3375 0.35520833333333335 0.03229166666666667 0.03125
3 0.33958333333333335 0.390625 0.028125 0.04010416666666667