3 0.7635416666666667 0.165625 0.053125 0.053125
3 0.8552083333333333 0.07395833333333333 0.04895833333333333 0.053125
3 0.896875 0.11875 0.040625 0.040625
3 0.23020833333333332 0.38645833333333335 0.04895833333333333 0.040625
3 0.15 0.65625 0.058333333333333334 0.0625
3 0.084375 0.68125 0.04479166666666667 0.058333333333333334
3 0.19166666666666668 0.865625 0.053125 0.04479166666666667
3 0.46458333333333335 0.9083333333333333 0.04479166666666667 0.040625
3 0.49583333333333335 0.94375 0.053125 0.04895833333333333
3 0.78125 0.571875 0.04479166666666667 0.0625
3 0.8104166666666667 0.6052083333333333 0.03125 0.04895833333333333
3 0.859375 0.5604166666666667 0.040625 0.04895833333333333
3 0.790625 0.490625 0.04479166666666667 0.053125
3 0.9645833333333333 0.7322916666666667 0.053125 0.053125
3 0.94375 0.5447916666666667 0.04895833333333333 0.04479166666666667
3 0.94375 0.5 0.040625 0.04479166666666667
3 0.6 0.8947916666666667 0.040625 0.04895833333333333
3 0.5291666666666667 0.5020833333333333 0.040625 0.040625
3 0.65625 0.44375 0.04479166666666667 0.040625
3 0.63125 0.225 0.04895833333333333 0.04895833333333333
3 0.05625 0.93125 0.04895833333333333 0.04895833333333333
3 0.021875 0.7125 0.035416666666666666 0.058333333333333334
3 0.45729166666666665 0.042708333333333334 0.04895833333333333 0.04895833333333333
3 0.49375 0.28125 0.040625 0.04479166666666667
3 0.5760416666666667 0.7010416666666667 0.04479166666666667 0.04479166666666667
3 0.4125 0.5510416666666667 0.04895833333333333 0.06666666666666667
3 0.32395833333333335 0.8125 0.04895833333333333 0.04479166666666667
3 0.45729166666666665 0.9822916666666667 0.04895833333333333 0.035416666666666666
3 0.8947916666666667 0.4354166666666667 0.040625 0.058333333333333334