3 0.7104166666666667 0.6364583333333333 0.008854166666666666 0.03125
3 0.64375 0.6395833333333333 0.008854166666666666 0.0375
3 0.23958333333333334 0.6395833333333333 0.019791666666666666 0.025
3 0.6947916666666667 0.6520833333333333 0.015104166666666667 0.0375
3 0.9291666666666667 0.6520833333333333 0.021354166666666667 0.025
3 0.6302083333333334 0.6552083333333333 0.0125 0.03125
3 0.9822916666666667 0.6583333333333333 0.009895833333333333 0.0375
3 0.6854166666666667 0.66875 0.016145833333333335 0.0375
3 0.6677083333333333 0.6739583333333333 0.0125 0.03125
3 0.8572916666666667 0.6739583333333333 0.022395833333333334 0.044270833333333336
3 0.446875 0.6833333333333333 0.015104166666666667 0.025
3 0.653125 0.6895833333333333 0.009895833333333333 0.0375
3 0.890625 0.6927083333333334 0.01875 0.03125
3 0.640625 0.6989583333333333 0.0125 0.044270833333333336
3 0.37083333333333335 0.721875 0.017708333333333333 0.0375
3 0.9135416666666667 0.721875 0.015104166666666667 0.025
3 0.8947916666666667 0.740625 0.009895833333333333 0.025
3 0.8166666666666667 0.765625 0.008854166666666666 0.025
3 0.42916666666666664 0.76875 0.017708333333333333 0.030208333333333334
3 0.8302083333333333 0.8104166666666667 0.025 0.050520833333333334
3 0.9291666666666667 0.8208333333333333 0.016145833333333335 0.06302083333333333
3 0.3385416666666667 0.8385416666666666 0.01875 0.044270833333333336
3 0.8947916666666667 0.8510416666666667 0.009895833333333333 0.01875
3 0.44479166666666664 0.8541666666666666 0.01875 0.050520833333333334
3 0.7052083333333333 0.8666666666666667 0.01875 0.0375
3 0.6927083333333334 0.8833333333333333 0.0125 0.03229166666666667
3 0.8052083333333333 0.8833333333333333 0.01875 0.0453125
3 0.409375 0.8895833333333333 0.015104166666666667 0.030208333333333334
3 0.9104166666666667 0.8927083333333333 0.008854166666666666 0.025
3 0.7760416666666666 0.896875 0.015104166666666667 0.025
3 0.20520833333333333 0.8989583333333333 0.022395833333333334 0.0375
3 0.89375 0.9114583333333334 0.0125 0.025
3 0.31666666666666665 0.9145833333333333 0.025 0.0453125
3 0.42291666666666666 0.9270833333333334 0.0125 0.030208333333333334
3 0.7479166666666667 0.9333333333333333 0.016145833333333335 0.03229166666666667
3 0.409375 0.9458333333333333 0.015104166666666667 0.03229166666666667
3 0.25625 0.96875 0.021354166666666667 0.0375
3 0.7979166666666667 0.990625 0.008854166666666666 0.01875
3 0.7166666666666667 0.3697916666666667 0.016145833333333335 0.044270833333333336
3 0.7020833333333333 0.37083333333333335 0.0125 0.03229166666666667
3 0.21458333333333332 0.40520833333333334 0.016145833333333335 0.025
3 0.19479166666666667 0.42083333333333334 0.01875 0.03229166666666667
3 0.7760416666666666 0.4239583333333333 0.015104166666666667 0.0375
3 0.6770833333333334 0.45208333333333334 0.019791666666666666 0.030208333333333334
3 0.7427083333333333 0.4552083333333333 0.0125 0.025
3 0.27291666666666664 0.459375 0.0125 0.01875
3 0.17395833333333333 0.484375 0.015104166666666667 0.044270833333333336
3 0.24583333333333332 0.49375 0.016145833333333335 0.025
3 0.6708333333333333 0.50625 0.025 0.0375
3 0.80625 0.50625 0.021354166666666667 0.050520833333333334
3 0.3072916666666667 0.534375 0.0125 0.044270833333333336
3 0.7541666666666667 0.540625 0.016145833333333335 0.03125
3 0.16458333333333333 0.5479166666666667 0.021354166666666667 0.030208333333333334
3 0.7427083333333333 0.5541666666666667 0.0125 0.0453125
3 0.7322916666666667 0.5604166666666667 0.0125 0.030208333333333334
3 0.7114583333333333 0.5760416666666667 0.0125 0.0375
3 0.7635416666666667 0.5854166666666667 0.015104166666666667 0.030208333333333334
3 0.7010416666666667 0.5885416666666666 0.015104166666666667 0.0375
3 0.6885416666666667 0.6010416666666667 0.015104166666666667 0.0375
3 0.9416666666666667 0.6010416666666667 0.016145833333333335 0.0375
3 0.7520833333333333 0.6041666666666666 0.016145833333333335 0.03229166666666667
3 0.7364583333333333 0.6104166666666667 0.0125 0.030208333333333334
3 0.22708333333333333 0.6104166666666667 0.008854166666666666 0.030208333333333334
3 0.6697916666666667 0.6135416666666667 0.015104166666666667 0.0375
3 0.21354166666666666 0.6166666666666667 0.00625 0.03229166666666667
3 0.46041666666666664 0.6229166666666667 0.019791666666666666 0.030208333333333334
3 0.7260416666666667 0.6270833333333333 0.015104166666666667 0.0375
3 0.65625 0.6302083333333334 0.016145833333333335 0.044270833333333336