3 0.3416666666666667 0.5114583333333333 0.035416666666666666 0.040625
3 0.609375 0.058333333333333334 0.040625 0.10729166666666666
3 0.125 0.5822916666666667 0.08958333333333333 0.23645833333333333
3 0.12083333333333333 0.09791666666666667 0.071875 0.16979166666666667
3 0.18541666666666667 0.14270833333333333 0.04895833333333333 0.09791666666666667
3 0.39479166666666665 0.21458333333333332 0.040625 0.0625
3 0.3375 0.225 0.03125 0.040625
3 0.7166666666666667 0.25 0.040625 0.04479166666666667
3 0.7208333333333333 0.296875 0.021875 0.03125
3 0.18333333333333332 0.303125 0.027083333333333334 0.04479166666666667
3 0.171875 0.396875 0.058333333333333334 0.08958333333333333
3 0.48020833333333335 0.042708333333333334 0.04895833333333333 0.084375