3 0.4 0.4979166666666667 0.058333333333333334 0.030208333333333334
3 0.4666666666666667 0.5291666666666667 0.03229166666666667 0.03229166666666667
3 0.4708333333333333 0.55625 0.049479166666666664 0.030208333333333334
3 0.43333333333333335 0.578125 0.07135416666666666 0.03125
3 0.640625 0.8010416666666667 0.022395833333333334 0.022395833333333334
3 0.48854166666666665 0.859375 0.03125 0.03125
3 0.5822916666666667 0.8770833333333333 0.022395833333333334 0.021354166666666667
3 0.34375 0.265625 0.0625 0.03125
3 0.30625 0.2833333333333333 0.04114583333333333 0.03229166666666667
3 0.3104166666666667 0.3104166666666667 0.04114583333333333 0.030208333333333334
3 0.71875 0.3260416666666667 0.0625 0.035416666666666666
3 0.3770833333333333 0.3416666666666667 0.06666666666666667 0.03229166666666667