3 0.640625 0.4510416666666667 0.040625 0.053125
3 0.415625 0.47291666666666665 0.035416666666666666 0.035416666666666666
3 0.6208333333333333 0.525 0.035416666666666666 0.040625
3 0.5958333333333333 0.584375 0.03125 0.035416666666666666
3 0.56875 0.08020833333333334 0.03125 0.04479166666666667
3 0.5375 0.17395833333333333 0.021875 0.035416666666666666
3 0.6760416666666667 0.19895833333333332 0.03125 0.03125
3 0.603125 0.29270833333333335 0.04479166666666667 0.040625
3 0.34791666666666665 0.353125 0.035416666666666666 0.04479166666666667
3 0.40625 0.353125 0.035416666666666666 0.035416666666666666
3 0.5916666666666667 0.37083333333333335 0.040625 0.053125
3 0.421875 0.40208333333333335 0.03125 0.04479166666666667