3 0.7875 0.459375 0.049479166666666664 0.044270833333333336
3 0.421875 0.459375 0.027083333333333334 0.035416666666666666
3 0.7697916666666667 0.515625 0.035416666666666666 0.04010416666666667
3 0.5635416666666667 0.8354166666666667 0.04010416666666667 0.0453125
3 0.5333333333333333 0.84375 0.03229166666666667 0.028125
3 0.125 0.17395833333333333 0.0453125 0.044270833333333336
3 0.19375 0.1875 0.030208333333333334 0.034375
3 0.209375 0.23645833333333333 0.035416666666666666 0.035416666666666666
3 0.4822916666666667 0.25416666666666665 0.035416666666666666 0.034375
3 0.19375 0.303125 0.04114583333333333 0.044270833333333336
3 0.7208333333333333 0.3927083333333333 0.04114583333333333 0.035416666666666666
3 0.7791666666666667 0.415625 0.03229166666666667 0.027083333333333334