3 0.525 0.24479166666666666 0.06875 0.03854166666666667
3 0.3489583333333333 0.709375 0.11041666666666666 0.13541666666666666
3 0.4010416666666667 0.56875 0.04895833333333333 0.041666666666666664
3 0.334375 0.571875 0.030208333333333334 0.041666666666666664
3 0.6677083333333333 0.9135416666666667 0.11979166666666667 0.04375
3 0.8427083333333333 0.39166666666666666 0.028125 0.053125
3 0.8385416666666666 0.19375 0.04375 0.084375
3 0.8125 0.8572916666666667 0.06041666666666667 0.06875
3 0.8177083333333334 0.7885416666666667 0.06666666666666667 0.046875
3 0.8083333333333333 0.6604166666666667 0.03958333333333333 0.04583333333333333
3 0.8229166666666666 0.60625 0.03333333333333333 0.041666666666666664
3 0.484375 0.40208333333333335 0.046875 0.06354166666666666
3 0.40729166666666666 0.3416666666666667 0.04479166666666667 0.028125
3 0.640625 0.8666666666666667 0.034375 0.046875
3 0.6927083333333334 0.853125 0.059375 0.058333333333333334
3 0.696875 0.6854166666666667 0.03333333333333333 0.06666666666666667
3 0.30416666666666664 0.875 0.058333333333333334 0.03958333333333333
3 0.7677083333333333 0.540625 0.052083333333333336 0.03854166666666667
3 0.7458333333333333 0.5 0.03125 0.03854166666666667
3 0.803125 0.33541666666666664 0.03125 0.041666666666666664
3 0.43333333333333335 0.37916666666666665 0.04375 0.0375
3 0.340625 0.396875 0.057291666666666664 0.06666666666666667
3 0.33645833333333336 0.5177083333333333 0.13229166666666667 0.041666666666666664
3 0.46770833333333334 0.5177083333333333 0.03125 0.041666666666666664
3 0.5666666666666667 0.39375 0.04375 0.027083333333333334
3 0.68125 0.3802083333333333 0.14375 0.04375
3 0.5854166666666667 0.3458333333333333 0.04375 0.03854166666666667
3 0.6989583333333333 0.3302083333333333 0.13958333333333334 0.04791666666666667