3 0.35520833333333335 0.16770833333333332 0.04010416666666667 0.04010416666666667
3 0.40625 0.18125 0.0453125 0.049479166666666664
3 0.6895833333333333 0.23229166666666667 0.12083333333333333 0.058333333333333334
3 0.390625 0.33958333333333335 0.1109375 0.05364583333333333
3 0.521875 0.3614583333333333 0.15208333333333332 0.07239583333333334
3 0.734375 0.41041666666666665 0.10260416666666666 0.05364583333333333
3 0.8458333333333333 0.4354166666666667 0.06666666666666667 0.058333333333333334
3 0.90625 0.27708333333333335 0.05364583333333333 0.0453125
3 0.3375 0.5427083333333333 0.15729166666666666 0.06666666666666667
3 0.49583333333333335 0.56875 0.1078125 0.058333333333333334
3 0.6520833333333333 0.5958333333333333 0.05364583333333333 0.049479166666666664
3 0.709375 0.6114583333333333 0.044270833333333336 0.05260416666666667
3 0.759375 0.6270833333333333 0.05260416666666667 0.058333333333333334
3 0.890625 0.6520833333333333 0.14739583333333334 0.05364583333333333
3 0.5114583333333333 0.6270833333333333 0.06666666666666667 0.06666666666666667
3 0.44895833333333335 0.709375 0.06666666666666667 0.0625
3 0.44895833333333335 0.78125 0.058333333333333334 0.05364583333333333
3 0.5447916666666667 0.8458333333333333 0.08958333333333333 0.06666666666666667