3 0.48020833333333335 0.24583333333333332 0.04010416666666667 0.05364583333333333
3 0.71875 0.328125 0.0453125 0.0484375
3 0.7229166666666667 0.265625 0.036458333333333336 0.0484375
3 0.740625 0.228125 0.035416666666666666 0.044270833333333336
3 0.803125 0.21875 0.044270833333333336 0.05364583333333333
3 0.32395833333333335 0.7520833333333333 0.06666666666666667 0.04114583333333333
3 0.4979166666666667 0.43333333333333335 0.030208333333333334 0.0453125
3 0.24791666666666667 0.33229166666666665 0.049479166666666664 0.0484375
3 0.18958333333333333 0.34375 0.04114583333333333 0.036458333333333336
3 0.171875 0.37916666666666665 0.03125 0.0453125
3 0.18333333333333332 0.4354166666666667 0.0453125 0.049479166666666664