3 0.146875 0.5645833333333333 0.035416666666666666 0.030208333333333334
3 0.44166666666666665 0.578125 0.034375 0.04010416666666667
3 0.23645833333333333 0.609375 0.035416666666666666 0.044270833333333336
3 0.11875 0.640625 0.04114583333333333 0.04010416666666667
3 0.775 0.6677083333333333 0.04114583333333333 0.05260416666666667
3 0.8260416666666667 0.68125 0.027083333333333334 0.04114583333333333
3 0.1875 0.68125 0.026041666666666668 0.04114583333333333
3 0.11875 0.6854166666666667 0.058333333333333334 0.058333333333333334
3 0.25625 0.6854166666666667 0.049479166666666664 0.058333333333333334
3 0.12708333333333333 0.875 0.049479166666666664 0.049479166666666664
3 0.7677083333333333 0.8791666666666667 0.035416666666666666 0.0453125
3 0.32395833333333335 0.08958333333333333 0.04010416666666667 0.036458333333333336
3 0.55625 0.9666666666666667 0.030208333333333334 0.03229166666666667
3 0.44895833333333335 0.975 0.03125 0.049479166666666664
3 0.125 0.21875 0.0453125 0.05364583333333333
3 0.1 0.26145833333333335 0.03229166666666667 0.04010416666666667
3 0.20729166666666668 0.28541666666666665 0.058333333333333334 0.0625