3 0.6072916666666667 0.328125 0.0625 0.022395833333333334
3 0.6583333333333333 0.36875 0.058333333333333334 0.021354166666666667
3 0.6520833333333333 0.3885416666666667 0.036458333333333336 0.027083333333333334
3 0.5625 0.3927083333333333 0.07135416666666666 0.027083333333333334
3 0.5020833333333333 0.5427083333333333 0.06666666666666667 0.022395833333333334
3 0.421875 0.546875 0.0484375 0.022395833333333334
3 0.415625 0.5739583333333333 0.05260416666666667 0.022395833333333334
3 0.4552083333333333 0.6052083333333333 0.07239583333333334 0.03125
3 0.1875 0.30625 0.0796875 0.021354166666666667
3 0.33958333333333335 0.84375 0.028125 0.0171875
3 0.18333333333333332 0.7614583333333333 0.026041666666666668 0.022395833333333334
3 0.23229166666666667 0.8416666666666667 0.035416666666666666 0.03229166666666667
3 0.6427083333333333 0.640625 0.027083333333333334 0.022395833333333334