3 0.13958333333333334 0.14895833333333333 0.020833333333333332 0.0390625
3 0.403125 0.190625 0.022916666666666665 0.0609375
3 0.6395833333333333 0.21041666666666667 0.0625 0.1296875
3 0.3020833333333333 0.22916666666666666 0.021875 0.1078125
3 0.20625 0.2635416666666667 0.0171875 0.11458333333333333
3 0.05520833333333333 0.534375 0.027604166666666666 0.0765625
3 0.2760416666666667 0.55 0.027604166666666666 0.1375
3 0.35833333333333334 0.56875 0.028645833333333332 0.1453125
3 0.16875 0.5729166666666666 0.025520833333333333 0.1671875
3 0.3229166666666667 0.6104166666666667 0.021875 0.06197916666666667
3 0.8260416666666667 0.6260416666666667 0.0625 0.16822916666666668