3 0.15416666666666667 0.16979166666666667 0.040625 0.0625
3 0.240625 0.240625 0.053125 0.053125
3 0.13854166666666667 0.22083333333333333 0.053125 0.040625
3 0.790625 0.63125 0.04479166666666667 0.058333333333333334
3 0.265625 0.5802083333333333 0.04895833333333333 0.0625
3 0.28125 0.646875 0.053125 0.053125
3 0.22083333333333333 0.6541666666666667 0.03125 0.04895833333333333
3 0.16041666666666668 0.8458333333333333 0.04479166666666667 0.04895833333333333
3 0.578125 0.9416666666666667 0.04895833333333333 0.04479166666666667
3 0.5572916666666666 0.9791666666666666 0.04375 0.041666666666666664
3 0.4708333333333333 0.953125 0.04895833333333333 0.040625
3 0.46875 0.5375 0.053125 0.04895833333333333
3 0.15 0.6052083333333333 0.03125 0.040625
3 0.15416666666666667 0.6541666666666667 0.040625 0.040625
3 0.17604166666666668 0.5375 0.040625 0.040625
3 0.56875 0.5666666666666667 0.04895833333333333 0.053125
3 0.6833333333333333 0.603125 0.04479166666666667 0.053125
3 0.36875 0.9104166666666667 0.040625 0.04479166666666667
3 0.36354166666666665 0.71875 0.040625 0.04479166666666667
3 0.6875 0.375 0.04479166666666667 0.04479166666666667
3 0.571875 0.3416666666666667 0.035416666666666666 0.04895833333333333
3 0.90625 0.665625 0.04479166666666667 0.071875
3 0.8927083333333333 0.8885416666666667 0.04479166666666667 0.053125
3 0.7791666666666667 0.85 0.040625 0.040625
3 0.6760416666666667 0.81875 0.04895833333333333 0.040625