3 0.6114583333333333 0.23854166666666668 0.07239583333333334 0.0765625
3 0.6270833333333333 0.13125 0.04114583333333333 0.058333333333333334
3 0.7322916666666667 0.24791666666666667 0.044270833333333336 0.04114583333333333
3 0.3885416666666667 0.359375 0.05260416666666667 0.058333333333333334
3 0.44895833333333335 0.36875 0.04010416666666667 0.04114583333333333
3 0.4625 0.4083333333333333 0.04114583333333333 0.04114583333333333
3 0.4510416666666667 0.4708333333333333 0.05260416666666667 0.04114583333333333
3 0.6364583333333333 0.3927083333333333 0.058333333333333334 0.05260416666666667
3 0.6520833333333333 0.31875 0.05364583333333333 0.049479166666666664
3 0.6604166666666667 0.5291666666666667 0.0453125 0.049479166666666664
3 0.678125 0.46458333333333335 0.05260416666666667 0.0453125