3 0.578125 0.125 0.103125 0.027083333333333334
3 0.4395833333333333 0.290625 0.12083333333333333 0.035416666666666666
3 0.65 0.290625 0.09375 0.027083333333333334
3 0.7854166666666667 0.12083333333333333 0.04479166666666667 0.03125
3 0.928125 0.11875 0.053125 0.040625
3 0.7447916666666666 0.29270833333333335 0.084375 0.03125
3 0.6479166666666667 0.49583333333333335 0.17395833333333333 0.035416666666666666
3 0.803125 0.49583333333333335 0.125 0.035416666666666666
3 0.3104166666666667 0.5 0.146875 0.04479166666666667
3 0.453125 0.4979166666666667 0.12916666666666668 0.040625
3 0.484375 0.553125 0.06666666666666667 0.0625
3 0.4354166666666667 0.6447916666666667 0.058333333333333334 0.058333333333333334
3 0.446875 0.7166666666666667 0.04479166666666667 0.04895833333333333
3 0.5489583333333333 0.759375 0.053125 0.04479166666666667
3 0.3104166666666667 0.12708333333333333 0.13854166666666667 0.03125