3 0.3885416666666667 0.1875 0.08958333333333333 0.0625
3 0.50625 0.22291666666666668 0.058333333333333334 0.053125
3 0.515625 0.29270833333333335 0.07604166666666666 0.06666666666666667
3 0.459375 0.38125 0.08958333333333333 0.06666666666666667
3 0.084375 0.44895833333333335 0.15208333333333332 0.040625
3 0.271875 0.446875 0.134375 0.035416666666666666
3 0.48020833333333335 0.44375 0.11145833333333334 0.040625
3 0.6583333333333333 0.44166666666666665 0.165625 0.035416666666666666
3 0.5135416666666667 0.65 0.125 0.040625
3 0.25625 0.646875 0.11145833333333334 0.027083333333333334
3 0.6739583333333333 0.6427083333333333 0.08020833333333334 0.027083333333333334
3 0.6677083333333333 0.8104166666666667 0.165625 0.040625
3 0.3458333333333333 0.8104166666666667 0.12083333333333333 0.03125
3 0.134375 0.8145833333333333 0.134375 0.03125