3 0.734375 0.2947916666666667 0.07604166666666666 0.027083333333333334
3 0.35520833333333335 0.30104166666666665 0.084375 0.021875
3 0.39479166666666665 0.35520833333333335 0.058333333333333334 0.021875
3 0.3104166666666667 0.32395833333333335 0.04895833333333333 0.021875
3 0.31666666666666665 0.34375 0.035416666666666666 0.017708333333333333
3 0.4354166666666667 0.478125 0.06666666666666667 0.027083333333333334
3 0.5135416666666667 0.490625 0.04479166666666667 0.017708333333333333
3 0.5177083333333333 0.5114583333333333 0.0625 0.021875
3 0.4708333333333333 0.5333333333333333 0.06666666666666667 0.03125
3 0.303125 0.5510416666666667 0.035416666666666666 0.021875
3 0.56875 0.74375 0.040625 0.03125
3 0.665625 0.740625 0.035416666666666666 0.027083333333333334
3 0.74375 0.609375 0.13854166666666667 0.021875
3 0.7052083333333333 0.6760416666666667 0.035416666666666666 0.021875