3 0.8239583333333333 0.5135416666666667 0.04010416666666667 0.05260416666666667
3 0.75625 0.6270833333333333 0.049479166666666664 0.049479166666666664
3 0.790625 0.74375 0.035416666666666666 0.030208333333333334
3 0.84375 0.74375 0.0453125 0.058333333333333334
3 0.7770833333333333 0.7833333333333333 0.028125 0.04114583333333333
3 0.78125 0.8572916666666667 0.0453125 0.044270833333333336
3 0.16979166666666667 0.3458333333333333 0.035416666666666666 0.058333333333333334
3 0.8322916666666667 0.40625 0.04010416666666667 0.036458333333333336
3 0.884375 0.40625 0.044270833333333336 0.05364583333333333
3 0.5135416666666667 0.42604166666666665 0.035416666666666666 0.0484375
3 0.8166666666666667 0.44375 0.034375 0.04114583333333333