3 0.6697916666666667 0.46875 0.035416666666666666 0.04479166666666667
3 0.33229166666666665 0.553125 0.021875 0.035416666666666666
3 0.890625 0.5625 0.058333333333333334 0.08020833333333334
3 0.890625 0.65625 0.04895833333333333 0.0625
3 0.23020833333333332 0.759375 0.03125 0.035416666666666666
3 0.634375 0.778125 0.04895833333333333 0.071875
3 0.7166666666666667 0.7791666666666667 0.04895833333333333 0.09375
3 0.8885416666666667 0.790625 0.04479166666666667 0.0625
3 0.234375 0.7927083333333333 0.040625 0.04895833333333333
3 0.921875 0.8302083333333333 0.03125 0.071875
3 0.984375 0.8552083333333333 0.021875 0.20104166666666667
3 0.7145833333333333 0.953125 0.035416666666666666 0.040625
3 0.3875 0.9635416666666666 0.04583333333333333 0.07291666666666667
3 0.5625 0.9666666666666667 0.0625 0.06666666666666667
3 0.921875 0.3572916666666667 0.09375 0.259375