3 0.071875 0.4666666666666667 0.125 0.19166666666666668
3 0.3458333333333333 0.53125 0.040625 0.027083333333333334
3 0.11875 0.609375 0.09375 0.084375
3 0.14270833333333333 0.6895833333333333 0.053125 0.04895833333333333
3 0.8302083333333333 0.69375 0.053125 0.040625
3 0.828125 0.7385416666666667 0.040625 0.03125
3 0.33229166666666665 0.75 0.040625 0.04479166666666667
3 0.4083333333333333 0.7520833333333333 0.058333333333333334 0.06666666666666667
3 0.15416666666666667 0.7875 0.04895833333333333 0.040625
3 0.058333333333333334 0.853125 0.09791666666666667 0.15208333333333332
3 0.68125 0.8885416666666667 0.06666666666666667 0.09791666666666667
3 0.5208333333333334 0.9302083333333333 0.10833333333333334 0.13958333333333334
3 0.265625 0.9489583333333333 0.03125 0.03125