3 0.1625 0.45729166666666665 0.058333333333333334 0.07604166666666666
3 0.3416666666666667 0.5114583333333333 0.021875 0.03125
3 0.15416666666666667 0.6072916666666667 0.06666666666666667 0.178125
3 0.40208333333333335 0.10520833333333333 0.0625 0.11145833333333334
3 0.5291666666666667 0.115625 0.058333333333333334 0.08958333333333333
3 0.28541666666666665 0.146875 0.027083333333333334 0.035416666666666666
3 0.084375 0.23854166666666668 0.071875 0.15625
3 0.6520833333333333 0.24375 0.027083333333333334 0.03125
3 0.14479166666666668 0.2635416666666667 0.058333333333333334 0.071875
3 0.34791666666666665 0.275 0.04479166666666667 0.058333333333333334
3 0.6625 0.28125 0.021875 0.027083333333333334
3 0.2947916666666667 0.29270833333333335 0.017708333333333333 0.03125
3 0.16041666666666668 0.38125 0.04479166666666667 0.040625