3 0.521875 0.10520833333333333 0.053125 0.04895833333333333
3 0.9041666666666667 0.296875 0.040625 0.04895833333333333
3 0.884375 0.4666666666666667 0.04479166666666667 0.04895833333333333
3 0.88125 0.5114583333333333 0.03125 0.04895833333333333
3 0.75625 0.446875 0.040625 0.0625
3 0.7854166666666667 0.415625 0.027083333333333334 0.035416666666666666
3 0.8145833333333333 0.453125 0.03125 0.040625
3 0.765625 0.5114583333333333 0.040625 0.04895833333333333
3 0.13854166666666667 0.31875 0.04479166666666667 0.058333333333333334
3 0.6072916666666667 0.15416666666666667 0.053125 0.04895833333333333
3 0.2833333333333333 0.18125 0.04895833333333333 0.058333333333333334
3 0.19895833333333332 0.34791666666666665 0.021875 0.053125
3 0.25625 0.375 0.04479166666666667 0.0625
3 0.35 0.41770833333333335 0.03125 0.04895833333333333
3 0.7072916666666667 0.20104166666666667 0.040625 0.04479166666666667
3 0.4552083333333333 0.4625 0.053125 0.04895833333333333
3 0.55625 0.509375 0.04895833333333333 0.053125
3 0.74375 0.803125 0.058333333333333334 0.0625
3 0.8145833333333333 0.884375 0.040625 0.0625
3 0.84375 0.8479166666666667 0.035416666666666666 0.035416666666666666
3 0.8458333333333333 0.571875 0.040625 0.053125
3 0.6583333333333333 0.55625 0.040625 0.04895833333333333
3 0.3145833333333333 0.6114583333333333 0.04895833333333333 0.0625
3 0.63125 0.75 0.04895833333333333 0.04479166666666667
3 0.38645833333333335 0.234375 0.040625 0.04895833333333333
3 0.178125 0.12708333333333333 0.035416666666666666 0.040625
3 0.5875 0.3260416666666667 0.04895833333333333 0.053125