3 0.9416666666666667 0.4 0.035416666666666666 0.04895833333333333
3 0.890625 0.40208333333333335 0.03125 0.035416666666666666
3 0.8791666666666667 0.44375 0.027083333333333334 0.040625
3 0.8927083333333333 0.5135416666666667 0.035416666666666666 0.04479166666666667
3 0.8416666666666667 0.6291666666666667 0.040625 0.053125
3 0.9333333333333333 0.7302083333333333 0.035416666666666666 0.03125
3 0.8864583333333333 0.740625 0.03125 0.035416666666666666
3 0.8791666666666667 0.7854166666666667 0.035416666666666666 0.04479166666666667
3 0.8885416666666667 0.8552083333333333 0.04479166666666667 0.04895833333333333
3 0.25416666666666665 0.4510416666666667 0.035416666666666666 0.08020833333333334
3 0.5895833333333333 0.47291666666666665 0.027083333333333334 0.053125