3 0.521875 0.10520833333333333 0.05260416666666667 0.0484375
3 0.9041666666666667 0.296875 0.04114583333333333 0.0484375
3 0.884375 0.4666666666666667 0.044270833333333336 0.049479166666666664
3 0.88125 0.5114583333333333 0.030208333333333334 0.0484375
3 0.75625 0.446875 0.04114583333333333 0.0625
3 0.7854166666666667 0.415625 0.028125 0.035416666666666666
3 0.8145833333333333 0.453125 0.030208333333333334 0.04010416666666667
3 0.765625 0.5114583333333333 0.04010416666666667 0.0484375
3 0.13854166666666667 0.31875 0.044270833333333336 0.058333333333333334
3 0.6072916666666667 0.15416666666666667 0.05260416666666667 0.049479166666666664
3 0.2833333333333333 0.18125 0.049479166666666664 0.058333333333333334
3 0.19895833333333332 0.34791666666666665 0.022395833333333334 0.05364583333333333
3 0.25625 0.375 0.0453125 0.0625
3 0.35 0.41770833333333335 0.03229166666666667 0.0484375
3 0.7072916666666667 0.20104166666666667 0.04010416666666667 0.044270833333333336
3 0.4552083333333333 0.4625 0.05260416666666667 0.049479166666666664
3 0.55625 0.509375 0.049479166666666664 0.05260416666666667
3 0.74375 0.803125 0.058333333333333334 0.0625
3 0.8145833333333333 0.884375 0.04114583333333333 0.0625
3 0.84375 0.8479166666666667 0.036458333333333336 0.036458333333333336
3 0.8458333333333333 0.571875 0.04114583333333333 0.05260416666666667
3 0.6583333333333333 0.55625 0.04114583333333333 0.049479166666666664
3 0.3145833333333333 0.6114583333333333 0.049479166666666664 0.0625
3 0.63125 0.75 0.049479166666666664 0.0453125
3 0.38645833333333335 0.234375 0.04010416666666667 0.0484375
3 0.178125 0.12708333333333333 0.035416666666666666 0.04114583333333333
3 0.5875 0.3260416666666667 0.049479166666666664 0.05260416666666667