3 0.09583333333333334 0.8375 0.049479166666666664 0.08385416666666666
3 0.103125 0.90625 0.05260416666666667 0.05364583333333333
3 0.19583333333333333 0.8239583333333333 0.03229166666666667 0.04010416666666667
3 0.3458333333333333 0.7927083333333333 0.03229166666666667 0.08489583333333334
3 0.4 0.790625 0.03229166666666667 0.07239583333333334
3 0.421875 0.771875 0.04010416666666667 0.05260416666666667
3 0.63125 0.9552083333333333 0.030208333333333334 0.08958333333333333
3 0.5020833333333333 0.975 0.030208333333333334 0.049479166666666664
3 0.484375 0.9729166666666667 0.027083333333333334 0.05364583333333333
3 0.765625 0.728125 0.022395833333333334 0.044270833333333336
3 0.75625 0.78125 0.030208333333333334 0.0453125
3 0.36875 0.478125 0.030208333333333334 0.027083333333333334
3 0.171875 0.584375 0.04010416666666667 0.07239583333333334
3 0.18125 0.678125 0.04114583333333333 0.05260416666666667
3 0.19375 0.59375 0.030208333333333334 0.0796875
3 0.3614583333333333 0.978125 0.027083333333333334 0.035416666666666666