3 0.3229166666666667 0.6072916666666667 0.026041666666666668 0.05520833333333333
3 0.057291666666666664 0.5614583333333333 0.021875 0.16666666666666666
3 0.16354166666666667 0.5479166666666667 0.034375 0.19270833333333334
3 0.3572916666666667 0.55625 0.025 0.17291666666666666
3 0.14270833333333333 0.146875 0.022916666666666665 0.06145833333333333
3 0.20208333333333334 0.26875 0.027083333333333334 0.1625
3 0.28020833333333334 0.5572916666666666 0.035416666666666666 0.1875
3 0.8239583333333333 0.6166666666666667 0.08645833333333333 0.15416666666666667
3 0.640625 0.19895833333333332 0.07604166666666666 0.140625
3 0.64375 0.37083333333333335 0.05625 0.16666666666666666
3 0.30416666666666664 0.23125 0.025 0.12395833333333334