3 0.36354166666666665 0.8239583333333333 0.021875 0.021875
3 0.3885416666666667 0.8302083333333333 0.027083333333333334 0.027083333333333334
3 0.48854166666666665 0.4 0.03125 0.04895833333333333
3 0.4510416666666667 0.1625 0.035416666666666666 0.040625
3 0.6677083333333333 0.23229166666666667 0.040625 0.04479166666666667
3 0.725 0.084375 0.03125 0.04479166666666667
3 0.6739583333333333 0.09583333333333334 0.035416666666666666 0.040625
3 0.65625 0.15 0.035416666666666666 0.058333333333333334
3 0.265625 0.3104166666666667 0.040625 0.04895833333333333
3 0.21666666666666667 0.3302083333333333 0.021875 0.035416666666666666
3 0.203125 0.3770833333333333 0.03125 0.04895833333333333
3 0.22291666666666668 0.44895833333333335 0.053125 0.04895833333333333