3 0.8260416666666667 0.4708333333333333 0.027083333333333334 0.04114583333333333
3 0.3885416666666667 0.5114583333333333 0.044270833333333336 0.04010416666666667
3 0.7145833333333333 0.5270833333333333 0.0625 0.0453125
3 0.671875 0.6072916666666667 0.04010416666666667 0.0625
3 0.84375 0.6541666666666667 0.036458333333333336 0.04114583333333333
3 0.6270833333333333 0.6625 0.030208333333333334 0.04114583333333333
3 0.6322916666666667 0.6989583333333333 0.035416666666666666 0.03125
3 0.6760416666666667 0.11145833333333334 0.03125 0.0625
3 0.6114583333333333 0.21875 0.035416666666666666 0.036458333333333336
3 0.6447916666666667 0.23229166666666667 0.03125 0.044270833333333336
3 0.9666666666666667 0.25416666666666665 0.04114583333333333 0.026041666666666668
3 0.8104166666666667 0.2677083333333333 0.030208333333333334 0.027083333333333334
3 0.65625 0.28125 0.036458333333333336 0.036458333333333336
3 0.5114583333333333 0.29270833333333335 0.04010416666666667 0.03125
3 0.37083333333333335 0.30625 0.034375 0.021354166666666667
3 0.7072916666666667 0.3145833333333333 0.03125 0.030208333333333334
3 0.6895833333333333 0.34791666666666665 0.06666666666666667 0.036458333333333336
3 0.3145833333333333 0.3614583333333333 0.049479166666666664 0.044270833333333336
3 0.4 0.384375 0.04114583333333333 0.035416666666666666
3 0.6541666666666667 0.4239583333333333 0.058333333333333334 0.044270833333333336
3 0.4125 0.4354166666666667 0.04114583333333333 0.04114583333333333