3 0.20833333333333334 0.53125 0.0921875 0.16354166666666667
3 0.14895833333333333 0.5822916666666667 0.10416666666666667 0.16458333333333333
3 0.08333333333333333 0.6291666666666667 0.09635416666666667 0.1453125
3 0.7083333333333334 0.103125 0.08802083333333334 0.1140625
3 0.65625 0.15208333333333332 0.1 0.13854166666666667
3 0.60625 0.19375 0.08645833333333333 0.13854166666666667
3 0.559375 0.2552083333333333 0.0609375 0.09791666666666667
3 0.49375 0.2833333333333333 0.1 0.13385416666666666
3 0.440625 0.3375 0.09322916666666667 0.15
3 0.384375 0.38125 0.09739583333333333 0.1453125
3 0.321875 0.42291666666666666 0.10416666666666667 0.15416666666666667
3 0.26458333333333334 0.4739583333333333 0.08802083333333334 0.14427083333333332