3 0.20833333333333334 0.53125 0.09270833333333334 0.16458333333333333
3 0.14895833333333333 0.5822916666666667 0.10416666666666667 0.16458333333333333
3 0.08333333333333333 0.6291666666666667 0.096875 0.14479166666666668
3 0.7083333333333334 0.103125 0.08854166666666667 0.11354166666666667
3 0.65625 0.15208333333333332 0.1 0.13958333333333334
3 0.60625 0.19375 0.08541666666666667 0.13958333333333334
3 0.559375 0.2552083333333333 0.06145833333333333 0.09791666666666667
3 0.49375 0.2833333333333333 0.1 0.134375
3 0.440625 0.3375 0.09270833333333334 0.15
3 0.384375 0.38125 0.096875 0.14479166666666668
3 0.321875 0.42291666666666666 0.10416666666666667 0.15416666666666667
3 0.26458333333333334 0.4739583333333333 0.08854166666666667 0.14479166666666668