3 0.41041666666666665 0.765625 0.08854166666666667 0.04010416666666667
3 0.5375 0.6291666666666667 0.10364583333333334 0.034375
3 0.6541666666666667 0.46875 0.12916666666666668 0.0453125
3 0.34375 0.46875 0.0453125 0.036458333333333336
3 0.4 0.46875 0.049479166666666664 0.036458333333333336
3 0.5270833333333333 0.47291666666666665 0.096875 0.036458333333333336
3 0.22291666666666668 0.4708333333333333 0.1078125 0.03229166666666667
3 0.359375 0.63125 0.08958333333333333 0.030208333333333334
3 0.603125 0.7635416666666667 0.027083333333333334 0.027083333333333334
3 0.6385416666666667 0.765625 0.035416666666666666 0.03125
3 0.68125 0.765625 0.049479166666666664 0.03125
3 0.23020833333333332 0.7614583333333333 0.04010416666666667 0.03125
3 0.10520833333333333 0.75625 0.04010416666666667 0.030208333333333334
3 0.14270833333333333 0.759375 0.035416666666666666 0.035416666666666666
3 0.18333333333333332 0.7614583333333333 0.0453125 0.03125
3 0.5354166666666667 0.765625 0.036458333333333336 0.03125
3 0.4552083333333333 0.2677083333333333 0.0625 0.05260416666666667
3 0.5427083333333333 0.2989583333333333 0.04010416666666667 0.035416666666666666
3 0.5489583333333333 0.3572916666666667 0.0625 0.05260416666666667
3 0.5041666666666667 0.421875 0.0625 0.058333333333333334