3 0.48125 0.6791666666666667 0.14375 0.18229166666666666
3 0.5802083333333333 0.7802083333333333 0.08229166666666667 0.11458333333333333
3 0.38229166666666664 0.7833333333333333 0.053125 0.121875
3 0.45625 0.8177083333333334 0.06458333333333334 0.121875
3 0.28541666666666665 0.9322916666666666 0.07604166666666666 0.10833333333333334
3 0.5916666666666667 0.19895833333333332 0.053125 0.07395833333333333
3 0.821875 0.023958333333333335 0.03854166666666667 0.046875
3 0.3416666666666667 0.2833333333333333 0.11770833333333333 0.10833333333333334
3 0.6958333333333333 0.3854166666666667 0.06770833333333333 0.10833333333333334
3 0.3458333333333333 0.39895833333333336 0.05 0.08125
3 0.25833333333333336 0.40208333333333335 0.1 0.16875
3 0.8677083333333333 0.44895833333333335 0.08854166666666667 0.11458333333333333
3 0.11875 0.50625 0.05625 0.09479166666666666
3 0.17916666666666667 0.5166666666666667 0.053125 0.11458333333333333
3 0.06458333333333334 0.5239583333333333 0.08229166666666667 0.209375