3 0.421875 0.45208333333333334 0.03177083333333333 0.033854166666666664
3 0.153125 0.45625 0.03177083333333333 0.0171875
3 0.35833333333333334 0.45625 0.05 0.025520833333333333
3 0.4197916666666667 0.471875 0.05572916666666667 0.030729166666666665
3 0.603125 0.484375 0.027083333333333334 0.0140625
3 0.540625 0.4895833333333333 0.03177083333333333 0.046875
3 0.41354166666666664 0.5 0.04010416666666667 0.033854166666666664
3 0.49270833333333336 0.5041666666666667 0.0359375 0.025520833333333333
3 0.3541666666666667 0.5135416666666667 0.04114583333333333 0.0265625
3 0.5885416666666666 0.5197916666666667 0.027083333333333334 0.030729166666666665
3 0.475 0.5239583333333333 0.03697916666666667 0.022395833333333334
3 0.578125 0.5479166666666667 0.03177083333333333 0.025520833333333333
3 0.95 0.628125 0.03697916666666667 0.030729166666666665
3 0.6739583333333333 0.15625 0.03177083333333333 0.025520833333333333
3 0.703125 0.16770833333333332 0.01875 0.022395833333333334
3 0.6989583333333333 0.19583333333333333 0.0359375 0.025520833333333333
3 0.66875 0.2604166666666667 0.04114583333333333 0.025520833333333333
3 0.17395833333333333 0.37395833333333334 0.0359375 0.034895833333333334
3 0.246875 0.39791666666666664 0.01875 0.0296875
3 0.21666666666666667 0.42604166666666665 0.023958333333333335 0.018229166666666668
3 0.30833333333333335 0.42604166666666665 0.05 0.04375
3 0.3625 0.428125 0.04114583333333333 0.030729166666666665
3 0.253125 0.4322916666666667 0.022916666666666665 0.030729166666666665