3 0.1875 0.390625 0.035416666666666666 0.06666666666666667
3 0.546875 0.44166666666666665 0.035416666666666666 0.071875
3 0.8770833333333333 0.3927083333333333 0.03125 0.027083333333333334
3 0.9333333333333333 0.3885416666666667 0.035416666666666666 0.04479166666666667
3 0.8635416666666667 0.4354166666666667 0.03125 0.04895833333333333
3 0.8729166666666667 0.509375 0.040625 0.04479166666666667
3 0.8104166666666667 0.6270833333333333 0.040625 0.058333333333333334
3 0.9104166666666667 0.740625 0.035416666666666666 0.04479166666666667
3 0.853125 0.7458333333333333 0.027083333333333334 0.035416666666666666
3 0.84375 0.7875 0.035416666666666666 0.04895833333333333
3 0.85 0.8614583333333333 0.040625 0.04479166666666667