3 0.640625 0.4510416666666667 0.04010416666666667 0.05260416666666667
3 0.415625 0.47291666666666665 0.035416666666666666 0.036458333333333336
3 0.6208333333333333 0.525 0.034375 0.04114583333333333
3 0.5958333333333333 0.584375 0.03229166666666667 0.035416666666666666
3 0.56875 0.08020833333333334 0.030208333333333334 0.044270833333333336
3 0.5375 0.17395833333333333 0.021354166666666667 0.035416666666666666
3 0.6760416666666667 0.19895833333333332 0.03125 0.03125
3 0.603125 0.29270833333333335 0.044270833333333336 0.04010416666666667
3 0.34791666666666665 0.353125 0.036458333333333336 0.044270833333333336
3 0.40625 0.353125 0.036458333333333336 0.035416666666666666
3 0.5916666666666667 0.37083333333333335 0.04114583333333333 0.05364583333333333
3 0.421875 0.40208333333333335 0.03125 0.0453125