3 0.80625 0.3875 0.04479166666666667 0.06614583333333333
3 0.8010416666666667 0.17916666666666667 0.05 0.0875
3 0.771875 0.8708333333333333 0.09583333333333334 0.11770833333333333
3 0.5802083333333333 0.9760416666666667 0.1484375 0.04739583333333333
3 0.7614583333333333 0.690625 0.0484375 0.04791666666666667
3 0.6135416666666667 0.7135416666666666 0.05625 0.08541666666666667
3 0.5864583333333333 0.9229166666666667 0.125 0.0546875
3 0.778125 0.6291666666666667 0.09427083333333333 0.05364583333333333
3 0.7760416666666666 0.4583333333333333 0.1109375 0.06197916666666667
3 0.7583333333333333 0.32395833333333335 0.051041666666666666 0.052083333333333336
3 0.6864583333333333 0.5177083333333333 0.04375 0.03958333333333333
3 0.7104166666666667 0.55625 0.058333333333333334 0.05364583333333333
3 0.33645833333333336 0.39479166666666665 0.0484375 0.0609375
3 0.22916666666666666 0.3145833333333333 0.07395833333333333 0.06979166666666667
3 0.22291666666666668 0.584375 0.075 0.0609375
3 0.13854166666666667 0.5927083333333333 0.05 0.0625
3 0.11979166666666667 0.6875 0.10416666666666667 0.07447916666666667
3 0.16875 0.7697916666666667 0.1046875 0.1109375
3 0.38333333333333336 0.22395833333333334 0.08802083333333334 0.058333333333333334
3 0.009375 0.6708333333333333 0.01875 0.07552083333333333
3 0.084375 0.9229166666666667 0.059895833333333336 0.0578125
3 0.15 0.4041666666666667 0.07083333333333333 0.07135416666666666
3 0.56875 0.33125 0.2713541666666667 0.0578125
3 0.43333333333333335 0.390625 0.05 0.06875
3 0.5770833333333333 0.378125 0.2171875 0.0484375
3 0.2604166666666667 0.384375 0.06614583333333333 0.05677083333333333
3 0.23125 0.7364583333333333 0.03333333333333333 0.07291666666666667
3 0.309375 0.5354166666666667 0.035416666666666666 0.071875
3 0.771875 0.759375 0.09583333333333334 0.05625
3 0.2760416666666667 0.7270833333333333 0.04583333333333333 0.078125
3 0.196875 0.6822916666666666 0.06822916666666666 0.07239583333333334
3 0.35625 0.5395833333333333 0.036458333333333336 0.06979166666666667
3 0.17916666666666667 0.53125 0.11770833333333333 0.041666666666666664
3 0.22395833333333334 0.4864583333333333 0.2125 0.05416666666666667
3 0.0875 0.5364583333333334 0.09114583333333333 0.04791666666666667
3 0.07916666666666666 0.8927083333333333 0.15833333333333333 0.10625