3 0.09375 0.19375 0.05364583333333333 0.04114583333333333
3 0.21458333333333332 0.1875 0.0453125 0.034375
3 0.4083333333333333 0.18125 0.09270833333333334 0.04114583333333333
3 0.665625 0.171875 0.09791666666666667 0.03125
3 0.5291666666666667 0.3375 0.12083333333333333 0.04114583333333333
3 0.2520833333333333 0.35 0.06666666666666667 0.04114583333333333
3 0.34375 0.34791666666666665 0.08854166666666667 0.036458333333333336
3 0.671875 0.3416666666666667 0.0484375 0.03229166666666667
3 0.665625 0.540625 0.14322916666666666 0.05260416666666667
3 0.12708333333333333 0.19375 0.021354166666666667 0.030208333333333334
3 0.16770833333333332 0.196875 0.03125 0.027083333333333334
3 0.196875 0.5489583333333333 0.14322916666666666 0.035416666666666666
3 0.34791666666666665 0.546875 0.1421875 0.03125
3 0.5270833333333333 0.5375 0.11614583333333334 0.04114583333333333
3 0.5041666666666667 0.5958333333333333 0.0625 0.058333333333333334
3 0.5510416666666667 0.6854166666666667 0.0484375 0.058333333333333334
3 0.5447916666666667 0.759375 0.035416666666666666 0.05260416666666667
3 0.459375 0.7989583333333333 0.07239583333333334 0.044270833333333336