3 0.5604166666666667 0.078125 0.04895833333333333 0.04895833333333333
3 0.5291666666666667 0.11145833333333334 0.040625 0.04479166666666667
3 0.6697916666666667 0.12916666666666668 0.04479166666666667 0.053125
3 0.8083333333333333 0.1875 0.04479166666666667 0.04479166666666667
3 0.07395833333333333 0.07604166666666666 0.040625 0.04895833333333333
3 0.225 0.140625 0.058333333333333334 0.04895833333333333
3 0.36354166666666665 0.196875 0.040625 0.04479166666666667
3 0.63125 0.30625 0.040625 0.040625
3 0.8552083333333333 0.44375 0.04895833333333333 0.04895833333333333
3 0.9489583333333333 0.4625 0.040625 0.04895833333333333
3 0.865625 0.5135416666666667 0.04479166666666667 0.04479166666666667
3 0.021875 0.2875 0.035416666666666666 0.04895833333333333
3 0.1 0.31666666666666665 0.03125 0.04479166666666667
3 0.165625 0.34375 0.04479166666666667 0.053125
3 0.30104166666666665 0.39479166666666665 0.04895833333333333 0.040625
3 0.4479166666666667 0.4510416666666667 0.04479166666666667 0.04895833333333333
3 0.5822916666666667 0.50625 0.04895833333333333 0.04895833333333333
3 0.7635416666666667 0.36875 0.04479166666666667 0.04895833333333333
3 0.71875 0.5604166666666667 0.04479166666666667 0.04895833333333333
3 0.8552083333333333 0.615625 0.04895833333333333 0.04479166666666667
3 0.23854166666666668 0.6052083333333333 0.04895833333333333 0.04895833333333333
3 0.0875 0.546875 0.058333333333333334 0.04895833333333333
3 0.38645833333333335 0.6583333333333333 0.058333333333333334 0.04895833333333333
3 0.5270833333333333 0.7145833333333333 0.04479166666666667 0.04479166666666667
3 0.6739583333333333 0.7697916666666667 0.053125 0.04895833333333333
3 0.828125 0.8302083333333333 0.06666666666666667 0.0625
3 0.921875 0.915625 0.058333333333333334 0.0625
3 0.9625 0.8791666666666667 0.040625 0.04479166666666667
3 0.48020833333333335 0.9354166666666667 0.058333333333333334 0.04895833333333333