3 0.790625 0.5333333333333333 0.035416666666666666 0.058333333333333334
3 0.4375 0.5270833333333333 0.034375 0.0453125
3 0.11354166666666667 0.24791666666666667 0.04010416666666667 0.04114583333333333
3 0.12916666666666668 0.296875 0.034375 0.04010416666666667
3 0.11875 0.33229166666666665 0.030208333333333334 0.03125
3 0.06875 0.33958333333333335 0.049479166666666664 0.036458333333333336
3 0.16979166666666667 0.4197916666666667 0.044270833333333336 0.044270833333333336
3 0.12291666666666666 0.5114583333333333 0.030208333333333334 0.03125
3 0.140625 0.5625 0.03125 0.034375
3 0.12708333333333333 0.59375 0.030208333333333334 0.028125
3 0.07604166666666666 0.6 0.035416666666666666 0.03229166666666667