3 0.31354166666666666 0.6010416666666667 0.17291666666666666 0.071875
3 0.20625 0.6041666666666666 0.019791666666666666 0.030208333333333334
3 0.22291666666666668 0.6458333333333334 0.019791666666666666 0.030208333333333334
3 0.19479166666666667 0.6552083333333333 0.022916666666666665 0.023958333333333335
3 0.4114583333333333 0.6666666666666666 0.013541666666666667 0.023958333333333335
3 0.625 0.68125 0.010416666666666666 0.041666666666666664
3 0.16875 0.7083333333333334 0.04375 0.04791666666666667
3 0.23541666666666666 0.26458333333333334 0.04375 0.017708333333333333
3 0.296875 0.309375 0.013541666666666667 0.04791666666666667
3 0.24791666666666667 0.33645833333333336 0.096875 0.030208333333333334
3 0.43645833333333334 0.44375 0.013541666666666667 0.017708333333333333
3 0.21145833333333333 0.571875 0.022916666666666665 0.023958333333333335