3 0.30104166666666665 0.19895833333333332 0.03125 0.03125
3 0.34375 0.203125 0.035416666666666666 0.03125
3 0.56875 0.1875 0.07604166666666666 0.03125
3 0.7583333333333333 0.1875 0.035416666666666666 0.035416666666666666
3 0.875 0.18125 0.040625 0.040625
3 0.44375 0.36354166666666665 0.09375 0.03125
3 0.625 0.35520833333333335 0.071875 0.040625
3 0.7145833333333333 0.35 0.0625 0.03125
3 0.78125 0.5510416666666667 0.14270833333333333 0.03125
3 0.5958333333333333 0.5625 0.04895833333333333 0.035416666666666666
3 0.6385416666666667 0.5625 0.035416666666666666 0.035416666666666666
3 0.459375 0.5645833333333333 0.10729166666666666 0.040625
3 0.3375 0.571875 0.12916666666666668 0.04479166666666667
3 0.4864583333333333 0.625 0.053125 0.053125
3 0.44375 0.7145833333333333 0.04895833333333333 0.053125
3 0.4552083333333333 0.7875 0.053125 0.040625
3 0.5427083333333333 0.821875 0.07604166666666666 0.053125