3 0.09583333333333334 0.8375 0.04895833333333333 0.084375
3 0.103125 0.90625 0.053125 0.053125
3 0.19583333333333333 0.8239583333333333 0.03125 0.040625
3 0.3458333333333333 0.7927083333333333 0.03125 0.084375
3 0.4 0.790625 0.03125 0.071875
3 0.421875 0.771875 0.040625 0.053125
3 0.63125 0.9552083333333333 0.03125 0.08958333333333333
3 0.5020833333333333 0.975 0.03125 0.04895833333333333
3 0.484375 0.9729166666666667 0.027083333333333334 0.053125
3 0.765625 0.728125 0.021875 0.04479166666666667
3 0.75625 0.78125 0.03125 0.04479166666666667
3 0.36875 0.478125 0.03125 0.027083333333333334
3 0.171875 0.584375 0.040625 0.071875
3 0.18125 0.678125 0.040625 0.053125
3 0.19375 0.59375 0.03125 0.08020833333333334
3 0.3614583333333333 0.978125 0.027083333333333334 0.035416666666666666