3 0.5979166666666667 0.14166666666666666 0.025 0.08333333333333333
3 0.7072916666666667 0.16875 0.016666666666666666 0.058333333333333334
3 0.375 0.17083333333333334 0.0125 0.041666666666666664
3 0.546875 0.22083333333333333 0.016666666666666666 0.041666666666666664
3 0.36041666666666666 0.2875 0.025 0.09166666666666666
3 0.11458333333333333 0.3 0.025 0.05
3 0.5385416666666667 0.30416666666666664 0.016666666666666666 0.058333333333333334
3 0.7114583333333333 0.30416666666666664 0.016666666666666666 0.075
3 0.16145833333333334 0.30416666666666664 0.016666666666666666 0.058333333333333334
3 0.5958333333333333 0.30833333333333335 0.020833333333333332 0.05
3 0.48125 0.3125 0.020833333333333332 0.041666666666666664
3 0.390625 0.0375 0.034375 0.058333333333333334
3 0.43645833333333334 0.4375 0.025 0.025
3 0.090625 0.44166666666666665 0.020833333333333332 0.05
3 0.2375 0.44166666666666665 0.025 0.08333333333333333
3 0.290625 0.44166666666666665 0.020833333333333332 0.05
3 0.47708333333333336 0.44583333333333336 0.020833333333333332 0.09166666666666666
3 0.184375 0.44583333333333336 0.020833333333333332 0.041666666666666664
3 0.5375 0.475 0.029166666666666667 0.05
3 0.590625 0.475 0.020833333333333332 0.05
3 0.659375 0.5 0.020833333333333332 0.08333333333333333
3 0.08229166666666667 0.5041666666666667 0.029166666666666667 0.058333333333333334
3 0.47291666666666665 0.5395833333333333 0.020833333333333332 0.06666666666666667
3 0.12708333333333333 0.5416666666666666 0.025 0.1
3 0.171875 0.55 0.029166666666666667 0.06666666666666667
3 0.2791666666666667 0.5666666666666667 0.025 0.08333333333333333
3 0.22083333333333333 0.5708333333333333 0.025 0.09166666666666666
3 0.428125 0.5833333333333334 0.034375 0.05
3 0.5322916666666667 0.6041666666666666 0.020833333333333332 0.10833333333333334
3 0.32395833333333335 0.625 0.029166666666666667 0.06666666666666667
3 0.10208333333333333 0.675 0.025 0.05
3 0.26666666666666666 0.6833333333333333 0.034375 0.06666666666666667
3 0.15729166666666666 0.6875 0.025 0.041666666666666664
3 0.590625 0.690625 0.029166666666666667 0.10833333333333334
3 0.6541666666666667 0.6916666666666667 0.0125 0.06666666666666667
3 0.20729166666666668 0.6916666666666667 0.025 0.06666666666666667
3 0.9458333333333333 0.6989583333333333 0.020833333333333332 0.041666666666666664
3 0.5270833333333333 0.7 0.020833333333333332 0.06666666666666667
3 0.9958333333333333 0.7041666666666667 0.008333333333333333 0.041666666666666664
3 0.46770833333333334 0.7166666666666667 0.03854166666666667 0.08333333333333333
3 0.30520833333333336 0.75 0.016666666666666666 0.03333333333333333
3 0.125 0.7708333333333334 0.020833333333333332 0.025