3 0.8604166666666667 0.06770833333333333 0.04479166666666667 0.04010416666666667
3 0.4864583333333333 0.6760416666666667 0.13177083333333334 0.1625
3 0.571875 0.7770833333333333 0.08541666666666667 0.0953125
3 0.38645833333333335 0.8052083333333333 0.07083333333333333 0.09427083333333333
3 0.45 0.8177083333333334 0.058333333333333334 0.08125
3 0.28958333333333336 0.9395833333333333 0.05520833333333333 0.10833333333333334
3 0.5895833333333333 0.20625 0.04479166666666667 0.07447916666666667
3 0.6239583333333333 0.25 0.041666666666666664 0.05416666666666667
3 0.821875 0.030208333333333334 0.041666666666666664 0.04739583333333333
3 0.31354166666666666 0.28020833333333334 0.05 0.0734375
3 0.371875 0.2875 0.041666666666666664 0.07447916666666667
3 0.24583333333333332 0.375 0.057291666666666664 0.059375
3 0.6916666666666667 0.3885416666666667 0.04635416666666667 0.0734375
3 0.34375 0.40208333333333335 0.04635416666666667 0.06145833333333333
3 0.08229166666666667 0.4083333333333333 0.05260416666666667 0.07447916666666667
3 0.28125 0.4322916666666667 0.06197916666666667 0.04739583333333333
3 0.875 0.45625 0.06197916666666667 0.0875
3 0.06145833333333333 0.50625 0.058333333333333334 0.13645833333333332
3 0.11770833333333333 0.5104166666666666 0.05260416666666667 0.06145833333333333
3 0.17395833333333333 0.5166666666666667 0.041666666666666664 0.0875
3 0.078125 0.5916666666666667 0.0609375 0.07447916666666667