3 0.396875 0.5989583333333334 0.0109375 0.04010416666666667
3 0.44166666666666665 0.9135416666666667 0.03229166666666667 0.0515625
3 0.47291666666666665 0.9135416666666667 0.030208333333333334 0.0515625
3 0.38125 0.9135416666666667 0.036458333333333336 0.0515625
3 0.4125 0.9166666666666666 0.034375 0.057291666666666664
3 0.5 0.9166666666666666 0.03229166666666667 0.057291666666666664
3 0.5333333333333333 0.9166666666666666 0.034375 0.057291666666666664
3 0.6229166666666667 0.9166666666666666 0.036458333333333336 0.04583333333333333
3 0.34791666666666665 0.9166666666666666 0.030208333333333334 0.057291666666666664
3 0.5666666666666667 0.91875 0.040625 0.050520833333333334
3 0.5958333333333333 0.91875 0.026041666666666668 0.050520833333333334