3 0.9427083333333334 0.7 0.029166666666666667 0.053125
3 0.9958333333333333 0.7 0.008333333333333333 0.058333333333333334
3 0.6635416666666667 0.7 0.03333333333333333 0.07708333333333334
3 0.5885416666666666 0.690625 0.03333333333333333 0.06770833333333333
3 0.5208333333333334 0.7041666666666667 0.0375 0.084375
3 0.4583333333333333 0.715625 0.03229166666666667 0.08020833333333334
3 0.415625 0.578125 0.042708333333333334 0.06145833333333333
3 0.6583333333333333 0.48333333333333334 0.022916666666666665 0.06354166666666666
3 0.5989583333333334 0.3145833333333333 0.034375 0.07083333333333333
3 0.5989583333333334 0.47291666666666665 0.03958333333333333 0.090625
3 0.5375 0.4635416666666667 0.025 0.06875
3 0.46875 0.5489583333333333 0.023958333333333335 0.09166666666666666
3 0.5416666666666666 0.30625 0.028125 0.06875
3 0.325 0.621875 0.027083333333333334 0.078125
3 0.3625 0.3 0.03854166666666667 0.09895833333333333
3 0.38958333333333334 0.028125 0.029166666666666667 0.05625
3 0.7104166666666667 0.2989583333333333 0.026041666666666668 0.10833333333333334
3 0.43854166666666666 0.43333333333333335 0.026041666666666668 0.057291666666666664
3 0.47708333333333336 0.43645833333333334 0.030208333333333334 0.1125
3 0.2760416666666667 0.553125 0.029166666666666667 0.11666666666666667
3 0.2604166666666667 0.6822916666666666 0.03229166666666667 0.09583333333333334
3 0.6010416666666667 0.14583333333333334 0.026041666666666668 0.08645833333333333
3 0.5260416666666666 0.5864583333333333 0.027083333333333334 0.11875
3 0.590625 0.5958333333333333 0.026041666666666668 0.121875
3 0.5479166666666667 0.21875 0.027083333333333334 0.05
3 0.70625 0.16041666666666668 0.021875 0.0625
3 0.4864583333333333 0.303125 0.027083333333333334 0.05
3 0.37395833333333334 0.159375 0.03229166666666667 0.053125
3 0.20520833333333333 0.6927083333333334 0.028125 0.075
3 0.12291666666666666 0.7739583333333333 0.025 0.051041666666666666
3 0.23645833333333333 0.42916666666666664 0.029166666666666667 0.09375
3 0.21979166666666666 0.5708333333333333 0.03125 0.109375
3 0.153125 0.6708333333333333 0.0375 0.1125
3 0.10729166666666666 0.659375 0.035416666666666666 0.10416666666666667
3 0.17083333333333334 0.5416666666666666 0.03125 0.121875
3 0.18645833333333334 0.4427083333333333 0.025 0.053125
3 0.16145833333333334 0.30104166666666665 0.026041666666666668 0.0625
3 0.11770833333333333 0.296875 0.03125 0.07604166666666666
3 0.12708333333333333 0.5354166666666667 0.029166666666666667 0.12291666666666666
3 0.08645833333333333 0.47291666666666665 0.041666666666666664 0.15208333333333332