3 0.45729166666666665 0.22083333333333333 0.03125 0.03125
3 0.365625 0.21458333333333332 0.035416666666666666 0.027083333333333334
3 0.31875 0.27708333333333335 0.03125 0.027083333333333334
3 0.5291666666666667 0.44166666666666665 0.06666666666666667 0.027083333333333334
3 0.5583333333333333 0.4979166666666667 0.071875 0.03125
3 0.4979166666666667 0.459375 0.04895833333333333 0.027083333333333334
3 0.49583333333333335 0.4822916666666667 0.053125 0.017708333333333333
3 0.265625 0.6583333333333333 0.06666666666666667 0.021875
3 0.5916666666666667 0.6229166666666667 0.058333333333333334 0.03125
3 0.6604166666666667 0.6427083333333333 0.04479166666666667 0.017708333333333333
3 0.6739583333333333 0.6229166666666667 0.04479166666666667 0.021875
3 0.6625 0.6625 0.04895833333333333 0.021875
3 0.625 0.68125 0.0625 0.03125