3 0.8302083333333333 0.6072916666666667 0.044270833333333336 0.044270833333333336
3 0.8260416666666667 0.6677083333333333 0.044270833333333336 0.04010416666666667
3 0.8552083333333333 0.696875 0.04010416666666667 0.035416666666666666
3 0.9239583333333333 0.6989583333333333 0.044270833333333336 0.04010416666666667
3 0.5510416666666667 0.6760416666666667 0.04010416666666667 0.03125
3 0.578125 0.5135416666666667 0.03125 0.035416666666666666
3 0.390625 0.23229166666666667 0.0765625 0.027083333333333334
3 0.225 0.5041666666666667 0.049479166666666664 0.034375
3 0.296875 0.59375 0.0484375 0.036458333333333336
3 0.209375 0.5510416666666667 0.044270833333333336 0.03125
3 0.23229166666666667 0.5802083333333333 0.044270833333333336 0.035416666666666666