3 0.36354166666666665 0.8239583333333333 0.022395833333333334 0.022395833333333334
3 0.3885416666666667 0.8302083333333333 0.027083333333333334 0.027083333333333334
3 0.48854166666666665 0.4 0.03125 0.049479166666666664
3 0.4510416666666667 0.1625 0.035416666666666666 0.04114583333333333
3 0.6677083333333333 0.23229166666666667 0.04010416666666667 0.044270833333333336
3 0.725 0.084375 0.03229166666666667 0.044270833333333336
3 0.6739583333333333 0.09583333333333334 0.035416666666666666 0.04114583333333333
3 0.65625 0.15 0.036458333333333336 0.058333333333333334
3 0.265625 0.3104166666666667 0.04010416666666667 0.049479166666666664
3 0.21666666666666667 0.3302083333333333 0.021354166666666667 0.035416666666666666
3 0.203125 0.3770833333333333 0.03125 0.049479166666666664
3 0.22291666666666668 0.44895833333333335 0.05364583333333333 0.0484375