3 0.13958333333333334 0.14895833333333333 0.020833333333333332 0.03854166666666667
3 0.403125 0.190625 0.022916666666666665 0.06145833333333333
3 0.6395833333333333 0.21041666666666667 0.0625 0.13020833333333334
3 0.3020833333333333 0.22916666666666666 0.022916666666666665 0.10729166666666666
3 0.20625 0.2635416666666667 0.017708333333333333 0.11458333333333333
3 0.05520833333333333 0.534375 0.028125 0.07604166666666666
3 0.2760416666666667 0.55 0.028125 0.1375
3 0.35833333333333334 0.56875 0.028125 0.14479166666666668
3 0.16875 0.5729166666666666 0.026041666666666668 0.16770833333333332
3 0.3229166666666667 0.6104166666666667 0.022916666666666665 0.06145833333333333
3 0.8260416666666667 0.6260416666666667 0.0625 0.16770833333333332