3 0.6114583333333333 0.23854166666666668 0.071875 0.07604166666666666
3 0.6270833333333333 0.13125 0.040625 0.058333333333333334
3 0.7322916666666667 0.24791666666666667 0.04479166666666667 0.040625
3 0.3885416666666667 0.359375 0.053125 0.058333333333333334
3 0.44895833333333335 0.36875 0.040625 0.040625
3 0.4625 0.4083333333333333 0.040625 0.040625
3 0.4510416666666667 0.4708333333333333 0.053125 0.040625
3 0.6364583333333333 0.3927083333333333 0.058333333333333334 0.053125
3 0.6520833333333333 0.31875 0.053125 0.04895833333333333
3 0.6604166666666667 0.5291666666666667 0.04479166666666667 0.04895833333333333
3 0.678125 0.46458333333333335 0.053125 0.04479166666666667