3 0.17395833333333333 0.4864583333333333 0.0625 0.15208333333333332
3 0.3572916666666667 0.56875 0.027083333333333334 0.03125
3 0.027083333333333334 0.06875 0.04479166666666667 0.12916666666666668
3 0.171875 0.6854166666666667 0.07604166666666666 0.209375
3 0.090625 0.07395833333333333 0.071875 0.13854166666666667
3 0.4125 0.084375 0.06666666666666667 0.16041666666666668
3 0.5333333333333333 0.10729166666666666 0.058333333333333334 0.10729166666666666
3 0.22083333333333333 0.115625 0.021875 0.027083333333333334
3 0.296875 0.15208333333333332 0.021875 0.035416666666666666
3 0.029166666666666667 0.23854166666666668 0.04895833333333333 0.146875
3 0.08958333333333333 0.24583333333333332 0.0625 0.196875
3 0.1625 0.2875 0.06666666666666667 0.11145833333333334
3 0.6739583333333333 0.2947916666666667 0.04479166666666667 0.125
3 0.365625 0.303125 0.053125 0.053125