3 0.2875 0.6072916666666667 0.040625 0.053125
3 0.821875 0.759375 0.053125 0.0625
3 0.946875 0.7854166666666667 0.035416666666666666 0.04479166666666667
3 0.9125 0.08020833333333334 0.040625 0.053125
3 0.91875 0.83125 0.04479166666666667 0.0625
3 0.9197916666666667 0.296875 0.04479166666666667 0.04895833333333333
3 0.765625 0.2989583333333333 0.04895833333333333 0.0625
3 0.8416666666666667 0.30104166666666665 0.04895833333333333 0.058333333333333334
3 0.115625 0.30625 0.035416666666666666 0.058333333333333334
3 0.17604166666666668 0.328125 0.04895833333333333 0.06666666666666667
3 0.921875 0.34791666666666665 0.040625 0.035416666666666666
3 0.7854166666666667 0.3770833333333333 0.035416666666666666 0.058333333333333334
3 0.5510416666666667 0.4197916666666667 0.04895833333333333 0.04479166666666667