3 0.3416666666666667 0.5114583333333333 0.034375 0.04010416666666667
3 0.609375 0.058333333333333334 0.04010416666666667 0.1078125
3 0.125 0.5822916666666667 0.090625 0.2359375
3 0.12083333333333333 0.09791666666666667 0.07135416666666666 0.1703125
3 0.18541666666666667 0.14270833333333333 0.049479166666666664 0.09791666666666667
3 0.39479166666666665 0.21458333333333332 0.04010416666666667 0.0625
3 0.3375 0.225 0.03229166666666667 0.04114583333333333
3 0.7166666666666667 0.25 0.04114583333333333 0.0453125
3 0.7208333333333333 0.296875 0.021354166666666667 0.03125
3 0.18333333333333332 0.303125 0.026041666666666668 0.044270833333333336
3 0.171875 0.396875 0.058333333333333334 0.08958333333333333
3 0.48020833333333335 0.042708333333333334 0.0484375 0.08489583333333334