3 0.9489583333333333 0.6625 0.022916666666666665 0.07708333333333334
3 0.8802083333333334 0.5864583333333333 0.019791666666666666 0.07395833333333333
3 0.93125 0.41458333333333336 0.017708333333333333 0.059375
3 0.903125 0.4125 0.016666666666666666 0.06145833333333333
3 0.8947916666666667 0.17083333333333334 0.027083333333333334 0.04791666666666667
3 0.865625 0.16770833333333332 0.023958333333333335 0.04895833333333333
3 0.9895833333333334 0.9479166666666666 0.020833333333333332 0.041666666666666664
3 0.7354166666666667 0.6479166666666667 0.022916666666666665 0.0875
3 0.5291666666666667 0.5645833333333333 0.016666666666666666 0.07083333333333333
3 0.48125 0.32083333333333336 0.029166666666666667 0.059375
3 0.38333333333333336 0.6239583333333333 0.019791666666666666 0.07708333333333334
3 0.2989583333333333 0.5458333333333333 0.035416666666666666 0.075
3 0.25104166666666666 0.5447916666666667 0.025 0.07916666666666666
3 0.6822916666666666 0.2 0.019791666666666666 0.052083333333333336
3 0.6510416666666666 0.175 0.023958333333333335 0.103125
3 0.46145833333333336 0.18541666666666667 0.016666666666666666 0.057291666666666664
3 0.49270833333333336 0.559375 0.013541666666666667 0.06666666666666667
3 0.5114583333333333 0.6364583333333333 0.013541666666666667 0.06979166666666667
3 0.11041666666666666 0.603125 0.019791666666666666 0.07916666666666666
3 0.042708333333333334 0.5958333333333333 0.021875 0.07604166666666666
3 0.14270833333333333 0.6052083333333333 0.026041666666666668 0.075
3 0.5416666666666666 0.19166666666666668 0.015625 0.05520833333333333
3 0.48541666666666666 0.18854166666666666 0.015625 0.05416666666666667
3 0.13125 0.29791666666666666 0.026041666666666668 0.06145833333333333
3 0.22604166666666667 0.16979166666666667 0.030208333333333334 0.057291666666666664