3 0.12708333333333333 0.47291666666666665 0.04114583333333333 0.07135416666666666
3 0.4708333333333333 0.051041666666666666 0.03229166666666667 0.09375
3 0.3541666666666667 0.540625 0.034375 0.027083333333333334
3 0.10208333333333333 0.625 0.09479166666666666 0.215625
3 0.21458333333333332 0.10729166666666666 0.036458333333333336 0.044270833333333336
3 0.45729166666666665 0.12291666666666666 0.04010416666666667 0.08385416666666666
3 0.6135416666666667 0.12916666666666668 0.0484375 0.11614583333333334
3 0.30833333333333335 0.15208333333333332 0.034375 0.028125
3 0.040625 0.19895833333333332 0.07239583333333334 0.06666666666666667
3 0.11875 0.26145833333333335 0.06666666666666667 0.08489583333333334
3 0.0375 0.265625 0.06666666666666667 0.06666666666666667
3 0.7635416666666667 0.271875 0.027083333333333334 0.027083333333333334
3 0.36354166666666665 0.2875 0.03125 0.058333333333333334
3 0.30625 0.303125 0.030208333333333334 0.044270833333333336
3 0.39479166666666665 0.30625 0.022395833333333334 0.058333333333333334
3 0.7791666666666667 0.31875 0.04114583333333333 0.030208333333333334
3 0.13125 0.3927083333333333 0.04114583333333333 0.05260416666666667