3 0.39479166666666665 0.21458333333333332 0.03125 0.027083333333333334
3 0.30833333333333335 0.22083333333333333 0.035416666666666666 0.03125
3 0.26979166666666665 0.29270833333333335 0.03125 0.03125
3 0.5 0.4375 0.0625 0.027083333333333334
3 0.4625 0.4666666666666667 0.04895833333333333 0.021875
3 0.46875 0.4864583333333333 0.027083333333333334 0.017708333333333333
3 0.5354166666666667 0.49375 0.053125 0.021875
3 0.271875 0.7145833333333333 0.08958333333333333 0.027083333333333334
3 0.584375 0.6229166666666667 0.053125 0.03125
3 0.65625 0.6291666666666667 0.035416666666666666 0.017708333333333333
3 0.665625 0.6520833333333333 0.04479166666666667 0.027083333333333334
3 0.6229166666666667 0.678125 0.058333333333333334 0.027083333333333334