3 0.434375 0.22083333333333333 0.0484375 0.049479166666666664
3 0.309375 0.209375 0.044270833333333336 0.027083333333333334
3 0.5822916666666667 0.53125 0.06666666666666667 0.028125
3 0.25 0.2875 0.034375 0.03229166666666667
3 0.5354166666666667 0.46458333333333335 0.08854166666666667 0.030208333333333334
3 0.478125 0.490625 0.0625 0.027083333333333334
3 0.484375 0.5114583333333333 0.058333333333333334 0.022395833333333334
3 0.6208333333333333 0.6739583333333333 0.07135416666666666 0.027083333333333334
3 0.71875 0.69375 0.05364583333333333 0.021354166666666667
3 0.725 0.7145833333333333 0.07552083333333333 0.028125
3 0.665625 0.740625 0.08072916666666667 0.027083333333333334
3 0.20520833333333333 0.365625 0.15208333333333332 0.027083333333333334
3 0.20520833333333333 0.7322916666666667 0.09791666666666667 0.027083333333333334
3 0.7385416666666667 0.44895833333333335 0.03125 0.03125