3 0.48020833333333335 0.24583333333333332 0.040625 0.053125
3 0.71875 0.328125 0.04479166666666667 0.04895833333333333
3 0.7229166666666667 0.265625 0.035416666666666666 0.04895833333333333
3 0.740625 0.228125 0.035416666666666666 0.04479166666666667
3 0.803125 0.21875 0.04479166666666667 0.053125
3 0.32395833333333335 0.7520833333333333 0.06666666666666667 0.040625
3 0.4979166666666667 0.43333333333333335 0.03125 0.04479166666666667
3 0.24791666666666667 0.33229166666666665 0.04895833333333333 0.04895833333333333
3 0.18958333333333333 0.34375 0.040625 0.035416666666666666
3 0.171875 0.37916666666666665 0.03125 0.04479166666666667
3 0.18333333333333332 0.4354166666666667 0.04479166666666667 0.04895833333333333