3 0.4583333333333333 0.578125 0.020833333333333332 0.029166666666666667
3 0.9197916666666667 0.321875 0.022916666666666665 0.0265625
3 0.48541666666666666 0.5395833333333333 0.016666666666666666 0.03333333333333333
3 0.49270833333333336 0.5625 0.022395833333333334 0.034375
3 0.696875 0.2916666666666667 0.025 0.020833333333333332
3 0.73125 0.2677083333333333 0.028125 0.035416666666666666
3 0.715625 0.240625 0.0265625 0.05
3 0.6520833333333333 0.26145833333333335 0.028645833333333332 0.035416666666666666
3 0.6427083333333333 0.23333333333333334 0.025 0.03333333333333333
3 0.6708333333333333 0.23541666666666666 0.025520833333333333 0.028125
3 0.6541666666666667 0.21979166666666666 0.026041666666666668 0.03125