3 0.484375 0.475 0.058333333333333334 0.058333333333333334
3 0.3458333333333333 0.5135416666666667 0.084375 0.0625
3 0.4625 0.525 0.084375 0.058333333333333334
3 0.6 0.546875 0.04895833333333333 0.04895833333333333
3 0.6541666666666667 0.5583333333333333 0.040625 0.04479166666666667
3 0.8166666666666667 0.5822916666666667 0.04479166666666667 0.04895833333333333
3 0.39479166666666665 0.7166666666666667 0.06666666666666667 0.04895833333333333
3 0.6208333333333333 0.7541666666666667 0.0625 0.053125
3 0.24583333333333332 0.8479166666666667 0.03125 0.035416666666666666
3 0.2947916666666667 0.859375 0.04479166666666667 0.040625
3 0.5510416666666667 0.9041666666666667 0.058333333333333334 0.04895833333333333
3 0.74375 0.9333333333333333 0.040625 0.04479166666666667
3 0.875 0.9489583333333333 0.04479166666666667 0.040625
3 0.5583333333333333 0.29270833333333335 0.0625 0.058333333333333334
3 0.46458333333333335 0.3125 0.04479166666666667 0.04479166666666667
3 0.44895833333333335 0.3770833333333333 0.04895833333333333 0.058333333333333334