3 0.453125 0.4510416666666667 0.058333333333333334 0.05260416666666667
3 0.48020833333333335 0.515625 0.0484375 0.058333333333333334
3 0.46458333333333335 0.571875 0.036458333333333336 0.044270833333333336
3 0.4 0.5875 0.049479166666666664 0.049479166666666664
3 0.6854166666666667 0.353125 0.04114583333333333 0.044270833333333336
3 0.678125 0.5135416666666667 0.05260416666666667 0.05260416666666667
3 0.7125 0.59375 0.058333333333333334 0.0625
3 0.725 0.4239583333333333 0.049479166666666664 0.05260416666666667
3 0.665625 0.6989583333333333 0.05260416666666667 0.058333333333333334
3 0.7125 0.8083333333333333 0.03229166666666667 0.07135416666666666
3 0.6895833333333333 0.6541666666666667 0.04114583333333333 0.04114583333333333
3 0.8145833333333333 0.6625 0.049479166666666664 0.04114583333333333
3 0.5645833333333333 0.646875 0.049479166666666664 0.044270833333333336
3 0.646875 0.3104166666666667 0.027083333333333334 0.049479166666666664
3 0.6520833333333333 0.27708333333333335 0.036458333333333336 0.036458333333333336
3 0.946875 0.6677083333333333 0.044270833333333336 0.04010416666666667