3 0.8302083333333333 0.6072916666666667 0.04479166666666667 0.04479166666666667
3 0.8260416666666667 0.6677083333333333 0.04479166666666667 0.040625
3 0.8552083333333333 0.696875 0.040625 0.035416666666666666
3 0.9239583333333333 0.6989583333333333 0.04479166666666667 0.040625
3 0.5510416666666667 0.6760416666666667 0.040625 0.03125
3 0.578125 0.5135416666666667 0.03125 0.035416666666666666
3 0.390625 0.23229166666666667 0.07604166666666666 0.027083333333333334
3 0.225 0.5041666666666667 0.04895833333333333 0.035416666666666666
3 0.296875 0.59375 0.04895833333333333 0.035416666666666666
3 0.209375 0.5510416666666667 0.04479166666666667 0.03125
3 0.23229166666666667 0.5802083333333333 0.04479166666666667 0.035416666666666666