3 0.8604166666666667 0.06770833333333333 0.04375 0.040625
3 0.4864583333333333 0.6760416666666667 0.13229166666666667 0.1625
3 0.571875 0.7770833333333333 0.08541666666666667 0.09479166666666666
3 0.38645833333333335 0.8052083333333333 0.07083333333333333 0.09479166666666666
3 0.45 0.8177083333333334 0.058333333333333334 0.08125
3 0.28958333333333336 0.9395833333333333 0.05625 0.10833333333333334
3 0.5895833333333333 0.20625 0.04375 0.07395833333333333
3 0.6239583333333333 0.25 0.041666666666666664 0.05416666666666667
3 0.821875 0.030208333333333334 0.041666666666666664 0.046875
3 0.31354166666666666 0.28020833333333334 0.05 0.07395833333333333
3 0.371875 0.2875 0.041666666666666664 0.07395833333333333
3 0.24583333333333332 0.375 0.05625 0.06041666666666667
3 0.6916666666666667 0.3885416666666667 0.046875 0.07395833333333333
3 0.34375 0.40208333333333335 0.046875 0.06041666666666667
3 0.08229166666666667 0.4083333333333333 0.053125 0.07395833333333333
3 0.28125 0.4322916666666667 0.06145833333333333 0.046875
3 0.875 0.45625 0.06145833333333333 0.0875
3 0.06145833333333333 0.50625 0.058333333333333334 0.13541666666666666
3 0.11770833333333333 0.5104166666666666 0.053125 0.06041666666666667
3 0.17395833333333333 0.5166666666666667 0.041666666666666664 0.0875
3 0.078125 0.5916666666666667 0.06145833333333333 0.07395833333333333