3 0.22604166666666667 0.5885416666666666 0.06041666666666667 0.04739583333333333
3 0.13645833333333332 0.6 0.0375 0.04635416666666667
3 0.7802083333333333 0.6354166666666666 0.06822916666666666 0.036458333333333336
3 0.09583333333333334 0.6916666666666667 0.0296875 0.05364583333333333
3 0.14479166666666668 0.6916666666666667 0.04010416666666667 0.05364583333333333
3 0.7604166666666666 0.69375 0.04635416666666667 0.058333333333333334
3 0.621875 0.7177083333333333 0.06041666666666667 0.07083333333333333
3 0.16354166666666667 0.7760416666666666 0.10572916666666667 0.09375
3 0.746875 0.8322916666666667 0.03333333333333333 0.05260416666666667
3 0.8010416666666667 0.8416666666666667 0.04739583333333333 0.058333333333333334
3 0.7697916666666667 0.903125 0.0875 0.0765625
3 0.025 0.8833333333333333 0.05 0.075
3 0.6166666666666667 0.9145833333333333 0.07083333333333333 0.05364583333333333
3 0.13125 0.9145833333333333 0.04635416666666667 0.07552083333333333
3 0.5458333333333333 0.9291666666666667 0.0375 0.058333333333333334
3 0.07291666666666667 0.9322916666666666 0.0375 0.041666666666666664
3 0.61875 0.9760416666666667 0.07447916666666667 0.04739583333333333
3 0.54375 0.9791666666666666 0.0671875 0.041666666666666664
3 0.8041666666666667 0.196875 0.04114583333333333 0.05260416666666667
3 0.38333333333333336 0.22916666666666666 0.07864583333333333 0.04635416666666667
3 0.22291666666666668 0.31875 0.06145833333333333 0.07552083333333333
3 0.5645833333333333 0.3260416666666667 0.2552083333333333 0.029166666666666667
3 0.75625 0.33541666666666664 0.04114583333333333 0.04635416666666667
3 0.32083333333333336 0.37604166666666666 0.04114583333333333 0.035416666666666666
3 0.5958333333333333 0.37916666666666665 0.16614583333333333 0.029166666666666667
3 0.25625 0.3854166666666667 0.05416666666666667 0.041666666666666664
3 0.434375 0.39375 0.030729166666666665 0.036458333333333336
3 0.8072916666666666 0.396875 0.04010416666666667 0.05260416666666667
3 0.33958333333333335 0.4083333333333333 0.0375 0.05364583333333333
3 0.14895833333333333 0.4083333333333333 0.05416666666666667 0.065625
3 0.19270833333333334 0.50625 0.2640625 0.07083333333333333
3 0.6875 0.5239583333333333 0.042708333333333334 0.058333333333333334
3 0.7125 0.5708333333333333 0.059375 0.058333333333333334