3 0.17395833333333333 0.4864583333333333 0.0625 0.15208333333333332
3 0.3572916666666667 0.56875 0.027083333333333334 0.030208333333333334
3 0.027083333333333334 0.06875 0.0453125 0.12916666666666668
3 0.171875 0.6854166666666667 0.0765625 0.20885416666666667
3 0.090625 0.07395833333333333 0.07239583333333334 0.1390625
3 0.4125 0.084375 0.06666666666666667 0.16041666666666668
3 0.5333333333333333 0.10729166666666666 0.058333333333333334 0.10677083333333333
3 0.22083333333333333 0.115625 0.021354166666666667 0.027083333333333334
3 0.296875 0.15208333333333332 0.022395833333333334 0.036458333333333336
3 0.029166666666666667 0.23854166666666668 0.049479166666666664 0.14739583333333334
3 0.08958333333333333 0.24583333333333332 0.0625 0.19635416666666666
3 0.1625 0.2875 0.06666666666666667 0.11197916666666667
3 0.6739583333333333 0.2947916666666667 0.044270833333333336 0.125
3 0.365625 0.303125 0.05260416666666667 0.05260416666666667