3 0.36354166666666665 0.4979166666666667 0.040625 0.040625
3 0.6583333333333333 0.578125 0.03125 0.03125
3 0.16458333333333333 0.5979166666666667 0.04895833333333333 0.08020833333333334
3 0.16041666666666668 0.6875 0.053125 0.053125
3 0.3260416666666667 0.8010416666666667 0.027083333333333334 0.04895833333333333
3 0.7385416666666667 0.80625 0.040625 0.09375
3 0.3729166666666667 0.8125 0.021875 0.0625
3 0.396875 0.8125 0.017708333333333333 0.053125
3 0.06666666666666667 0.8458333333333333 0.04479166666666667 0.084375
3 0.15 0.859375 0.04895833333333333 0.11145833333333334
3 0.103125 0.865625 0.027083333333333334 0.04479166666666667
3 0.084375 0.94375 0.035416666666666666 0.084375
3 0.609375 0.984375 0.040625 0.03125
3 0.45729166666666665 0.9864583333333333 0.06666666666666667 0.027083333333333334