3 0.9520833333333333 0.6302083333333334 0.041666666666666664 0.05
3 0.5822916666666667 0.5489583333333333 0.03125 0.029166666666666667
3 0.5958333333333333 0.5166666666666667 0.03958333333333333 0.035416666666666666
3 0.6739583333333333 0.25625 0.03125 0.03958333333333333
3 0.7072916666666667 0.19895833333333332 0.04479166666666667 0.03854166666666667
3 0.7041666666666667 0.16145833333333334 0.030208333333333334 0.035416666666666666
3 0.671875 0.15416666666666667 0.041666666666666664 0.04895833333333333
3 0.5375 0.4895833333333333 0.04895833333333333 0.057291666666666664
3 0.46979166666666666 0.5239583333333333 0.034375 0.025
3 0.49166666666666664 0.5052083333333334 0.05416666666666667 0.040625
3 0.353125 0.50625 0.040625 0.03125
3 0.15416666666666667 0.45729166666666665 0.03229166666666667 0.03333333333333333
3 0.16979166666666667 0.37083333333333335 0.035416666666666666 0.034375
3 0.21666666666666667 0.428125 0.027083333333333334 0.030208333333333334
3 0.41875 0.4739583333333333 0.06145833333333333 0.08958333333333333
3 0.36041666666666666 0.4427083333333333 0.057291666666666664 0.0625
3 0.30625 0.42604166666666665 0.053125 0.05416666666666667
3 0.246875 0.41458333333333336 0.03333333333333333 0.065625