3 0.12708333333333333 0.47291666666666665 0.040625 0.071875
3 0.4708333333333333 0.051041666666666666 0.03125 0.09375
3 0.3541666666666667 0.540625 0.035416666666666666 0.027083333333333334
3 0.10208333333333333 0.625 0.09375 0.21458333333333332
3 0.21458333333333332 0.10729166666666666 0.035416666666666666 0.04479166666666667
3 0.45729166666666665 0.12291666666666666 0.040625 0.084375
3 0.6135416666666667 0.12916666666666668 0.04895833333333333 0.115625
3 0.30833333333333335 0.15208333333333332 0.035416666666666666 0.027083333333333334
3 0.040625 0.19895833333333332 0.071875 0.06666666666666667
3 0.11875 0.26145833333333335 0.06666666666666667 0.084375
3 0.0375 0.265625 0.06666666666666667 0.06666666666666667
3 0.7635416666666667 0.271875 0.027083333333333334 0.027083333333333334
3 0.36354166666666665 0.2875 0.03125 0.058333333333333334
3 0.30625 0.303125 0.03125 0.04479166666666667
3 0.39479166666666665 0.30625 0.021875 0.058333333333333334
3 0.7791666666666667 0.31875 0.040625 0.03125
3 0.13125 0.3927083333333333 0.040625 0.053125