3 0.08229166666666667 0.34375 0.0484375 0.05364583333333333
3 0.15208333333333332 0.35520833333333335 0.0625 0.058333333333333334
3 0.14479166666666668 0.12916666666666668 0.0484375 0.0453125
3 0.2989583333333333 0.16041666666666668 0.044270833333333336 0.05364583333333333
3 0.42604166666666665 0.029166666666666667 0.0484375 0.04114583333333333
3 0.446875 0.011458333333333333 0.0625 0.0140625
3 0.5802083333333333 0.025 0.05260416666666667 0.04114583333333333
3 0.890625 0.3729166666666667 0.058333333333333334 0.058333333333333334
3 0.94375 0.29270833333333335 0.049479166666666664 0.0484375
3 0.8885416666666667 0.259375 0.044270833333333336 0.044270833333333336
3 0.8552083333333333 0.29270833333333335 0.058333333333333334 0.06666666666666667
3 0.946875 0.696875 0.08072916666666667 0.0625
3 0.7916666666666666 0.671875 0.07135416666666666 0.0484375
3 0.6291666666666667 0.65 0.07135416666666666 0.04114583333333333
3 0.4708333333333333 0.6270833333333333 0.06666666666666667 0.0453125
3 0.30833333333333335 0.603125 0.07135416666666666 0.044270833333333336
3 0.803125 0.9125 0.05260416666666667 0.04114583333333333
3 0.9791666666666666 0.953125 0.041666666666666664 0.07708333333333334
3 0.6447916666666667 0.8947916666666667 0.0484375 0.04010416666666667
3 0.609375 0.4239583333333333 0.058333333333333334 0.044270833333333336
3 0.459375 0.396875 0.07239583333333334 0.044270833333333336
3 0.728125 0.040625 0.05260416666666667 0.035416666666666666
3 0.8635416666666667 0.058333333333333334 0.0765625 0.034375
3 0.759375 0.44895833333333335 0.044270833333333336 0.04010416666666667
3 0.915625 0.4666666666666667 0.044270833333333336 0.03229166666666667
3 0.5958333333333333 0.20729166666666668 0.04114583333333333 0.04010416666666667