3 0.7947916666666667 0.46875 0.027083333333333334 0.035416666666666666
3 0.4822916666666667 0.475 0.027083333333333334 0.03125
3 0.796875 0.50625 0.040625 0.040625
3 0.7697916666666667 0.553125 0.040625 0.035416666666666666
3 0.5510416666666667 0.828125 0.040625 0.021875
3 0.2520833333333333 0.20104166666666667 0.03125 0.035416666666666666
3 0.30833333333333335 0.21458333333333332 0.027083333333333334 0.027083333333333334
3 0.31666666666666665 0.259375 0.035416666666666666 0.035416666666666666
3 0.5510416666666667 0.2989583333333333 0.021875 0.027083333333333334
3 0.30104166666666665 0.321875 0.03125 0.035416666666666666
3 0.740625 0.44375 0.035416666666666666 0.03125