3 0.578125 0.125 0.10260416666666666 0.026041666666666668
3 0.4395833333333333 0.290625 0.12083333333333333 0.035416666666666666
3 0.65 0.290625 0.09270833333333334 0.027083333333333334
3 0.7854166666666667 0.12083333333333333 0.0453125 0.03229166666666667
3 0.928125 0.11875 0.05260416666666667 0.04114583333333333
3 0.7447916666666666 0.29270833333333335 0.08489583333333334 0.03125
3 0.6479166666666667 0.49583333333333335 0.17447916666666666 0.034375
3 0.803125 0.49583333333333335 0.125 0.034375
3 0.3104166666666667 0.5 0.14635416666666667 0.0453125
3 0.453125 0.4979166666666667 0.12916666666666668 0.04114583333333333
3 0.484375 0.553125 0.06666666666666667 0.0625
3 0.4354166666666667 0.6447916666666667 0.058333333333333334 0.058333333333333334
3 0.446875 0.7166666666666667 0.044270833333333336 0.049479166666666664
3 0.5489583333333333 0.759375 0.05260416666666667 0.044270833333333336
3 0.3104166666666667 0.12708333333333333 0.13802083333333334 0.030208333333333334