3 0.7208333333333333 0.5177083333333333 0.033854166666666664 0.0265625
3 0.646875 0.546875 0.058333333333333334 0.03125
3 0.2625 0.559375 0.016145833333333335 0.04739583333333333
3 0.45 0.06666666666666667 0.033854166666666664 0.020833333333333332
3 0.515625 0.78125 0.05 0.03697916666666667
3 0.013541666666666667 0.8458333333333333 0.027083333333333334 0.020833333333333332
3 0.7770833333333333 0.965625 0.0421875 0.03125
3 0.178125 0.11354166666666667 0.022916666666666665 0.020833333333333332
3 0.14895833333333333 0.115625 0.027083333333333334 0.015104166666666667
3 0.9364583333333333 0.11875 0.019270833333333334 0.07135416666666666
3 0.86875 0.12395833333333334 0.021875 0.07239583333333334
3 0.903125 0.12604166666666666 0.015104166666666667 0.06666666666666667
3 0.7625 0.13645833333333332 0.0203125 0.04739583333333333
3 0.18541666666666667 0.19583333333333333 0.021875 0.020833333333333332
3 0.49583333333333335 0.20104166666666667 0.0203125 0.020833333333333332
3 0.14479166666666668 0.22395833333333334 0.027083333333333334 0.015104166666666667
3 0.771875 0.028125 0.015104166666666667 0.04739583333333333
3 0.359375 0.2604166666666667 0.04583333333333333 0.03697916666666667
3 0.7125 0.03333333333333333 0.011979166666666667 0.057291666666666664
3 0.475 0.31145833333333334 0.016145833333333335 0.015104166666666667
3 0.03333333333333333 0.3302083333333333 0.0421875 0.020833333333333332
3 0.2916666666666667 0.33229166666666665 0.0203125 0.015104166666666667
3 0.74375 0.041666666666666664 0.011979166666666667 0.06197916666666667
3 0.9135416666666667 0.4583333333333333 0.043229166666666666 0.03229166666666667