3 0.2677083333333333 0.5375 0.17395833333333333 0.040625
3 0.446875 0.5510416666666667 0.125 0.040625
3 0.625 0.56875 0.053125 0.040625
3 0.69375 0.578125 0.04895833333333333 0.040625
3 0.875 0.5958333333333333 0.12916666666666668 0.040625
3 0.475 0.6072916666666667 0.08020833333333334 0.053125
3 0.40208333333333335 0.6875 0.0625 0.04479166666666667
3 0.40625 0.759375 0.0625 0.04479166666666667
3 0.525 0.8104166666666667 0.07604166666666666 0.040625
3 0.25625 0.18333333333333332 0.04895833333333333 0.04479166666666667
3 0.32395833333333335 0.19166666666666668 0.040625 0.035416666666666666
3 0.6427083333333333 0.23020833333333332 0.09791666666666667 0.03125
3 0.8947916666666667 0.25416666666666665 0.040625 0.035416666666666666
3 0.4375 0.359375 0.125 0.040625
3 0.7052083333333333 0.390625 0.10729166666666666 0.040625