3 0.6447916666666667 0.40208333333333335 0.05260416666666667 0.036458333333333336
3 0.5604166666666667 0.41041666666666665 0.04114583333333333 0.036458333333333336
3 0.5354166666666667 0.446875 0.0453125 0.035416666666666666
3 0.55625 0.5041666666666667 0.058333333333333334 0.034375
3 0.30104166666666665 0.1875 0.03125 0.05364583333333333
3 0.3572916666666667 0.26979166666666665 0.027083333333333334 0.03125
3 0.3260416666666667 0.28125 0.035416666666666666 0.0453125
3 0.26145833333333335 0.36354166666666665 0.06666666666666667 0.03125
3 0.265625 0.42604166666666665 0.022395833333333334 0.03125
3 0.30104166666666665 0.42604166666666665 0.03125 0.03125
3 0.25 0.5489583333333333 0.034375 0.035416666666666666
3 0.4552083333333333 0.3302083333333333 0.044270833333333336 0.027083333333333334
3 0.2875 0.603125 0.03229166666666667 0.027083333333333334
3 0.7385416666666667 0.375 0.04010416666666667 0.026041666666666668
3 0.15416666666666667 0.2875 0.04114583333333333 0.021354166666666667