3 0.5822916666666667 0.4864583333333333 0.06666666666666667 0.04479166666666667
3 0.6427083333333333 0.615625 0.0625 0.053125
3 0.553125 0.546875 0.053125 0.04895833333333333
3 0.5645833333333333 0.5958333333333333 0.040625 0.040625
3 0.34375 0.7208333333333333 0.071875 0.058333333333333334
3 0.459375 0.6697916666666667 0.053125 0.035416666666666666
3 0.3145833333333333 0.671875 0.040625 0.03125
3 0.29375 0.8166666666666667 0.04479166666666667 0.0625
3 0.31666666666666665 0.40208333333333335 0.04479166666666667 0.04479166666666667
3 0.271875 0.459375 0.0625 0.04479166666666667
3 0.321875 0.546875 0.071875 0.04895833333333333
3 0.290625 0.6229166666666667 0.0625 0.06666666666666667
3 0.3572916666666667 0.32395833333333335 0.027083333333333334 0.040625
3 0.36354166666666665 0.3614583333333333 0.03125 0.035416666666666666
3 0.43125 0.49375 0.058333333333333334 0.021875