3 0.3645833333333333 0.25833333333333336 0.046875 0.04895833333333333
3 0.7166666666666667 0.5135416666666667 0.041666666666666664 0.035416666666666666
3 0.6479166666666667 0.5541666666666667 0.04583333333333333 0.03333333333333333
3 0.5135416666666667 0.7802083333333333 0.04583333333333333 0.03125
3 0.778125 0.971875 0.05 0.03333333333333333
3 0.4510416666666667 0.06875 0.03958333333333333 0.014583333333333334
3 0.03229166666666667 0.32708333333333334 0.04791666666666667 0.03333333333333333
3 0.9020833333333333 0.45625 0.05 0.021875
3 0.25625 0.5541666666666667 0.03229166666666667 0.05416666666666667
3 0.47708333333333336 0.3125 0.029166666666666667 0.025
3 0.14583333333333334 0.22708333333333333 0.034375 0.026041666666666668
3 0.18854166666666666 0.18541666666666667 0.029166666666666667 0.04583333333333333
3 0.013541666666666667 0.8447916666666667 0.027083333333333334 0.022916666666666665