3 0.36354166666666665 0.4979166666666667 0.04010416666666667 0.04114583333333333
3 0.6583333333333333 0.578125 0.03229166666666667 0.03125
3 0.16458333333333333 0.5979166666666667 0.049479166666666664 0.0796875
3 0.16041666666666668 0.6875 0.05364583333333333 0.05364583333333333
3 0.3260416666666667 0.8010416666666667 0.027083333333333334 0.0484375
3 0.7385416666666667 0.80625 0.04010416666666667 0.09479166666666666
3 0.3729166666666667 0.8125 0.021354166666666667 0.0625
3 0.396875 0.8125 0.018229166666666668 0.05364583333333333
3 0.06666666666666667 0.8458333333333333 0.0453125 0.08385416666666666
3 0.15 0.859375 0.049479166666666664 0.1109375
3 0.103125 0.865625 0.027083333333333334 0.044270833333333336
3 0.084375 0.94375 0.035416666666666666 0.08385416666666666
3 0.609375 0.984375 0.04010416666666667 0.03125
3 0.45729166666666665 0.9864583333333333 0.06666666666666667 0.027083333333333334