3 0.5020833333333333 0.4864583333333333 0.058333333333333334 0.035416666666666666
3 0.4666666666666667 0.5197916666666667 0.040625 0.03125
3 0.546875 0.5489583333333333 0.058333333333333334 0.035416666666666666
3 0.6072916666666667 0.696875 0.053125 0.035416666666666666
3 0.6760416666666667 0.696875 0.021875 0.017708333333333333
3 0.6833333333333333 0.7166666666666667 0.0625 0.03125
3 0.6520833333333333 0.75 0.04479166666666667 0.027083333333333334
3 0.3104166666666667 0.8260416666666667 0.058333333333333334 0.027083333333333334
3 0.384375 0.24375 0.035416666666666666 0.040625
3 0.2635416666666667 0.34375 0.035416666666666666 0.027083333333333334
3 0.24583333333333332 0.43333333333333335 0.115625 0.04479166666666667