3 0.2875 0.6072916666666667 0.04114583333333333 0.05260416666666667
3 0.821875 0.759375 0.05260416666666667 0.0625
3 0.946875 0.7854166666666667 0.035416666666666666 0.0453125
3 0.9125 0.08020833333333334 0.04114583333333333 0.05260416666666667
3 0.91875 0.83125 0.0453125 0.0625
3 0.9197916666666667 0.296875 0.044270833333333336 0.0484375
3 0.765625 0.2989583333333333 0.0484375 0.0625
3 0.8416666666666667 0.30104166666666665 0.049479166666666664 0.058333333333333334
3 0.115625 0.30625 0.035416666666666666 0.058333333333333334
3 0.17604166666666668 0.328125 0.0484375 0.06666666666666667
3 0.921875 0.34791666666666665 0.04010416666666667 0.036458333333333336
3 0.7854166666666667 0.3770833333333333 0.036458333333333336 0.058333333333333334
3 0.5510416666666667 0.4197916666666667 0.0484375 0.044270833333333336