3 0.48854166666666665 0.521875 0.040625 0.04479166666666667
3 0.665625 0.696875 0.053125 0.053125
3 0.646875 0.765625 0.035416666666666666 0.058333333333333334
3 0.65625 0.8166666666666667 0.035416666666666666 0.053125
3 0.7052083333333333 0.834375 0.053125 0.04479166666666667
3 0.4197916666666667 0.7166666666666667 0.035416666666666666 0.04895833333333333
3 0.4239583333333333 0.13125 0.071875 0.03125
3 0.20729166666666668 0.43333333333333335 0.058333333333333334 0.04479166666666667
3 0.18125 0.48854166666666665 0.04895833333333333 0.04895833333333333
3 0.18541666666666667 0.5375 0.040625 0.040625
3 0.23854166666666668 0.5625 0.040625 0.04479166666666667