3 0.596875 0.6125 0.06458333333333334 0.3375
3 0.3729166666666667 0.315625 0.1296875 0.043229166666666666
3 0.5354166666666667 0.3145833333333333 0.12135416666666667 0.036458333333333336
3 0.53125 0.221875 0.13802083333333334 0.04375
3 0.3729166666666667 0.21979166666666666 0.13697916666666668 0.04739583333333333
3 0.5427083333333333 0.45208333333333334 0.03958333333333333 0.03697916666666667
3 0.05520833333333333 0.31875 0.11041666666666666 0.03333333333333333
3 0.05625 0.22604166666666667 0.11197916666666667 0.03125
3 0.8645833333333334 0.44583333333333336 0.05 0.0328125
3 0.7052083333333333 0.45 0.041666666666666664 0.026041666666666668
3 0.375 0.4583333333333333 0.0375 0.03802083333333333
3 0.20416666666666666 0.45729166666666665 0.040625 0.027604166666666666
3 0.16666666666666666 0.22291666666666668 0.05 0.04479166666666667
3 0.47291666666666665 0.15208333333333332 0.021354166666666667 0.06197916666666667
3 0.31145833333333334 0.15520833333333334 0.018229166666666668 0.06041666666666667
3 0.9697916666666667 0.20520833333333333 0.06041666666666667 0.03333333333333333
3 0.046875 0.4666666666666667 0.044270833333333336 0.034375