3 0.23020833333333332 0.11458333333333333 0.0140625 0.019791666666666666
3 0.18854166666666666 0.2 0.015104166666666667 0.020833333333333332
3 0.225 0.19791666666666666 0.016145833333333335 0.016666666666666666
3 0.23333333333333334 0.14583333333333334 0.013020833333333334 0.015625
3 0.4166666666666667 0.11145833333333334 0.011979166666666667 0.014583333333333334
3 0.39895833333333336 0.196875 0.0109375 0.0125
3 0.15833333333333333 0.38229166666666664 0.016666666666666666 0.016666666666666666
3 0.253125 0.609375 0.015104166666666667 0.020833333333333332
3 0.38229166666666664 0.6104166666666667 0.016666666666666666 0.020833333333333332
3 0.33645833333333336 0.7166666666666667 0.015104166666666667 0.017708333333333333
3 0.2 0.8875 0.016666666666666666 0.021354166666666667
3 0.8572916666666667 0.715625 0.016666666666666666 0.01875
3 0.8989583333333333 0.715625 0.016666666666666666 0.01875
3 0.6270833333333333 0.2635416666666667 0.013020833333333334 0.0125
3 0.6541666666666667 0.14479166666666668 0.016145833333333335 0.0125
3 0.6916666666666667 0.146875 0.016145833333333335 0.014583333333333334