3 0.8833333333333333 0.771875 0.016666666666666666 0.021875
3 0.821875 0.7770833333333333 0.013541666666666667 0.019791666666666666
3 0.46041666666666664 0.6791666666666667 0.013541666666666667 0.014583333333333334
3 0.4708333333333333 0.6 0.013541666666666667 0.014583333333333334
3 0.34791666666666665 0.603125 0.013541666666666667 0.014583333333333334
3 0.15833333333333333 0.759375 0.013541666666666667 0.017708333333333333
3 0.096875 0.7614583333333333 0.011458333333333333 0.017708333333333333
3 0.16458333333333333 0.66875 0.009375 0.017708333333333333
3 0.10520833333333333 0.6677083333333333 0.011458333333333333 0.017708333333333333
3 0.11458333333333333 0.5677083333333334 0.013541666666666667 0.017708333333333333
3 0.171875 0.5666666666666667 0.011458333333333333 0.017708333333333333
3 0.17395833333333333 0.5260416666666666 0.011458333333333333 0.017708333333333333
3 0.178125 0.4864583333333333 0.011458333333333333 0.017708333333333333
3 0.24270833333333333 0.396875 0.011458333333333333 0.017708333333333333
3 0.125 0.20833333333333334 0.011458333333333333 0.014583333333333334
3 0.078125 0.21145833333333333 0.011458333333333333 0.014583333333333334
3 0.534375 0.21354166666666666 0.009375 0.014583333333333334
3 0.5375 0.2625 0.009375 0.014583333333333334
3 0.5458333333333333 0.384375 0.013541666666666667 0.014583333333333334
3 0.6 0.35104166666666664 0.009375 0.014583333333333334
3 0.7541666666666667 0.31979166666666664 0.011458333333333333 0.019791666666666666