3 0.14375 0.15416666666666667 0.0125 0.015625
3 0.13125 0.20520833333333333 0.014583333333333334 0.015625
3 0.09791666666666667 0.3302083333333333 0.0125 0.013541666666666667
3 0.19895833333333332 0.3625 0.015625 0.017708333333333333
3 0.26145833333333335 0.3302083333333333 0.016666666666666666 0.021875
3 0.4375 0.2989583333333333 0.014583333333333334 0.017708333333333333
3 0.278125 0.22916666666666666 0.014583333333333334 0.015625
3 0.2875 0.175 0.0125 0.015625
3 0.24166666666666667 0.15 0.014583333333333334 0.015625
3 0.23541666666666666 0.17604166666666668 0.014583333333333334 0.017708333333333333
3 0.23125 0.203125 0.014583333333333334 0.015625
3 0.22604166666666667 0.23125 0.01875 0.019791666666666666
3 0.17291666666666666 0.23229166666666667 0.014583333333333334 0.015625
3 0.18020833333333333 0.20416666666666666 0.015625 0.019791666666666666
3 0.18541666666666667 0.17916666666666667 0.016666666666666666 0.019791666666666666
3 0.19166666666666668 0.153125 0.015625 0.015625
3 0.42916666666666664 0.12916666666666668 0.01875 0.013541666666666667
3 0.13229166666666667 0.8208333333333333 0.015625 0.019791666666666666
3 0.26458333333333334 0.7291666666666666 0.010416666666666666 0.015625
3 0.325 0.8322916666666667 0.016666666666666666 0.019791666666666666
3 0.39166666666666666 0.8333333333333334 0.016666666666666666 0.022916666666666665
3 0.5291666666666667 0.8354166666666667 0.016666666666666666 0.022916666666666665
3 0.6 0.8364583333333333 0.01875 0.019791666666666666
3 0.8083333333333333 0.8833333333333333 0.015625 0.019791666666666666
3 0.8145833333333333 0.93125 0.016666666666666666 0.022916666666666665
3 0.8854166666666666 0.978125 0.01875 0.022916666666666665
3 0.634375 0.11145833333333334 0.009375 0.013541666666666667