3 0.315625 0.42916666666666664 0.009375 0.009375
3 0.30833333333333335 0.42916666666666664 0.008333333333333333 0.009375
3 0.3104166666666667 0.409375 0.009375 0.008333333333333333
3 0.31979166666666664 0.38333333333333336 0.008333333333333333 0.009375
3 0.31979166666666664 0.371875 0.009375 0.011458333333333333
3 0.3104166666666667 0.38333333333333336 0.009375 0.009375
3 0.3104166666666667 0.371875 0.009375 0.011458333333333333
3 0.7291666666666666 0.6385416666666667 0.0125 0.009375
3 0.7208333333333333 0.6208333333333333 0.00625 0.00625
3 0.7208333333333333 0.6104166666666667 0.009375 0.011458333333333333
3 0.7302083333333333 0.603125 0.009375 0.017708333333333333
3 0.7302083333333333 0.6270833333333333 0.010416666666666666 0.011458333333333333
3 0.7333333333333333 0.5854166666666667 0.009375 0.009375
3 0.721875 0.565625 0.009375 0.011458333333333333
3 0.721875 0.5791666666666667 0.009375 0.015625