3 0.4166666666666667 0.7729166666666667 0.016145833333333335 0.016145833333333335
3 0.7270833333333333 0.61875 0.0125 0.016145833333333335
3 0.8270833333333333 0.6322916666666667 0.016145833333333335 0.018229166666666668
3 0.8645833333333334 0.6645833333333333 0.016145833333333335 0.0203125
3 0.3458333333333333 0.153125 0.008854166666666666 0.009895833333333333
3 0.34791666666666665 0.128125 0.0125 0.0140625
3 0.5572916666666666 0.125 0.009895833333333333 0.008854166666666666
3 0.653125 0.12708333333333333 0.010416666666666666 0.011979166666666667
3 0.7197916666666667 0.12708333333333333 0.010416666666666666 0.011979166666666667
3 0.5458333333333333 0.10208333333333333 0.009375 0.011979166666666667
3 0.21666666666666667 0.13229166666666667 0.0125 0.0109375