3 0.6645833333333333 0.671875 0.014583333333333334 0.011458333333333333
3 0.675 0.7333333333333333 0.0125 0.013541666666666667
3 0.4875 0.7947916666666667 0.015625 0.011458333333333333
3 0.4979166666666667 0.8614583333333333 0.014583333333333334 0.015625
3 0.45208333333333334 0.8635416666666667 0.0125 0.013541666666666667
3 0.446875 0.796875 0.0125 0.015625
3 0.4010416666666667 0.7489583333333333 0.014583333333333334 0.011458333333333333
3 0.39791666666666664 0.5291666666666667 0.014583333333333334 0.015625
3 0.434375 0.5302083333333333 0.0125 0.011458333333333333
3 0.39166666666666666 0.47708333333333336 0.0125 0.011458333333333333
3 0.3854166666666667 0.43645833333333334 0.014583333333333334 0.009375
3 0.384375 0.390625 0.0125 0.011458333333333333
3 0.284375 0.2947916666666667 0.0125 0.011458333333333333
3 0.25 0.2947916666666667 0.0125 0.011458333333333333
3 0.25104166666666666 0.2520833333333333 0.010416666666666666 0.017708333333333333
3 0.23854166666666668 0.29583333333333334 0.010416666666666666 0.009375
3 0.18541666666666667 0.221875 0.0125 0.009375
3 0.1875 0.18229166666666666 0.010416666666666666 0.009375
3 0.11770833333333333 0.30416666666666664 0.009375 0.013541666666666667
3 0.159375 0.05416666666666667 0.010416666666666666 0.011458333333333333
3 0.159375 0.016666666666666666 0.009375 0.009375
3 0.3541666666666667 0.06875 0.010416666666666666 0.013541666666666667
3 0.35833333333333334 0.10208333333333333 0.008333333333333333 0.008333333333333333
3 0.8677083333333333 0.27291666666666664 0.009375 0.009375
3 0.6708333333333333 0.421875 0.009375 0.009375
3 0.7104166666666667 0.46979166666666666 0.00625 0.009375
3 0.22708333333333333 0.44479166666666664 0.009375 0.009375
3 0.2708333333333333 0.5145833333333333 0.00625 0.008333333333333333
3 0.5854166666666667 0.8010416666666667 0.010416666666666666 0.011458333333333333
3 0.121875 0.22708333333333333 0.008333333333333333 0.009375
3 0.08958333333333333 0.22916666666666666 0.00625 0.009375
3 0.21770833333333334 0.21979166666666666 0.008333333333333333 0.009375