3 0.03854166666666667 0.146875 0.0125 0.0109375
3 0.9041666666666667 0.9822916666666667 0.016145833333333335 0.019270833333333334
3 0.7229166666666667 0.7291666666666666 0.013541666666666667 0.013020833333333334
3 0.7104166666666667 0.58125 0.013541666666666667 0.016145833333333335
3 0.8958333333333334 0.5197916666666667 0.009375 0.018229166666666668
3 0.8875 0.48333333333333334 0.016666666666666666 0.0171875
3 0.5625 0.584375 0.020833333333333332 0.015104166666666667
3 0.603125 0.6197916666666666 0.016666666666666666 0.0140625
3 0.5875 0.61875 0.0125 0.011979166666666667
3 0.853125 0.37916666666666665 0.016666666666666666 0.016145833333333335
3 0.8802083333333334 0.346875 0.010416666666666666 0.015104166666666667
3 0.8791666666666667 0.41354166666666664 0.015625 0.018229166666666668
3 0.6447916666666667 0.010416666666666666 0.014583333333333334 0.011979166666666667
3 0.6489583333333333 0.05625 0.010416666666666666 0.008854166666666666
3 0.6520833333333333 0.08020833333333334 0.0125 0.0109375
3 0.653125 0.103125 0.009895833333333333 0.0109375
3 0.6635416666666667 0.10416666666666667 0.010416666666666666 0.013020833333333334
3 0.8333333333333334 0.21041666666666667 0.015625 0.0171875
3 0.871875 0.23229166666666667 0.009895833333333333 0.0109375
3 0.890625 0.23541666666666666 0.010416666666666666 0.013020833333333334
3 0.8739583333333333 0.25833333333333336 0.0125 0.011979166666666667
3 0.8208333333333333 0.18645833333333334 0.020833333333333332 0.0109375