3 0.25104166666666666 0.44479166666666664 0.015104166666666667 0.018229166666666668
3 0.31145833333333334 0.44583333333333336 0.016666666666666666 0.0203125
3 0.415625 0.35520833333333335 0.01875 0.019270833333333334
3 0.553125 0.353125 0.015104166666666667 0.019270833333333334
3 0.5354166666666667 0.35520833333333335 0.013541666666666667 0.018229166666666668
3 0.7916666666666666 0.22708333333333333 0.015625 0.021354166666666667
3 0.7072916666666667 0.359375 0.014583333333333334 0.019270833333333334
3 0.6291666666666667 0.6854166666666667 0.016145833333333335 0.0203125
3 0.32708333333333334 0.5875 0.0125 0.0203125
3 0.9114583333333334 0.5239583333333333 0.014583333333333334 0.0140625
3 0.9802083333333333 0.5239583333333333 0.010416666666666666 0.018229166666666668