3 0.09479166666666666 0.7697916666666667 0.014583333333333334 0.015104166666666667
3 0.11458333333333333 0.73125 0.011458333333333333 0.008854166666666666
3 0.10416666666666667 0.8479166666666667 0.0125 0.008854166666666666
3 0.11666666666666667 0.8489583333333334 0.0125 0.009895833333333333
3 0.15729166666666666 0.7270833333333333 0.009895833333333333 0.008333333333333333
3 0.2552083333333333 0.8364583333333333 0.0125 0.009895833333333333
3 0.24583333333333332 0.775 0.009375 0.008854166666666666
3 0.24583333333333332 0.7645833333333333 0.009375 0.008854166666666666
3 0.5697916666666667 0.684375 0.0125 0.008333333333333333
3 0.7489583333333333 0.5989583333333334 0.010416666666666666 0.0109375
3 0.7625 0.659375 0.009375 0.0109375
3 0.6395833333333333 0.7916666666666666 0.011458333333333333 0.011979166666666667
3 0.7020833333333333 0.46145833333333336 0.0125 0.0109375
3 0.696875 0.4114583333333333 0.009895833333333333 0.0109375
3 0.6635416666666667 0.46458333333333335 0.010416666666666666 0.008854166666666666
3 0.375 0.4 0.009375 0.011979166666666667
3 0.13541666666666666 0.3770833333333333 0.008854166666666666 0.013020833333333334
3 0.13958333333333334 0.4270833333333333 0.008854166666666666 0.008854166666666666
3 0.13541666666666666 0.4739583333333333 0.011458333333333333 0.009895833333333333
3 0.12916666666666668 0.46458333333333335 0.009375 0.008854166666666666
3 0.13333333333333333 0.5229166666666667 0.017708333333333333 0.011979166666666667
3 0.9572916666666667 0.21458333333333332 0.0125 0.011979166666666667
3 0.9291666666666667 0.215625 0.008333333333333333 0.009895833333333333
3 0.921875 0.17708333333333334 0.010416666666666666 0.013020833333333334
3 0.8583333333333333 0.14791666666666667 0.009375 0.011979166666666667
3 0.8520833333333333 0.11145833333333334 0.011458333333333333 0.0109375
3 0.4739583333333333 0.03958333333333333 0.014583333333333334 0.011979166666666667
3 0.47708333333333336 0.07083333333333333 0.013541666666666667 0.008854166666666666
3 0.91875 0.020833333333333332 0.011458333333333333 0.008854166666666666
3 0.9291666666666667 0.052083333333333336 0.008333333333333333 0.008854166666666666
3 0.8104166666666667 0.22291666666666668 0.0125 0.008854166666666666
3 0.6458333333333334 0.23333333333333334 0.009375 0.008333333333333333
3 0.3020833333333333 0.8333333333333334 0.0125 0.011979166666666667
3 0.20833333333333334 0.8395833333333333 0.0125 0.011979166666666667
3 0.1 0.7333333333333333 0.0125 0.008854166666666666