3 0.0375 0.23229166666666667 0.007291666666666667 0.014583333333333334
3 0.3302083333333333 0.027083333333333334 0.014583333333333334 0.013541666666666667
3 0.3177083333333333 0.078125 0.009895833333333333 0.010416666666666666
3 0.28958333333333336 0.8822916666666667 0.013541666666666667 0.01875
3 0.378125 0.9239583333333333 0.0125 0.022395833333333334
3 0.4375 0.875 0.015625 0.016666666666666666
3 0.440625 0.91875 0.014583333333333334 0.016666666666666666
3 0.44166666666666665 0.965625 0.0125 0.016666666666666666
3 0.5614583333333333 0.8666666666666667 0.014583333333333334 0.016666666666666666
3 0.6229166666666667 0.8625 0.013541666666666667 0.017708333333333333
3 0.84375 0.49583333333333335 0.0125 0.015625