3 0.49895833333333334 0.78125 0.016666666666666666 0.017708333333333333
3 0.49895833333333334 0.7322916666666667 0.014583333333333334 0.015625
3 0.49895833333333334 0.68125 0.016666666666666666 0.021875
3 0.9583333333333334 0.7166666666666667 0.014583333333333334 0.015625
3 0.7614583333333333 0.5197916666666667 0.017708333333333333 0.019791666666666666
3 0.6885416666666667 0.37916666666666665 0.0125 0.011458333333333333
3 0.4979166666666667 0.6166666666666667 0.014583333333333334 0.017708333333333333
3 0.2375 0.5260416666666666 0.0125 0.015625
3 0.23020833333333332 0.6166666666666667 0.016666666666666666 0.017708333333333333
3 0.26666666666666666 0.28854166666666664 0.011458333333333333 0.013541666666666667
3 0.675 0.28229166666666666 0.0125 0.015625
3 0.728125 0.24270833333333333 0.014583333333333334 0.015625
3 0.66875 0.21354166666666666 0.011458333333333333 0.011458333333333333
3 0.49895833333333334 0.159375 0.0125 0.011458333333333333
3 0.6635416666666667 0.18645833333333334 0.0125 0.011458333333333333
3 0.8958333333333334 0.165625 0.014583333333333334 0.015625
3 0.9729166666666667 0.19375 0.016666666666666666 0.015625
3 0.284375 0.16458333333333333 0.014583333333333334 0.015625
3 0.3375 0.1625 0.0125 0.015625
3 0.44479166666666664 0.16041666666666668 0.016666666666666666 0.013541666666666667
3 0.134375 0.17395833333333333 0.011458333333333333 0.011458333333333333
3 0.022916666666666665 0.23333333333333334 0.009375 0.009375
3 0.035416666666666666 0.328125 0.0125 0.013541666666666667
3 0.28958333333333336 0.7822916666666667 0.014583333333333334 0.019791666666666666
3 0.034375 0.528125 0.016666666666666666 0.015625
3 0.021875 0.6166666666666667 0.016666666666666666 0.015625