3 0.5260416666666666 0.42604166666666665 0.014583333333333334 0.017708333333333333
3 0.5260416666666666 0.3697916666666667 0.01875 0.019791666666666666
3 0.6114583333333333 0.31979166666666664 0.016666666666666666 0.019791666666666666
3 0.525 0.31979166666666664 0.014583333333333334 0.017708333333333333
3 0.7010416666666667 0.8583333333333333 0.016666666666666666 0.019791666666666666
3 0.703125 0.915625 0.015625 0.017708333333333333
3 0.80625 0.7947916666666667 0.0125 0.015625
3 0.8375 0.7947916666666667 0.020833333333333332 0.019791666666666666
3 0.95625 0.7875 0.015625 0.019791666666666666
3 0.9614583333333333 0.8416666666666667 0.015625 0.019791666666666666
3 0.9666666666666667 0.896875 0.015625 0.019791666666666666
3 0.029166666666666667 0.790625 0.015625 0.019791666666666666
3 0.10729166666666666 0.7916666666666666 0.015625 0.019791666666666666
3 0.20520833333333333 0.321875 0.014583333333333334 0.017708333333333333
3 0.15208333333333332 0.375 0.009375 0.017708333333333333
3 0.14270833333333333 0.375 0.008333333333333333 0.011458333333333333
3 0.7875 0.428125 0.0125 0.017708333333333333
3 0.9854166666666667 0.6385416666666667 0.016666666666666666 0.015625
3 0.9479166666666666 0.5864583333333333 0.015625 0.019791666666666666