3 0.415625 0.8875 0.0125 0.011458333333333333
3 0.41458333333333336 0.8416666666666667 0.0125 0.009375
3 0.7770833333333333 0.7770833333333333 0.010416666666666666 0.011458333333333333
3 0.7708333333333334 0.721875 0.0125 0.013541666666666667
3 0.4979166666666667 0.5760416666666667 0.009375 0.009375
3 0.534375 0.575 0.009375 0.008333333333333333
3 0.6385416666666667 0.571875 0.009375 0.009375
3 0.4625 0.5770833333333333 0.009375 0.009375
3 0.49270833333333336 0.5229166666666667 0.010416666666666666 0.009375
3 0.5666666666666667 0.4875 0.009375 0.009375
3 0.5604166666666667 0.42604166666666665 0.009375 0.009375
3 0.6354166666666666 0.4864583333333333 0.008333333333333333 0.009375
3 0.6020833333333333 0.4864583333333333 0.008333333333333333 0.008333333333333333
3 0.6177083333333333 0.31875 0.009375 0.008333333333333333
3 0.684375 0.31875 0.00625 0.008333333333333333
3 0.6166666666666667 0.28020833333333334 0.008333333333333333 0.009375
3 0.396875 0.32395833333333335 0.010416666666666666 0.011458333333333333
3 0.4270833333333333 0.3229166666666667 0.009375 0.011458333333333333
3 0.39166666666666666 0.27708333333333335 0.00625 0.008333333333333333
3 0.39791666666666664 0.284375 0.003125 0.009375
3 0.20625 0.32916666666666666 0.008333333333333333 0.009375
3 0.20520833333333333 0.13020833333333334 0.009375 0.009375
3 0.4270833333333333 0.5770833333333333 0.009375 0.008333333333333333
3 0.3927083333333333 0.578125 0.009375 0.009375
3 0.353125 0.5791666666666667 0.008333333333333333 0.008333333333333333
3 0.203125 0.08541666666666667 0.009375 0.011458333333333333
3 0.34375 0.0875 0.009375 0.011458333333333333
3 0.34270833333333334 0.12395833333333334 0.009375 0.009375