3 0.04895833333333333 0.09791666666666667 0.009375 0.009375
3 0.365625 0.21041666666666667 0.017708333333333333 0.013541666666666667
3 0.4427083333333333 0.21041666666666667 0.011458333333333333 0.009375
3 0.45416666666666666 0.209375 0.011458333333333333 0.009375
3 0.459375 0.2375 0.019791666666666666 0.011458333333333333
3 0.46458333333333335 0.21875 0.009375 0.008333333333333333
3 0.6375 0.2375 0.011458333333333333 0.013541666666666667
3 0.6416666666666667 0.21979166666666666 0.013541666666666667 0.009375
3 0.6479166666666667 0.209375 0.019791666666666666 0.009375
3 0.7229166666666667 0.21354166666666666 0.020833333333333332 0.013541666666666667
3 0.76875 0.21458333333333332 0.016666666666666666 0.013541666666666667
3 0.79375 0.21458333333333332 0.013541666666666667 0.013541666666666667
3 0.8291666666666667 0.21458333333333332 0.013541666666666667 0.013541666666666667