3 0.296875 0.271875 0.01875 0.015625
3 0.30520833333333336 0.23645833333333333 0.015625 0.017708333333333333
3 0.31666666666666665 0.23541666666666666 0.008333333333333333 0.011458333333333333
3 0.3229166666666667 0.22083333333333333 0.0125 0.017708333333333333
3 0.4739583333333333 0.21875 0.040625 0.011458333333333333
3 0.3333333333333333 0.21979166666666666 0.009375 0.011458333333333333
3 0.5645833333333333 0.221875 0.029166666666666667 0.011458333333333333
3 0.6072916666666667 0.22291666666666668 0.010416666666666666 0.013541666666666667
3 0.6166666666666667 0.22395833333333334 0.008333333333333333 0.009375
3 0.6854166666666667 0.22395833333333334 0.014583333333333334 0.019791666666666666
3 0.6177083333333333 0.27291666666666664 0.014583333333333334 0.013541666666666667