3 0.365625 0.471875 0.010416666666666666 0.009375
3 0.36354166666666665 0.42291666666666666 0.010416666666666666 0.011458333333333333
3 0.5729166666666666 0.39375 0.009375 0.011458333333333333
3 0.8020833333333334 0.4427083333333333 0.008333333333333333 0.011458333333333333
3 0.8020833333333334 0.4895833333333333 0.008333333333333333 0.009375
3 0.6958333333333333 0.39791666666666664 0.008333333333333333 0.009375
3 0.659375 0.39791666666666664 0.008333333333333333 0.008333333333333333
3 0.61875 0.3958333333333333 0.009375 0.008333333333333333
3 0.5083333333333333 0.47708333333333336 0.008333333333333333 0.008333333333333333
3 0.33541666666666664 0.38229166666666664 0.008333333333333333 0.009375
3 0.09270833333333334 0.3958333333333333 0.009375 0.013541666666666667
3 0.08645833333333333 0.459375 0.010416666666666666 0.011458333333333333
3 0.409375 0.07708333333333334 0.010416666666666666 0.009375
3 0.41041666666666665 0.04583333333333333 0.0125 0.011458333333333333
3 0.25833333333333336 0.38333333333333336 0.009375 0.011458333333333333
3 0.04791666666666667 0.029166666666666667 0.00625 0.009375