3 0.11666666666666667 0.503125 0.20052083333333334 0.043229166666666666
3 0.35104166666666664 0.11666666666666667 0.27708333333333335 0.049479166666666664
3 0.375 0.375 0.23697916666666666 0.0453125
3 0.65 0.5458333333333333 0.2328125 0.0421875
3 0.4197916666666667 0.91875 0.21875 0.0421875
3 0.6541666666666667 0.7364583333333333 0.17864583333333334 0.0359375
3 0.134375 0.790625 0.22760416666666666 0.041666666666666664
3 0.634375 0.28958333333333336 0.1734375 0.03697916666666667
3 0.6479166666666667 0.37395833333333334 0.17447916666666666 0.035416666666666666
3 0.6520833333333333 0.4625 0.17447916666666666 0.0328125
3 0.3885416666666667 0.5510416666666667 0.20989583333333334 0.03125
3 0.6322916666666667 0.24791666666666667 0.17760416666666667 0.033854166666666664