3 0.11666666666666667 0.503125 0.20104166666666667 0.042708333333333334
3 0.35104166666666664 0.11666666666666667 0.27708333333333335 0.04895833333333333
3 0.375 0.375 0.23645833333333333 0.04479166666666667
3 0.65 0.5458333333333333 0.23229166666666667 0.042708333333333334
3 0.4197916666666667 0.91875 0.21875 0.042708333333333334
3 0.6541666666666667 0.7364583333333333 0.178125 0.036458333333333336
3 0.134375 0.790625 0.228125 0.041666666666666664
3 0.634375 0.28958333333333336 0.17395833333333333 0.036458333333333336
3 0.6479166666666667 0.37395833333333334 0.17395833333333333 0.035416666666666666
3 0.6520833333333333 0.4625 0.17395833333333333 0.03229166666666667
3 0.3885416666666667 0.5510416666666667 0.209375 0.03125
3 0.6322916666666667 0.24791666666666667 0.178125 0.034375