3 0.9333333333333333 0.240625 0.0328125 0.0375
3 0.9322916666666666 0.2760416666666667 0.03177083333333333 0.03333333333333333
3 0.9322916666666666 0.3072916666666667 0.03333333333333333 0.03958333333333333
3 0.9354166666666667 0.34270833333333334 0.033854166666666664 0.0390625
3 0.934375 0.3770833333333333 0.035416666666666666 0.03802083333333333
3 0.934375 0.4114583333333333 0.03177083333333333 0.0390625
3 0.9354166666666667 0.44166666666666665 0.0296875 0.033854166666666664
3 0.9375 0.478125 0.029166666666666667 0.03177083333333333
3 0.9364583333333333 0.5125 0.027604166666666666 0.033854166666666664
3 0.9385416666666667 0.5458333333333333 0.030729166666666665 0.034375
3 0.9385416666666667 0.5802083333333333 0.03177083333333333 0.041666666666666664
3 0.9385416666666667 0.6114583333333333 0.027083333333333334 0.03177083333333333
3 0.121875 0.6 0.04375 0.042708333333333334