3 0.7145833333333333 0.240625 0.004166666666666667 0.004166666666666667
3 0.5708333333333333 0.24166666666666667 0.00625 0.004166666666666667
3 0.796875 0.24375 0.00625 0.008333333333333333
3 0.6322916666666667 0.246875 0.004166666666666667 0.00625
3 0.5895833333333333 0.25 0.003125 0.004166666666666667
3 0.46458333333333335 0.2520833333333333 0.008333333333333333 0.004166666666666667
3 0.9760416666666667 0.25833333333333336 0.010416666666666666 0.04479166666666667
3 0.209375 0.2677083333333333 0.00625 0.011458333333333333
3 0.3145833333333333 0.27291666666666664 0.008333333333333333 0.04479166666666667
3 0.24166666666666667 0.27395833333333336 0.00625 0.040625
3 0.209375 0.28958333333333336 0.00625 0.009375
3 0.8020833333333334 0.03229166666666667 0.00625 0.0375
3 0.35520833333333335 0.03333333333333333 0.010416666666666666 0.008333333333333333
3 0.3 0.034375 0.015625 0.009375
3 0.31666666666666665 0.034375 0.015625 0.009375
3 0.9166666666666666 0.35104166666666664 0.0125 0.04895833333333333
3 0.22708333333333333 0.034375 0.0125 0.00625
3 0.7166666666666667 0.3541666666666667 0.009375 0.04479166666666667
3 0.24375 0.0375 0.0125 0.008333333333333333
3 0.28020833333333334 0.0375 0.014583333333333334 0.008333333333333333
3 0.33645833333333336 0.0375 0.014583333333333334 0.011458333333333333
3 0.6333333333333333 0.0375 0.010416666666666666 0.03958333333333333
3 0.6166666666666667 0.03854166666666667 0.010416666666666666 0.040625
3 0.22708333333333333 0.3770833333333333 0.004166666666666667 0.004166666666666667
3 0.578125 0.3802083333333333 0.004166666666666667 0.00625
3 0.8895833333333333 0.3802083333333333 0.004166666666666667 0.00625
3 0.8666666666666667 0.38229166666666664 0.00625 0.00625
3 0.3770833333333333 0.384375 0.008333333333333333 0.004166666666666667
3 0.6427083333333333 0.384375 0.004166666666666667 0.004166666666666667
3 0.6666666666666666 0.384375 0.0020833333333333333 0.004166666666666667
3 0.5104166666666666 0.3854166666666667 0.00625 0.00625
3 0.5552083333333333 0.3854166666666667 0.004166666666666667 0.00625
3 0.6020833333333333 0.3875 0.009375 0.00625
3 0.44375 0.3885416666666667 0.00625 0.008333333333333333
3 0.48854166666666665 0.3885416666666667 0.008333333333333333 0.008333333333333333
3 0.3541666666666667 0.390625 0.00625 0.004166666666666667
3 0.4708333333333333 0.4 0.008333333333333333 0.008333333333333333
3 0.39895833333333336 0.4010416666666667 0.020833333333333332 0.009375
3 0.8895833333333333 0.421875 0.014583333333333334 0.011458333333333333
3 0.7854166666666667 0.04791666666666667 0.004166666666666667 0.009375
3 0.31666666666666665 0.5041666666666667 0.00625 0.008333333333333333
3 0.6833333333333333 0.5375 0.00625 0.004166666666666667
3 0.5395833333333333 0.5395833333333333 0.003125 0.004166666666666667
3 0.515625 0.5395833333333333 0.00625 0.00625
3 0.49166666666666664 0.5416666666666666 0.004166666666666667 0.00625
3 0.22708333333333333 0.54375 0.00625 0.00625
3 0.2760416666666667 0.5447916666666667 0.008333333333333333 0.004166666666666667
3 0.7083333333333334 0.5447916666666667 0.004166666666666667 0.008333333333333333
3 0.3541666666666667 0.05416666666666667 0.014583333333333334 0.008333333333333333
3 0.5895833333333333 0.05416666666666667 0.008333333333333333 0.008333333333333333
3 0.22395833333333334 0.05520833333333333 0.010416666666666666 0.009375
3 0.23958333333333334 0.05520833333333333 0.008333333333333333 0.009375
3 0.2989583333333333 0.05520833333333333 0.014583333333333334 0.009375
3 0.3375 0.05520833333333333 0.015625 0.009375
3 0.6583333333333333 0.546875 0.008333333333333333 0.008333333333333333
3 0.4427083333333333 0.5479166666666667 0.004166666666666667 0.00625
3 0.5645833333333333 0.5479166666666667 0.00625 0.00625
3 0.6354166666666666 0.5479166666666667 0.00625 0.00625
3 0.4197916666666667 0.5489583333333333 0.004166666666666667 0.004166666666666667
3 0.49270833333333336 0.5489583333333333 0.004166666666666667 0.004166666666666667
3 0.515625 0.5489583333333333 0.00625 0.004166666666666667
3 0.5395833333333333 0.5489583333333333 0.003125 0.004166666666666667
3 0.46770833333333334 0.55 0.008333333333333333 0.00625
3 0.37083333333333335 0.5510416666666667 0.00625 0.004166666666666667
3 0.275 0.553125 0.008333333333333333 0.004166666666666667
3 0.321875 0.553125 0.003125 0.004166666666666667
3 0.22708333333333333 0.5541666666666667 0.00625 0.008333333333333333
3 0.49166666666666664 0.559375 0.020833333333333332 0.00625
3 0.44479166666666664 0.5604166666666667 0.016666666666666666 0.008333333333333333
3 0.4666666666666667 0.5604166666666667 0.014583333333333334 0.008333333333333333
3 0.25729166666666664 0.5645833333333333 0.008333333333333333 0.008333333333333333
3 0.3229166666666667 0.565625 0.020833333333333332 0.00625
3 0.2604166666666667 0.05625 0.015625 0.008333333333333333
3 0.28020833333333334 0.05625 0.010416666666666666 0.008333333333333333
3 0.31666666666666665 0.057291666666666664 0.014583333333333334 0.009375
3 0.20104166666666667 0.5666666666666667 0.020833333333333332 0.008333333333333333
3 0.4125 0.575 0.00625 0.053125
3 0.5166666666666667 0.5864583333333333 0.01875 0.00625
3 0.5354166666666667 0.5864583333333333 0.010416666666666666 0.00625
3 0.19791666666666666 0.5947916666666667 0.015625 0.009375
3 0.3229166666666667 0.5947916666666667 0.021875 0.009375
3 0.7833333333333333 0.6760416666666667 0.008333333333333333 0.011458333333333333
3 0.775 0.678125 0.009375 0.015625
3 0.7458333333333333 0.6791666666666667 0.009375 0.013541666666666667
3 0.8020833333333334 0.6791666666666667 0.015625 0.009375
3 0.6760416666666667 0.6802083333333333 0.022916666666666665 0.009375
3 0.759375 0.6802083333333333 0.0125 0.013541666666666667
3 0.6489583333333333 0.68125 0.020833333333333332 0.011458333333333333
3 0.7020833333333333 0.68125 0.021875 0.015625
3 0.7270833333333333 0.68125 0.01875 0.011458333333333333
3 0.46875 0.6822916666666666 0.021875 0.013541666666666667
3 0.5989583333333334 0.6822916666666666 0.016666666666666666 0.017708333333333333
3 0.6229166666666667 0.6822916666666666 0.021875 0.017708333333333333
3 0.5208333333333334 0.6833333333333333 0.021875 0.011458333333333333
3 0.54375 0.6833333333333333 0.015625 0.027083333333333334
3 0.44166666666666665 0.6854166666666667 0.021875 0.011458333333333333
3 0.5739583333333333 0.6854166666666667 0.021875 0.011458333333333333
3 0.30416666666666664 0.6864583333333333 0.008333333333333333 0.009375
3 0.7854166666666667 0.6895833333333333 0.008333333333333333 0.019791666666666666
3 0.634375 0.6958333333333333 0.00625 0.019791666666666666
3 0.6583333333333333 0.696875 0.00625 0.019791666666666666
3 0.49895833333333334 0.6979166666666666 0.015625 0.06041666666666667
3 0.007291666666666667 0.6979166666666666 0.010416666666666666 0.029166666666666667
3 0.38958333333333334 0.6989583333333333 0.022916666666666665 0.058333333333333334
3 0.6666666666666666 0.6989583333333333 0.003125 0.015625
3 0.4166666666666667 0.7 0.020833333333333332 0.06041666666666667
3 0.709375 0.7 0.009375 0.017708333333333333
3 0.5479166666666667 0.7041666666666667 0.01875 0.013541666666666667
3 0.33958333333333335 0.7052083333333333 0.021875 0.058333333333333334
3 0.3645833333333333 0.7052083333333333 0.027083333333333334 0.0625
3 0.7854166666666667 0.7083333333333334 0.0125 0.013541666666666667
3 0.48541666666666666 0.7104166666666667 0.010416666666666666 0.017708333333333333
3 0.6041666666666666 0.7104166666666667 0.008333333333333333 0.03333333333333333
3 0.7791666666666667 0.7104166666666667 0.022916666666666665 0.029166666666666667
3 0.8145833333333333 0.7104166666666667 0.010416666666666666 0.021875
3 0.6510416666666666 0.7114583333333333 0.022916666666666665 0.009375
3 0.7020833333333333 0.7114583333333333 0.022916666666666665 0.009375
3 0.728125 0.7114583333333333 0.021875 0.009375
3 0.75625 0.7125 0.022916666666666665 0.015625
3 0.6770833333333334 0.7135416666666666 0.021875 0.017708333333333333
3 0.5947916666666667 0.7145833333333333 0.010416666666666666 0.022916666666666665
3 0.44166666666666665 0.715625 0.021875 0.009375
3 0.46770833333333334 0.715625 0.022916666666666665 0.009375
3 0.5208333333333334 0.7166666666666667 0.021875 0.015625
3 0.5729166666666666 0.7177083333333333 0.021875 0.017708333333333333
3 0.625 0.7177083333333333 0.021875 0.017708333333333333
3 0.546875 0.71875 0.021875 0.019791666666666666
3 0.6854166666666667 0.7208333333333333 0.004166666666666667 0.008333333333333333
3 0.7104166666666667 0.7208333333333333 0.00625 0.008333333333333333
3 0.6947916666666667 0.721875 0.004166666666666667 0.00625
3 0.6770833333333334 0.7260416666666667 0.00625 0.00625
3 0.004166666666666667 0.7270833333333333 0.008333333333333333 0.011458333333333333
3 0.4395833333333333 0.7291666666666666 0.014583333333333334 0.00625
3 0.28541666666666665 0.7302083333333333 0.004166666666666667 0.008333333333333333
3 0.7520833333333333 0.7302083333333333 0.014583333333333334 0.008333333333333333
3 0.7729166666666667 0.7302083333333333 0.003125 0.008333333333333333
3 0.78125 0.7302083333333333 0.00625 0.011458333333333333
3 0.8072916666666666 0.7302083333333333 0.008333333333333333 0.011458333333333333
3 0.7291666666666666 0.7322916666666667 0.022916666666666665 0.008333333333333333
3 0.6770833333333334 0.7333333333333333 0.025 0.009375
3 0.703125 0.7333333333333333 0.021875 0.00625
3 0.6333333333333333 0.734375 0.008333333333333333 0.011458333333333333
3 0.6489583333333333 0.734375 0.010416666666666666 0.011458333333333333
3 0.6239583333333333 0.7354166666666667 0.008333333333333333 0.009375
3 0.23333333333333334 0.7427083333333333 0.004166666666666667 0.00625
3 0.28541666666666665 0.7416666666666667 0.00625 0.00625
3 0.8083333333333333 0.7416666666666667 0.020833333333333332 0.011458333333333333
3 0.7552083333333334 0.7427083333333333 0.020833333333333332 0.009375
3 0.7791666666666667 0.7427083333333333 0.016666666666666666 0.009375
3 0.6520833333333333 0.7447916666666666 0.016666666666666666 0.009375
3 0.678125 0.7447916666666666 0.021875 0.009375
3 0.7041666666666667 0.7458333333333333 0.021875 0.011458333333333333
3 0.7291666666666666 0.7458333333333333 0.021875 0.011458333333333333
3 0.6270833333333333 0.746875 0.021875 0.013541666666666667
3 0.7614583333333333 0.753125 0.008333333333333333 0.009375
3 0.6333333333333333 0.7583333333333333 0.004166666666666667 0.008333333333333333
3 0.7895833333333333 0.7583333333333333 0.010416666666666666 0.022916666666666665
3 0.6697916666666667 0.759375 0.004166666666666667 0.008333333333333333
3 0.575 0.7614583333333333 0.021875 0.058333333333333334
3 0.39166666666666666 0.7635416666666667 0.027083333333333334 0.0625
3 0.46770833333333334 0.7635416666666667 0.027083333333333334 0.0625
3 0.49583333333333335 0.7635416666666667 0.028125 0.0625
3 0.5229166666666667 0.7635416666666667 0.022916666666666665 0.0625
3 0.5520833333333334 0.7635416666666667 0.027083333333333334 0.0625
3 0.6020833333333333 0.7635416666666667 0.025 0.0625
3 0.3375 0.7645833333333333 0.025 0.06041666666666667
3 0.41770833333333335 0.7645833333333333 0.027083333333333334 0.06041666666666667
3 0.44375 0.7645833333333333 0.025 0.06041666666666667
3 0.3645833333333333 0.7666666666666667 0.027083333333333334 0.06458333333333334
3 0.19791666666666666 0.7677083333333333 0.0125 0.0625
3 0.6479166666666667 0.7729166666666667 0.014583333333333334 0.0375
3 0.759375 0.7739583333333333 0.027083333333333334 0.017708333333333333
3 0.8020833333333334 0.775 0.008333333333333333 0.008333333333333333
3 0.8104166666666667 0.775 0.008333333333333333 0.011458333333333333
3 0.7322916666666667 0.7760416666666666 0.022916666666666665 0.013541666666666667
3 0.7916666666666666 0.7760416666666666 0.008333333333333333 0.009375
3 0.678125 0.7770833333333333 0.025 0.015625
3 0.7791666666666667 0.7770833333333333 0.010416666666666666 0.015625
3 0.7052083333333333 0.778125 0.029166666666666667 0.013541666666666667
3 0.6270833333333333 0.78125 0.027083333333333334 0.015625
3 0.19375 0.925 0.01875 0.07604166666666666
3 0.4395833333333333 0.934375 0.0020833333333333333 0.00625
3 0.55625 0.9458333333333333 0.00625 0.004166666666666667
3 0.5270833333333333 0.9458333333333333 0.004166666666666667 0.00625
3 0.5833333333333334 0.9458333333333333 0.00625 0.00625
3 0.440625 0.946875 0.00625 0.004166666666666667
3 0.7270833333333333 0.9541666666666667 0.008333333333333333 0.008333333333333333
3 0.6697916666666667 0.9541666666666667 0.008333333333333333 0.00625
3 0.6979166666666666 0.9541666666666667 0.00625 0.00625
3 0.5270833333333333 0.9552083333333333 0.00625 0.004166666666666667
3 0.5552083333333333 0.9552083333333333 0.004166666666666667 0.004166666666666667
3 0.584375 0.9552083333333333 0.00625 0.004166666666666667
3 0.6416666666666667 0.9552083333333333 0.004166666666666667 0.008333333333333333
3 0.7552083333333334 0.9552083333333333 0.008333333333333333 0.008333333333333333
3 0.6135416666666667 0.95625 0.008333333333333333 0.00625
3 0.44166666666666665 0.9572916666666667 0.004166666666666667 0.004166666666666667
3 0.41354166666666664 0.9583333333333334 0.008333333333333333 0.00625
3 0.35520833333333335 0.959375 0.004166666666666667 0.004166666666666667
3 0.3854166666666667 0.9604166666666667 0.008333333333333333 0.00625
3 0.4427083333333333 0.009375 0.010416666666666666 0.01875
3 0.31979166666666664 0.0125 0.010416666666666666 0.021875
3 0.6208333333333333 0.121875 0.00625 0.00625
3 0.6020833333333333 0.12395833333333334 0.004166666666666667 0.004166666666666667
3 0.16666666666666666 0.0125 0.008333333333333333 0.008333333333333333
3 0.2635416666666667 0.013541666666666667 0.014583333333333334 0.008333333333333333
3 0.3375 0.013541666666666667 0.0125 0.008333333333333333
3 0.3541666666666667 0.013541666666666667 0.0125 0.008333333333333333
3 0.8322916666666667 0.1375 0.010416666666666666 0.0375
3 0.4114583333333333 0.14791666666666667 0.004166666666666667 0.03958333333333333
3 0.14583333333333334 0.15104166666666666 0.008333333333333333 0.0375
3 0.11041666666666666 0.015625 0.008333333333333333 0.015625
3 0.22708333333333333 0.016666666666666666 0.014583333333333334 0.009375
3 0.24479166666666666 0.016666666666666666 0.014583333333333334 0.009375
3 0.4583333333333333 0.16666666666666666 0.00625 0.00625
3 0.2791666666666667 0.017708333333333333 0.008333333333333333 0.011458333333333333
3 0.303125 0.01875 0.009375 0.013541666666666667