3 0.4583333333333333 0.6322916666666667 0.008854166666666666 0.04791666666666667
3 0.55625 0.6322916666666667 0.011979166666666667 0.052083333333333336
3 0.5041666666666667 0.6520833333333333 0.023958333333333335 0.12135416666666667
3 0.4114583333333333 0.653125 0.0067708333333333336 0.09583333333333334
3 0.5572916666666666 0.690625 0.00625 0.03177083333333333
3 0.45416666666666666 0.6927083333333334 0.016666666666666666 0.0125
3 0.4895833333333333 0.7083333333333334 0.0046875 0.008854166666666666
3 0.4427083333333333 0.721875 0.035416666666666666 0.009895833333333333
3 0.43020833333333336 0.7395833333333334 0.015104166666666667 0.008854166666666666
3 0.39479166666666665 0.740625 0.03958333333333333 0.014583333333333334
3 0.459375 0.7427083333333333 0.00625 0.022395833333333334
3 0.6020833333333333 0.7427083333333333 0.004166666666666667 0.020833333333333332
3 0.55625 0.7489583333333333 0.004166666666666667 0.043229166666666666