2 0.83340625 0.2177734375 0.057437499999999996 0.029296875
2 0.8926640625 0.22236328125 0.060328124999999996 0.0306640625
2 0.9542343750000001 0.22421875 0.06159375 0.03046875
2 0.7977265625000001 0.35263671875 0.05795312500000001 0.0333984375
2 0.8556874999999999 0.3552734375 0.05825 0.030859375
2 0.9150625 0.36015625 0.05825 0.0328125
2 0.969078125 0.3623046875 0.05065625 0.033203125
2 0.7969453125 0.384375 0.059515625 0.03046875
2 0.856078125 0.38720703125 0.05903125 0.0322265625
2 0.9145937500000001 0.38896484375 0.0573125 0.0318359375
2 0.9698593750000001 0.39501953125 0.05221875 0.0322265625
2 0.7967109375 0.41796875 0.059046875 0.03515625
2 0.856859375 0.42001953125 0.06059375 0.0314453125
2 0.917328125 0.42265625 0.05965625 0.0328125
2 0.97134375 0.426171875 0.0520625 0.03203125
0 0.8074843749999999 0.014052734375 0.05871875 0.02810546875
2 0.8669140625 0.0153515625 0.058828124999999995 0.030703125
2 0.8307578124999999 0.155537109375 0.058390624999999995 0.03373046875
2 0.8909453125000001 0.16123046875 0.060015624999999996 0.0333984375
2 0.950015625 0.16396484375 0.05940625000000001 0.0310546875
2 0.9248359374999999 0.017607421875 0.055921874999999996 0.03521484375
2 0.97734375 0.017578125 0.0453125 0.03515625
2 0.8327656250000001 0.187734375 0.05615625 0.03171875
2 0.8910234375 0.1923828125 0.060171875 0.029296875
2 0.9507187500000001 0.19482421875 0.060812500000000005 0.0302734375