3 0.7636328125 0.47810546875 0.061640625000000004 0.0343359375
3 0.8248515624999999 0.47916015625 0.062203125000000005 0.0364453125
2 0.8857109375000001 0.483701171875 0.065171875 0.03380859375
3 0.9478984374999999 0.48591796875 0.064546875 0.0343359375
3 0.7649765625 0.512890625 0.061203125000000004 0.0375
2 0.8250624999999999 0.5136328125 0.062625 0.031171875
3 0.9475625000000001 0.5176953125 0.060750000000000005 0.035390625
2 0.8865078125 0.518486328125 0.060515624999999997 0.03697265625
3 0.764765625 0.545302734375 0.060781249999999995 0.03591796875
2 0.8254843749999999 0.546357421875 0.06346874999999999 0.03802734375
3 0.9496484374999999 0.552490234375 0.061796874999999994 0.03857421875
2 0.8884140625000001 0.55337890625 0.064328125 0.0364453125
1 0.454265625 0.663388671875 0.06165625 0.03380859375
1 0.51215625 0.669677734375 0.058687500000000004 0.03857421875
2 0.57321875 0.672255859375 0.0620625 0.03591796875
2 0.6350781249999999 0.676162109375 0.060781249999999995 0.03591796875
2 0.6959375 0.67822265625 0.06375 0.0322265625
2 0.7567421875 0.68166015625 0.06035937500000001 0.0391015625
2 0.8163281250000001 0.684501953125 0.060781249999999995 0.03697265625
2 0.8768359374999999 0.687255859375 0.059921875 0.03857421875
2 0.9380000000000001 0.690625 0.0635 0.0375
2 0.45071874999999995 0.698173828125 0.060812500000000005 0.03697265625
2 0.5123671875 0.705986328125 0.059109375 0.03697265625
2 0.574140625 0.709365234375 0.060781249999999995 0.03591796875
2 0.633734375 0.712646484375 0.06121875 0.03857421875
2 0.6950937500000001 0.712373046875 0.0620625 0.03802734375
2 0.7561093750000001 0.7178125 0.05909375 0.03328125
2 0.8159062499999999 0.7208203125 0.0599375 0.035390625
2 0.877890625 0.725419921875 0.06203125 0.04068359375
2 0.9411250000000001 0.72720703125 0.0635 0.0364453125
2 0.4505078125 0.737236328125 0.060390624999999996 0.03697265625
2 0.5119921875 0.741943359375 0.064609375 0.03857421875
2 0.5725781249999999 0.743466796875 0.060781249999999995 0.03380859375
2 0.6339453125000001 0.7490625 0.061640625000000004 0.03328125
2 0.694796875 0.74958984375 0.06459375 0.0343359375
2 0.75675 0.75048828125 0.060375 0.0322265625
2 0.8173828125 0.755029296875 0.062890625 0.02958984375
2 0.879875 0.760888671875 0.062875 0.02958984375
2 0.9433203125 0.762001953125 0.06476562500000001 0.03962890625
2 0.3320546875 0.861181640625 0.057859375000000005 0.03486328125
2 0.3911796875 0.86640625 0.060484375 0.0375
2 0.45005468750000005 0.867568359375 0.062609375 0.03591796875
2 0.5112109375 0.868466796875 0.063046875 0.03380859375
0 0.5726640625 0.8731640625 0.060953125 0.035390625
2 0.6322421874999999 0.878759765625 0.06135937500000001 0.03486328125
2 0.69403125 0.880078125 0.0630625 0.0375
2 0.75453125 0.882568359375 0.06218749999999999 0.03857421875
2 0.813703125 0.885673828125 0.061781249999999996 0.03697265625
2 0.935296875 0.890478515625 0.06434375 0.03486328125
2 0.87659375 0.88986328125 0.0625625 0.0375390625
0 0.33075 0.897392578125 0.064625 0.03697265625
2 0.389828125 0.90431640625 0.060906249999999995 0.0391015625
2 0.450984375 0.904150390625 0.061343749999999996 0.03486328125
2 0.5112109375 0.905107421875 0.063046875 0.04068359375
2 0.5720234375000001 0.909638671875 0.059671875 0.03802734375
2 0.6323671875 0.91408203125 0.064734375 0.0391015625
2 0.7543203125 0.9180859375 0.061765625000000005 0.035390625
2 0.69403125 0.917822265625 0.0630625 0.03486328125
0 0.8150546875 0.922158203125 0.06135937500000001 0.03962890625
2 0.8756953125000001 0.92384765625 0.060765625000000004 0.0391015625
0 0.9344453125 0.9284375 0.062640625 0.044375
2 0.3277890625 0.93361328125 0.058703125 0.0391015625
2 0.4483671875 0.94052734375 0.05923437499999999 0.0412109375
2 0.3873359375 0.94205078125 0.062171875 0.0364453125
2 0.51015625 0.942841796875 0.0609375 0.03802734375
2 0.5719453125 0.950029296875 0.062640625 0.04068359375
2 0.6335078125 0.9532421875 0.063890625 0.035390625
0 0.6936093750000001 0.95314453125 0.06221875 0.0391015625
2 0.754109375 0.95578125 0.061343749999999996 0.044375
0 0.8153515625000001 0.958896484375 0.058828124999999995 0.04279296875
2 0.876078125 0.963173828125 0.05840625000000001 0.03962890625
2 0.9369375 0.965751953125 0.061375 0.03697265625