2 0.06387499999999999 0.26234375 0.062125 0.03640625
2 0.12267187500000001 0.26685546875 0.06096875 0.0376171875
2 0.1828359375 0.269287109375 0.059421875 0.03857421875
2 0.24376562499999999 0.2726171875 0.05940625000000001 0.033515625
2 0.30372656249999996 0.273583984375 0.060578125000000003 0.03544921875
2 0.3637734375 0.277216796875 0.061921875 0.03880859375
2 0.424421875 0.279296875 0.061343749999999996 0.0390625
2 0.486734375 0.28248046875 0.06096875 0.0376171875
2 0.5472812499999999 0.287978515625 0.060187500000000005 0.03689453125
2 0.6074296875 0.290166015625 0.061734374999999994 0.03736328125
2 0.6671171874999999 0.292119140625 0.05923437499999999 0.03736328125
2 0.064953125 0.297255859375 0.06115625 0.03591796875
2 0.72803125 0.298564453125 0.06231250000000001 0.04244140625
2 0.1250234375 0.300654296875 0.059421875 0.03880859375
2 0.18321875 0.301162109375 0.060187500000000005 0.03591796875
2 0.7874296875 0.301259765625 0.05923437499999999 0.04001953125
2 0.84865625 0.305673828125 0.059812500000000005 0.03712890625
2 0.2433671875 0.306181640625 0.061734374999999994 0.03423828125
2 0.30353125 0.309580078125 0.060187500000000005 0.03712890625
2 0.9058984375 0.309697265625 0.058671875 0.03736328125
2 0.3631015625 0.312646484375 0.060578125000000003 0.03544921875
2 0.9657578125 0.3132421875 0.059640625 0.036640625
2 0.423734375 0.3149609375 0.06309375 0.036171875
2 0.4863515625 0.318740234375 0.060203125 0.03591796875
2 0.545625 0.320576171875 0.06 0.03568359375
2 0.6048984374999999 0.325830078125 0.059796875000000006 0.03447265625
2 0.6657421875 0.3301953125 0.059609375 0.039296875
2 0.1264921875 0.33220703125 0.05923437499999999 0.0355078125
2 0.06689843749999999 0.331455078125 0.061921875 0.03400390625
2 0.7255078125 0.332998046875 0.060390624999999996 0.04099609375
2 0.1850703125 0.33779296875 0.060765625000000004 0.0349609375
2 0.7864453124999999 0.337763671875 0.060390624999999996 0.03880859375
2 0.8439687499999999 0.339599609375 0.059812500000000005 0.03857421875
0 0.2428828125 0.33974609375 0.060765625000000004 0.0349609375
2 0.9040234375 0.34181640625 0.061171875 0.0351953125
1 0.30372656249999996 0.342177734375 0.060578125000000003 0.03591796875
2 0.36446875 0.3464453125 0.060187500000000005 0.036640625
2 0.9610703125000001 0.3497265625 0.059640625 0.039296875
2 0.422765625 0.3503515625 0.06115625 0.036640625
0 0.483515625 0.3523046875 0.060781249999999995 0.036640625
1 0.5436796875 0.35525390625 0.05923437499999999 0.0347265625
2 0.6031484375 0.360244140625 0.059421875 0.03689453125
2 0.663890625 0.362529296875 0.05903125 0.04146484375
2 0.7234609375 0.3671875 0.059421875 0.0390625
2 0.784109375 0.371455078125 0.05884374999999999 0.03978515625
2 0.84240625 0.3757421875 0.059812500000000005 0.036640625
2 0.9014765625000001 0.377578125 0.062328125 0.03640625
2 0.9582578125 0.3794140625 0.057140625 0.036171875
2 0.029929687500000003 0.462548828125 0.059859375000000006 0.03447265625
2 0.0897734375 0.466435546875 0.06079687499999999 0.03833984375
2 0.2095625 0.467666015625 0.059750000000000004 0.03689453125
2 0.1503203125 0.46826171875 0.060015624999999996 0.0380859375
2 0.2688828125 0.47060546875 0.059640625 0.0349609375
2 0.3298203125 0.475625 0.059640625 0.03328125
2 0.3900546875 0.480732421875 0.06135937500000001 0.03568359375
2 0.450609375 0.483671875 0.06059375 0.03375
2 0.5118437499999999 0.48416015625 0.06118749999999999 0.0347265625
2 0.5730703125 0.48685546875 0.061765625000000005 0.0323046875
2 0.6340078124999999 0.49125 0.061765625000000005 0.03328125
2 0.6949453125 0.495849609375 0.061765625000000005 0.03857421875
2 0.032140625 0.49783203125 0.06115625 0.0347265625
2 0.7550859375 0.497470703125 0.063296875 0.03400390625
2 0.0915234375 0.5011328125 0.061171875 0.033515625
2 0.15013281250000002 0.5017578125 0.059640625 0.030859375
2 0.8158515625 0.501376953125 0.059828124999999996 0.03400390625
2 0.20944531250000004 0.504052734375 0.062640625 0.03544921875
2 0.8749375 0.504892578125 0.059250000000000004 0.03712890625
2 0.270734375 0.506240234375 0.06021875 0.03591796875
2 0.9349921875 0.50955078125 0.060609375 0.0347265625
2 0.3299140625 0.5105078125 0.059828124999999996 0.036640625
2 0.3910390625 0.515068359375 0.060203125 0.03013671875
2 0.45178906249999995 0.517236328125 0.059828124999999996 0.03447265625
2 0.510859375 0.517841796875 0.062343749999999996 0.03568359375
2 0.5725859375 0.520400390625 0.06079687499999999 0.03689453125
2 0.6326328125 0.52724609375 0.062140625000000005 0.0349609375
0 0.69309375 0.53115234375 0.06118749999999999 0.0349609375
1 0.032242187500000005 0.5304296875 0.06135937500000001 0.033515625
2 0.7530625 0.531513671875 0.059250000000000004 0.03568359375
0 0.091046875 0.53298828125 0.06021875 0.0347265625
2 0.812125 0.536533203125 0.061750000000000006 0.03400390625
4 0.1513046875 0.53578125 0.058859375000000005 0.03640625
2 0.21164843749999998 0.537734375 0.06079687499999999 0.03640625
0 0.8716250000000001 0.539951171875 0.058875 0.03302734375
2 0.27049218750000004 0.540673828125 0.05973437499999999 0.03447265625
2 0.9311718750000001 0.54203125 0.062343749999999996 0.03328125
2 0.3303984375 0.54431640625 0.06079687499999999 0.0378515625
2 0.3909453125 0.548701171875 0.060015624999999996 0.03880859375
2 0.4502265625 0.552998046875 0.059828124999999996 0.03568359375
2 0.51046875 0.553720703125 0.0615625 0.03712890625
2 0.571328125 0.557744140625 0.05828124999999999 0.03736328125
2 0.6310703125 0.560693359375 0.062140625000000005 0.03544921875
2 0.6914374999999999 0.5651953125 0.061 0.036640625
2 0.0415546875 0.05767578125 0.061234374999999994 0.0372265625
0 0.749140625 0.567392578125 0.060781249999999995 0.03712890625
2 0.8087109375000001 0.57033203125 0.061171875 0.0351953125
2 0.8683984375 0.57400390625 0.058671875 0.0347265625
2 0.925734375 0.576552734375 0.05771875 0.03591796875
2 0.1004765625 0.060693359375 0.060328124999999996 0.03935546875
2 0.15834375 0.06373046875 0.0573125 0.0376171875
2 0.21828124999999998 0.065322265625 0.0615625 0.03689453125
2 0.280390625 0.068232421875 0.060781249999999995 0.03880859375
2 0.0445390625 0.669892578125 0.057828124999999994 0.03509765625
2 0.10495312500000001 0.670361328125 0.05990625000000001 0.03603515625
2 0.1650859375 0.673916015625 0.061421875 0.03533203125
2 0.22507031250000004 0.680126953125 0.059515625 0.03603515625
2 0.34034375 0.068984375 0.0619375 0.03640625
2 0.285015625 0.684580078125 0.06065625 0.03322265625
2 0.34567187499999996 0.688486328125 0.06009375 0.03322265625
2 0.40570312499999994 0.691796875 0.061406249999999996 0.03203125
2 0.46659375000000003 0.69376953125 0.061312500000000006 0.0320703125
2 0.5293828125 0.698037109375 0.061890625 0.03279296875
2 0.589640625 0.701435546875 0.06053125 0.03568359375
2 0.4023671875 0.071298828125 0.060984375 0.03712890625
2 0.0461953125 0.70328125 0.058015625 0.0315625
2 0.10614062500000002 0.705 0.05915625 0.03109375
2 0.65096875 0.704501953125 0.061312500000000006 0.03400390625
2 0.1665546875 0.7070703125 0.061234374999999994 0.031328125
2 0.7117890625000001 0.707294921875 0.064203125 0.03568359375
2 0.7712578125 0.71072265625 0.064390625 0.0347265625
0 0.8309374999999999 0.7121875 0.061875 0.03375
2 0.22663281250000003 0.713349609375 0.059515625 0.02826171875
2 0.286578125 0.715 0.06065625 0.0315625
2 0.8913671875 0.71486328125 0.06398437500000001 0.0351953125
2 0.9500859374999999 0.715830078125 0.059546875 0.03712890625
2 0.34585937499999997 0.719375 0.06046875 0.0325
2 0.40745312499999997 0.72234375 0.061781249999999996 0.030625
2 0.4662109375 0.727216796875 0.060546875 0.03255859375
2 0.5278203125 0.730634765625 0.061890625 0.03158203125
2 0.5877890625 0.732734375 0.059953124999999996 0.02796875
2 0.048507812500000004 0.7334765625 0.059515625 0.029453125
2 0.109171875 0.7354296875 0.05896875 0.029453125
2 0.649 0.739072265625 0.063625 0.02892578125
0 0.168171875 0.73796875 0.05821875 0.030625
2 0.70896875 0.741513671875 0.06168749999999999 0.02990234375
2 0.7691171875 0.742109375 0.063234375 0.03109375
2 0.459390625 0.076435546875 0.06253125000000001 0.03568359375
4 0.22625781250000002 0.7446484375 0.058765625 0.032265625
0 0.8276171874999999 0.745654296875 0.061484375 0.03037109375
1 0.286578125 0.7461328125 0.06065625 0.031328125
2 0.8877578125 0.746884765625 0.06301562499999999 0.02892578125
2 0.347234375 0.7502734375 0.06009375 0.031796875
2 0.9454765625 0.75041015625 0.062828125 0.0320703125
0 0.4059453125 0.75236328125 0.061890625 0.0320703125
2 0.4667109375 0.75677734375 0.058421875 0.0291796875
2 0.52596875 0.761884765625 0.061312500000000006 0.03158203125
2 0.5206328124999999 0.078271484375 0.060015624999999996 0.03544921875
4 0.58534375 0.764443359375 0.061312500000000006 0.03279296875
2 0.6459921875 0.766875 0.06073437499999999 0.03375
0 0.70478125 0.77044921875 0.0595625 0.0291796875
0 0.765125 0.7712890625 0.0615 0.030859375
2 0.824015625 0.775439453125 0.06053125 0.03134765625
2 0.8850390625 0.777509765625 0.060703125000000004 0.03158203125
2 0.9423515625000001 0.7804296875 0.062828125 0.033515625
2 0.581359375 0.0808203125 0.06271875 0.036640625
2 0.642125 0.086923828125 0.059250000000000004 0.03712890625
2 0.023421875 0.86833984375 0.04684375 0.0335546875
2 0.07528125 0.86912109375 0.0568125 0.0312109375
2 0.1351015625 0.874248046875 0.060828125 0.03755859375
2 0.194765625 0.87490234375 0.05828124999999999 0.0349609375
2 0.255296875 0.87830078125 0.06059375 0.0378515625
2 0.701796875 0.089716796875 0.059843749999999994 0.03880859375
2 0.31363281249999997 0.881044921875 0.058515625 0.03552734375
0 0.373640625 0.886328125 0.06290625 0.034375
2 0.433890625 0.8897265625 0.06153125 0.037265625
2 0.49494531249999996 0.893134765625 0.061765625000000005 0.03236328125
2 0.5562890625 0.899140625 0.059453124999999996 0.03265625
2 0.615765625 0.900146484375 0.05965625 0.03466796875
2 0.0244453125 0.899638671875 0.048890625 0.02974609375
2 0.0757421875 0.90203125 0.057734375000000004 0.030625
0 0.67509375 0.902392578125 0.0626875 0.03525390625
0 0.7353359375 0.902392578125 0.061296874999999994 0.03525390625
2 0.794484375 0.9035546875 0.060843749999999995 0.029765625
2 0.1359140625 0.9083203125 0.062453125 0.031484375
2 0.1965625 0.90890625 0.058750000000000004 0.03265625
1 0.8546640625 0.909482421875 0.062453125 0.03380859375
2 0.913921875 0.911142578125 0.06221875 0.03322265625
2 0.9706484375000001 0.912158203125 0.056921875 0.03525390625
2 0.2551875 0.9128125 0.060375 0.03265625
2 0.31334375 0.91599609375 0.0610625 0.0312109375
2 0.7627265624999999 0.093388671875 0.059828124999999996 0.03833984375
2 0.373703125 0.919248046875 0.05990625000000001 0.03380859375
2 0.43353906249999996 0.922646484375 0.060828125 0.03669921875
2 0.49447656249999994 0.92423828125 0.060828125 0.0320703125
2 0.554953125 0.931181640625 0.05990625000000001 0.03033203125
2 0.0256015625 0.930947265625 0.051203125 0.02986328125
2 0.613453125 0.93328125 0.061281249999999995 0.030625
2 0.6739375 0.9337109375 0.060375 0.031484375
2 0.0804296875 0.932626953125 0.057734375000000004 0.03322265625
2 0.73371875 0.935810546875 0.058062499999999996 0.03177734375
4 0.7918828125 0.937255859375 0.058765625 0.03466796875
2 0.0425078125 0.09493164062500001 0.060015624999999996 0.03751953125
2 0.13863281249999998 0.93884765625 0.058515625 0.0300390625
2 0.19725781250000002 0.94080078125 0.060140625 0.0300390625
2 0.8501562500000001 0.94138671875 0.059687500000000004 0.0312109375
2 0.9099921875 0.942109375 0.060609375 0.03265625
1 0.2558203125 0.943046875 0.058515625 0.030625
2 0.967578125 0.945869140625 0.06015625 0.03236328125
1 0.31525 0.947021484375 0.061750000000000006 0.03466796875
2 0.37312500000000004 0.95064453125 0.058750000000000004 0.0341015625
2 0.433890625 0.954619140625 0.06153125 0.03033203125
2 0.8231796875 0.096328125 0.058859375000000005 0.03640625
2 0.1026484375 0.09658203125 0.061546875 0.0369140625
2 0.4951171875 0.957587890625 0.058984375 0.03236328125
0 0.5526953125 0.9601171875 0.058515625 0.033515625
2 0.6128750000000001 0.961123046875 0.060125 0.03552734375
2 0.6718437500000001 0.9640234375 0.0624375 0.033515625
0 0.7304765625 0.969013671875 0.057828124999999994 0.03177734375
2 0.7897968750000001 0.969306640625 0.060843749999999995 0.03236328125
2 0.84575 0.97306640625 0.063375 0.0320703125
2 0.9053046874999999 0.97501953125 0.060609375 0.0320703125
2 0.9654921875 0.9748046875 0.062234374999999995 0.027734375
2 0.1608671875 0.097919921875 0.05923437499999999 0.03568359375
2 0.21907031249999998 0.101103515625 0.060015624999999996 0.03423828125
2 0.8821562500000001 0.10158203125 0.06118749999999999 0.0351953125
2 0.28000781249999995 0.10302734375 0.060015624999999996 0.0380859375
2 0.3386875 0.1062109375 0.061750000000000006 0.036640625
2 0.941359375 0.106572265625 0.05771875 0.03736328125
2 0.398859375 0.10744140625 0.06021875 0.0351953125
2 0.45940624999999996 0.1124609375 0.0594375 0.033515625
2 0.5196484375 0.116435546875 0.061171875 0.04146484375
2 0.58059375 0.1171875 0.06118749999999999 0.0390625
2 0.6404687499999999 0.12232421875 0.0590625 0.0376171875
0 0.6995390625 0.1255078125 0.061578125 0.036171875
2 0.04321875 0.12826171875 0.0583125 0.0338671875
2 0.75940625 0.12880859375 0.0594375 0.0349609375
2 0.10240624999999999 0.132197265625 0.0610625 0.03783203125
2 0.161546875 0.1333203125 0.06059375 0.036171875
2 0.8180859375 0.133916015625 0.061171875 0.03736328125
0 0.21955468749999998 0.134765625 0.060984375 0.0390625
0 0.27902343749999997 0.136865234375 0.061171875 0.03544921875
2 0.8777734374999999 0.1372265625 0.058671875 0.036171875
2 0.3384921875 0.1413671875 0.06135937500000001 0.036640625
2 0.9375390625 0.142451171875 0.059453124999999996 0.03880859375
2 0.39904687499999997 0.14404296875 0.06059375 0.0380859375
1 0.45960156249999995 0.146748046875 0.059828124999999996 0.03568359375
2 0.5195546875 0.148076171875 0.060984375 0.03833984375
2 0.5802031249999999 0.152587890625 0.060406249999999995 0.03955078125
2 0.6377265624999999 0.15771484375 0.059828124999999996 0.0380859375
1 0.697875 0.160419921875 0.061375 0.03568359375
2 0.7575546875 0.163818359375 0.058859375000000005 0.03857421875
2 0.81615625 0.169072265625 0.0573125 0.03736328125
2 0.873375 0.173486328125 0.059250000000000004 0.03447265625
2 0.9338124999999999 0.176162109375 0.061375 0.03591796875