2 0.06271875 0.253291015625 0.059812500000000005 0.03783203125
2 0.12309375 0.25720703125 0.061812500000000006 0.0339453125
2 0.1827421875 0.257783203125 0.062359374999999995 0.03509765625
2 0.24285937500000002 0.2594921875 0.06071875 0.038515625
2 0.30415625 0.264208984375 0.0614375 0.03623046875
2 0.3654609375 0.268115234375 0.062171875 0.03623046875
2 0.42649218749999995 0.270390625 0.062359374999999995 0.04078125
2 0.486609375 0.273388671875 0.06071875 0.03896484375
2 0.5479140625000001 0.27626953125 0.061453125 0.0369140625
2 0.6099609375 0.281328125 0.060546875 0.0353125
2 0.6713828125 0.28572265625 0.061515625 0.0362890625
2 0.7313984375 0.2884765625 0.062796875 0.037890625
2 0.0651875 0.28869140625 0.061625 0.0344140625
2 0.122 0.290751953125 0.059625 0.03462890625
0 0.793859375 0.291103515625 0.05959375 0.03923828125
2 0.1825546875 0.292138671875 0.061984375 0.03349609375
2 0.24295312500000002 0.29443359375 0.060906249999999995 0.0341796875
2 0.8541640625 0.296337890625 0.058328124999999995 0.04189453125
2 0.30324999999999996 0.299482421875 0.059625 0.03646484375
2 0.9133671874999999 0.299794921875 0.061109375 0.03708984375
2 0.9709375 0.30134765625 0.057499999999999996 0.0362890625
2 0.36408593749999996 0.303046875 0.062546875 0.03578125
2 0.4260390625 0.30740234375 0.061453125 0.0366796875
2 0.48568749999999994 0.31005859375 0.062 0.0341796875
2 0.5462578125 0.31212890625 0.061265625000000004 0.0344140625
2 0.60646875 0.3146484375 0.059812500000000005 0.035546875
2 0.6681484375 0.319814453125 0.061296874999999994 0.03416015625
2 0.064734375 0.322001953125 0.06071875 0.03462890625
2 0.7273125 0.325185546875 0.060875 0.03708984375
2 0.1237578125 0.32453125 0.05689062499999999 0.03578125
2 0.78846875 0.3265234375 0.061312500000000006 0.039765625
2 0.18246875 0.327275390625 0.061812500000000006 0.03736328125
2 0.2430390625 0.331298828125 0.061078125000000004 0.03759765625
2 0.8491953125 0.33109375 0.060890625 0.04109375
2 0.9087890625 0.33388671875 0.061328125 0.0349609375
2 0.30388281250000004 0.33427734375 0.060890625 0.0396484375
2 0.968234375 0.33583984375 0.05834375000000001 0.0349609375
2 0.3633515625 0.339130859375 0.061078125000000004 0.03373046875
2 0.424109375 0.341533203125 0.06071875 0.03462890625
2 0.485140625 0.34265625 0.060906249999999995 0.04078125
2 0.5463515625 0.347626953125 0.061453125 0.03509765625
1 0.6051796875 0.349462890625 0.06035937500000001 0.03486328125
1 0.6648125 0.353505859375 0.060875 0.03123046875
2 0.7271015625 0.35861328125 0.060453124999999996 0.0336328125
2 0.7863749999999999 0.36318359375 0.060250000000000005 0.0349609375
1 0.8443984375 0.365751953125 0.060671875 0.03228515625
2 0.9049140625 0.36673828125 0.059828124999999996 0.0381640625
2 0.9635468749999999 0.37193359375 0.05834375000000001 0.0368359375
2 0.045406249999999995 0.043310546875 0.0595625 0.03974609375
2 0.0293828125 0.456298828125 0.058765625 0.03759765625
2 0.086609375 0.457685546875 0.06071875 0.03646484375
2 0.1458046875 0.460673828125 0.06035937500000001 0.03462890625
2 0.207109375 0.463310546875 0.06109375 0.03599609375
2 0.10700000000000001 0.046826171875 0.060875 0.03896484375
2 0.16659375 0.047490234374999996 0.061312500000000006 0.04029296875
2 0.26794531250000003 0.469873046875 0.060890625 0.03349609375
2 0.32916406249999997 0.471357421875 0.061453125 0.03646484375
2 0.3898359375 0.47412109375 0.060921875 0.0341796875
2 0.4521484375 0.477099609375 0.060546875 0.03623046875
2 0.5135390625 0.482158203125 0.061453125 0.03462890625
2 0.5745703125 0.485517578125 0.061640625000000004 0.02962890625
2 0.6362109375 0.485654296875 0.063046875 0.03771484375
2 0.6962265624999999 0.4909375 0.061203125000000004 0.0365625
2 0.03075 0.490556640625 0.0615 0.03189453125
2 0.0901953125 0.49240234375 0.061640625000000004 0.0316796875
2 0.75671875 0.49130859375 0.060312500000000005 0.0373046875
2 0.147640625 0.49548828125 0.060906249999999995 0.0339453125
2 0.8183984375 0.4980078125 0.061796874999999994 0.035078125
2 0.208578125 0.498583984375 0.060906249999999995 0.03623046875
2 0.8783046875 0.500595703125 0.05973437499999999 0.04025390625
2 0.26821875 0.502509765625 0.0614375 0.03236328125
2 0.93828125 0.50423828125 0.0609375 0.0358203125
2 0.3294375 0.50525390625 0.062 0.0339453125
2 0.228453125 0.050732421875 0.06003125 0.03896484375
2 0.3898359375 0.508251953125 0.060921875 0.03212890625
2 0.4505859375 0.512275390625 0.060546875 0.03236328125
2 0.511796875 0.516748046875 0.06109375 0.03349609375
2 0.571453125 0.519130859375 0.06478125 0.03826171875
2 0.6328671875 0.520576171875 0.062609375 0.03333984375
2 0.09148437499999999 0.523515625 0.06109375 0.0353125
1 0.031570312499999996 0.523876953125 0.06314062499999999 0.03212890625
2 0.695046875 0.523876953125 0.05884374999999999 0.03212890625
2 0.7556015625 0.52517578125 0.061203125000000004 0.0347265625
2 0.1499453125 0.52626953125 0.059265625 0.0369140625
2 0.28805468749999996 0.053974609374999996 0.060484375 0.03763671875
2 0.21078125 0.531328125 0.06218749999999999 0.0353125
2 0.8165390625000001 0.532509765625 0.061203125000000004 0.03767578125
2 0.2691484375 0.533740234375 0.060171875 0.03623046875
2 0.32953125 0.5353515625 0.06218749999999999 0.035546875
0 0.8763046875 0.5365234375 0.058859375000000005 0.033984375
0 0.9338906250000001 0.537734375 0.06153125 0.0325
2 0.38946875 0.53982421875 0.060187500000000005 0.0366796875
2 0.45021875 0.54455078125 0.059812500000000005 0.0344140625
2 0.5092265625 0.546845703125 0.059078125 0.03509765625
2 0.5723281250000001 0.549521484375 0.06653125 0.04044921875
0 0.6308984375 0.555419921875 0.058671875 0.03662109375
1 0.6918359374999999 0.557529296875 0.061796874999999994 0.03693359375
2 0.7519453125 0.559296875 0.063265625 0.0365625
0 0.8119999999999999 0.564677734375 0.0615 0.03951171875
0 0.8709374999999999 0.56869140625 0.060625 0.0358203125
2 0.92890625 0.568798828125 0.0609375 0.03212890625
2 0.34775 0.0599609375 0.061125 0.037890625
2 0.41014062500000004 0.062451171875 0.060906249999999995 0.03896484375
2 0.0492734375 0.65984375 0.061046875 0.030625
2 0.4708671875 0.065556640625 0.060484375 0.03736328125
2 0.5308828125 0.067509765625 0.061765625000000005 0.03736328125
2 0.11000000000000001 0.66830078125 0.060625 0.0319140625
2 0.1692734375 0.6697265625 0.060421875 0.034765625
2 0.2297890625 0.67546875 0.062703125 0.030625
2 0.290828125 0.676240234375 0.06290625 0.03216796875
2 0.3530234375 0.67923828125 0.062296874999999995 0.0342578125
2 0.41353906250000005 0.682099609375 0.061453125 0.03216796875
2 0.4745859375 0.685361328125 0.061671875 0.03087890625
2 0.535109375 0.690048828125 0.060843749999999995 0.03244140625
2 0.5984375 0.693037109375 0.0625 0.03451171875
0 0.05125 0.6935546875 0.061875 0.035546875
2 0.6588671875000001 0.696025390625 0.058359375000000005 0.03658203125
2 0.11177343749999999 0.699814453125 0.061046875 0.03244140625
2 0.169796875 0.701767578125 0.06146875 0.03244140625
2 0.7184765625 0.702353515625 0.058828124999999995 0.03361328125
2 0.22926562499999997 0.703203125 0.06165625 0.0275
2 0.7807421875 0.704677734375 0.061484375 0.03435546875
2 0.8411015624999999 0.70541015625 0.060328124999999996 0.0358203125
2 0.8997421875 0.70681640625 0.058859375000000005 0.0347265625
2 0.29197656250000004 0.707626953125 0.062078125 0.03244140625
2 0.96015625 0.708583984375 0.0609375 0.03435546875
2 0.3520859375 0.7107421875 0.060421875 0.034765625
0 0.41333593750000003 0.713740234375 0.061046875 0.03294921875
2 0.47438281250000003 0.71595703125 0.061265625000000004 0.0334765625
2 0.535421875 0.72103515625 0.06146875 0.0319140625
2 0.592625 0.07310546875 0.060250000000000005 0.0368359375
1 0.051773437500000005 0.726240234375 0.059796875000000006 0.03451171875
2 0.5954140625 0.725732421875 0.062703125 0.02958984375
2 0.656671875 0.7278125 0.06021875 0.02984375
0 0.1121875 0.72845703125 0.061875 0.0350390625
2 0.17250000000000001 0.7322265625 0.060625 0.034765625
2 0.2320859375 0.734052734375 0.061046875 0.03451171875
2 0.7178671875 0.7343359375 0.063859375 0.035078125
2 0.77859375 0.735478515625 0.060312500000000005 0.02955078125
2 0.8365546875 0.73853515625 0.060609375 0.0317578125
2 0.2922890625 0.73900390625 0.062703125 0.0326953125
0 0.897796875 0.7401953125 0.06121875 0.035078125
2 0.352296875 0.7404296875 0.060843749999999995 0.035546875
2 0.9558515625 0.742255859375 0.058578125 0.03138671875
0 0.4120859375 0.744345703125 0.058546875 0.03166015625
1 0.47302343750000003 0.74798828125 0.061671875 0.0311328125
2 0.534796875 0.75111328125 0.06021875 0.0334765625
2 0.5951015625 0.753583984375 0.062078125 0.03451171875
2 0.655109375 0.757099609375 0.06021875 0.03373046875
2 0.65453125 0.076337890625 0.06218749999999999 0.03548828125
2 0.715265625 0.763349609375 0.061781249999999996 0.03841796875
2 0.7733749999999999 0.766806640625 0.062375 0.03361328125
2 0.8336640624999999 0.7694921875 0.05795312500000001 0.035078125
0 0.8916953124999999 0.770263671875 0.061515625 0.02880859375
2 0.9518984375 0.770634765625 0.060046875 0.02955078125
2 0.7147187500000001 0.080517578125 0.060687500000000005 0.03603515625
2 0.0485234375 0.08091796875 0.059546875 0.0368359375
2 0.774265625 0.083935546875 0.057906250000000006 0.03896484375
2 0.1084609375 0.08455078125 0.060671875 0.0362890625
2 0.1679453125 0.08615234375 0.060890625 0.0394921875
2 0.0803203125 0.866220703125 0.060640625000000004 0.02931640625
2 0.1374140625 0.87103515625 0.059203125 0.0311328125
2 0.1969921875 0.87650390625 0.059609375 0.0342578125
2 0.22835156250000002 0.088193359375 0.059828124999999996 0.03576171875
0 0.834109375 0.089931640625 0.061968749999999996 0.03923828125
2 0.25834375 0.881318359375 0.0604375 0.03216796875
2 0.31825000000000003 0.885625 0.058374999999999996 0.0290625
2 0.378765625 0.887705078125 0.06378125 0.03322265625
2 0.44075 0.892001953125 0.059625 0.03009765625
2 0.079796875 0.895390625 0.05959375 0.0290625
2 0.500234375 0.897216796875 0.059843749999999994 0.02880859375
2 0.5607968750000001 0.897919921875 0.06221875 0.03021484375
2 0.62265625 0.900341796875 0.0609375 0.03115234375
2 0.13897656249999998 0.90228515625 0.059203125 0.0311328125
2 0.6839609375 0.904248046875 0.061671875 0.03115234375
2 0.1985546875 0.907373046875 0.059609375 0.02958984375
2 0.743140625 0.907001953125 0.05815625 0.03275390625
2 0.8037109375 0.911708984375 0.060546875 0.03044921875
2 0.8631875000000001 0.91193359375 0.060750000000000005 0.0269921875
2 0.2590703125 0.91205078125 0.061890625 0.0311328125
2 0.9232968749999999 0.9133203125 0.05909375 0.029765625
2 0.31856249999999997 0.91583984375 0.059 0.0269921875
2 0.28815625 0.093037109375 0.060687500000000005 0.03763671875
2 0.8954296875000001 0.09396484375 0.059609375 0.0394921875
2 0.37907812500000004 0.919091796875 0.061281249999999995 0.02958984375
2 0.43824218750000005 0.922216796875 0.06085937500000001 0.02802734375
2 0.4994921875 0.92560546875 0.061484375 0.0269921875
1 0.0818828125 0.925986328125 0.060640625000000004 0.03166015625
2 0.55978125 0.927099609375 0.060187500000000005 0.02998046875
2 0.6211875 0.93169921875 0.061125 0.0313671875
2 0.1417890625 0.93353515625 0.058578125 0.0311328125
2 0.68175 0.936181640625 0.060375 0.03251953125
2 0.2001171875 0.935224609375 0.059609375 0.03451171875
2 0.7420390625 0.938818359375 0.059078125 0.02998046875
2 0.258453125 0.940703125 0.06065625 0.02984375
2 0.8596015625 0.9406640625 0.059828124999999996 0.029765625
2 0.801140625 0.941806640625 0.06165625 0.02814453125
2 0.3189765625 0.943046875 0.059828124999999996 0.030625
2 0.9204453125000001 0.943310546875 0.059640625 0.03115234375
2 0.380015625 0.947080078125 0.06315625 0.03087890625
2 0.44053906249999997 0.950859375 0.059203125 0.030625
1 0.5007421875 0.953583984375 0.06085937500000001 0.03216796875
2 0.349203125 0.09574218749999999 0.060906249999999995 0.035234375
2 0.5591406250000001 0.957900390625 0.05890625000000001 0.03298828125
2 0.61934375 0.961005859375 0.0605625 0.03529296875
0 0.679640625 0.96525390625 0.059281249999999994 0.0320703125
2 0.7381875 0.96765625 0.060750000000000005 0.0290625
2 0.7985625 0.967998046875 0.059625 0.02583984375
2 0.8557421875 0.97099609375 0.061484375 0.0318359375
1 0.9152968749999999 0.97490234375 0.05871875 0.0318359375
2 0.954703125 0.0990234375 0.05940625000000001 0.037890625
2 0.40992968750000003 0.09951171875 0.060484375 0.0349609375
2 0.47096875000000005 0.10355468749999999 0.060687500000000005 0.035234375
2 0.5311640625 0.10603515625 0.059203125 0.0362890625
2 0.590890625 0.11189453125 0.06303125000000001 0.0362890625
2 0.6524375 0.112646484375 0.061125 0.03388671875
2 0.7113828125 0.11673828124999999 0.060265625 0.0381640625
2 0.050039062499999995 0.116875 0.062578125 0.0384375
2 0.10991406249999999 0.11890625 0.060453124999999996 0.0346875
0 0.7722109374999999 0.121181640625 0.060046875 0.03923828125
2 0.1673046875 0.123349609375 0.059609375 0.03576171875
2 0.22931249999999997 0.12361328125 0.061750000000000006 0.0362890625
0 0.8321171875 0.1253515625 0.061109375 0.039765625
2 0.288265625 0.12779296875 0.060906249999999995 0.0368359375
2 0.8898203125 0.130146484375 0.060890625 0.03763671875
2 0.3488828125 0.131962890625 0.060265625 0.03736328125
2 0.9499062500000001 0.132314453125 0.059187500000000004 0.03416015625
2 0.40992968750000003 0.13466796875 0.060484375 0.0349609375
2 0.4701171875 0.13662109375 0.058984375 0.0349609375
2 0.530453125 0.142080078125 0.060906249999999995 0.03416015625
2 0.5899296875 0.14753906249999998 0.061109375 0.033359375
2 0.6509765625 0.149140625 0.061328125 0.0365625
2 0.7111640625 0.152294921875 0.059828124999999996 0.03896484375
0 0.7707499999999999 0.158642578125 0.060250000000000005 0.03603515625
2 0.8286718750000001 0.163076171875 0.06046875 0.03708984375
0 0.8877265624999999 0.163076171875 0.059828124999999996 0.03708984375
2 0.9465703124999999 0.16853515624999998 0.058765625 0.0362890625