2 0.9429062500000001 0.552734375 0.0576875 0.03515625
2 0.9445390625 0.5870703125 0.057828124999999994 0.033515625
2 0.94928125 0.6202734375 0.057937499999999996 0.033515625
2 0.9010703124999999 0.751376953125 0.058390624999999995 0.03791015625
2 0.9602421874999999 0.755556640625 0.064234375 0.03845703125
2 0.902171875 0.788759765625 0.06059375 0.03845703125
2 0.9647343749999999 0.792392578125 0.06071875 0.03791015625
2 0.9048515625 0.8267578125 0.059703125 0.032421875
2 0.9640859374999999 0.827001953125 0.059421875 0.03291015625
2 0.92815625 0.951142578125 0.0563125 0.03900390625
2 0.9290390625 0.983857421875 0.058078125 0.03021484375