2 0.032492187500000005 0.282763671875 0.058734375000000005 0.03427734375
2 0.09253125 0.2856640625 0.0600625 0.036171875
2 0.1509296875 0.288515625 0.058109375 0.0340625
2 0.2115078125 0.292041015625 0.060515624999999997 0.03330078125
2 0.2699765625 0.29314453125 0.061828125 0.0355078125
2 0.329640625 0.296484375 0.059281249999999994 0.03828125
2 0.389671875 0.301572265625 0.06059375 0.03673828125
2 0.0350859375 0.317158203125 0.057671875 0.03275390625
2 0.093515625 0.320166015625 0.05890625000000001 0.03486328125
2 0.1518203125 0.323564453125 0.059890624999999996 0.03775390625
2 0.2120390625 0.326416015625 0.061578125 0.03564453125
2 0.2705625 0.328095703125 0.059875 0.03509765625
2 0.330171875 0.330771484375 0.060343749999999995 0.03654296875
2 0.39060937500000004 0.33357421875 0.059343749999999994 0.0304296875
2 0.0369609375 0.3517578125 0.058296875000000005 0.035546875
2 0.095625 0.354892578125 0.056874999999999995 0.03400390625
2 0.1533828125 0.357578125 0.059890624999999996 0.0315625
2 0.21311718750000003 0.361201171875 0.060609375 0.03099609375
2 0.2724375 0.362548828125 0.0605 0.02978515625
2 0.3303984375 0.366044921875 0.057671875 0.03287109375
2 0.389640625 0.36705078125 0.057406250000000006 0.0348828125
2 0.060250000000000005 0.49125 0.057999999999999996 0.03328125
2 0.11695312499999999 0.493759765625 0.05890625000000001 0.03439453125
2 0.17689062500000002 0.4962109375 0.06003125 0.035390625
2 0.234875 0.497998046875 0.060375 0.03505859375
2 0.2954609375 0.50341796875 0.059671875 0.0341796875
2 0.3571015625 0.5063671875 0.061078125000000004 0.036171875
0 0.41577343750000006 0.508310546875 0.059671875 0.03615234375
2 0.06189843749999999 0.5240234375 0.058171875 0.032421875
2 0.1193828125 0.52556640625 0.060640625000000004 0.0316015625
2 0.1780078125 0.5293359375 0.059140625 0.031328125
2 0.23729687500000002 0.531953125 0.05896875 0.03265625
2 0.2956796875 0.536298828125 0.060109375 0.03353515625
2 0.3553671875 0.53876953125 0.06073437499999999 0.0306640625
2 0.41555468749999996 0.542421875 0.05923437499999999 0.0340625
2 0.0631484375 0.555732421875 0.057546875 0.03333984375
2 0.11967968749999999 0.55908203125 0.058109375 0.0322265625
2 0.17845312500000002 0.5617578125 0.06003125 0.033671875
2 0.23725000000000002 0.56427734375 0.058875 0.0308984375
2 0.2968046875 0.568740234375 0.05923437499999999 0.03201171875
2 0.35661718750000004 0.57123046875 0.060109375 0.0330859375
2 0.415640625 0.5755859375 0.05940625000000001 0.033984375
2 0.02765625 0.689267578125 0.0553125 0.03478515625
2 0.084484375 0.6923828125 0.05959375 0.033203125
2 0.14537499999999998 0.695390625 0.0595 0.03140625
2 0.20435937499999998 0.69728515625 0.05871875 0.0312890625
2 0.26321093749999996 0.6994921875 0.06079687499999999 0.031796875
2 0.323375 0.704873046875 0.059250000000000004 0.03083984375
2 0.3832421875 0.7077734375 0.06023437499999999 0.032734375
2 0.44182812499999996 0.7120703125 0.05865625 0.033515625
2 0.029359375 0.721357421875 0.05871875 0.02865234375
0 0.086203125 0.721552734375 0.05990625000000001 0.02904296875
2 0.1466953125 0.726650390625 0.059015625 0.03142578125
2 0.204484375 0.727900390625 0.05896875 0.03001953125
2 0.2638203125 0.731416015625 0.058890624999999995 0.02923828125
2 0.3236875 0.73396484375 0.059875 0.0304296875
2 0.383109375 0.7380859375 0.05996875 0.030859375
2 0.4415625 0.7437890625 0.058125 0.030546875
2 0.0298359375 0.751142578125 0.059671875 0.03353515625
2 0.0886953125 0.75240234375 0.058640625 0.0321484375
2 0.1471328125 0.755908203125 0.059890624999999996 0.03134765625
1 0.2060078125 0.761298828125 0.058890624999999995 0.03431640625
2 0.2638984375 0.760654296875 0.059046875 0.03302734375
2 0.3240390625 0.7663671875 0.060578125000000003 0.036640625
2 0.3830234375 0.769013671875 0.059796875000000006 0.03021484375
2 0.4413828125 0.7762109375 0.057765625 0.032890625
2 0.02053125 0.085224609375 0.0410625 0.03373046875
0 0.070921875 0.084208984375 0.06059375 0.03560546875
2 0.13060156250000002 0.08671875 0.058078125 0.03671875
2 0.1880078125 0.088564453125 0.060390624999999996 0.03650390625
2 0.0444765625 0.895244140625 0.060828125 0.03267578125
2 0.103375 0.8956640625 0.059875 0.029609375
2 0.1639921875 0.901337890625 0.05923437499999999 0.03314453125
2 0.222421875 0.905693359375 0.057343750000000006 0.03013671875
2 0.2818515625 0.90537109375 0.060578125000000003 0.0294921875
2 0.34221875 0.910390625 0.0594375 0.03171875
2 0.4010703125 0.91181640625 0.058390624999999995 0.0306640625
2 0.2472109375 0.09201171875 0.060046875 0.0394921875
2 0.3080078125 0.09452148437499999 0.059765625 0.04060546875
0 0.0472890625 0.92431640625 0.060203125 0.0283203125
2 0.1064453125 0.9271875 0.059765625 0.03015625
2 0.1658125 0.930048828125 0.059750000000000004 0.02806640625
2 0.22487500000000002 0.933955078125 0.059125000000000004 0.02806640625
2 0.2831015625 0.93603515625 0.059953124999999996 0.0283203125
2 0.3423203125 0.93994140625 0.056515625 0.0244140625
2 0.3994140625 0.942353515625 0.061328125 0.02923828125
2 0.050328125 0.95099609375 0.06315625 0.0269921875
2 0.10956250000000001 0.9547265625 0.056625 0.026640625
2 0.3674296875 0.09546875 0.059859375000000006 0.03859375
2 0.1672734375 0.959091796875 0.059546875 0.02755859375
2 0.22362500000000002 0.962802734375 0.059750000000000004 0.02716796875
2 0.2823671875 0.963984375 0.058484375 0.02953125
2 0.342171875 0.968349609375 0.059343749999999994 0.03044921875
2 0.400078125 0.972509765625 0.056406250000000005 0.02705078125
2 0.42680468749999995 0.10015625 0.059859375000000006 0.04015625
2 0.021593750000000002 0.11910156250000001 0.043187500000000004 0.035078125
2 0.0730703125 0.120615234375 0.058640625 0.03419921875
2 0.130734375 0.123125 0.05834375000000001 0.0353125
0 0.1892578125 0.125224609375 0.059765625 0.03951171875
2 0.2487734375 0.131376953125 0.060046875 0.03619140625
2 0.3072578125 0.132109375 0.058265625 0.03375
2 0.36627343749999997 0.1323828125 0.060671875 0.034296875
2 0.42592187499999995 0.136572265625 0.05809375 0.03486328125
2 0.023320312500000002 0.152314453125 0.046640625000000005 0.03509765625
2 0.0753984375 0.1554296875 0.057046875 0.037421875
0 0.1310390625 0.1591796875 0.058953124999999995 0.037109375
1 0.1895703125 0.163154296875 0.060390624999999996 0.03333984375
2 0.2481953125 0.164775390625 0.058890624999999995 0.03267578125
2 0.307609375 0.166875 0.05896875 0.036875
2 0.3677890625 0.1685546875 0.060578125000000003 0.036328125
2 0.4259609375 0.171298828125 0.058171875 0.03400390625