3 0.1370546875 0.7589453125 0.061609375 0.033515625
3 0.19917968749999998 0.76146484375 0.06085937500000001 0.0346484375
3 0.13680468750000002 0.79470703125 0.064234375 0.0347265625
3 0.19798437500000002 0.79900390625 0.05846875 0.0433203125
3 0.07362500000000001 0.8260546875 0.059750000000000004 0.042734375
3 0.1340546875 0.82966796875 0.06185937500000001 0.0421484375
3 0.1930859375 0.83826171875 0.058046875 0.0358984375
3 0.0251796875 0.953505859375 0.050359375 0.03591796875
3 0.07986718749999999 0.958173828125 0.056609374999999997 0.03353515625
3 0.13678125 0.9627734375 0.0610625 0.034921875
3 0.19465625 0.96470703125 0.058062499999999996 0.0348828125
3 0.256265625 0.971005859375 0.06253125000000001 0.03576171875
3 0.025 0.986328125 0.05 0.02734375
3 0.07865625000000001 0.9869921875 0.0541875 0.024765625