2 0.97265625 0.298828125 0.0546875 0.03515625
2 0.9164843749999999 0.29779296875 0.05796875 0.0330859375
2 0.97421875 0.328125 0.0515625 0.02734375
2 0.9173828125 0.331923828125 0.059765625 0.03103515625
2 0.97421875 0.36328125 0.0515625 0.0390625
2 0.9173828125 0.36435546875 0.059765625 0.0333984375
0 0.8271640625 0.4923828125 0.060578125000000003 0.035546875
2 0.8859999999999999 0.493603515625 0.062625 0.03408203125
0 0.946109375 0.49755859375 0.057843750000000006 0.0341796875
2 0.8276796875000001 0.527744140625 0.061609375 0.03595703125
1 0.8877578125 0.53013671875 0.059890624999999996 0.0368359375
2 0.9478984374999999 0.532099609375 0.058296875000000005 0.03294921875
2 0.8283046875 0.561748046875 0.05973437499999999 0.03365234375
0 0.8882109375 0.564912109375 0.06079687499999999 0.03216796875
0 0.9485468750000001 0.5662890625 0.05959375 0.034921875
2 0.7948046875 0.69751953125 0.058359375000000005 0.0356640625
2 0.8550703125 0.699765625 0.060140625 0.03625
2 0.9151171874999999 0.69984375 0.058359375000000005 0.0325
2 0.9716875 0.7016796875 0.055874999999999994 0.036171875
2 0.7953515624999999 0.731943359375 0.059453124999999996 0.03419921875
2 0.8561406249999999 0.732880859375 0.062281249999999996 0.03216796875
0 0.916375 0.734189453125 0.05775 0.03478515625
2 0.9716171875 0.73767578125 0.055734375 0.0339453125
2 0.7957109375 0.766640625 0.060171875 0.0371875
2 0.856828125 0.76787109375 0.06053125 0.0357421875
2 0.9165078125000001 0.769091796875 0.058015625 0.03427734375
2 0.9716875 0.772578125 0.055874999999999994 0.03734375
2 0.7013046875 0.89806640625 0.058859375000000005 0.0344140625
2 0.759578125 0.899482421875 0.059781249999999994 0.03724609375
2 0.8207734375 0.901806640625 0.06029687500000001 0.03408203125
2 0.9377968750000001 0.90337890625 0.05996875 0.0372265625
2 0.87909375 0.90517578125 0.0581875 0.0369140625
2 0.7009140625 0.9314453125 0.058078125 0.034765625
2 0.759578125 0.936240234375 0.059781249999999994 0.03654296875
2 0.8201562499999999 0.93728515625 0.0590625 0.0386328125
2 0.8795859374999999 0.940634765625 0.059171875 0.03361328125
2 0.9391640625000001 0.94013671875 0.059578125 0.0365234375
2 0.7007265625 0.969560546875 0.057703125 0.03677734375
2 0.7596093749999999 0.972587890625 0.059843749999999994 0.03501953125
2 0.8202578125000001 0.974501953125 0.059265625 0.03494140625
2 0.8797499999999999 0.97546875 0.0595 0.036875
1 0.9394218750000001 0.97791015625 0.06009375 0.0378515625