2 0.9165390625000001 0.197978515625 0.051828125 0.03658203125
2 0.430640625 0.198974609375 0.061281249999999995 0.03466796875
1 0.970640625 0.2021875 0.056906250000000005 0.0371875
2 0.4910859375 0.204453125 0.063421875 0.03390625
2 0.5514609375 0.206474609375 0.062296874999999995 0.03794921875
2 0.6124140625 0.209541015625 0.062328125 0.03626953125
2 0.6728828124999999 0.213525390625 0.064515625 0.04033203125
2 0.8321875000000001 0.02294921875 0.058125 0.0341796875
1 0.1698046875 0.02177734375 0.061484375 0.0318359375
2 0.7330703125 0.218193359375 0.06301562499999999 0.03794921875
2 0.06787499999999999 0.217978515625 0.063875 0.03751953125
1 0.130171875 0.219619140625 0.060343749999999995 0.03689453125
2 0.187140625 0.221416015625 0.061781249999999996 0.03658203125
2 0.24808593750000002 0.223818359375 0.061796874999999994 0.03748046875
2 0.794 0.2236328125 0.063 0.037109375
2 0.307078125 0.22578125 0.06415625 0.0375
0 0.8534453125000001 0.22734375 0.06314062499999999 0.03671875
2 0.37017968749999997 0.22916992187500002 0.062234374999999995 0.03646484375
2 0.42671875000000004 0.232470703125 0.06281250000000001 0.03525390625
2 0.8921171875 0.024775390625 0.062359374999999995 0.03783203125
0 0.232234375 0.02326171875 0.061343749999999996 0.0348046875
0 0.9122734375 0.2351953125 0.062046875 0.036796875
2 0.9669140625000001 0.23767578125 0.058828124999999995 0.0339453125
2 0.4895546875 0.23837890625 0.06348437500000001 0.0353515625
2 0.5493125 0.24302734375 0.061125 0.0407421875
2 0.6094140625 0.247744140625 0.065703125 0.03455078125
2 0.6704375 0.24962890625 0.06899999999999999 0.0383203125
2 0.7303671875 0.252666015625 0.06073437499999999 0.03658203125
2 0.2894375 0.026171875 0.060125 0.03671875
2 0.7918515625 0.2588671875 0.068078125 0.037265625
2 0.8506406249999999 0.263955078125 0.06065625 0.03181640625
2 0.9090390625 0.268310546875 0.061828125 0.03271484375
2 0.964265625 0.272216796875 0.059781249999999994 0.03271484375
2 0.950234375 0.0278125 0.06296874999999999 0.04
0 0.3514140625 0.028046875 0.059078125 0.04046875
2 0.4102265625 0.030390625 0.064203125 0.04125
2 0.47093749999999995 0.033671875000000004 0.060625 0.04
2 0.064453125 0.349453125 0.06015625 0.03484375
2 0.12403125 0.348857421875 0.057437499999999996 0.03365234375
2 0.18394531249999999 0.354169921875 0.061640625000000004 0.03646484375
2 0.24615625 0.360185546875 0.0610625 0.03677734375
2 0.3062578125 0.363310546875 0.056265625 0.03912109375
2 0.3672421875 0.364853515625 0.062609375 0.03830078125
0 0.42922656249999996 0.371005859375 0.058453124999999995 0.03498046875
2 0.5313046875 0.0380859375 0.062609375 0.041015625
0 0.48971093750000005 0.376455078125 0.063796875 0.03806640625
2 0.5506875 0.379169921875 0.060750000000000005 0.03958984375
0 0.6128515625000001 0.38134765625 0.05695312500000001 0.0400390625
2 0.0647578125 0.38501953125 0.063890625 0.0356640625
2 0.6738593749999999 0.38615234375 0.06021875 0.0379296875
2 0.1250234375 0.3858203125 0.056296875 0.033359375
2 0.735 0.389150390625 0.06375 0.03611328125
1 0.186734375 0.391689453125 0.06409375 0.03728515625
2 0.795203125 0.3920703125 0.05915625 0.038046875
0 0.24578125 0.39654296875 0.0571875 0.0313671875
2 0.856453125 0.396982421875 0.06290625 0.03615234375
2 0.9172499999999999 0.401103515625 0.0595 0.03658203125
2 0.3070859375 0.4012890625 0.061046875 0.033046875
0 0.36690625 0.40314453125 0.0619375 0.0367578125
2 0.97265625 0.40263671875 0.0515625 0.0357421875
2 0.42748437499999997 0.407646484375 0.05809375 0.03404296875
0 0.48900781249999997 0.40880859375 0.059265625 0.0363671875
0 0.5888125 0.041396484375 0.062 0.03982421875
2 0.5502109374999999 0.413603515625 0.062921875 0.03423828125
2 0.61084375 0.416728515625 0.059187500000000004 0.03267578125
2 0.0655 0.41830078125 0.059125000000000004 0.0358203125
2 0.67125 0.420205078125 0.061250000000000006 0.03181640625
2 0.1255390625 0.42240234375 0.060453124999999996 0.0362109375
2 0.733375 0.42302734375 0.0605 0.0296484375
2 0.7912265625 0.42798828125 0.060578125000000003 0.0356640625
0 0.1853515625 0.428642578125 0.058203125 0.03306640625
2 0.24501562500000001 0.43033203125 0.05878124999999999 0.0364453125
2 0.8492109375 0.4308203125 0.060921875 0.033515625
2 0.9106953125 0.434033203125 0.062015625 0.03603515625
2 0.3054296875 0.4346484375 0.057734375000000004 0.029453125
2 0.365015625 0.4387109375 0.061281249999999995 0.033671875
0 0.969546875 0.43970703125 0.054718750000000003 0.0356640625
2 0.4274453125 0.44107421875 0.061140625000000004 0.0344921875
2 0.4864453125 0.444794921875 0.060390624999999996 0.03802734375
2 0.549015625 0.44828125 0.06053125 0.0371875
0 0.6489843750000001 0.04609375 0.06046875 0.04140625
2 0.6110078125 0.4503125 0.059515625 0.03734375
2 0.6703203125 0.45427734375 0.059390624999999996 0.0335546875
0 0.7299765625 0.458251953125 0.063078125 0.04150390625
2 0.79096875 0.463671875 0.0600625 0.03671875
2 0.8510156249999999 0.4672265625 0.05515625 0.036015625
2 0.906875 0.465693359375 0.057499999999999996 0.03294921875
0 0.71246875 0.050761718750000004 0.059312500000000004 0.0429296875
2 0.7684453125 0.05609375 0.058765625 0.03796875
2 0.0598515625 0.554072265625 0.060328124999999996 0.03392578125
2 0.1210859375 0.557470703125 0.060921875 0.03291015625
2 0.1812421875 0.56044921875 0.059359375000000006 0.0349609375
2 0.24375 0.566396484375 0.0625 0.03513671875
2 0.30300000000000005 0.57037109375 0.059125000000000004 0.0313671875
2 0.362328125 0.575830078125 0.05903125 0.03447265625
2 0.42447656250000004 0.578935546875 0.064578125 0.03677734375
2 0.48911718750000005 0.58140625 0.062609375 0.0378125
2 0.5500703125 0.5864453125 0.05639062500000001 0.032265625
2 0.829296875 0.05912109375 0.05859375 0.0362109375
2 0.61090625 0.588525390625 0.0624375 0.03251953125
2 0.061421875 0.590302734375 0.060343749999999995 0.03607421875
2 0.6725 0.59080078125 0.06375 0.0370703125
2 0.12164843750000001 0.5925 0.065171875 0.0365625
2 0.1818203125 0.595283203125 0.060515624999999997 0.03041015625
2 0.73328125 0.59572265625 0.060312500000000005 0.0351953125
2 0.24253125 0.599345703125 0.0631875 0.03072265625
2 0.7946718749999999 0.599580078125 0.06121875 0.03509765625
2 0.8543671875 0.60037109375 0.06185937500000001 0.0366796875
2 0.30377343749999997 0.6032421875 0.063796875 0.034609375
2 0.36531250000000004 0.607158203125 0.061875 0.03072265625
2 0.42611718749999994 0.612822265625 0.064734375 0.03033203125
2 0.48821875 0.61763671875 0.0576875 0.0321484375
2 0.546890625 0.62013671875 0.05940625000000001 0.0332421875
2 0.6077421875 0.622275390625 0.05923437499999999 0.03361328125
2 0.0624765625 0.62505859375 0.062453125 0.0313671875
2 0.6677187499999999 0.6244140625 0.0604375 0.033984375
2 0.8864531250000001 0.063916015625 0.060406249999999995 0.03798828125
2 0.12256249999999999 0.62509765625 0.060750000000000005 0.0275390625
2 0.183796875 0.62875 0.05821875 0.0309375
2 0.729546875 0.630341796875 0.05909375 0.03021484375
2 0.7901953125000001 0.631875 0.061640625000000004 0.03328125
2 0.24326562499999999 0.63263671875 0.06153125 0.0348046875
2 0.848796875 0.633095703125 0.06009375 0.03572265625
2 0.3028828125 0.636669921875 0.062015625 0.03896484375
2 0.365703125 0.640244140625 0.06265625 0.04220703125
2 0.42478125 0.6444140625 0.0620625 0.038828125
2 0.486109375 0.651083984375 0.05971875 0.03263671875
2 0.5461328125 0.653466796875 0.061015625 0.03349609375
2 0.6055625 0.65283203125 0.061125 0.0322265625
2 0.665640625 0.6576171875 0.05940625000000001 0.033984375
4 0.726203125 0.662548828125 0.061781249999999996 0.03603515625
2 0.9465781249999999 0.06668945312499999 0.06503125 0.04353515625
1 0.7862265625 0.6651171875 0.05682812499999999 0.033359375
4 0.8453515625 0.666611328125 0.059453124999999996 0.03634765625
3 0.05548437500000001 0.761845703125 0.06096875 0.03541015625
2 0.11580468749999999 0.765 0.05973437499999999 0.03390625
2 0.1753359375 0.77068359375 0.060046875 0.0335546875
2 0.23421875 0.77173828125 0.06218749999999999 0.0317578125
2 0.2960234375 0.7744140625 0.06079687499999999 0.033203125
2 0.356953125 0.780712890625 0.060781249999999995 0.03017578125
2 0.41830468749999994 0.7840234375 0.061609375 0.032890625
2 0.48149218749999995 0.787509765625 0.06298437500000001 0.03205078125
2 0.540015625 0.78994140625 0.05815625 0.0330078125
3 0.055796875 0.795302734375 0.05846875 0.03201171875
2 0.11561718750000001 0.798720703125 0.059359375000000006 0.03103515625
2 0.1739765625 0.801572265625 0.057328124999999994 0.03283203125
3 0.235921875 0.803828125 0.062468749999999997 0.0334375
3 0.29465624999999995 0.807734375 0.06118749999999999 0.0334375
3 0.3565703125 0.814453125 0.06314062499999999 0.03515625
2 0.4177578125 0.8157421875 0.06364062499999999 0.029921875
2 0.4793125 0.820458984375 0.058625000000000003 0.03154296875
3 0.538703125 0.822919921875 0.05865625 0.03646484375
3 0.059867187499999995 0.82703125 0.057234375000000004 0.0290625
2 0.1170078125 0.830625 0.052765625000000003 0.03234375
3 0.17603906249999998 0.833779296875 0.061453125 0.03474609375
3 0.23557812500000003 0.837685546875 0.061781249999999996 0.03474609375
3 0.2974375 0.83919921875 0.063625 0.0338671875
3 0.35768750000000005 0.844404296875 0.059125000000000004 0.03646484375
2 0.41704687500000004 0.847568359375 0.06221875 0.03107421875
3 0.4781171875 0.849833984375 0.062484375 0.03951171875
2 0.7133359375 0.014453125 0.057921875 0.02890625
2 0.0674296875 0.14421875 0.06298437500000001 0.03453125
2 0.1268046875 0.1470703125 0.06298437500000001 0.040234375
2 0.18755468749999998 0.14986328125 0.059484375 0.0380078125
2 0.2489609375 0.154287109375 0.063546875 0.03904296875
2 0.3096953125 0.1557421875 0.060015624999999996 0.038046875
2 0.0551640625 0.01626953125 0.060328124999999996 0.0325390625
2 0.7723046874999999 0.0172265625 0.06023437499999999 0.034453125
2 0.3695546875 0.15900390625 0.060984375 0.0367578125
2 0.43053125000000003 0.16243164062499998 0.0610625 0.03580078125
2 0.49215625 0.165166015625 0.0624375 0.03736328125
2 0.5529921875 0.1716015625 0.062234374999999995 0.034609375
2 0.6138203125 0.17400390625 0.058890624999999995 0.0355078125
0 0.11395312500000002 0.019384765625 0.062281249999999996 0.03095703125
2 0.6770234375 0.17878906249999998 0.063421875 0.037265625
2 0.128546875 0.18083007812500002 0.06334375 0.03744140625
2 0.7363203125 0.1830859375 0.063265625 0.041953125
2 0.0679921875 0.18229492187500002 0.060984375 0.03646484375
2 0.18856250000000002 0.18564453125 0.0615 0.0353515625
2 0.7961796875 0.187939453125 0.064234375 0.04384765625
2 0.24778124999999998 0.188955078125 0.06118749999999999 0.03416015625
2 0.30832812499999995 0.19298828125 0.060406249999999995 0.0344140625
2 0.8559374999999999 0.1937890625 0.058750000000000004 0.036015625
2 0.36886718749999997 0.194150390625 0.062734375 0.03283203125