2 0.1775 0.194853515625 0.058125 0.03423828125
2 0.238171875 0.19734374999999998 0.06071875 0.0353125
2 0.780484375 0.198447265625 0.06409375 0.03361328125
2 0.83928125 0.202626953125 0.059812500000000005 0.03806640625
2 0.29874999999999996 0.20216796875 0.06 0.0332421875
0 0.358890625 0.206474609375 0.06153125 0.03404296875
0 0.8993828125000001 0.208759765625 0.064390625 0.03470703125
2 0.9580703125 0.209091796875 0.06301562499999999 0.03537109375
2 0.41889062499999996 0.210087890625 0.05965625 0.03345703125
0 0.4784453125 0.212802734375 0.060015624999999996 0.03107421875
2 0.690171875 0.020830078125 0.05846875 0.03775390625
2 0.5392265625 0.21564453125 0.059703125 0.0328515625
2 0.598828125 0.22068359375 0.06015625 0.0351171875
1 0.6584765625 0.22224609374999998 0.060703125000000004 0.0343359375
2 0.718640625 0.22642578125 0.062281249999999996 0.0309765625
1 0.7767109375000001 0.232724609375 0.059671875 0.03185546875
2 0.8370390625 0.2353125 0.061578125 0.02921875
2 0.8950781250000001 0.242275390625 0.05890625000000001 0.03142578125
0 0.9552109375000001 0.2442578125 0.057296875000000004 0.035390625
2 0.7503359374999999 0.026796875 0.060046875 0.03796875
2 0.8074453125 0.03255859375 0.058640625 0.0377734375
2 0.0719453125 0.32234375 0.059515625 0.0353125
2 0.13140625 0.323486328125 0.059687500000000004 0.03369140625
2 0.1924765625 0.3283203125 0.059953124999999996 0.035546875
2 0.2521875 0.3303515625 0.060625 0.039609375
2 0.3128515625 0.33443359375 0.060078125 0.0399609375
2 0.37434375 0.33849609375 0.06118749999999999 0.0363671875
2 0.434640625 0.343564453125 0.05990625000000001 0.03869140625
2 0.495015625 0.346962890625 0.061906249999999996 0.04158203125
2 0.5571953125 0.351494140625 0.061265625000000004 0.03892578125
2 0.6178125 0.3544140625 0.060625 0.036953125
2 0.07378124999999999 0.35681640625 0.0600625 0.0339453125
2 0.1335703125 0.35728515625 0.060890625 0.0348828125
2 0.6783828125 0.358193359375 0.059890624999999996 0.03669921875
2 0.7389609375 0.362333984375 0.062296874999999995 0.03716796875
2 0.1922890625 0.36337890625 0.059578125 0.0353515625
2 0.2518203125 0.36669921875 0.059890624999999996 0.0341796875
2 0.7980390625 0.366708984375 0.058578125 0.03810546875
2 0.8588125 0.369921875 0.061375 0.03671875
1 0.8678750000000001 0.038720703125 0.057625 0.03837890625
2 0.3118515625 0.371982421875 0.061203125000000004 0.03302734375
2 0.9192734375 0.3755078125 0.057296875000000004 0.040078125
2 0.3723203125 0.374453125 0.060265625 0.0340625
2 0.4334921875 0.378359375 0.06073437499999999 0.0340625
2 0.9730000000000001 0.3790625 0.05225 0.039375
2 0.494640625 0.385244140625 0.06115625 0.03220703125
2 0.5564218750000001 0.387841796875 0.06284375 0.03349609375
2 0.0760703125 0.390380859375 0.058390624999999995 0.03466796875
2 0.925640625 0.040478515625 0.06065625 0.03798828125
2 0.616203125 0.390078125 0.06053125 0.0340625
2 0.134296875 0.393837890625 0.05921875 0.03767578125
2 0.676546875 0.394677734375 0.059343749999999994 0.03544921875
1 0.193578125 0.397607421875 0.05903125 0.03349609375
2 0.73628125 0.39748046875 0.0600625 0.0332421875
1 0.252328125 0.400498046875 0.060906249999999995 0.03537109375
1 0.7959375 0.402783203125 0.060625 0.03603515625
2 0.3116640625 0.4054296875 0.060828125 0.033515625
2 0.8568828125 0.405361328125 0.060640625000000004 0.03337890625
2 0.37240625 0.40935546875 0.0604375 0.0374609375
2 0.9140937499999999 0.410751953125 0.0594375 0.03244140625
1 0.432796875 0.413759765625 0.059343749999999994 0.03455078125
2 0.97109375 0.4140625 0.0578125 0.03515625
2 0.493359375 0.418515625 0.06171875 0.03234375
2 0.5532812500000001 0.421337890625 0.059687500000000004 0.03408203125
2 0.6150156250000001 0.42390625 0.061281249999999995 0.03140625
2 0.673046875 0.427373046875 0.05859375 0.03443359375
2 0.733765625 0.430810546875 0.061281249999999995 0.03349609375
2 0.793359375 0.43626953125 0.05859375 0.0326953125
2 0.8525625 0.439560546875 0.061375 0.03537109375
2 0.9107421875 0.444267578125 0.058984375 0.03697265625
2 0.9681796874999999 0.448701171875 0.06135937500000001 0.03802734375
2 0.036390624999999996 0.522529296875 0.060281249999999995 0.03333984375
2 0.0956953125 0.525 0.060140625 0.03046875
2 0.1560390625 0.530615234375 0.062078125 0.03388671875
2 0.21608593750000002 0.537587890625 0.06029687500000001 0.03611328125
2 0.27534375 0.539296875 0.0600625 0.035625
2 0.336953125 0.543828125 0.061406249999999996 0.036875
2 0.397671875 0.547275390625 0.06096875 0.03986328125
2 0.038390625 0.553740234375 0.06115625 0.02935546875
2 0.46009374999999997 0.554638671875 0.060812500000000005 0.03505859375
2 0.52121875 0.556484375 0.06118749999999999 0.03484375
2 0.09616406250000001 0.557900390625 0.061078125000000004 0.03376953125
2 0.5823515625 0.559365234375 0.061578125 0.03669921875
2 0.6432890625 0.562578125 0.061578125 0.0353125
2 0.1572734375 0.56470703125 0.061421875 0.0356640625
0 0.7035859375 0.56677734375 0.06029687500000001 0.0358984375
1 0.763875 0.570048828125 0.059 0.03462890625
2 0.21692968750000002 0.573740234375 0.058859375000000005 0.03419921875
2 0.82396875 0.57298828125 0.0635625 0.0366015625
2 0.27718750000000003 0.57505859375 0.060625 0.0329296875
2 0.8850546874999999 0.575908203125 0.057609375 0.03462890625
2 0.3370625 0.5767578125 0.061625 0.028515625
2 0.9426171875 0.581884765625 0.057109375 0.03486328125
2 0.39735156250000003 0.581279296875 0.060328124999999996 0.02974609375
2 0.458953125 0.585908203125 0.06165625 0.02728515625
2 0.0396640625 0.5875390625 0.060578125000000003 0.038359375
0 0.5194375 0.58943359375 0.060750000000000005 0.0343359375
2 0.0986796875 0.5928515625 0.059859375000000006 0.037265625
2 0.5801406250000001 0.593720703125 0.060281249999999995 0.03509765625
2 0.64053125 0.597802734375 0.06231250000000001 0.03544921875
2 0.7023515625 0.59947265625 0.060953125 0.0348828125
2 0.1583671875 0.5984765625 0.060484375 0.032890625
2 0.760703125 0.6030859375 0.05890625000000001 0.034296875
1 0.275625 0.605390625 0.060625 0.03109375
0 0.2181015625 0.605654296875 0.058078125 0.03162109375
2 0.820546875 0.6091796875 0.059843749999999994 0.034765625
2 0.3367734375 0.609765625 0.061046875 0.0359375
2 0.8794140625000001 0.61095703125 0.058828124999999995 0.0344140625
0 0.3970625 0.615224609375 0.059750000000000004 0.03513671875
2 0.9379453124999999 0.614921875 0.060265625 0.03453125
0 0.45837500000000003 0.619755859375 0.0605 0.03638671875
2 0.5175546875 0.62287109375 0.060109375 0.0348046875
2 0.577109375 0.62509765625 0.06046875 0.0353515625
2 0.638 0.62841796875 0.060375 0.0302734375
0 0.6978515625 0.63326171875 0.061328125 0.0360546875
2 0.7583984375 0.638134765625 0.057421875 0.03408203125
2 0.8159531250000001 0.640244140625 0.06003125 0.03048828125
1 0.8748671874999999 0.644111328125 0.059109375 0.03431640625
0 0.9333046875000001 0.64794921875 0.06035937500000001 0.0302734375
2 0.060515625 0.72951171875 0.06165625 0.0332421875
2 0.11990624999999999 0.733232421875 0.058562499999999997 0.03287109375
2 0.17879687500000002 0.73794921875 0.06071875 0.0305859375
2 0.23957812499999998 0.743994140625 0.060406249999999995 0.03095703125
2 0.3001171875 0.74568359375 0.059609375 0.0343359375
2 0.3600703125 0.74775390625 0.060765625000000004 0.0345703125
2 0.42100781249999997 0.75171875 0.060765625000000004 0.0346875
2 0.4816015625 0.757138671875 0.060078125 0.03771484375
2 0.5413281249999999 0.76119140625 0.060781249999999995 0.0341015625
2 0.061843749999999996 0.7619921875 0.06118749999999999 0.031796875
2 0.60259375 0.76326171875 0.0614375 0.0343359375
2 0.11984375 0.764873046875 0.0615625 0.02974609375
2 0.18064843749999998 0.769443359375 0.061296874999999994 0.03107421875
2 0.6633515625 0.76974609375 0.061078125000000004 0.0316796875
2 0.72503125 0.771884765625 0.0594375 0.03205078125
2 0.240265625 0.77416015625 0.05865625 0.0287890625
2 0.7835156249999999 0.776943359375 0.060781249999999995 0.03435546875
2 0.3001171875 0.776298828125 0.059609375 0.02916015625
2 0.846484375 0.778291015625 0.06484375 0.03314453125
2 0.90490625 0.7806640625 0.059812500000000005 0.033984375
2 0.3601171875 0.781591796875 0.06085937500000001 0.03193359375
2 0.42100781249999997 0.786044921875 0.060765625000000004 0.03302734375
2 0.9637968750000001 0.78701171875 0.061968749999999996 0.0349609375
0 0.06446875 0.790009765625 0.060187500000000005 0.03314453125
0 0.47975 0.79076171875 0.0595 0.0307421875
2 0.5404375 0.792587890625 0.062125 0.03048828125
2 0.12291406249999999 0.795029296875 0.061453125 0.03146484375
2 0.601609375 0.7972265625 0.06259375 0.031953125
2 0.18270312500000002 0.799541015625 0.05915625 0.03267578125
2 0.6629609375000001 0.800048828125 0.06029687500000001 0.02978515625
2 0.72096875 0.802958984375 0.060687500000000005 0.03169921875
2 0.24158593750000001 0.80431640625 0.058171875 0.0305078125
2 0.7821484375 0.80640625 0.061171875 0.026875
2 0.29963281249999996 0.80638671875 0.058640625 0.0307421875
2 0.8404453125 0.8090625 0.062140625000000005 0.0321875
2 0.8991562500000001 0.8121875 0.0576875 0.030625
2 0.359875 0.81396484375 0.060375 0.0302734375
2 0.9571640625000001 0.816826171875 0.061203125000000004 0.03208984375
2 0.42085937500000004 0.81798828125 0.06046875 0.0305078125
0 0.4796484375 0.82123046875 0.059296875000000006 0.0291796875
2 0.539328125 0.824033203125 0.05990625000000001 0.03087890625
2 0.5986328125 0.82619140625 0.062890625 0.0273828125
2 0.6587109375 0.831240234375 0.061171875 0.02966796875
0 0.7180859374999999 0.83521484375 0.061171875 0.0298046875
0 0.777265625 0.836416015625 0.060781249999999995 0.03220703125
2 0.8355 0.837080078125 0.06475 0.03353515625
2 0.8953828125 0.841552734375 0.059515625 0.03076171875
1 0.953640625 0.84619140625 0.06353125 0.0322265625
2 0.028890624999999996 0.9359375 0.05778124999999999 0.03203125
2 0.085140625 0.9385546875 0.060906249999999995 0.033359375
2 0.144328125 0.942978515625 0.06053125 0.03439453125
2 0.205390625 0.946962890625 0.060781249999999995 0.03455078125
2 0.2661015625 0.950283203125 0.060328124999999996 0.03337890625
2 0.3249453125 0.955673828125 0.059265625 0.03634765625
2 0.3846484375 0.962490234375 0.059921875 0.03435546875
2 0.44582812499999996 0.966337890625 0.060406249999999995 0.03814453125
2 0.0296015625 0.969931640625 0.059203125 0.03751953125
2 0.5052734375 0.9683984375 0.060546875 0.038359375
2 0.5665312499999999 0.96984375 0.06118749999999999 0.0334375
2 0.086171875 0.97236328125 0.059843749999999994 0.0345703125
2 0.6273515625 0.973642578125 0.064078125 0.03322265625
2 0.6868671875000001 0.975771484375 0.064359375 0.03357421875
2 0.14675 0.977333984375 0.059125000000000004 0.03279296875
2 0.2057421875 0.98125 0.061484375 0.0328125
2 0.74765625 0.982421875 0.0640625 0.03515625
2 0.80625 0.982421875 0.0625 0.03515625
2 0.26484375 0.984375 0.0609375 0.03125
2 0.86640625 0.9853515625 0.0671875 0.029296875
2 0.92578125 0.9853515625 0.0640625 0.029296875
2 0.0578125 0.115966796875 0.059375 0.04052734375
2 0.1179453125 0.121123046875 0.060890625 0.03912109375
2 0.17684375000000002 0.121416015625 0.0599375 0.03970703125
2 0.23797656250000002 0.12505859375 0.060328124999999996 0.0352734375
2 0.2975078125 0.13151367187500002 0.060640625000000004 0.03646484375
2 0.3586484375 0.135 0.061046875 0.03953125
0 0.41968750000000005 0.137353515625 0.061250000000000006 0.04033203125
2 0.47996875 0.1411328125 0.0599375 0.036171875
2 0.5418515625 0.1428125 0.061828125 0.03953125
2 0.6025390625 0.147607421875 0.061328125 0.04130859375
2 0.66334375 0.15388671874999998 0.057937499999999996 0.0382421875
2 0.0585234375 0.1551171875 0.06079687499999999 0.036796875
2 0.57121875 0.0163671875 0.058062499999999996 0.032734375
2 0.11875781249999999 0.1571875 0.059390624999999996 0.033125
2 0.723328125 0.15822265625 0.062281249999999996 0.0391015625
2 0.17676562499999998 0.1602734375 0.059781249999999994 0.035390625
2 0.23797656250000002 0.161015625 0.060328124999999996 0.036875
2 0.7839140625 0.164599609375 0.058453124999999995 0.03623046875
2 0.8432890625 0.167958984375 0.061578125 0.03513671875
2 0.297109375 0.16707031249999998 0.059843749999999994 0.037265625
0 0.356890625 0.17179687500000002 0.06065625 0.035
2 0.9028359375000001 0.17263671875 0.061921875 0.0366796875
2 0.9626718750000001 0.17415039062499998 0.06284375 0.03580078125
0 0.41804687500000004 0.17521484375000002 0.06109375 0.0340234375
2 0.6323828125000001 0.02033203125 0.058515625 0.0367578125
2 0.479890625 0.177978515625 0.059781249999999994 0.03955078125
2 0.5391640625 0.18109375 0.062703125 0.03796875
2 0.600546875 0.18591796875 0.06046875 0.0358984375
2 0.6606953125 0.18732421875 0.058890624999999995 0.0348046875
2 0.0600859375 0.18828125 0.06079687499999999 0.03671875
2 0.12 0.19124023437499998 0.058750000000000004 0.03482421875
0 0.720796875 0.194091796875 0.060343749999999995 0.03271484375