3 0.3861484375 0.1951171875 0.059796875000000006 0.034765625
3 0.4454375 0.19556640625 0.06275 0.0356640625
3 0.5062734375 0.204833984375 0.062546875 0.03076171875
3 0.5685546875 0.208603515625 0.062109375 0.03048828125
2 0.6287578125 0.211328125 0.060640625000000004 0.03203125
2 0.028414062499999997 0.2128125 0.05682812499999999 0.03109375
3 0.08484375 0.213447265625 0.0571875 0.03236328125
3 0.690796875 0.21435546875 0.06284375 0.0302734375
3 0.7528515625 0.215146484375 0.061953125 0.03185546875
3 0.1415546875 0.21744140625 0.061234374999999994 0.0364453125
3 0.2006328125 0.2193359375 0.060640625000000004 0.036328125
2 0.26110937500000003 0.22470703125 0.05971875 0.0353515625
2 0.32259375 0.22822265625 0.060812500000000005 0.0345703125
3 0.383609375 0.22978515625 0.06096875 0.0337890625
3 0.8714296875 0.229443359375 0.064734375 0.04482421875
3 0.443984375 0.232265625 0.06296874999999999 0.03484375
3 0.9319609375000001 0.23130859375 0.06392187499999999 0.0407421875
3 0.5047109375 0.237177734375 0.062546875 0.03294921875
2 0.5661875000000001 0.237763671875 0.063625 0.03021484375
2 0.6275859374999999 0.24423828125 0.061421875 0.0314453125
3 0.690875 0.24365234375 0.063 0.0302734375
2 0.080734375 0.24662109375 0.05834375000000001 0.0362109375
3 0.751140625 0.2501953125 0.06165625 0.035546875
2 0.14058593749999998 0.249755859375 0.059296875000000006 0.03857421875
2 0.1986875 0.254462890625 0.059875 0.03236328125
2 0.259546875 0.25615234375 0.05971875 0.0357421875
2 0.31978125 0.2587890625 0.0614375 0.033203125
3 0.38165625 0.26376953125 0.060187500000000005 0.0353515625
3 0.870203125 0.264384765625 0.06540625 0.03658203125
3 0.4412265625 0.26615234375 0.060578125000000003 0.0362109375
3 0.9321093749999999 0.26544921875 0.06421875 0.0348046875
2 0.5030390625 0.268974609375 0.062328125 0.03404296875
2 0.5654296875 0.2716015625 0.062109375 0.035390625
3 0.6264921875 0.27685546875 0.062359374999999995 0.0380859375
3 0.6889765625 0.279677734375 0.062328125 0.03201171875
3 0.7517734375 0.283505859375 0.062921875 0.03185546875
3 0.9347031250000001 0.30060546875 0.06315625 0.0348046875
2 0.0813125 0.384169921875 0.0595 0.03396484375
2 0.13903125 0.38818359375 0.059312500000000004 0.0341796875
2 0.19840625 0.39294921875 0.059312500000000004 0.0358984375
2 0.25682031250000004 0.394365234375 0.060515624999999997 0.03482421875
2 0.3176796875 0.39880859375 0.06035937500000001 0.0358984375
2 0.3773046875 0.4009765625 0.06085937500000001 0.036328125
2 0.43849218749999996 0.407158203125 0.06135937500000001 0.03697265625
3 0.4984921875 0.40845703125 0.059484375 0.0395703125
3 0.5585546875 0.411171875 0.06085937500000001 0.0371875
3 0.6192109375 0.41240234375 0.06029687500000001 0.0357421875
3 0.679515625 0.4157421875 0.06215625 0.034609375
2 0.0763671875 0.415654296875 0.058984375 0.03052734375
3 0.7402656249999999 0.418095703125 0.061781249999999996 0.03541015625
2 0.1345234375 0.419453125 0.059671875 0.0303125
3 0.8030625 0.425439453125 0.059250000000000004 0.03837890625
2 0.1922421875 0.426708984375 0.059484375 0.03310546875
3 0.8629765624999999 0.427392578125 0.063453125 0.03837890625
2 0.2525703125 0.429736328125 0.061390625 0.03525390625
2 0.3143828125 0.4309375 0.060015624999999996 0.03375
3 0.9245234375000001 0.4333203125 0.061546875 0.038515625
2 0.37374999999999997 0.434736328125 0.06 0.03353515625
2 0.4358046875 0.439609375 0.062234374999999995 0.03546875
2 0.4972578125 0.442119140625 0.063265625 0.03267578125
2 0.5575078125 0.4461328125 0.061890625 0.032890625
3 0.6181953124999999 0.44873046875 0.061390625 0.0341796875
2 0.0710625 0.44990234375 0.060875 0.0404296875
3 0.6800078125 0.4520703125 0.06314062499999999 0.040859375
2 0.1302578125 0.45326171875 0.060515624999999997 0.0393359375
3 0.7428828125 0.455302734375 0.060765625000000004 0.03951171875
2 0.18842187500000002 0.458583984375 0.06121875 0.03826171875
3 0.8027656249999999 0.462431640625 0.05865625 0.03423828125
2 0.2508359375 0.46283203125 0.061046875 0.0350390625
2 0.3103828125 0.465966796875 0.061390625 0.03740234375
3 0.8643906250000001 0.46720703125 0.06315625 0.0398828125
3 0.9257109375000001 0.467265625 0.06392187499999999 0.04
2 0.3708828125 0.469765625 0.060515624999999997 0.0371875
2 0.4338125 0.472255859375 0.061375 0.03826171875
2 0.49387499999999995 0.47724609375 0.06275 0.0404296875
2 0.55725 0.48279296875 0.061375 0.0358984375
3 0.6178515625000001 0.48787109375 0.060703125000000004 0.0421484375
3 0.6801796875 0.490927734375 0.06348437500000001 0.03654296875
3 0.7424609375 0.4940625 0.059921875 0.035
3 0.8029140625 0.49638671875 0.058953124999999995 0.0357421875
3 0.8644453125 0.503115234375 0.063265625 0.04138671875
3 0.9257109375000001 0.50595703125 0.06392187499999999 0.0392578125
2 0.0781875 0.585478515625 0.0595 0.03423828125
0 0.136078125 0.589775390625 0.05965625 0.03501953125
2 0.195140625 0.594560546875 0.06215625 0.03287109375
0 0.2536640625 0.596904296875 0.060453124999999996 0.03365234375
2 0.312796875 0.604716796875 0.05996875 0.03365234375
2 0.374203125 0.610283203125 0.060906249999999995 0.03697265625
2 0.4335 0.614091796875 0.060750000000000005 0.03677734375
2 0.49553125 0.616923828125 0.06293750000000001 0.03853515625
2 0.555609375 0.620830078125 0.06121875 0.03853515625
3 0.6187421875 0.623369140625 0.062484375 0.03970703125
0 0.074125 0.6225 0.060750000000000005 0.041875
3 0.6802578125000001 0.622666015625 0.060515624999999997 0.04220703125
2 0.13115625 0.625615234375 0.06231250000000001 0.03248046875
0 0.190140625 0.626201171875 0.06153125 0.03365234375
3 0.7398984375000001 0.629951171875 0.061046875 0.04115234375
1 0.2505234375 0.630205078125 0.060421875 0.03384765625
3 0.9241093749999999 0.636474609375 0.06384375 0.03857421875
3 0.79990625 0.637431640625 0.06231250000000001 0.03658203125
3 0.8620156250000001 0.638017578125 0.06153125 0.03775390625
0 0.31037499999999996 0.637822265625 0.061375 0.03345703125
2 0.372015625 0.642021484375 0.06278125 0.03404296875
2 0.432796875 0.646806640625 0.062468749999999997 0.03580078125
2 0.49381250000000004 0.651982421875 0.062625 0.03833984375
2 0.554828125 0.657939453125 0.06278125 0.03853515625
2 0.0693359375 0.657158203125 0.057421875 0.02916015625
3 0.6171796875 0.661064453125 0.062484375 0.03697265625
0 0.129203125 0.661064453125 0.06153125 0.03697265625
3 0.6788125 0.662822265625 0.060750000000000005 0.03658203125
2 0.18935156250000001 0.664287109375 0.059953124999999996 0.03951171875
2 0.24834375 0.6687890625 0.059187500000000004 0.040703125
3 0.739359375 0.667607421875 0.05996875 0.03443359375
2 0.3075625 0.674052734375 0.062 0.03560546875
2 0.8000624999999999 0.674736328125 0.062625 0.03697265625
3 0.8617812499999999 0.673955078125 0.0610625 0.03541015625
3 0.9248515625 0.676806640625 0.062203125000000005 0.03720703125
2 0.36920312499999997 0.678056640625 0.06340625 0.03970703125
2 0.42990625 0.68236328125 0.06293750000000001 0.0444140625
2 0.490765625 0.689580078125 0.06278125 0.03541015625
2 0.55303125 0.692412109375 0.06231250000000001 0.03716796875
2 0.6160859375000001 0.696416015625 0.063421875 0.03736328125
2 0.67896875 0.70189453125 0.0610625 0.0405078125
2 0.74021875 0.704716796875 0.06168749999999999 0.03833984375
2 0.801390625 0.709599609375 0.06215625 0.03638671875
3 0.862328125 0.712822265625 0.06215625 0.03892578125
3 0.9237421875 0.713603515625 0.063109375 0.03658203125
0 0.0751171875 0.789775390625 0.062734375 0.03658203125
2 0.1316796875 0.796416015625 0.06023437499999999 0.03423828125
2 0.19325 0.800712890625 0.0615 0.03501953125
2 0.2504296875 0.804521484375 0.06023437499999999 0.03482421875
1 0.31167968749999997 0.806962890625 0.06085937500000001 0.03580078125
2 0.37199218749999996 0.817216796875 0.062734375 0.03677734375
2 0.43136718749999997 0.821123046875 0.062734375 0.03677734375
0 0.4916796875 0.823076171875 0.061484375 0.03677734375
2 0.0716796875 0.827666015625 0.062109375 0.03423828125
0 0.5535546874999999 0.827177734375 0.06023437499999999 0.03716796875
2 0.6140234375 0.831083984375 0.062421875 0.03716796875
2 0.12996093749999998 0.831279296875 0.066171875 0.03365234375
2 0.674015625 0.837626953125 0.06053125 0.03462890625
2 0.1906640625 0.838017578125 0.062578125 0.03541015625
2 0.7355859375 0.837041015625 0.061796874999999994 0.03736328125
1 0.7967500000000001 0.839189453125 0.059125000000000004 0.03384765625
2 0.24855468749999998 0.838994140625 0.062734375 0.03345703125
2 0.3079375 0.842509765625 0.06275 0.03658203125
4 0.8568359375 0.844658203125 0.060546875 0.03697265625
4 0.91878125 0.847001953125 0.0594375 0.03775390625
2 0.3684765625 0.852958984375 0.061953125 0.03404296875
2 0.42972656249999996 0.854619140625 0.062578125 0.03345703125
2 0.4903515625 0.858037109375 0.061953125 0.03638671875
2 0.5518359375 0.861650390625 0.063046875 0.03189453125
2 0.06839843749999999 0.861455078125 0.061796874999999994 0.03541015625
2 0.6130078125 0.866826171875 0.06351562499999999 0.03443359375
2 0.1257421875 0.866923828125 0.06398437500000001 0.03462890625
2 0.6746484374999999 0.870634765625 0.061796874999999994 0.03423828125
2 0.18589843749999999 0.871708984375 0.062421875 0.03248046875
2 0.7359765625 0.875712890625 0.062578125 0.03658203125
2 0.2452734375 0.876884765625 0.062421875 0.03892578125
2 0.7973828125 0.87787109375 0.060390624999999996 0.0408984375
2 0.30653125000000003 0.88001953125 0.0630625 0.0412890625
2 0.8584765624999999 0.879912109375 0.060703125000000004 0.03716796875
2 0.9186249999999999 0.884892578125 0.06225000000000001 0.03541015625
2 0.3657421875 0.889287109375 0.062734375 0.03638671875
2 0.4270703125 0.891142578125 0.06351562499999999 0.03619140625
2 0.48917968749999996 0.895634765625 0.062734375 0.03736328125
2 0.5512109374999999 0.899931640625 0.061796874999999994 0.03814453125
2 0.6126171874999999 0.904228515625 0.062734375 0.03892578125
2 0.6745703125 0.907744140625 0.061640625000000004 0.03814453125
2 0.7355859375 0.911455078125 0.061796874999999994 0.03775390625
2 0.7963671875 0.915751953125 0.061484375 0.03462890625
2 0.8579296875000001 0.916826171875 0.062734375 0.03677734375
2 0.919796875 0.921513671875 0.06146875 0.03833984375
2 0.039171875 0.98115234375 0.05959375 0.0365234375
0 0.09503906250000001 0.985791015625 0.058828124999999995 0.02626953125
2 0.0323046875 0.182041015625 0.058359375000000005 0.03205078125
3 0.09226562499999999 0.181826171875 0.06265625 0.03552734375
3 0.1491015625 0.184990234375 0.048203125 0.02623046875
3 0.2039765625 0.187490234375 0.064203125 0.02732421875
1 0.2644609375 0.1927734375 0.060171875 0.030078125
2 0.3256171875 0.194541015625 0.060609375 0.03361328125