2 0.04453125 0.2216796875 0.0484375 0.115234375
2 0.46328125 0.2275390625 0.0421875 0.123046875
2 0.54375 0.2294921875 0.040625 0.126953125
2 0.625 0.232421875 0.04375 0.12109375
2 0.11953125 0.283203125 0.0484375 0.12109375
0 0.03984375 0.341796875 0.0484375 0.125
2 0.54296875 0.3515625 0.0421875 0.125
2 0.6265625 0.3525390625 0.04375 0.123046875
2 0.11796875 0.4033203125 0.0484375 0.126953125
2 0.20234375 0.4306640625 0.0484375 0.119140625
4 0.03828125 0.4619140625 0.0484375 0.126953125
2 0.54296875 0.474609375 0.0421875 0.12890625
2 0.62578125 0.4755859375 0.0453125 0.126953125
2 0.27890625 0.494140625 0.0484375 0.125
2 0.19921875 0.5546875 0.0453125 0.125
2 0.62421875 0.599609375 0.0453125 0.125
2 0.2765625 0.6162109375 0.05 0.126953125
2 0.196875 0.6767578125 0.04375 0.123046875
2 0.621875 0.724609375 0.046875 0.12890625
0 0.3765625 0.7373046875 0.04375 0.123046875
2 0.27578125 0.740234375 0.0515625 0.12890625
4 0.19765625 0.7998046875 0.0421875 0.123046875
2 0.62109375 0.8466796875 0.0421875 0.119140625
2 0.378125 0.8603515625 0.04375 0.126953125
2 0.27421875 0.8603515625 0.0453125 0.123046875
4 0.19765625 0.921875 0.0421875 0.125
1 0.621875 0.9521484375 0.04375 0.095703125
2 0.378125 0.958984375 0.04375 0.08203125
2 0.27265625 0.9619140625 0.0453125 0.076171875
2 0.38359375 0.1044921875 0.0390625 0.123046875
2 0.46484375 0.10546875 0.0421875 0.125
2 0.54609375 0.1083984375 0.0390625 0.126953125
2 0.62734375 0.109375 0.0421875 0.125