2 0.03203125 0.2138671875 0.0484375 0.115234375
2 0.10546875 0.216796875 0.0484375 0.12109375
4 0.18359375 0.2197265625 0.0453125 0.123046875
2 0.2609375 0.22265625 0.05 0.1171875
2 0.58046875 0.224609375 0.0421875 0.12109375
2 0.33515625 0.2529296875 0.0515625 0.119140625
4 0.41640625 0.2724609375 0.0453125 0.119140625
0 0.496875 0.275390625 0.040625 0.12109375
2 0.025 0.3310546875 0.05 0.119140625
2 0.1 0.3330078125 0.05 0.119140625
4 0.1796875 0.337890625 0.05 0.12109375
2 0.25625 0.3408203125 0.04375 0.119140625
2 0.5734375 0.3427734375 0.040625 0.126953125
4 0.33359375 0.369140625 0.0484375 0.12109375
2 0.6578125 0.3720703125 0.04375 0.119140625
4 0.41328125 0.390625 0.0421875 0.12109375
4 0.49296875 0.3955078125 0.0453125 0.123046875
2 0.9796875 0.4306640625 0.0375 0.119140625
2 0.73203125 0.4345703125 0.0453125 0.119140625
2 0.02265625 0.4482421875 0.0453125 0.119140625
2 0.09609375 0.4521484375 0.0484375 0.119140625
0 0.1765625 0.45703125 0.046875 0.1171875
0 0.253125 0.458984375 0.04375 0.12109375
2 0.65546875 0.4892578125 0.0421875 0.123046875
2 0.3296875 0.490234375 0.046875 0.12109375
2 0.73046875 0.5546875 0.0359375 0.12109375
2 0.01953125 0.564453125 0.0390625 0.1171875
2 0.09140625 0.572265625 0.0453125 0.1171875
0 0.1671875 0.576171875 0.046875 0.12109375
2 0.24921875 0.578125 0.0453125 0.12109375
2 0.325 0.611328125 0.05 0.12109375
2 0.6484375 0.611328125 0.040625 0.12109375
2 0.725 0.671875 0.0375 0.12109375
0 0.8203125 0.67578125 0.040625 0.1171875
2 0.8375 0.0703125 0.0375 0.125
0 0.64375 0.732421875 0.040625 0.1171875
2 0.9109375 0.0751953125 0.034375 0.126953125
2 0.71875 0.7919921875 0.04375 0.123046875
2 0.81640625 0.794921875 0.0421875 0.1171875
4 0.63984375 0.849609375 0.0390625 0.1171875
2 0.4265625 0.892578125 0.04375 0.11328125
2 0.81328125 0.912109375 0.0390625 0.1171875
2 0.71171875 0.912109375 0.0453125 0.11328125
2 0.63671875 0.955078125 0.0359375 0.08984375
2 0.0359375 0.09765625 0.05 0.1171875
2 0.1109375 0.1015625 0.05 0.1171875
4 0.18828125 0.1044921875 0.0484375 0.123046875
4 0.26796875 0.1044921875 0.0515625 0.119140625
2 0.34375 0.13671875 0.046875 0.12109375
2 0.42109375 0.1552734375 0.0453125 0.123046875
2 0.50234375 0.158203125 0.0421875 0.1171875
2 0.909375 0.1904296875 0.034375 0.123046875