4 0.5140625 0.2109375 0.0375 0.1171875
2 0.58671875 0.2109375 0.0390625 0.125
2 0.66796875 0.2109375 0.0390625 0.125
2 0.74609375 0.2138671875 0.0390625 0.119140625
2 0.825 0.2197265625 0.0375 0.119140625
2 0.90234375 0.2197265625 0.0359375 0.119140625
2 0.97734375 0.224609375 0.0328125 0.1171875
4 0.5109375 0.3291015625 0.0375 0.119140625
2 0.58671875 0.3310546875 0.0390625 0.123046875
2 0.66640625 0.33203125 0.0390625 0.12109375
2 0.746875 0.3330078125 0.0375 0.119140625
2 0.82421875 0.3349609375 0.0359375 0.119140625
2 0.90390625 0.3359375 0.0328125 0.1171875
2 0.978125 0.3388671875 0.034375 0.119140625
4 0.509375 0.4462890625 0.0375 0.119140625
2 0.66640625 0.44921875 0.0390625 0.12109375
2 0.746875 0.44921875 0.0375 0.1171875
2 0.58515625 0.451171875 0.0390625 0.12109375
2 0.82578125 0.451171875 0.0359375 0.12109375
4 0.90234375 0.451171875 0.0359375 0.12109375
2 0.97734375 0.4560546875 0.0328125 0.119140625
4 0.5078125 0.5673828125 0.0375 0.123046875
2 0.58359375 0.568359375 0.0390625 0.12109375
4 0.6671875 0.5693359375 0.0375 0.119140625
2 0.7453125 0.5703125 0.0375 0.12109375
2 0.8234375 0.5703125 0.034375 0.1171875
4 0.903125 0.5712890625 0.034375 0.119140625
2 0.97734375 0.572265625 0.0328125 0.11328125
4 0.50625 0.685546875 0.0375 0.1171875
2 0.58203125 0.685546875 0.0390625 0.1171875
4 0.665625 0.6865234375 0.0375 0.111328125
2 0.74375 0.6865234375 0.034375 0.115234375
2 0.90078125 0.6865234375 0.0328125 0.111328125
2 0.9765625 0.6875 0.03125 0.1171875
2 0.8234375 0.6875 0.034375 0.11328125
2 0.5875 0.09375 0.040625 0.12109375
2 0.66796875 0.095703125 0.0390625 0.125
2 0.746875 0.0986328125 0.0375 0.119140625
2 0.82421875 0.1005859375 0.0359375 0.119140625
2 0.9015625 0.103515625 0.034375 0.1171875
2 0.9765625 0.1083984375 0.034375 0.119140625