2 0.8671875 0.2783203125 0.040625 0.123046875
2 0.94453125 0.2783203125 0.0421875 0.123046875
2 0.709375 0.279296875 0.0375 0.125
4 0.78984375 0.2783203125 0.0359375 0.126953125
2 0.4640625 0.279296875 0.04375 0.12890625
2 0.54375 0.279296875 0.04375 0.12890625
2 0.62734375 0.2802734375 0.0421875 0.126953125
2 0.38203125 0.28125 0.0453125 0.125
2 0.3015625 0.2841796875 0.046875 0.123046875
4 0.21875 0.2861328125 0.04375 0.123046875
2 0.0625 0.2880859375 0.046875 0.119140625
0 0.140625 0.2890625 0.046875 0.125
2 0.86875 0.3974609375 0.0375 0.123046875
4 0.94765625 0.3974609375 0.0390625 0.123046875
2 0.78984375 0.3994140625 0.0390625 0.123046875
2 0.4625 0.4013671875 0.04375 0.123046875
2 0.5453125 0.400390625 0.04375 0.12109375
2 0.628125 0.4013671875 0.040625 0.123046875
2 0.70859375 0.4013671875 0.0390625 0.123046875
2 0.38203125 0.4052734375 0.0453125 0.123046875
2 0.22109375 0.4052734375 0.0453125 0.126953125
2 0.30078125 0.40625 0.0484375 0.12109375
4 0.14140625 0.4072265625 0.0453125 0.119140625
2 0.06171875 0.4111328125 0.0484375 0.119140625
2 0.54296875 0.0478515625 0.0421875 0.095703125
2 0.62578125 0.0478515625 0.0421875 0.095703125
4 0.4625 0.048828125 0.04375 0.09765625
2 0.78828125 0.048828125 0.0359375 0.09765625
2 0.38125 0.0498046875 0.04375 0.099609375
2 0.7078125 0.0498046875 0.040625 0.099609375
2 0.30078125 0.05078125 0.0453125 0.1015625
2 0.8625 0.05078125 0.0375 0.1015625
2 0.94140625 0.05078125 0.0359375 0.1015625
4 0.22109375 0.0517578125 0.0453125 0.103515625
2 0.06484375 0.0537109375 0.0453125 0.107421875
2 0.140625 0.0546875 0.046875 0.109375
4 0.46484375 0.15625 0.0453125 0.12109375
2 0.54453125 0.1572265625 0.0453125 0.126953125
2 0.86484375 0.1572265625 0.0390625 0.123046875
2 0.38203125 0.158203125 0.0421875 0.12109375
2 0.62734375 0.1591796875 0.0421875 0.123046875
4 0.78828125 0.1591796875 0.0359375 0.126953125
2 0.7078125 0.1591796875 0.040625 0.123046875
2 0.30078125 0.1611328125 0.0453125 0.123046875
2 0.94296875 0.1611328125 0.0390625 0.123046875
4 0.21875 0.1640625 0.046875 0.12109375
4 0.1421875 0.16796875 0.046875 0.12109375
2 0.0640625 0.1689453125 0.04375 0.119140625