2 0.00003125 0.00205078125 0.0000625 0.0001953125
2 0.72109375 0.21875 0.0484375 0.125
4 0.8015625 0.2685546875 0.04375 0.123046875
2 0.86875 0.3056640625 0.0375 0.115234375
2 0.94453125 0.3076171875 0.0453125 0.119140625
2 0.865625 0.4248046875 0.046875 0.123046875
4 0.94140625 0.4248046875 0.0453125 0.123046875
2 0.58203125 0.453125 0.0453125 0.125
2 0.08828125 0.4814453125 0.0359375 0.119140625
4 0.16484375 0.4853515625 0.0390625 0.123046875
2 0.24609375 0.4853515625 0.0421875 0.119140625
2 0.3265625 0.4873046875 0.040625 0.123046875
2 0.65546875 0.5126953125 0.0390625 0.123046875
2 0.86484375 0.5439453125 0.0453125 0.123046875
4 0.9421875 0.5439453125 0.046875 0.115234375
2 0.58046875 0.572265625 0.0453125 0.12890625
2 0.0890625 0.6025390625 0.0375 0.119140625
2 0.2453125 0.6025390625 0.040625 0.126953125
4 0.16484375 0.603515625 0.0390625 0.12109375
2 0.32421875 0.607421875 0.0421875 0.1171875
4 0.65546875 0.6357421875 0.0421875 0.123046875
4 0.9390625 0.6630859375 0.046875 0.115234375
2 0.86171875 0.6650390625 0.0453125 0.115234375
2 0.578125 0.697265625 0.04375 0.125
2 0.86953125 0.0712890625 0.0359375 0.123046875
2 0.08671875 0.720703125 0.0359375 0.12109375
4 0.1640625 0.7216796875 0.0375 0.119140625
2 0.24296875 0.7236328125 0.0421875 0.123046875
2 0.3234375 0.7294921875 0.040625 0.126953125
2 0.940625 0.0751953125 0.04375 0.115234375
4 0.653125 0.7568359375 0.04375 0.123046875
2 0.57890625 0.8173828125 0.0421875 0.123046875
2 0.08828125 0.8369140625 0.0359375 0.119140625
4 0.16328125 0.8427734375 0.0328125 0.123046875
2 0.24453125 0.8447265625 0.0390625 0.123046875
2 0.3203125 0.84765625 0.0375 0.1171875
2 0.65234375 0.876953125 0.0390625 0.11328125
2 0.57890625 0.9345703125 0.0421875 0.119140625
4 0.08828125 0.9482421875 0.0359375 0.103515625
4 0.1625 0.94921875 0.03125 0.1015625
2 0.24296875 0.951171875 0.0359375 0.09765625
2 0.32265625 0.953125 0.0359375 0.09375
2 0.72265625 0.0986328125 0.0453125 0.123046875
4 0.80078125 0.1484375 0.0421875 0.125
2 0.8703125 0.1884765625 0.0375 0.119140625
0 0.94140625 0.189453125 0.0453125 0.1171875