4 0.525 0.1962890625 0.04375 0.130859375
2 0.08359375 0.2099609375 0.0359375 0.130859375
2 0.59921875 0.2294921875 0.0390625 0.123046875
2 0.44140625 0.24609375 0.0421875 0.12890625
4 0.1625 0.2744140625 0.0375 0.126953125
2 0.6859375 0.2783203125 0.04375 0.126953125
2 0.52421875 0.3212890625 0.0421875 0.126953125
2 0.08203125 0.3291015625 0.0390625 0.126953125
2 0.59921875 0.35546875 0.0359375 0.12890625
2 0.440625 0.3671875 0.04375 0.125
2 0.16171875 0.3984375 0.0390625 0.125
2 0.68359375 0.3994140625 0.0453125 0.126953125
2 0.24453125 0.4013671875 0.0390625 0.123046875
2 0.52421875 0.443359375 0.0421875 0.125
2 0.08046875 0.455078125 0.0359375 0.12890625
2 0.59921875 0.48046875 0.0359375 0.12109375
2 0.16171875 0.521484375 0.0390625 0.12890625
2 0.24453125 0.5263671875 0.0390625 0.126953125
2 0.52421875 0.5673828125 0.0421875 0.123046875
2 0.0796875 0.576171875 0.0375 0.125
2 0.59921875 0.6025390625 0.0359375 0.119140625
2 0.24453125 0.64453125 0.0390625 0.1171875
2 0.159375 0.646484375 0.0375 0.12109375
2 0.0828125 0.701171875 0.034375 0.12890625
2 0.52578125 0.0771484375 0.0453125 0.126953125
2 0.16171875 0.765625 0.0359375 0.125
4 0.08125 0.8212890625 0.034375 0.123046875
2 0.16171875 0.8876953125 0.0359375 0.123046875
2 0.08671875 0.09375 0.0390625 0.12890625
0 0.390625 0.9296875 0.04375 0.12109375
4 0.08203125 0.9404296875 0.0328125 0.119140625
2 0.6 0.1083984375 0.0375 0.123046875
2 0.440625 0.125 0.04375 0.125
2 0.16484375 0.154296875 0.0421875 0.125
2 0.68671875 0.1552734375 0.0453125 0.123046875