2 0.15546875 0.1962890625 0.0203125 0.052734375
2 0.19140625 0.197265625 0.0203125 0.0546875
2 0.228125 0.1982421875 0.01875 0.052734375
2 0.26484375 0.2001953125 0.0203125 0.056640625
2 0.01171875 0.240234375 0.0203125 0.0546875
2 0.0453125 0.2451171875 0.021875 0.056640625
2 0.08046875 0.2451171875 0.0203125 0.052734375
2 0.11640625 0.24609375 0.0203125 0.0546875
2 0.15234375 0.248046875 0.0203125 0.0546875
2 0.1875 0.251953125 0.01875 0.0546875
2 0.22578125 0.2529296875 0.0171875 0.056640625
2 0.2625 0.255859375 0.01875 0.0546875
2 0.0265625 0.0302734375 0.021875 0.052734375
2 0.06015625 0.03125 0.0234375 0.0546875
2 0.0953125 0.03125 0.021875 0.05078125
2 0.009375 0.296875 0.01875 0.0546875
2 0.04375 0.296875 0.021875 0.0546875
2 0.07734375 0.30078125 0.0203125 0.0546875
2 0.11484375 0.3017578125 0.0203125 0.056640625
2 0.1484375 0.3046875 0.021875 0.0546875
2 0.1859375 0.306640625 0.01875 0.0546875
2 0.221875 0.3095703125 0.01875 0.056640625
2 0.26015625 0.3095703125 0.0203125 0.056640625
2 0.165625 0.033203125 0.021875 0.0546875
2 0.1296875 0.033203125 0.021875 0.0546875
2 0.20078125 0.03515625 0.0203125 0.05078125
2 0.23828125 0.037109375 0.0203125 0.05078125
2 0.07578125 0.35546875 0.0203125 0.0546875
2 0.11015625 0.357421875 0.0203125 0.0546875
2 0.146875 0.359375 0.01875 0.0546875
2 0.18203125 0.3623046875 0.0203125 0.052734375
2 0.21875 0.3642578125 0.01875 0.052734375
2 0.25625 0.3662109375 0.01875 0.056640625
2 0.27578125 0.0390625 0.0203125 0.0546875
2 0.07265625 0.408203125 0.0203125 0.05078125
2 0.10703125 0.412109375 0.0203125 0.0546875
2 0.14296875 0.4140625 0.0203125 0.0546875
2 0.17890625 0.4150390625 0.0203125 0.056640625
2 0.21640625 0.4189453125 0.0203125 0.056640625
2 0.25390625 0.4208984375 0.0203125 0.056640625
2 0.14140625 0.4677734375 0.0203125 0.052734375
2 0.1765625 0.470703125 0.021875 0.0546875
2 0.21328125 0.4736328125 0.0171875 0.056640625
2 0.2515625 0.478515625 0.021875 0.0546875
2 0.17578125 0.525390625 0.0203125 0.0546875
2 0.2109375 0.529296875 0.01875 0.05078125
2 0.2484375 0.5322265625 0.021875 0.056640625
2 0.0234375 0.5380859375 0.021875 0.052734375
2 0.20859375 0.5849609375 0.0171875 0.056640625
2 0.246875 0.587890625 0.01875 0.0546875
2 0.02109375 0.591796875 0.0203125 0.0546875
2 0.05546875 0.6103515625 0.0171875 0.052734375
2 0.20625 0.6396484375 0.01875 0.052734375
2 0.090625 0.640625 0.021875 0.0546875
2 0.24296875 0.6435546875 0.0203125 0.056640625
2 0.05390625 0.6640625 0.0171875 0.0546875
2 0.08984375 0.6953125 0.0203125 0.0546875
2 0.24140625 0.697265625 0.0203125 0.0546875
2 0.0515625 0.71875 0.01875 0.0546875
2 0.08671875 0.748046875 0.0203125 0.0546875
0 0.1315390625 0.750302734375 0.022453124999999997 0.05529296875
2 0.2390625 0.751953125 0.021875 0.0546875
2 0.05 0.771484375 0.01875 0.0546875
2 0.08359375 0.802734375 0.0203125 0.0546875
2 0.2375 0.806640625 0.01875 0.0546875
2 0.12890625 0.806640625 0.0203125 0.0546875
2 0.021875 0.0830078125 0.021875 0.052734375
2 0.05703125 0.08203125 0.0203125 0.0546875
2 0.090625 0.083984375 0.021875 0.0546875
2 0.0484375 0.826171875 0.01875 0.0546875
2 0.12734375 0.0859375 0.0203125 0.0546875
2 0.08203125 0.857421875 0.0203125 0.0546875
2 0.1625 0.0869140625 0.021875 0.056640625
2 0.12734375 0.859375 0.0203125 0.0546875
1 0.23515625 0.8603515625 0.0203125 0.056640625
2 0.19765625 0.087890625 0.0203125 0.05859375
2 0.23359375 0.0888671875 0.0203125 0.052734375
2 0.04765625 0.8798828125 0.0171875 0.052734375
2 0.08046875 0.9111328125 0.0203125 0.052734375
0 0.12578125 0.9130859375 0.0203125 0.052734375
2 0.23359375 0.916015625 0.0203125 0.0546875
2 0.271875 0.0927734375 0.01875 0.052734375
2 0.04609375 0.9326171875 0.0171875 0.052734375
2 0.078125 0.9638671875 0.021875 0.052734375
4 0.125 0.966796875 0.021875 0.0546875
2 0.23046875 0.9677734375 0.0203125 0.052734375
2 0.01796875 0.1357421875 0.0203125 0.052734375
2 0.08828125 0.1357421875 0.0203125 0.056640625
2 0.053125 0.1376953125 0.021875 0.056640625
2 0.12265625 0.138671875 0.0203125 0.0546875
2 0.159375 0.1416015625 0.021875 0.052734375
2 0.19453125 0.142578125 0.0203125 0.0546875
2 0.23046875 0.1435546875 0.0203125 0.056640625
2 0.26875 0.146484375 0.01875 0.0546875
2 0.0140625 0.1875 0.021875 0.0546875
2 0.0484375 0.1904296875 0.021875 0.056640625
2 0.08359375 0.19140625 0.0203125 0.0546875
2 0.11953125 0.193359375 0.0203125 0.0546875