2 0.88828125 0.2392578125 0.0359375 0.123046875
4 0.809375 0.2431640625 0.040625 0.119140625
2 0.96484375 0.244140625 0.0328125 0.1171875
2 0.72421875 0.3017578125 0.0421875 0.119140625
2 0.8109375 0.3583984375 0.040625 0.123046875
2 0.88984375 0.3583984375 0.0359375 0.123046875
2 0.96640625 0.359375 0.0328125 0.1171875
2 0.725 0.4169921875 0.04375 0.119140625
4 0.88984375 0.4765625 0.0359375 0.12109375
2 0.9671875 0.4765625 0.03125 0.1171875
2 0.8125 0.478515625 0.040625 0.1171875
4 0.653125 0.5380859375 0.04375 0.119140625
2 0.72734375 0.5380859375 0.0421875 0.119140625
2 0.96640625 0.5947265625 0.0328125 0.119140625
4 0.890625 0.595703125 0.0375 0.1171875
2 0.8125 0.595703125 0.0375 0.1171875
2 0.728125 0.6552734375 0.0375 0.123046875
4 0.653125 0.6572265625 0.040625 0.119140625
2 0.96640625 0.7119140625 0.0328125 0.115234375
4 0.8890625 0.712890625 0.0375 0.1171875
4 0.81171875 0.712890625 0.0359375 0.1171875
2 0.7296875 0.7744140625 0.0375 0.119140625
4 0.57578125 0.775390625 0.0421875 0.1171875
4 0.65390625 0.775390625 0.0421875 0.1171875
2 0.96640625 0.8271484375 0.0328125 0.115234375
4 0.88984375 0.828125 0.0359375 0.1171875
2 0.809375 0.8330078125 0.034375 0.115234375
2 0.7296875 0.8916015625 0.0375 0.111328125
2 0.65390625 0.892578125 0.0359375 0.1171875
2 0.57578125 0.89453125 0.0421875 0.1171875
2 0.96328125 0.9365234375 0.0359375 0.107421875
2 0.49140625 0.9423828125 0.0453125 0.115234375
4 0.88828125 0.9423828125 0.0359375 0.111328125
2 0.81015625 0.9453125 0.0359375 0.109375
2 0.88671875 0.126953125 0.0359375 0.1171875
4 0.80859375 0.1279296875 0.0390625 0.119140625
4 0.96171875 0.1279296875 0.0328125 0.119140625