2 0.9765625 0.1962890625 0.028125 0.072265625
2 0.63046875 0.2490234375 0.0296875 0.072265625
2 0.659375 0.2509765625 0.03125 0.072265625
2 0.68828125 0.25390625 0.0296875 0.0703125
2 0.74609375 0.2548828125 0.0296875 0.072265625
2 0.71640625 0.2568359375 0.0296875 0.072265625
2 0.7765625 0.2568359375 0.028125 0.072265625
2 0.8046875 0.2578125 0.028125 0.0703125
2 0.8328125 0.2578125 0.028125 0.07421875
2 0.8625 0.2587890625 0.03125 0.072265625
2 0.8921875 0.263671875 0.028125 0.0703125
1 0.921875 0.2646484375 0.028125 0.072265625
2 0.94921875 0.2646484375 0.0265625 0.072265625
2 0.97734375 0.2685546875 0.0296875 0.072265625
1 0.62890625 0.32421875 0.0296875 0.078125
2 0.6578125 0.326171875 0.028125 0.078125
2 0.74609375 0.3271484375 0.0296875 0.076171875
2 0.71640625 0.328125 0.0296875 0.078125
2 0.775 0.3271484375 0.028125 0.072265625
2 0.6875 0.328125 0.028125 0.07421875
2 0.8328125 0.3291015625 0.028125 0.076171875
2 0.8046875 0.330078125 0.03125 0.07421875
2 0.66484375 0.033203125 0.0296875 0.06640625
2 0.8609375 0.33203125 0.03125 0.07421875
1 0.89140625 0.3330078125 0.0296875 0.072265625
2 0.91953125 0.3349609375 0.0265625 0.072265625
2 0.946875 0.3369140625 0.028125 0.072265625
2 0.97578125 0.3388671875 0.0296875 0.068359375
2 0.634375 0.03515625 0.028125 0.0703125
2 0.69453125 0.03515625 0.0296875 0.0703125
2 0.7515625 0.0361328125 0.028125 0.072265625
2 0.72265625 0.037109375 0.0296875 0.07421875
2 0.78125 0.0380859375 0.03125 0.076171875
2 0.81015625 0.0380859375 0.0296875 0.076171875
2 0.62578125 0.400390625 0.0296875 0.07421875
2 0.71484375 0.4013671875 0.0296875 0.076171875
2 0.65546875 0.40234375 0.0296875 0.07421875
2 0.74375 0.40234375 0.034375 0.078125
1 0.7734375 0.4033203125 0.028125 0.080078125
2 0.68359375 0.4033203125 0.0296875 0.076171875
2 0.80390625 0.404296875 0.0296875 0.07421875
2 0.83125 0.404296875 0.028125 0.07421875
2 0.859375 0.4052734375 0.03125 0.072265625
2 0.8890625 0.408203125 0.028125 0.07421875
2 0.9171875 0.4091796875 0.028125 0.076171875
2 0.94453125 0.408203125 0.0296875 0.07421875
1 0.97421875 0.41015625 0.0296875 0.07421875
2 0.83984375 0.044921875 0.0265625 0.0703125
2 0.8671875 0.044921875 0.03125 0.0703125
2 0.8953125 0.044921875 0.028125 0.06640625
2 0.92265625 0.0458984375 0.0265625 0.068359375
2 0.94921875 0.0478515625 0.0296875 0.072265625
2 0.978125 0.048828125 0.028125 0.07421875
2 0.62421875 0.474609375 0.0296875 0.0703125
2 0.65234375 0.474609375 0.0296875 0.0703125
2 0.7125 0.4775390625 0.028125 0.076171875
2 0.74296875 0.4765625 0.0296875 0.07421875
2 0.684375 0.4775390625 0.03125 0.072265625
2 0.77265625 0.4775390625 0.0296875 0.076171875
2 0.80234375 0.4775390625 0.0328125 0.076171875
2 0.859375 0.478515625 0.028125 0.07421875
2 0.83046875 0.48046875 0.0296875 0.07421875
1 0.88671875 0.482421875 0.0296875 0.0703125
2 0.915625 0.4814453125 0.028125 0.068359375
2 0.94375 0.4814453125 0.028125 0.072265625
2 0.971875 0.4853515625 0.028125 0.072265625
2 0.62265625 0.548828125 0.0296875 0.078125
2 0.6515625 0.548828125 0.028125 0.07421875
2 0.68203125 0.5498046875 0.0328125 0.072265625
2 0.71015625 0.55078125 0.0328125 0.07421875
2 0.73984375 0.55078125 0.0296875 0.07421875
2 0.76953125 0.552734375 0.0296875 0.07421875
1 0.8578125 0.552734375 0.028125 0.0703125
2 0.8 0.552734375 0.03125 0.07421875
2 0.9125 0.5537109375 0.028125 0.072265625
1 0.828125 0.5537109375 0.028125 0.076171875
2 0.88515625 0.5537109375 0.0265625 0.072265625
2 0.9421875 0.5546875 0.03125 0.07421875
2 0.9703125 0.556640625 0.028125 0.07421875
2 0.65 0.6220703125 0.028125 0.072265625
1 0.62109375 0.625 0.0296875 0.078125
2 0.678125 0.625 0.03125 0.07421875
2 0.7390625 0.625 0.03125 0.07421875
2 0.70859375 0.6259765625 0.0296875 0.076171875
2 0.7671875 0.6259765625 0.03125 0.072265625
1 0.79609375 0.6259765625 0.0328125 0.072265625
2 0.85390625 0.625 0.0265625 0.0703125
2 0.88046875 0.6259765625 0.0265625 0.072265625
2 0.9078125 0.6259765625 0.03125 0.068359375
2 0.93828125 0.6259765625 0.0296875 0.068359375
1 0.82578125 0.6279296875 0.0296875 0.072265625
2 0.96796875 0.626953125 0.0265625 0.0703125
2 0.64921875 0.69921875 0.0296875 0.07421875
1 0.67734375 0.6982421875 0.0296875 0.072265625
2 0.61875 0.69921875 0.03125 0.0703125
2 0.70703125 0.69921875 0.0296875 0.0703125
2 0.765625 0.7001953125 0.03125 0.076171875
2 0.9328125 0.7001953125 0.028125 0.076171875
2 0.9640625 0.7001953125 0.03125 0.072265625
2 0.7359375 0.701171875 0.03125 0.07421875
2 0.7953125 0.7001953125 0.03125 0.072265625
2 0.8234375 0.7001953125 0.028125 0.076171875
2 0.85078125 0.7001953125 0.0265625 0.076171875
2 0.90546875 0.7001953125 0.0265625 0.076171875
2 0.878125 0.701171875 0.028125 0.078125
2 0.70546875 0.771484375 0.0296875 0.0703125
2 0.7640625 0.7734375 0.028125 0.07421875
2 0.79140625 0.7734375 0.0265625 0.07421875
2 0.846875 0.7744140625 0.03125 0.072265625
2 0.90234375 0.775390625 0.0265625 0.0703125
1 0.73515625 0.7763671875 0.0296875 0.076171875
2 0.8171875 0.7763671875 0.028125 0.072265625
2 0.8765625 0.7763671875 0.025 0.072265625
2 0.93046875 0.7763671875 0.0296875 0.072265625
2 0.959375 0.7763671875 0.028125 0.076171875
2 0.89921875 0.845703125 0.0265625 0.0703125
2 0.95546875 0.845703125 0.0328125 0.06640625
2 0.92734375 0.8466796875 0.0265625 0.068359375
2 0.7890625 0.8486328125 0.03125 0.072265625
2 0.815625 0.84765625 0.028125 0.07421875
2 0.846875 0.8486328125 0.03125 0.068359375
2 0.8734375 0.8486328125 0.028125 0.072265625
2 0.871875 0.9189453125 0.028125 0.072265625
2 0.89765625 0.919921875 0.0296875 0.0703125
2 0.95625 0.919921875 0.03125 0.07421875
2 0.9265625 0.9208984375 0.03125 0.072265625
2 0.6625 0.10546875 0.028125 0.07421875
2 0.69296875 0.1064453125 0.0296875 0.068359375
2 0.634375 0.107421875 0.03125 0.07421875
2 0.7234375 0.1103515625 0.028125 0.072265625
2 0.7515625 0.1103515625 0.028125 0.076171875
2 0.78046875 0.11328125 0.0296875 0.07421875
2 0.809375 0.11328125 0.03125 0.07421875
2 0.86875 0.1142578125 0.03125 0.072265625
2 0.83984375 0.115234375 0.0296875 0.07421875
2 0.8953125 0.1162109375 0.025 0.072265625
2 0.92265625 0.119140625 0.0265625 0.07421875
2 0.95078125 0.12109375 0.0296875 0.07421875
2 0.97890625 0.1220703125 0.0265625 0.076171875
2 0.63203125 0.177734375 0.0296875 0.0703125
2 0.66171875 0.1787109375 0.0296875 0.072265625
2 0.6921875 0.1787109375 0.03125 0.076171875
2 0.74921875 0.181640625 0.0296875 0.07421875
2 0.7203125 0.18359375 0.03125 0.0703125
2 0.7796875 0.185546875 0.03125 0.07421875
2 0.83515625 0.1865234375 0.0296875 0.068359375
2 0.80703125 0.1875 0.0296875 0.07421875
2 0.8640625 0.1875 0.03125 0.07421875
2 0.89453125 0.1884765625 0.0265625 0.072265625
2 0.921875 0.19140625 0.028125 0.07421875
2 0.95 0.193359375 0.028125 0.0703125