2 0.596875 0.1962890625 0.04375 0.119140625
2 0.68046875 0.2021484375 0.0453125 0.123046875
4 0.36953125 0.2109375 0.0421875 0.1328125
2 0.44140625 0.2470703125 0.0390625 0.126953125
0 0.51640625 0.251953125 0.0421875 0.12890625
2 0.94453125 0.25390625 0.0453125 0.1171875
2 0.28828125 0.279296875 0.0390625 0.12109375
2 0.59609375 0.3154296875 0.0484375 0.123046875
2 0.678125 0.3232421875 0.046875 0.119140625
4 0.3671875 0.328125 0.04375 0.12109375
2 0.43671875 0.3671875 0.0390625 0.12890625
2 0.51484375 0.3701171875 0.0421875 0.123046875
2 0.59453125 0.4384765625 0.0453125 0.123046875
2 0.43125 0.4892578125 0.04375 0.126953125
4 0.51171875 0.4921875 0.0453125 0.125
4 0.29375 0.0517578125 0.04375 0.103515625
2 0.14921875 0.5185546875 0.0421875 0.119140625
2 0.59296875 0.5576171875 0.0484375 0.119140625
2 0.21875 0.5830078125 0.0375 0.123046875
0 0.8140625 0.603515625 0.046875 0.1171875
2 0.42890625 0.6103515625 0.0453125 0.123046875
4 0.509375 0.6103515625 0.04375 0.119140625
2 0.14609375 0.63671875 0.0421875 0.125
2 0.86796875 0.0654296875 0.0484375 0.119140625
4 0.21640625 0.7001953125 0.0359375 0.123046875
2 0.8109375 0.7236328125 0.05 0.119140625
2 0.42734375 0.7294921875 0.0453125 0.119140625
4 0.50859375 0.7314453125 0.0453125 0.123046875
2 0.1453125 0.7568359375 0.040625 0.123046875
2 0.6 0.0771484375 0.04375 0.123046875
2 0.21640625 0.822265625 0.0359375 0.12109375
2 0.68203125 0.0869140625 0.0421875 0.119140625
2 0.1453125 0.8759765625 0.0375 0.123046875
4 0.37265625 0.09375 0.0421875 0.125
2 0.21640625 0.939453125 0.0359375 0.1171875
2 0.44296875 0.12890625 0.0390625 0.125
2 0.51796875 0.1298828125 0.0453125 0.123046875
2 0.94453125 0.140625 0.0453125 0.125
2 0.2921875 0.1630859375 0.04375 0.123046875