2 0.35234375 0.23046875 0.0421875 0.1171875
4 0.275 0.234375 0.04375 0.1171875
2 0.559375 0.2529296875 0.034375 0.119140625
2 0.88203125 0.27734375 0.0328125 0.125
2 0.95703125 0.287109375 0.0328125 0.12109375
2 0.63359375 0.310546875 0.0390625 0.1328125
2 0.353125 0.34765625 0.04375 0.12890625
4 0.27265625 0.34765625 0.0421875 0.12109375
2 0.559375 0.3740234375 0.0375 0.115234375
2 0.88203125 0.39453125 0.0359375 0.125
2 0.959375 0.3974609375 0.03125 0.111328125
2 0.19375 0.40625 0.04375 0.12109375
2 0.6328125 0.431640625 0.0375 0.125
2 0.3515625 0.466796875 0.040625 0.125
4 0.2734375 0.470703125 0.040625 0.1171875
2 0.1953125 0.5263671875 0.04375 0.119140625
2 0.8796875 0.0556640625 0.034375 0.111328125
2 0.95234375 0.0556640625 0.0328125 0.111328125
2 0.34765625 0.587890625 0.0390625 0.12109375
2 0.271875 0.587890625 0.04375 0.1171875
4 0.4171875 0.6240234375 0.04375 0.115234375
2 0.1140625 0.6416015625 0.04375 0.119140625
2 0.19453125 0.6455078125 0.0421875 0.119140625
2 0.4984375 0.6708984375 0.04375 0.115234375
0 0.2734375 0.7080078125 0.04375 0.115234375
2 0.34765625 0.7099609375 0.0390625 0.119140625
4 0.41640625 0.7421875 0.0453125 0.12109375
2 0.115625 0.759765625 0.046875 0.1171875
2 0.63046875 0.076171875 0.0421875 0.1171875
2 0.19609375 0.76171875 0.0453125 0.1171875
2 0.49765625 0.787109375 0.0421875 0.125
2 0.275 0.8271484375 0.040625 0.119140625
2 0.34765625 0.8271484375 0.0359375 0.119140625
4 0.4171875 0.861328125 0.04375 0.1171875
2 0.1171875 0.873046875 0.046875 0.1171875
2 0.1984375 0.87890625 0.040625 0.1171875
2 0.4984375 0.9072265625 0.04375 0.119140625
2 0.34921875 0.9423828125 0.0390625 0.115234375
2 0.559375 0.1357421875 0.034375 0.123046875
2 0.88046875 0.1591796875 0.0359375 0.123046875
2 0.95390625 0.1650390625 0.0359375 0.123046875
2 0.63359375 0.193359375 0.0359375 0.12109375