2 0.0828125 0.21875 0.05 0.1171875
2 0.1609375 0.2197265625 0.05 0.115234375
2 0.1578125 0.333984375 0.04375 0.1171875
2 0.07890625 0.3359375 0.0515625 0.1171875
2 0.15703125 0.451171875 0.0453125 0.12109375
2 0.15546875 0.5703125 0.0484375 0.1171875
2 0.15625 0.6875 0.04375 0.11328125
1 0.15625 0.8046875 0.046875 0.12109375
2 0.15535937500000002 0.921875 0.04821875 0.11328125
2 0.16328125 0.1015625 0.0453125 0.1171875
2 0.0875 0.10546875 0.04375 0.11328125
2 0.0171875 0.1064453125 0.034375 0.115234375