2 0.1765625 0.220703125 0.021875 0.05078125
2 0.0234375 0.2216796875 0.021875 0.056640625
2 0.13203125 0.35546875 0.0234375 0.0546875
2 0.09609375 0.3623046875 0.0203125 0.056640625
2 0.12734375 0.41015625 0.0171875 0.0546875
2 0.0921875 0.4169921875 0.01875 0.056640625
2 0.02265625 0.4443359375 0.0203125 0.052734375
2 0.05703125 0.4453125 0.0171875 0.0546875
2 0.16015625 0.447265625 0.0203125 0.0546875
2 0.125 0.4638671875 0.01875 0.052734375
2 0.08984375 0.4697265625 0.0203125 0.056640625
2 0.0203125 0.49609375 0.01875 0.0546875
0 0.05625 0.4990234375 0.01875 0.056640625
2 0.1578125 0.5009765625 0.01875 0.052734375
2 0.12265625 0.5205078125 0.0171875 0.056640625
4 0.0890625 0.525390625 0.01875 0.0546875
2 0.01953125 0.552734375 0.0171875 0.0546875
2 0.05234375 0.5546875 0.0203125 0.0546875
0 0.15625 0.5546875 0.021875 0.0546875
4 0.08671875 0.580078125 0.0203125 0.0546875
2 0.18671875 0.0595703125 0.0234375 0.056640625
0 0.0828125 0.0615234375 0.025 0.056640625
2 0.0171875 0.6064453125 0.01875 0.052734375
2 0.0515625 0.609375 0.01875 0.05078125
2 0.0375 0.0625 0.025 0.0546875
2 0.08515625 0.6328125 0.0203125 0.0546875
2 0.01484375 0.66015625 0.0171875 0.0546875
2 0.0484375 0.662109375 0.01875 0.05078125
2 0.1125 0.7607421875 0.01875 0.052734375
2 0.15 0.7666015625 0.01875 0.052734375
2 0.1109375 0.8154296875 0.01875 0.056640625
2 0.14765625 0.8193359375 0.0203125 0.052734375
2 0.04140625 0.861328125 0.0171875 0.05078125
2 0.07421875 0.8671875 0.0203125 0.0546875
0 0.109375 0.8671875 0.01875 0.0546875
2 0.14609375 0.8740234375 0.0203125 0.056640625
2 0.03984375 0.9150390625 0.0171875 0.056640625
2 0.0734375 0.9189453125 0.01875 0.052734375
1 0.1078125 0.9228515625 0.01875 0.052734375
2 0.14375 0.927734375 0.021875 0.0546875
2 0.03984375 0.966796875 0.0171875 0.05078125
2 0.07109375 0.970703125 0.0171875 0.05078125
0 0.1046875 0.974609375 0.021875 0.046875
2 0.18515625 0.1142578125 0.0234375 0.052734375
2 0.03203125 0.1142578125 0.0234375 0.056640625
2 0.078125 0.1162109375 0.021875 0.056640625
2 0.18046875 0.16796875 0.0234375 0.0546875
2 0.0265625 0.1689453125 0.021875 0.052734375