2 0.0640625 0.20703125 0.0375 0.12109375
4 0.2125 0.20703125 0.0375 0.1171875
2 0.13828125 0.208984375 0.0390625 0.12109375
2 0.06015625 0.32421875 0.0390625 0.12109375
2 0.134375 0.3251953125 0.0375 0.123046875
2 0.05859375 0.4423828125 0.0359375 0.119140625
2 0.1296875 0.4443359375 0.0375 0.123046875
4 0.3 0.052734375 0.040625 0.1015625
2 0.05703125 0.5634765625 0.0359375 0.123046875
2 0.05625 0.681640625 0.034375 0.11328125
4 0.215625 0.08984375 0.0375 0.12109375
2 0.06640625 0.08984375 0.0421875 0.11328125
2 0.14140625 0.09375 0.0359375 0.1171875