2 0.028846153846153848 0.20432692307692307 0.057692307692307696 0.03485576923076923
2 0.08774038461538461 0.20552884615384615 0.06009615384615385 0.03245192307692308
2 0.1466346153846154 0.20432692307692307 0.05889423076923077 0.03485576923076923
1 0.20673076923076922 0.20673076923076922 0.06129807692307692 0.03365384615384615
2 0.2668269230769231 0.2091346153846154 0.06009615384615385 0.036057692307692304
2 0.3269230769230769 0.21153846153846154 0.05889423076923077 0.037259615384615384
2 0.030048076923076924 0.23798076923076922 0.05889423076923077 0.03485576923076923
2 0.08774038461538461 0.23798076923076922 0.06009615384615385 0.03485576923076923
2 0.14783653846153846 0.2403846153846154 0.06129807692307692 0.036057692307692304
2 0.20673076923076922 0.2439903846153846 0.06129807692307692 0.037259615384615384
2 0.2668269230769231 0.24519230769230768 0.06009615384615385 0.037259615384615384
2 0.3269230769230769 0.24759615384615385 0.06009615384615385 0.03485576923076923
2 0.030048076923076924 0.27403846153846156 0.06009615384615385 0.036057692307692304
2 0.0889423076923077 0.2764423076923077 0.06009615384615385 0.037259615384615384
2 0.14783653846153846 0.27884615384615385 0.05889423076923077 0.037259615384615384
2 0.20793269230769232 0.2800480769230769 0.05889423076923077 0.036057692307692304
2 0.26802884615384615 0.28125 0.06009615384615385 0.03485576923076923
2 0.3269230769230769 0.28125 0.057692307692307696 0.036057692307692304
2 0.06370192307692307 0.039663461538461536 0.05889423076923077 0.03365384615384615
2 0.046875 0.40865384615384615 0.0625 0.03485576923076923
2 0.10817307692307693 0.4110576923076923 0.06009615384615385 0.036057692307692304
2 0.12259615384615384 0.04326923076923077 0.06009615384615385 0.03485576923076923
1 0.16706730769230768 0.41225961538461536 0.0625 0.036057692307692304
2 0.22716346153846154 0.41466346153846156 0.06009615384615385 0.036057692307692304
2 0.18269230769230768 0.04326923076923077 0.05889423076923077 0.037259615384615384
0 0.04927884615384615 0.4423076923076923 0.06129807692307692 0.03365384615384615
0 0.11057692307692307 0.44591346153846156 0.0625 0.036057692307692304
2 0.22716346153846154 0.4483173076923077 0.057692307692307696 0.03245192307692308
2 0.17067307692307693 0.4483173076923077 0.05889423076923077 0.03245192307692308
2 0.2403846153846154 0.04807692307692308 0.06009615384615385 0.03365384615384615
2 0.051682692307692304 0.47475961538461536 0.06009615384615385 0.03245192307692308
2 0.11298076923076923 0.47836538461538464 0.06009615384615385 0.03125
2 0.17067307692307693 0.4807692307692308 0.06009615384615385 0.03485576923076923
2 0.22956730769230768 0.4807692307692308 0.05889423076923077 0.03485576923076923
2 0.3004807692307692 0.04927884615384615 0.06009615384615385 0.036057692307692304
1 0.359375 0.05048076923076923 0.05889423076923077 0.038461538461538464
2 0.41947115384615385 0.052884615384615384 0.06009615384615385 0.03485576923076923
2 0.05048076923076923 0.6117788461538461 0.06009615384615385 0.03245192307692308
2 0.11057692307692307 0.6141826923076923 0.06129807692307692 0.03245192307692308
2 0.16947115384615385 0.6189903846153846 0.056490384615384616 0.039663461538461536
2 0.052884615384615384 0.6442307692307693 0.05889423076923077 0.03365384615384615
2 0.11057692307692307 0.6478365384615384 0.05889423076923077 0.03365384615384615
0 0.16947115384615385 0.6526442307692307 0.056490384615384616 0.028846153846153848
2 0.054086538461538464 0.6790865384615384 0.057692307692307696 0.03245192307692308
2 0.11298076923076923 0.6802884615384616 0.06009615384615385 0.03245192307692308
2 0.17067307692307693 0.6826923076923077 0.056490384615384616 0.030048076923076924
1 0.06370192307692307 0.07692307692307693 0.06009615384615385 0.039663461538461536
2 0.12379807692307693 0.078125 0.06009615384615385 0.038461538461538464
2 0.1814903846153846 0.08173076923076923 0.057692307692307696 0.037259615384615384
2 0.04927884615384615 0.8149038461538461 0.057692307692307696 0.03365384615384615
2 0.24158653846153846 0.0829326923076923 0.05889423076923077 0.036057692307692304
0 0.3004807692307692 0.08413461538461539 0.06009615384615385 0.03485576923076923
2 0.3605769230769231 0.08533653846153846 0.05889423076923077 0.03365384615384615
2 0.051682692307692304 0.8473557692307693 0.056490384615384616 0.03365384615384615
2 0.056490384615384616 0.8774038461538461 0.055288461538461536 0.025240384615384616
0 0.41947115384615385 0.0889423076923077 0.057692307692307696 0.03485576923076923
0 0.0625 0.01201923076923077 0.05889423076923077 0.02403846153846154
2 0.11899038461538461 0.01201923076923077 0.06009615384615385 0.02403846153846154
2 0.1778846153846154 0.013221153846153846 0.057692307692307696 0.026442307692307692
1 0.23918269230769232 0.014423076923076924 0.06009615384615385 0.028846153846153848
2 0.3004807692307692 0.015625 0.06009615384615385 0.030048076923076924
2 0.359375 0.016826923076923076 0.05889423076923077 0.03245192307692308
2 0.4182692307692308 0.018028846153846152 0.05889423076923077 0.03485576923076923