2 0.29086538461538464 0.20072115384615385 0.06009615384615385 0.03125
2 0.34975961538461536 0.20552884615384615 0.0625 0.03245192307692308
2 0.4098557692307692 0.20793269230769232 0.06129807692307692 0.03245192307692308
0 0.46875 0.2127403846153846 0.06370192307692307 0.03125
2 0.1466346153846154 0.020432692307692308 0.05889423076923077 0.030048076923076924
2 0.6274038461538461 0.021634615384615384 0.0625 0.03245192307692308
1 0.5324519230769231 0.21514423076923078 0.06009615384615385 0.03125
2 0.052884615384615384 0.21514423076923078 0.06129807692307692 0.03245192307692308
2 0.11298076923076923 0.21875 0.06009615384615385 0.03125
2 0.5913461538461539 0.21995192307692307 0.0625 0.028846153846153848
2 0.16947115384615385 0.22355769230769232 0.06129807692307692 0.03245192307692308
2 0.22716346153846154 0.22596153846153846 0.06129807692307692 0.03125
2 0.6514423076923077 0.22596153846153846 0.06370192307692307 0.030048076923076924
2 0.28725961538461536 0.23076923076923078 0.0625 0.03125
2 0.7139423076923077 0.23317307692307693 0.06129807692307692 0.03245192307692308
2 0.20673076923076922 0.025240384615384616 0.06129807692307692 0.027644230769230768
2 0.3473557692307692 0.23677884615384615 0.06370192307692307 0.03245192307692308
2 0.7716346153846154 0.23918269230769232 0.06009615384615385 0.03245192307692308
0 0.40865384615384615 0.23918269230769232 0.06490384615384616 0.03245192307692308
0 0.4675480769230769 0.24158653846153846 0.06370192307692307 0.030048076923076924
2 0.8341346153846154 0.24759615384615385 0.06490384615384616 0.03365384615384615
2 0.05048076923076923 0.24639423076923078 0.0625 0.03125
2 0.5276442307692307 0.24879807692307693 0.06129807692307692 0.03245192307692308
2 0.8942307692307693 0.25 0.057692307692307696 0.030048076923076924
2 0.1045673076923077 0.25 0.0625 0.03365384615384615
0 0.5913461538461539 0.2512019230769231 0.06009615384615385 0.03365384615384615
2 0.6887019230769231 0.027644230769230768 0.05889423076923077 0.027644230769230768
1 0.953125 0.2536057692307692 0.05889423076923077 0.03125
2 0.16466346153846154 0.25600961538461536 0.06490384615384616 0.03245192307692308
2 0.6514423076923077 0.25721153846153844 0.06129807692307692 0.03245192307692308
2 0.2247596153846154 0.25961538461538464 0.0625 0.03245192307692308
2 0.2860576923076923 0.2644230769230769 0.0625 0.03245192307692308
2 0.7115384615384616 0.2644230769230769 0.06129807692307692 0.030048076923076924
2 0.7728365384615384 0.2668269230769231 0.0625 0.03125
2 0.34375 0.2668269230769231 0.06490384615384616 0.030048076923076924
0 0.4050480769230769 0.27163461538461536 0.06370192307692307 0.03485576923076923
2 0.46634615384615385 0.27524038461538464 0.06490384615384616 0.03485576923076923
2 0.8329326923076923 0.2776442307692308 0.06009615384615385 0.03125
2 0.5264423076923077 0.2800480769230769 0.06490384615384616 0.03365384615384615
3 0.8942307692307693 0.2800480769230769 0.06129807692307692 0.03365384615384615
1 0.9543269230769231 0.28365384615384615 0.06129807692307692 0.03245192307692308
2 0.5889423076923077 0.2860576923076923 0.0625 0.03365384615384615
2 0.6502403846153846 0.2932692307692308 0.0625 0.036057692307692304
2 0.265625 0.030048076923076924 0.06009615384615385 0.026442307692307692
2 0.7127403846153846 0.296875 0.06129807692307692 0.030048076923076924
2 0.7728365384615384 0.29927884615384615 0.06129807692307692 0.036057692307692304
2 0.8341346153846154 0.31009615384615385 0.06129807692307692 0.030048076923076924
2 0.7487980769230769 0.03245192307692308 0.06009615384615385 0.03485576923076923
2 0.3245192307692308 0.03245192307692308 0.06129807692307692 0.026442307692307692
3 0.8954326923076923 0.3137019230769231 0.0625 0.03125
3 0.9555288461538461 0.31850961538461536 0.05889423076923077 0.03245192307692308
2 0.3858173076923077 0.036057692307692304 0.06129807692307692 0.028846153846153848
0 0.8088942307692307 0.036057692307692304 0.06129807692307692 0.036057692307692304
2 0.44471153846153844 0.039663461538461536 0.06129807692307692 0.027644230769230768
0 0.05048076923076923 0.38461538461538464 0.06009615384615385 0.03125
1 0.11057692307692307 0.3858173076923077 0.06370192307692307 0.026442307692307692
2 0.1658653846153846 0.3954326923076923 0.06009615384615385 0.028846153846153848
2 0.2247596153846154 0.39663461538461536 0.06009615384615385 0.030048076923076924
2 0.2848557692307692 0.4026442307692308 0.0625 0.03245192307692308
2 0.34375 0.4074519230769231 0.05889423076923077 0.036057692307692304
0 0.40384615384615385 0.4074519230769231 0.06370192307692307 0.036057692307692304
3 0.8689903846153846 0.040865384615384616 0.06129807692307692 0.03125
2 0.04567307692307692 0.41466346153846156 0.0625 0.03125
2 0.10576923076923077 0.41466346153846156 0.06129807692307692 0.028846153846153848
2 0.4651442307692308 0.4170673076923077 0.06009615384615385 0.037259615384615384
2 0.5252403846153846 0.4206730769230769 0.0625 0.03125
2 0.16346153846153846 0.4206730769230769 0.06490384615384616 0.028846153846153848
2 0.5865384615384616 0.4254807692307692 0.06370192307692307 0.030048076923076924
2 0.6478365384615384 0.42788461538461536 0.0625 0.036057692307692304
2 0.22115384615384615 0.42788461538461536 0.06370192307692307 0.03125
2 0.5060096153846154 0.04326923076923077 0.06129807692307692 0.03125
2 0.028846153846153848 0.04447115384615385 0.055288461538461536 0.030048076923076924
2 0.2800480769230769 0.4338942307692308 0.06490384615384616 0.03245192307692308
2 0.7079326923076923 0.43509615384615385 0.06009615384615385 0.028846153846153848
2 0.3425480769230769 0.4375 0.0625 0.027644230769230768
2 0.40024038461538464 0.4411057692307692 0.06370192307692307 0.030048076923076924
2 0.7692307692307693 0.4423076923076923 0.06129807692307692 0.03245192307692308
2 0.8293269230769231 0.44350961538461536 0.0625 0.036057692307692304
2 0.038461538461538464 0.44711538461538464 0.06490384615384616 0.03485576923076923
2 0.10216346153846154 0.4483173076923077 0.06370192307692307 0.037259615384615384
2 0.46274038461538464 0.4483173076923077 0.06370192307692307 0.030048076923076924
2 0.5252403846153846 0.45072115384615385 0.06370192307692307 0.03125
2 0.8930288461538461 0.4543269230769231 0.06009615384615385 0.036057692307692304
2 0.15745192307692307 0.4543269230769231 0.06610576923076923 0.036057692307692304
3 0.9519230769230769 0.45552884615384615 0.05889423076923077 0.03245192307692308
2 0.5853365384615384 0.45552884615384615 0.06370192307692307 0.028846153846153848
2 0.21754807692307693 0.46153846153846156 0.0625 0.036057692307692304
2 0.6466346153846154 0.46274038461538464 0.06129807692307692 0.03365384615384615
2 0.7091346153846154 0.4651442307692308 0.05889423076923077 0.03245192307692308
2 0.2776442307692308 0.46634615384615385 0.0673076923076923 0.03485576923076923
3 0.9302884615384616 0.046875 0.06009615384615385 0.03125
2 0.5649038461538461 0.04927884615384615 0.06129807692307692 0.03125
2 0.3389423076923077 0.4699519230769231 0.06370192307692307 0.036057692307692304
2 0.7704326923076923 0.47475961538461536 0.06129807692307692 0.03245192307692308
2 0.40024038461538464 0.47475961538461536 0.0625 0.036057692307692304
2 0.46153846153846156 0.4807692307692308 0.06370192307692307 0.03485576923076923
2 0.8305288461538461 0.4807692307692308 0.06129807692307692 0.03485576923076923
2 0.5228365384615384 0.4831730769230769 0.06129807692307692 0.03245192307692308
3 0.8918269230769231 0.4855769230769231 0.06129807692307692 0.042067307692307696
2 0.5853365384615384 0.4879807692307692 0.06370192307692307 0.03365384615384615
2 0.08413461538461539 0.05048076923076923 0.06009615384615385 0.030048076923076924
2 0.14182692307692307 0.051682692307692304 0.05889423076923077 0.028846153846153848
3 0.953125 0.49158653846153844 0.0625 0.037259615384615384
2 0.6466346153846154 0.4963942307692308 0.06129807692307692 0.03245192307692308
2 0.7079326923076923 0.5 0.0625 0.036057692307692304
2 0.6274038461538461 0.051682692307692304 0.06009615384615385 0.028846153846153848
2 0.7704326923076923 0.5084134615384616 0.0625 0.03365384615384615
2 0.8317307692307693 0.5168269230769231 0.0625 0.03365384615384615
3 0.8918269230769231 0.5180288461538461 0.06009615384615385 0.036057692307692304
1 0.953125 0.5264423076923077 0.0625 0.03245192307692308
2 0.20192307692307693 0.054086538461538464 0.06009615384615385 0.030048076923076924
2 0.26322115384615385 0.056490384615384616 0.06009615384615385 0.027644230769230768
2 0.6875 0.057692307692307696 0.06009615384615385 0.03365384615384615
2 0.32211538461538464 0.06129807692307692 0.06009615384615385 0.027644230769230768
2 0.08653846153846154 0.5889423076923077 0.057692307692307696 0.03485576923076923
2 0.14423076923076922 0.5949519230769231 0.05889423076923077 0.037259615384615384
2 0.203125 0.5997596153846154 0.06009615384615385 0.036057692307692304
2 0.26322115384615385 0.6033653846153846 0.06129807692307692 0.030048076923076924
2 0.32211538461538464 0.6105769230769231 0.06009615384615385 0.037259615384615384
1 0.38341346153846156 0.6141826923076923 0.06009615384615385 0.037259615384615384
2 0.44350961538461536 0.6189903846153846 0.06129807692307692 0.037259615384615384
2 0.08173076923076923 0.6225961538461539 0.06009615384615385 0.03365384615384615
0 0.5048076923076923 0.625 0.05889423076923077 0.038461538461538464
2 0.7487980769230769 0.06490384615384616 0.06009615384615385 0.03125
2 0.38100961538461536 0.06490384615384616 0.0625 0.028846153846153848
2 0.140625 0.6274038461538461 0.057692307692307696 0.03485576923076923
2 0.5649038461538461 0.6286057692307693 0.06009615384615385 0.038461538461538464
2 0.20072115384615385 0.6322115384615384 0.06009615384615385 0.03485576923076923
0 0.6262019230769231 0.6346153846153846 0.06129807692307692 0.03485576923076923
2 0.6862980769230769 0.6382211538461539 0.06009615384615385 0.03365384615384615
0 0.25841346153846156 0.6382211538461539 0.06129807692307692 0.038461538461538464
2 0.31971153846153844 0.6466346153846154 0.057692307692307696 0.03485576923076923
2 0.7475961538461539 0.6466346153846154 0.06129807692307692 0.03485576923076923
2 0.3798076923076923 0.6478365384615384 0.0625 0.038461538461538464
2 0.8088942307692307 0.6490384615384616 0.06129807692307692 0.03245192307692308
2 0.4411057692307692 0.6550480769230769 0.06009615384615385 0.036057692307692304
2 0.07692307692307693 0.65625 0.06009615384615385 0.036057692307692304
3 0.8689903846153846 0.65625 0.0625 0.03125
3 0.9302884615384616 0.6610576923076923 0.06009615384615385 0.03365384615384615
2 0.1346153846153846 0.6610576923076923 0.06009615384615385 0.040865384615384616
2 0.5024038461538461 0.6610576923076923 0.0625 0.037259615384615384
2 0.5637019230769231 0.6646634615384616 0.06129807692307692 0.036057692307692304
2 0.19591346153846154 0.6682692307692307 0.05889423076923077 0.036057692307692304
0 0.625 0.6682692307692307 0.0625 0.036057692307692304
2 0.2536057692307692 0.6742788461538461 0.06009615384615385 0.036057692307692304
2 0.6875 0.6754807692307693 0.06009615384615385 0.038461538461538464
2 0.7475961538461539 0.6778846153846154 0.06129807692307692 0.036057692307692304
2 0.3161057692307692 0.6790865384615384 0.06129807692307692 0.040865384615384616
2 0.37740384615384615 0.6826923076923077 0.06009615384615385 0.038461538461538464
2 0.4423076923076923 0.06850961538461539 0.05889423076923077 0.03125
0 0.8100961538461539 0.06971153846153846 0.06009615384615385 0.030048076923076924
2 0.8076923076923077 0.6838942307692307 0.0625 0.036057692307692304
2 0.4375 0.6899038461538461 0.06370192307692307 0.036057692307692304
3 0.8677884615384616 0.6899038461538461 0.06129807692307692 0.03125
3 0.9290865384615384 0.6935096153846154 0.05889423076923077 0.03485576923076923
2 0.5012019230769231 0.6971153846153846 0.06129807692307692 0.038461538461538464
2 0.5600961538461539 0.7019230769230769 0.06129807692307692 0.039663461538461536
2 0.6213942307692307 0.7055288461538461 0.0625 0.037259615384615384
2 0.6850961538461539 0.7103365384615384 0.0625 0.037259615384615384
2 0.7463942307692307 0.7151442307692307 0.06009615384615385 0.037259615384615384
3 0.8076923076923077 0.7211538461538461 0.0625 0.036057692307692304
3 0.8701923076923077 0.07451923076923077 0.06009615384615385 0.03125
2 0.5036057692307693 0.0733173076923077 0.05889423076923077 0.028846153846153848
3 0.8701923076923077 0.7271634615384616 0.06129807692307692 0.040865384615384616
3 0.9302884615384616 0.7295673076923077 0.06009615384615385 0.03245192307692308
3 0.9302884615384616 0.078125 0.05889423076923077 0.03125
2 0.5649038461538461 0.07932692307692307 0.06129807692307692 0.030048076923076924
2 0.06850961538461539 0.7860576923076923 0.056490384615384616 0.037259615384615384
2 0.125 0.7920673076923077 0.06009615384615385 0.037259615384615384
2 0.18389423076923078 0.7956730769230769 0.05889423076923077 0.036057692307692304
2 0.24278846153846154 0.8016826923076923 0.05889423076923077 0.037259615384615384
1 0.3016826923076923 0.8112980769230769 0.05889423076923077 0.036057692307692304
2 0.36177884615384615 0.8149038461538461 0.06009615384615385 0.039663461538461536
2 0.625 0.0829326923076923 0.05889423076923077 0.03245192307692308
2 0.4206730769230769 0.8221153846153846 0.0625 0.038461538461538464
2 0.06009615384615385 0.8233173076923077 0.05889423076923077 0.039663461538461536
2 0.4831730769230769 0.828125 0.06370192307692307 0.038461538461538464
2 0.1201923076923077 0.8305288461538461 0.0625 0.039663461538461536
2 0.1778846153846154 0.8329326923076923 0.05889423076923077 0.036057692307692304
2 0.5432692307692307 0.8329326923076923 0.0625 0.038461538461538464
2 0.6033653846153846 0.8377403846153846 0.06009615384615385 0.038461538461538464
2 0.23798076923076922 0.8401442307692307 0.06009615384615385 0.039663461538461536
1 0.6634615384615384 0.84375 0.06129807692307692 0.04326923076923077
2 0.2980769230769231 0.8473557692307693 0.06129807692307692 0.038461538461538464
2 0.7259615384615384 0.8497596153846154 0.06009615384615385 0.038461538461538464
2 0.359375 0.8521634615384616 0.06009615384615385 0.040865384615384616
2 0.7872596153846154 0.8545673076923077 0.06129807692307692 0.037259615384615384
2 0.056490384615384616 0.8569711538461539 0.06009615384615385 0.03485576923076923
2 0.8473557692307693 0.8581730769230769 0.06009615384615385 0.04447115384615385
2 0.41947115384615385 0.859375 0.06129807692307692 0.038461538461538464
2 0.6875 0.08774038461538461 0.06009615384615385 0.030048076923076924
2 0.4807692307692308 0.8581730769230769 0.06129807692307692 0.03365384615384615
3 0.90625 0.8617788461538461 0.05889423076923077 0.036057692307692304
2 0.1141826923076923 0.8641826923076923 0.05889423076923077 0.03245192307692308
3 0.9675480769230769 0.8677884615384616 0.06370192307692307 0.036057692307692304
2 0.17307692307692307 0.8677884615384616 0.0625 0.03365384615384615
2 0.5408653846153846 0.8701923076923077 0.06129807692307692 0.03365384615384615
2 0.6021634615384616 0.8737980769230769 0.06370192307692307 0.03245192307692308
2 0.234375 0.875 0.06009615384615385 0.036057692307692304
2 0.6634615384615384 0.8810096153846154 0.0625 0.03485576923076923
2 0.29447115384615385 0.8834134615384616 0.06129807692307692 0.03245192307692308
2 0.7259615384615384 0.8846153846153846 0.06009615384615385 0.03485576923076923
2 0.3557692307692308 0.890625 0.06490384615384616 0.03485576923076923
2 0.7860576923076923 0.8930288461538461 0.06129807692307692 0.039663461538461536
2 0.41586538461538464 0.8942307692307693 0.0625 0.038461538461538464
2 0.8473557692307693 0.8966346153846154 0.06009615384615385 0.03485576923076923
2 0.47836538461538464 0.8978365384615384 0.06129807692307692 0.040865384615384616
3 0.90625 0.8990384615384616 0.05889423076923077 0.036057692307692304
3 0.9663461538461539 0.9050480769230769 0.06129807692307692 0.040865384615384616
2 0.5408653846153846 0.90625 0.0625 0.038461538461538464
2 0.6021634615384616 0.9098557692307693 0.0625 0.042067307692307696
2 0.6634615384615384 0.9170673076923077 0.06129807692307692 0.038461538461538464
2 0.7475961538461539 0.09254807692307693 0.06129807692307692 0.028846153846153848
2 0.7259615384615384 0.9206730769230769 0.06009615384615385 0.036057692307692304
2 0.7860576923076923 0.9290865384615384 0.06129807692307692 0.040865384615384616
2 0.8473557692307693 0.9338942307692307 0.06009615384615385 0.039663461538461536
3 0.9074519230769231 0.9362980769230769 0.05889423076923077 0.040865384615384616
3 0.9675480769230769 0.9423076923076923 0.06129807692307692 0.03245192307692308
2 0.8088942307692307 0.09975961538461539 0.06009615384615385 0.03245192307692308
2 0.8689903846153846 0.10216346153846154 0.06129807692307692 0.028846153846153848
2 0.9302884615384616 0.10817307692307693 0.06009615384615385 0.027644230769230768
2 0.4483173076923077 0.013221153846153846 0.05889423076923077 0.026442307692307692
2 0.5048076923076923 0.013221153846153846 0.0625 0.026442307692307692
0 0.03365384615384615 0.015625 0.055288461538461536 0.030048076923076924
2 0.5673076923076923 0.016826923076923076 0.06009615384615385 0.028846153846153848
2 0.0889423076923077 0.018028846153846152 0.06009615384615385 0.03245192307692308
2 0.06009615384615385 0.18269230769230768 0.0625 0.030048076923076924
2 0.11658653846153846 0.18870192307692307 0.0625 0.030048076923076924
2 0.171875 0.1935096153846154 0.05889423076923077 0.03125
2 0.23197115384615385 0.19591346153846154 0.0625 0.03245192307692308