2 0.9170673076923077 0.19831730769230768 0.051682692307692304 0.036057692307692304
2 0.43028846153846156 0.19951923076923078 0.06129807692307692 0.03485576923076923
1 0.9711538461538461 0.20192307692307693 0.056490384615384616 0.037259615384615384
2 0.49158653846153844 0.20432692307692307 0.06370192307692307 0.03365384615384615
2 0.5516826923076923 0.20673076923076922 0.0625 0.038461538461538464
2 0.6129807692307693 0.2091346153846154 0.0625 0.036057692307692304
2 0.6730769230769231 0.21394230769230768 0.06490384615384616 0.040865384615384616
2 0.8317307692307693 0.02283653846153846 0.057692307692307696 0.03365384615384615
1 0.16947115384615385 0.021634615384615384 0.06129807692307692 0.03125
2 0.7331730769230769 0.21875 0.0625 0.038461538461538464
2 0.0673076923076923 0.21754807692307693 0.06370192307692307 0.037259615384615384
1 0.12980769230769232 0.21995192307692307 0.06009615384615385 0.037259615384615384
2 0.1875 0.22115384615384615 0.06129807692307692 0.036057692307692304
2 0.24759615384615385 0.22355769230769232 0.06129807692307692 0.037259615384615384
2 0.7944711538461539 0.22355769230769232 0.0625 0.037259615384615384
2 0.30649038461538464 0.22596153846153846 0.06370192307692307 0.037259615384615384
0 0.8533653846153846 0.22716346153846154 0.06370192307692307 0.037259615384615384
2 0.3701923076923077 0.22956730769230768 0.0625 0.036057692307692304
2 0.4266826923076923 0.23197115384615385 0.0625 0.03485576923076923
2 0.8918269230769231 0.025240384615384616 0.0625 0.037259615384615384
0 0.23197115384615385 0.02283653846153846 0.06129807692307692 0.03485576923076923
0 0.9122596153846154 0.23557692307692307 0.0625 0.037259615384615384
2 0.9663461538461539 0.23798076923076922 0.05889423076923077 0.03365384615384615
2 0.4891826923076923 0.23798076923076922 0.06370192307692307 0.03485576923076923
2 0.5492788461538461 0.24278846153846154 0.06129807692307692 0.040865384615384616
2 0.609375 0.24759615384615385 0.06610576923076923 0.03485576923076923
2 0.6706730769230769 0.25 0.06850961538461539 0.038461538461538464
2 0.7307692307692307 0.25240384615384615 0.06129807692307692 0.036057692307692304
2 0.28966346153846156 0.026442307692307692 0.06009615384615385 0.037259615384615384
2 0.7920673076923077 0.25841346153846156 0.06850961538461539 0.037259615384615384
2 0.8509615384615384 0.2644230769230769 0.06009615384615385 0.03125
2 0.9086538461538461 0.26802884615384615 0.06129807692307692 0.03245192307692308
2 0.9639423076923077 0.27163461538461536 0.06009615384615385 0.03245192307692308
2 0.9507211538461539 0.027644230769230768 0.0625 0.039663461538461536
0 0.35096153846153844 0.027644230769230768 0.05889423076923077 0.040865384615384616
2 0.4098557692307692 0.030048076923076924 0.06370192307692307 0.040865384615384616
2 0.47115384615384615 0.03365384615384615 0.06009615384615385 0.039663461538461536
2 0.06490384615384616 0.34975961538461536 0.06009615384615385 0.03485576923076923
2 0.12379807692307693 0.3485576923076923 0.057692307692307696 0.03365384615384615
2 0.18389423076923078 0.3545673076923077 0.06129807692307692 0.036057692307692304
2 0.24639423076923078 0.3605769230769231 0.06129807692307692 0.037259615384615384
2 0.30649038461538464 0.3629807692307692 0.056490384615384616 0.039663461538461536
2 0.36778846153846156 0.36538461538461536 0.0625 0.038461538461538464
0 0.42908653846153844 0.3713942307692308 0.05889423076923077 0.03485576923076923
2 0.53125 0.038461538461538464 0.0625 0.040865384615384616
0 0.4891826923076923 0.3762019230769231 0.06370192307692307 0.038461538461538464
2 0.5504807692307693 0.3786057692307692 0.06129807692307692 0.039663461538461536
0 0.6129807692307693 0.38100961538461536 0.056490384615384616 0.039663461538461536
2 0.06490384615384616 0.38461538461538464 0.06370192307692307 0.036057692307692304
2 0.6742788461538461 0.3858173076923077 0.06009615384615385 0.038461538461538464
2 0.125 0.3858173076923077 0.056490384615384616 0.03365384615384615
2 0.7355769230769231 0.3894230769230769 0.06370192307692307 0.036057692307692304
1 0.18629807692307693 0.3918269230769231 0.06370192307692307 0.037259615384615384
2 0.7956730769230769 0.3918269230769231 0.05889423076923077 0.038461538461538464
0 0.24519230769230768 0.39663461538461536 0.057692307692307696 0.03125
2 0.8569711538461539 0.39663461538461536 0.0625 0.036057692307692304
2 0.9170673076923077 0.4014423076923077 0.06009615384615385 0.036057692307692304
2 0.30649038461538464 0.4014423076923077 0.06129807692307692 0.03245192307692308
0 0.36658653846153844 0.4026442307692308 0.0625 0.037259615384615384
2 0.9723557692307693 0.4026442307692308 0.051682692307692304 0.036057692307692304
2 0.42788461538461536 0.4074519230769231 0.057692307692307696 0.03365384615384615
0 0.4891826923076923 0.40865384615384615 0.05889423076923077 0.036057692307692304
0 0.5889423076923077 0.040865384615384616 0.0625 0.039663461538461536
2 0.5504807692307693 0.41346153846153844 0.0625 0.03365384615384615
2 0.6105769230769231 0.4170673076923077 0.05889423076923077 0.03245192307692308
2 0.06490384615384616 0.4182692307692308 0.05889423076923077 0.036057692307692304
2 0.6706730769230769 0.4206730769230769 0.06129807692307692 0.03125
2 0.125 0.421875 0.06009615384615385 0.036057692307692304
2 0.7331730769230769 0.4230769230769231 0.06009615384615385 0.030048076923076924
2 0.7908653846153846 0.42788461538461536 0.06009615384615385 0.036057692307692304
0 0.18509615384615385 0.42908653846153844 0.057692307692307696 0.03365384615384615
2 0.24519230769230768 0.43028846153846156 0.05889423076923077 0.036057692307692304
2 0.8497596153846154 0.43028846153846156 0.06129807692307692 0.03365384615384615
2 0.9110576923076923 0.4338942307692308 0.0625 0.036057692307692304
2 0.30528846153846156 0.43509615384615385 0.057692307692307696 0.030048076923076924
2 0.36538461538461536 0.4387019230769231 0.06129807692307692 0.03365384615384615
0 0.9699519230769231 0.43990384615384615 0.055288461538461536 0.036057692307692304
2 0.42788461538461536 0.4411057692307692 0.06129807692307692 0.03485576923076923
2 0.48677884615384615 0.44471153846153844 0.06009615384615385 0.038461538461538464
2 0.5492788461538461 0.4483173076923077 0.06009615384615385 0.037259615384615384
0 0.6490384615384616 0.04567307692307692 0.06009615384615385 0.040865384615384616
2 0.6105769230769231 0.45072115384615385 0.06009615384615385 0.037259615384615384
2 0.6706730769230769 0.4543269230769231 0.05889423076923077 0.03365384615384615
0 0.7295673076923077 0.4579326923076923 0.0625 0.042067307692307696
2 0.7908653846153846 0.4639423076923077 0.06009615384615385 0.037259615384615384
2 0.8509615384615384 0.4675480769230769 0.055288461538461536 0.036057692307692304
2 0.9074519230769231 0.4651442307692308 0.057692307692307696 0.03245192307692308
0 0.7127403846153846 0.05048076923076923 0.05889423076923077 0.04326923076923077
2 0.7680288461538461 0.056490384615384616 0.05889423076923077 0.038461538461538464
2 0.06009615384615385 0.5540865384615384 0.06009615384615385 0.03365384615384615
2 0.12139423076923077 0.5576923076923077 0.06129807692307692 0.03245192307692308
2 0.1814903846153846 0.5600961538461539 0.05889423076923077 0.03485576923076923
2 0.2439903846153846 0.5661057692307693 0.0625 0.03485576923076923
2 0.30288461538461536 0.5709134615384616 0.05889423076923077 0.03125
2 0.36177884615384615 0.5757211538461539 0.05889423076923077 0.03485576923076923
2 0.42427884615384615 0.5793269230769231 0.06490384615384616 0.037259615384615384
2 0.4891826923076923 0.5817307692307693 0.0625 0.037259615384615384
2 0.5504807692307693 0.5865384615384616 0.056490384615384616 0.03245192307692308
2 0.8293269230769231 0.05889423076923077 0.05889423076923077 0.036057692307692304
2 0.6105769230769231 0.5889423076923077 0.0625 0.03245192307692308
2 0.06129807692307692 0.5901442307692307 0.06009615384615385 0.036057692307692304
2 0.6730769230769231 0.5913461538461539 0.06370192307692307 0.037259615384615384
2 0.12139423076923077 0.5925480769230769 0.06490384615384616 0.036057692307692304
2 0.1814903846153846 0.5949519230769231 0.06009615384615385 0.030048076923076924
2 0.7331730769230769 0.5961538461538461 0.06009615384615385 0.03485576923076923
2 0.24278846153846154 0.5997596153846154 0.06370192307692307 0.03125
2 0.7944711538461539 0.5997596153846154 0.06129807692307692 0.03485576923076923
2 0.8545673076923077 0.6009615384615384 0.06129807692307692 0.037259615384615384
2 0.30408653846153844 0.6033653846153846 0.06370192307692307 0.03485576923076923
2 0.36538461538461536 0.6069711538461539 0.06129807692307692 0.03125
2 0.4266826923076923 0.6129807692307693 0.06490384615384616 0.030048076923076924
2 0.4879807692307692 0.6177884615384616 0.057692307692307696 0.03245192307692308
2 0.546875 0.6201923076923077 0.05889423076923077 0.03365384615384615
2 0.6081730769230769 0.6225961538461539 0.05889423076923077 0.03365384615384615
2 0.0625 0.625 0.0625 0.03125
2 0.6682692307692307 0.625 0.06009615384615385 0.03365384615384615
2 0.8870192307692307 0.06370192307692307 0.06009615384615385 0.038461538461538464
2 0.12259615384615384 0.625 0.06129807692307692 0.027644230769230768
2 0.18389423076923078 0.6286057692307693 0.057692307692307696 0.03125
2 0.7295673076923077 0.6298076923076923 0.05889423076923077 0.030048076923076924
2 0.7896634615384616 0.6322115384615384 0.06129807692307692 0.03365384615384615
2 0.24278846153846154 0.6322115384615384 0.06129807692307692 0.03485576923076923
2 0.8485576923076923 0.6334134615384616 0.06009615384615385 0.036057692307692304
2 0.30288461538461536 0.6370192307692307 0.0625 0.038461538461538464
2 0.36538461538461536 0.640625 0.0625 0.042067307692307696
2 0.42427884615384615 0.6442307692307693 0.0625 0.038461538461538464
2 0.4855769230769231 0.6514423076923077 0.06009615384615385 0.03245192307692308
2 0.5456730769230769 0.6538461538461539 0.06129807692307692 0.03365384615384615
2 0.6057692307692307 0.6526442307692307 0.06129807692307692 0.03245192307692308
2 0.6658653846153846 0.6574519230769231 0.05889423076923077 0.03365384615384615
4 0.7259615384615384 0.6622596153846154 0.06129807692307692 0.036057692307692304
2 0.9471153846153846 0.06610576923076923 0.06490384615384616 0.04326923076923077
1 0.7860576923076923 0.6646634615384616 0.056490384615384616 0.03365384615384615
4 0.8449519230769231 0.6670673076923077 0.05889423076923077 0.036057692307692304
3 0.055288461538461536 0.7620192307692307 0.06129807692307692 0.03485576923076923
2 0.11538461538461539 0.7644230769230769 0.06009615384615385 0.03365384615384615
2 0.17548076923076922 0.7704326923076923 0.06009615384615385 0.03365384615384615
2 0.234375 0.7716346153846154 0.0625 0.03125
2 0.2956730769230769 0.7740384615384616 0.06129807692307692 0.03365384615384615
2 0.35697115384615385 0.78125 0.06129807692307692 0.030048076923076924
2 0.4182692307692308 0.7836538461538461 0.06129807692307692 0.03245192307692308
2 0.48197115384615385 0.7872596153846154 0.0625 0.03245192307692308
2 0.5396634615384616 0.7896634615384616 0.057692307692307696 0.03245192307692308
3 0.055288461538461536 0.7956730769230769 0.05889423076923077 0.03245192307692308
2 0.11538461538461539 0.7992788461538461 0.05889423076923077 0.03125
2 0.17427884615384615 0.8016826923076923 0.057692307692307696 0.03245192307692308
3 0.23557692307692307 0.8040865384615384 0.0625 0.03365384615384615
3 0.29447115384615385 0.8076923076923077 0.06129807692307692 0.03365384615384615
3 0.35697115384615385 0.8149038461538461 0.06370192307692307 0.03485576923076923
2 0.4182692307692308 0.8161057692307693 0.06370192307692307 0.030048076923076924
2 0.4795673076923077 0.8209134615384616 0.05889423076923077 0.03125
3 0.5384615384615384 0.8233173076923077 0.05889423076923077 0.036057692307692304
3 0.06009615384615385 0.8269230769230769 0.057692307692307696 0.028846153846153848
2 0.11658653846153846 0.8305288461538461 0.052884615384615384 0.03245192307692308
3 0.17548076923076922 0.8341346153846154 0.06129807692307692 0.03485576923076923
3 0.23557692307692307 0.8377403846153846 0.06129807692307692 0.03485576923076923
3 0.296875 0.8389423076923077 0.06370192307692307 0.03365384615384615
3 0.3581730769230769 0.8449519230769231 0.05889423076923077 0.036057692307692304
2 0.4170673076923077 0.8473557692307693 0.0625 0.03125
3 0.47836538461538464 0.8497596153846154 0.0625 0.039663461538461536
2 0.7127403846153846 0.014423076923076924 0.057692307692307696 0.028846153846153848
2 0.0673076923076923 0.14423076923076922 0.0625 0.03485576923076923
2 0.12740384615384615 0.1466346153846154 0.0625 0.039663461538461536
2 0.1875 0.1502403846153846 0.05889423076923077 0.038461538461538464
2 0.24879807692307693 0.15384615384615385 0.06370192307692307 0.038461538461538464
2 0.31009615384615385 0.15625 0.06009615384615385 0.038461538461538464
2 0.055288461538461536 0.016826923076923076 0.06009615384615385 0.03245192307692308
2 0.7728365384615384 0.016826923076923076 0.06009615384615385 0.03365384615384615
2 0.36899038461538464 0.15865384615384615 0.06129807692307692 0.037259615384615384
2 0.43028846153846156 0.1622596153846154 0.06129807692307692 0.036057692307692304
2 0.49158653846153844 0.16466346153846154 0.0625 0.037259615384615384
2 0.5528846153846154 0.171875 0.0625 0.03485576923076923
2 0.6141826923076923 0.17427884615384615 0.05889423076923077 0.036057692307692304
0 0.1141826923076923 0.019230769230769232 0.0625 0.03125
2 0.6766826923076923 0.17908653846153846 0.06370192307692307 0.037259615384615384
2 0.12860576923076922 0.18028846153846154 0.06370192307692307 0.037259615384615384
2 0.7367788461538461 0.18269230769230768 0.06370192307692307 0.042067307692307696
2 0.06850961538461539 0.18269230769230768 0.06129807692307692 0.036057692307692304
2 0.18870192307692307 0.18509615384615385 0.06129807692307692 0.03485576923076923
2 0.7956730769230769 0.1875 0.06370192307692307 0.04326923076923077
2 0.24759615384615385 0.18870192307692307 0.06129807692307692 0.03365384615384615
2 0.3088942307692308 0.1935096153846154 0.06009615384615385 0.03485576923076923
2 0.8557692307692307 0.1935096153846154 0.05889423076923077 0.036057692307692304
2 0.36899038461538464 0.19471153846153846 0.0625 0.03245192307692308