15 0.489183 0.633413 0.156250 0.055288
15 0.492788 0.590144 0.158654 0.050481
15 0.493990 0.543269 0.156250 0.057692
15 0.496394 0.495192 0.156250 0.052885
15 0.498798 0.449519 0.161058 0.057692
15 0.501202 0.402644 0.165865 0.050481
15 0.504808 0.355769 0.163462 0.062500
15 0.504808 0.305288 0.163462 0.062500
15 0.506010 0.254808 0.165865 0.062500
15 0.336538 0.639423 0.158654 0.052885
15 0.337740 0.596154 0.170673 0.052885
15 0.338942 0.546875 0.168269 0.055288
15 0.337740 0.498798 0.170673 0.055288
15 0.342548 0.449519 0.175481 0.057692
15 0.343750 0.400240 0.173077 0.060096
15 0.344952 0.353365 0.170673 0.057692
15 0.344952 0.301683 0.170673 0.064904
15 0.344952 0.250000 0.180288 0.062500
