15 0.745192 0.640625 0.067308 0.161058
15 0.694712 0.638221 0.072115 0.165865
15 0.644231 0.629808 0.062500 0.168269
15 0.592548 0.629808 0.060096 0.168269
15 0.542067 0.626202 0.060096 0.161058
15 0.490385 0.618990 0.062500 0.165865
15 0.442308 0.618990 0.062500 0.165865
15 0.397837 0.614183 0.064904 0.165865
15 0.348558 0.614183 0.057692 0.161058
15 0.754808 0.480769 0.062500 0.177885
15 0.699519 0.477163 0.072115 0.175481
15 0.646635 0.477163 0.067308 0.180288
15 0.593750 0.468750 0.062500 0.173077
15 0.543269 0.467548 0.067308 0.175481
15 0.490385 0.461538 0.067308 0.173077
15 0.441106 0.459135 0.064904 0.177885
15 0.391827 0.457933 0.062500 0.175481
15 0.342548 0.450721 0.064904 0.170673
