15 0.258413 0.353365 0.069712 0.168269
15 0.308894 0.355769 0.064904 0.163462
15 0.362981 0.362981 0.062500 0.168269
15 0.413462 0.364183 0.062500 0.165865
15 0.465144 0.371394 0.060096 0.165865
15 0.514423 0.375000 0.062500 0.163462
15 0.561298 0.381010 0.060096 0.161058
15 0.608173 0.379808 0.062500 0.163462
15 0.655048 0.385817 0.064904 0.161058
15 0.659856 0.549279 0.060096 0.165865
15 0.610577 0.539663 0.062500 0.175481
15 0.562500 0.540865 0.057692 0.182692
15 0.513221 0.538462 0.064904 0.163462
15 0.460337 0.533654 0.060096 0.173077
15 0.412260 0.528846 0.064904 0.182692
15 0.355769 0.524038 0.072115 0.173077
15 0.304087 0.519231 0.074519 0.173077
15 0.247596 0.515625 0.067308 0.165865
