15 0.737981 0.658654 0.062500 0.163462
15 0.685096 0.656250 0.067308 0.163462
15 0.634615 0.653846 0.067308 0.163462
15 0.581731 0.645433 0.062500 0.165865
15 0.534856 0.645433 0.064904 0.175481
15 0.484375 0.637019 0.060096 0.168269
15 0.435096 0.633413 0.062500 0.165865
15 0.387019 0.626202 0.062500 0.161058
15 0.340144 0.625000 0.060096 0.163462
15 0.746394 0.497596 0.064904 0.182692
15 0.692308 0.493990 0.067308 0.185096
15 0.638221 0.490385 0.064904 0.173077
15 0.587740 0.485577 0.064904 0.173077
15 0.537260 0.479567 0.060096 0.180288
15 0.486779 0.477163 0.064904 0.180288
15 0.436298 0.469952 0.069712 0.180288
15 0.387019 0.472356 0.067308 0.185096
15 0.336538 0.468750 0.062500 0.177885
