15 0.748798 0.503606 0.064904 0.156250
15 0.698317 0.508413 0.060096 0.156250
15 0.650240 0.506010 0.060096 0.161058
15 0.602163 0.501202 0.060096 0.161058
15 0.555288 0.498798 0.062500 0.161058
15 0.507212 0.498798 0.052885 0.156250
15 0.461538 0.497596 0.057692 0.158654
15 0.415865 0.493990 0.057692 0.156250
15 0.371394 0.491587 0.060096 0.156250
15 0.757212 0.348558 0.062500 0.173077
15 0.701923 0.349760 0.062500 0.175481
15 0.656250 0.344952 0.062500 0.180288
15 0.604567 0.341346 0.060096 0.173077
15 0.554087 0.341346 0.060096 0.173077
15 0.507212 0.344952 0.062500 0.175481
15 0.456731 0.341346 0.062500 0.177885
15 0.409856 0.337740 0.060096 0.175481
15 0.365385 0.340144 0.062500 0.170673
