15 0.664663 0.542067 0.060096 0.165865
15 0.612981 0.539663 0.067308 0.170673
15 0.566106 0.536058 0.060096 0.168269
15 0.513221 0.533654 0.064904 0.173077
15 0.462740 0.530048 0.064904 0.175481
15 0.411058 0.524038 0.062500 0.177885
15 0.359375 0.519231 0.069712 0.182692
15 0.307692 0.518029 0.062500 0.180288
15 0.252404 0.512019 0.067308 0.177885
15 0.658654 0.384615 0.062500 0.163462
15 0.609375 0.381010 0.060096 0.165865
15 0.561298 0.376202 0.064904 0.156250
15 0.515625 0.376202 0.060096 0.165865
15 0.467548 0.368990 0.055288 0.165865
15 0.415865 0.362981 0.062500 0.163462
15 0.364183 0.359375 0.064904 0.170673
15 0.313702 0.355769 0.064904 0.163462
15 0.259615 0.349760 0.067308 0.175481
