15 0.259615 0.498798 0.072115 0.170673
15 0.312500 0.496394 0.072115 0.175481
15 0.365385 0.491587 0.067308 0.180288
15 0.415865 0.486779 0.067308 0.165865
15 0.467548 0.481971 0.064904 0.170673
15 0.520433 0.479567 0.060096 0.165865
15 0.568510 0.475962 0.055288 0.173077
15 0.620192 0.473558 0.062500 0.168269
15 0.668269 0.467548 0.052885 0.165865
15 0.270433 0.659856 0.064904 0.165865
15 0.316106 0.655048 0.064904 0.165865
15 0.371394 0.653846 0.060096 0.163462
15 0.421875 0.645433 0.064904 0.156250
15 0.471154 0.645433 0.062500 0.161058
15 0.518029 0.638221 0.064904 0.156250
15 0.567308 0.635817 0.057692 0.156250
15 0.615385 0.623798 0.057692 0.151442
15 0.664663 0.622596 0.050481 0.149038
