15 0.546875 0.656250 0.175481 0.067308
15 0.544471 0.608173 0.180288 0.062500
15 0.540865 0.558894 0.182692 0.064904
15 0.536058 0.507212 0.182692 0.067308
15 0.531250 0.459135 0.177885 0.072115
15 0.532452 0.403846 0.180288 0.067308
15 0.525240 0.354567 0.180288 0.064904
15 0.521635 0.301683 0.182692 0.069712
15 0.515625 0.246394 0.185096 0.064904
15 0.389423 0.651442 0.163462 0.062500
15 0.388221 0.605769 0.165865 0.057692
15 0.382212 0.558894 0.163462 0.060096
15 0.381010 0.507212 0.165865 0.057692
15 0.373798 0.455529 0.165865 0.060096
15 0.371394 0.408654 0.165865 0.062500
15 0.365385 0.356971 0.168269 0.064904
15 0.360577 0.307692 0.168269 0.067308
15 0.354567 0.252404 0.165865 0.067308
