15 0.641827 0.751202 0.168269 0.064904
15 0.635817 0.694712 0.170673 0.062500
15 0.634615 0.644231 0.168269 0.057692
15 0.629808 0.592548 0.168269 0.060096
15 0.626202 0.543269 0.170673 0.057692
15 0.618990 0.493990 0.170673 0.060096
15 0.616587 0.444712 0.165865 0.062500
15 0.614183 0.400240 0.161058 0.064904
15 0.608173 0.349760 0.163462 0.060096
15 0.475962 0.753606 0.173077 0.069712
15 0.472356 0.700721 0.180288 0.064904
15 0.468750 0.647837 0.177885 0.069712
15 0.468750 0.594952 0.177885 0.064904
15 0.462740 0.543269 0.175481 0.062500
15 0.462740 0.490385 0.175481 0.062500
15 0.455529 0.439904 0.170673 0.062500
15 0.459135 0.390625 0.173077 0.064904
15 0.450721 0.343750 0.170673 0.067308
