15 0.650240 0.739183 0.170673 0.064904
15 0.644231 0.691106 0.163462 0.069712
15 0.641827 0.637019 0.163462 0.062500
15 0.637019 0.586538 0.163462 0.062500
15 0.631010 0.537260 0.165865 0.064904
15 0.626202 0.487981 0.170673 0.062500
15 0.620192 0.437500 0.163462 0.067308
15 0.617788 0.389423 0.158654 0.067308
15 0.617788 0.344952 0.158654 0.064904
15 0.485577 0.746394 0.177885 0.064904
15 0.480769 0.693510 0.187500 0.060096
15 0.474760 0.641827 0.189904 0.062500
15 0.473558 0.588942 0.182692 0.067308
15 0.467548 0.536058 0.175481 0.067308
15 0.463942 0.490385 0.177885 0.062500
15 0.462740 0.438702 0.180288 0.069712
15 0.462740 0.387019 0.180288 0.072115
15 0.460337 0.337740 0.170673 0.060096
