15 0.493990 0.627404 0.156250 0.052885
15 0.493990 0.582933 0.156250 0.050481
15 0.493990 0.537260 0.156250 0.055288
15 0.496394 0.489183 0.161058 0.050481
15 0.500000 0.442308 0.158654 0.057692
15 0.501202 0.395433 0.165865 0.055288
15 0.504808 0.348558 0.163462 0.057692
15 0.508413 0.300481 0.165865 0.062500
15 0.512019 0.247596 0.168269 0.057692
15 0.341346 0.634615 0.168269 0.052885
15 0.340144 0.588942 0.170673 0.057692
15 0.338942 0.539663 0.173077 0.060096
15 0.344952 0.492788 0.170673 0.057692
15 0.344952 0.442308 0.170673 0.057692
15 0.346154 0.396635 0.177885 0.062500
15 0.343750 0.344952 0.177885 0.064904
15 0.348558 0.295673 0.177885 0.067308
15 0.347356 0.243990 0.175481 0.060096
