15 0.664663 0.544471 0.069712 0.175481
15 0.618990 0.542067 0.064904 0.175481
15 0.566106 0.534856 0.064904 0.175481
15 0.515625 0.537260 0.060096 0.180288
15 0.467548 0.533654 0.064904 0.177885
15 0.415865 0.531250 0.067308 0.177885
15 0.364183 0.522837 0.064904 0.175481
15 0.310096 0.518029 0.067308 0.180288
15 0.256010 0.510817 0.074519 0.175481
15 0.657452 0.388221 0.060096 0.165865
15 0.611779 0.383413 0.064904 0.165865
15 0.566106 0.381010 0.069712 0.165865
15 0.514423 0.372596 0.062500 0.173077
15 0.468750 0.370192 0.062500 0.173077
15 0.417067 0.359375 0.064904 0.165865
15 0.365385 0.359375 0.062500 0.180288
15 0.317308 0.356971 0.062500 0.170673
15 0.259615 0.352163 0.062500 0.165865
