2 0.03245192307692308 0.203125 0.06009615384615385 0.030048076923076924
2 0.09014423076923077 0.20432692307692307 0.06009615384615385 0.030048076923076924
2 0.14903846153846154 0.20673076923076922 0.06129807692307692 0.030048076923076924
2 0.20793269230769232 0.20793269230769232 0.06009615384615385 0.028846153846153848
3 0.328125 0.2091346153846154 0.06129807692307692 0.03245192307692308
3 0.26802884615384615 0.21033653846153846 0.06129807692307692 0.030048076923076924
2 0.028846153846153848 0.234375 0.056490384615384616 0.03125
2 0.14302884615384615 0.23677884615384615 0.06129807692307692 0.03125
2 0.08413461538461539 0.23798076923076922 0.0625 0.030048076923076924
3 0.20552884615384615 0.23798076923076922 0.06009615384615385 0.03125
3 0.265625 0.23918269230769232 0.06009615384615385 0.028846153846153848
3 0.3269230769230769 0.24278846153846154 0.06009615384615385 0.03125
2 0.12379807692307693 0.03365384615384615 0.06370192307692307 0.036057692307692304
2 0.06370192307692307 0.036057692307692304 0.0625 0.036057692307692304
3 0.1814903846153846 0.037259615384615384 0.06129807692307692 0.03485576923076923
3 0.24158653846153846 0.037259615384615384 0.06129807692307692 0.03485576923076923
3 0.3016826923076923 0.037259615384615384 0.0625 0.03485576923076923
3 0.06129807692307692 0.3762019230769231 0.05889423076923077 0.037259615384615384
3 0.11899038461538461 0.375 0.06370192307692307 0.036057692307692304
3 0.18028846153846154 0.3762019230769231 0.06610576923076923 0.038461538461538464
3 0.23677884615384615 0.38221153846153844 0.06370192307692307 0.038461538461538464
3 0.35697115384615385 0.3858173076923077 0.06490384615384616 0.040865384615384616
3 0.056490384615384616 0.4074519230769231 0.054086538461538464 0.030048076923076924
3 0.17427884615384615 0.4110576923076923 0.06129807692307692 0.039663461538461536
3 0.11538461538461539 0.4098557692307692 0.06370192307692307 0.03485576923076923
3 0.234375 0.4170673076923077 0.06370192307692307 0.037259615384615384
3 0.29447115384615385 0.4182692307692308 0.06490384615384616 0.04326923076923077
3 0.3545673076923077 0.4182692307692308 0.06009615384615385 0.040865384615384616
3 0.052884615384615384 0.4387019230769231 0.06129807692307692 0.03245192307692308
3 0.11057692307692307 0.44350961538461536 0.05889423076923077 0.036057692307692304
3 0.171875 0.44591346153846156 0.06490384615384616 0.040865384615384616
3 0.23317307692307693 0.4483173076923077 0.06370192307692307 0.040865384615384616
3 0.29447115384615385 0.4519230769230769 0.06370192307692307 0.039663461538461536
3 0.35216346153846156 0.453125 0.0625 0.039663461538461536
3 0.07451923076923077 0.5757211538461539 0.0625 0.03485576923076923
3 0.1346153846153846 0.5817307692307693 0.0625 0.038461538461538464
3 0.19471153846153846 0.5841346153846154 0.0625 0.038461538461538464
2 0.25600961538461536 0.5877403846153846 0.06129807692307692 0.036057692307692304
2 0.3161057692307692 0.5913461538461539 0.06009615384615385 0.03365384615384615
3 0.375 0.59375 0.06009615384615385 0.03485576923076923
3 0.0733173076923077 0.6117788461538461 0.0625 0.037259615384615384
3 0.13341346153846154 0.6177884615384616 0.0625 0.037259615384615384
2 0.19110576923076922 0.6201923076923077 0.06129807692307692 0.037259615384615384
2 0.25240384615384615 0.6213942307692307 0.06129807692307692 0.036057692307692304
2 0.3125 0.6237980769230769 0.06129807692307692 0.03245192307692308
3 0.375 0.6262019230769231 0.0625 0.03365384615384615
2 0.06850961538461539 0.6454326923076923 0.0625 0.036057692307692304
2 0.12860576923076922 0.6526442307692307 0.06009615384615385 0.036057692307692304
2 0.18870192307692307 0.6538461538461539 0.06129807692307692 0.038461538461538464
3 0.25 0.6574519230769231 0.06129807692307692 0.037259615384615384
3 0.31009615384615385 0.6586538461538461 0.06009615384615385 0.036057692307692304
3 0.3701923076923077 0.6610576923076923 0.0625 0.036057692307692304
2 0.04807692307692308 0.78125 0.06129807692307692 0.03485576923076923
3 0.10817307692307693 0.7836538461538461 0.05889423076923077 0.036057692307692304
3 0.1658653846153846 0.7884615384615384 0.0625 0.038461538461538464
2 0.04447115384615385 0.8137019230769231 0.057692307692307696 0.038461538461538464
3 0.10216346153846154 0.8185096153846154 0.06129807692307692 0.038461538461538464
3 0.16105769230769232 0.8233173076923077 0.06129807692307692 0.03365384615384615
3 0.040865384615384616 0.8497596153846154 0.05889423076923077 0.039663461538461536
3 0.09975961538461539 0.8533653846153846 0.06129807692307692 0.039663461538461536
3 0.15865384615384615 0.8569711538461539 0.06009615384615385 0.038461538461538464
2 0.05048076923076923 0.9807692307692307 0.0625 0.038461538461538464
2 0.10817307692307693 0.9831730769230769 0.06009615384615385 0.03245192307692308
3 0.16947115384615385 0.984375 0.057692307692307696 0.030048076923076924
3 0.036057692307692304 0.17427884615384615 0.06009615384615385 0.03245192307692308
3 0.09375 0.17548076923076922 0.0625 0.03365384615384615
3 0.15384615384615385 0.17548076923076922 0.06009615384615385 0.03125
3 0.21153846153846154 0.17668269230769232 0.05889423076923077 0.03245192307692308
3 0.27283653846153844 0.1778846153846154 0.06009615384615385 0.03245192307692308
3 0.33052884615384615 0.1814903846153846 0.05889423076923077 0.03485576923076923