3 0.1971153846153846 0.19471153846153846 0.0625 0.03125
3 0.3161057692307692 0.19591346153846154 0.057692307692307696 0.027644230769230768
3 0.13701923076923078 0.1971153846153846 0.057692307692307696 0.03485576923076923
3 0.25721153846153844 0.1971153846153846 0.06009615384615385 0.030048076923076924
3 0.3737980769230769 0.1971153846153846 0.05889423076923077 0.03125
3 0.13341346153846154 0.22596153846153846 0.056490384615384616 0.030048076923076924
3 0.07572115384615384 0.22716346153846154 0.057692307692307696 0.03245192307692308
3 0.19110576923076922 0.22596153846153846 0.06129807692307692 0.030048076923076924
3 0.2512019230769231 0.22716346153846154 0.0625 0.03125
3 0.3112980769230769 0.2283653846153846 0.057692307692307696 0.03485576923076923
2 0.3713942307692308 0.23076923076923078 0.06009615384615385 0.03245192307692308
3 0.046875 0.359375 0.05889423076923077 0.03125
3 0.10576923076923077 0.3641826923076923 0.05889423076923077 0.03245192307692308
3 0.1658653846153846 0.36538461538461536 0.06009615384615385 0.036057692307692304
2 0.2247596153846154 0.36778846153846156 0.06009615384615385 0.036057692307692304
2 0.2848557692307692 0.36778846153846156 0.06009615384615385 0.03365384615384615
3 0.3449519230769231 0.36899038461538464 0.05889423076923077 0.03125
3 0.04567307692307692 0.3918269230769231 0.057692307692307696 0.03365384615384615
3 0.10216346153846154 0.3954326923076923 0.057692307692307696 0.03365384615384615
2 0.1622596153846154 0.39783653846153844 0.06129807692307692 0.03365384615384615
2 0.22235576923076922 0.4026442307692308 0.06009615384615385 0.03485576923076923
2 0.2824519230769231 0.4026442307692308 0.0625 0.03485576923076923
3 0.34375 0.40384615384615385 0.05889423076923077 0.03365384615384615
2 0.038461538461538464 0.4254807692307692 0.06009615384615385 0.036057692307692304
2 0.0985576923076923 0.43028846153846156 0.05889423076923077 0.03245192307692308
2 0.15865384615384615 0.43149038461538464 0.06129807692307692 0.03365384615384615
2 0.21754807692307693 0.4338942307692308 0.06129807692307692 0.03485576923076923
3 0.27884615384615385 0.4375 0.06129807692307692 0.03485576923076923
3 0.3389423076923077 0.4387019230769231 0.05889423076923077 0.03485576923076923
2 0.06610576923076923 0.5600961538461539 0.05889423076923077 0.03485576923076923
3 0.125 0.5637019230769231 0.05889423076923077 0.03485576923076923
3 0.18389423076923078 0.5673076923076923 0.06129807692307692 0.037259615384615384
2 0.2439903846153846 0.5697115384615384 0.06129807692307692 0.03485576923076923
2 0.30408653846153844 0.5721153846153846 0.06009615384615385 0.036057692307692304
0 0.3629807692307692 0.5757211538461539 0.06129807692307692 0.03485576923076923
2 0.06370192307692307 0.59375 0.05889423076923077 0.03245192307692308
3 0.12139423076923077 0.6021634615384616 0.05889423076923077 0.036057692307692304
2 0.18028846153846154 0.6045673076923077 0.06129807692307692 0.038461538461538464
2 0.2403846153846154 0.6045673076923077 0.06129807692307692 0.03245192307692308
2 0.3004807692307692 0.6057692307692307 0.06009615384615385 0.03245192307692308
0 0.36177884615384615 0.6081730769230769 0.06009615384615385 0.03365384615384615
2 0.06009615384615385 0.6286057692307693 0.057692307692307696 0.038461538461538464
2 0.11658653846153846 0.6358173076923077 0.05889423076923077 0.03365384615384615
2 0.1778846153846154 0.6394230769230769 0.0625 0.036057692307692304
2 0.23918269230769232 0.6394230769230769 0.05889423076923077 0.036057692307692304
2 0.2980769230769231 0.6394230769230769 0.0625 0.037259615384615384
3 0.3605769230769231 0.6430288461538461 0.0625 0.037259615384615384
1 0.03485576923076923 0.7620192307692307 0.06009615384615385 0.037259615384615384
2 0.09254807692307693 0.7680288461538461 0.056490384615384616 0.03485576923076923
3 0.1502403846153846 0.7740384615384616 0.06009615384615385 0.039663461538461536
3 0.20793269230769232 0.7740384615384616 0.056490384615384616 0.039663461538461536
3 0.2692307692307692 0.7752403846153846 0.06610576923076923 0.037259615384615384
3 0.3317307692307692 0.7788461538461539 0.06009615384615385 0.037259615384615384
3 0.39302884615384615 0.7824519230769231 0.06009615384615385 0.037259615384615384
2 0.030048076923076924 0.7980769230769231 0.06009615384615385 0.037259615384615384
2 0.09014423076923077 0.8016826923076923 0.057692307692307696 0.036057692307692304
3 0.14783653846153846 0.8112980769230769 0.05889423076923077 0.037259615384615384
3 0.26802884615384615 0.8125 0.06490384615384616 0.038461538461538464
3 0.20673076923076922 0.8137019230769231 0.057692307692307696 0.038461538461538464
3 0.3293269230769231 0.8149038461538461 0.06009615384615385 0.040865384615384616
3 0.3894230769230769 0.8185096153846154 0.06009615384615385 0.038461538461538464
2 0.027644230769230768 0.8329326923076923 0.055288461538461536 0.03365384615384615
3 0.08533653846153846 0.8377403846153846 0.05889423076923077 0.038461538461538464
3 0.1466346153846154 0.8449519230769231 0.0625 0.037259615384615384
3 0.20552884615384615 0.8485576923076923 0.05889423076923077 0.03365384615384615
3 0.26802884615384615 0.8509615384615384 0.06370192307692307 0.038461538461538464
3 0.3293269230769231 0.8521634615384616 0.06129807692307692 0.037259615384615384
3 0.3894230769230769 0.8557692307692307 0.06009615384615385 0.038461538461538464
3 0.0625 0.9675480769230769 0.056490384615384616 0.039663461538461536
3 0.12139423076923077 0.9711538461538461 0.06129807692307692 0.040865384615384616
3 0.18269230769230768 0.9759615384615384 0.05889423076923077 0.038461538461538464
3 0.24158653846153846 0.9795673076923077 0.057692307692307696 0.037259615384615384
2 0.296875 0.9807692307692307 0.06009615384615385 0.038461538461538464
2 0.3605769230769231 0.9819711538461539 0.06129807692307692 0.03485576923076923
3 0.421875 0.9819711538461539 0.0625 0.03485576923076923
3 0.10817307692307693 0.016826923076923076 0.0625 0.03365384615384615
3 0.08052884615384616 0.15985576923076922 0.06370192307692307 0.03125
3 0.140625 0.16346153846153846 0.05889423076923077 0.037259615384615384
3 0.19831730769230768 0.16466346153846154 0.06009615384615385 0.027644230769230768
3 0.3786057692307692 0.16346153846153846 0.05889423076923077 0.03485576923076923
3 0.3173076923076923 0.1658653846153846 0.05889423076923077 0.03125
3 0.25721153846153844 0.1658653846153846 0.0625 0.03125
3 0.29086538461538464 0.018028846153846152 0.06490384615384616 0.03485576923076923
3 0.35096153846153844 0.018028846153846152 0.0625 0.03485576923076923
3 0.052884615384615384 0.018028846153846152 0.057692307692307696 0.03245192307692308
2 0.16706730769230768 0.018028846153846152 0.06490384615384616 0.036057692307692304
2 0.23076923076923078 0.019230769230769232 0.06370192307692307 0.038461538461538464
3 0.078125 0.1935096153846154 0.06009615384615385 0.03245192307692308