3 0.24278846153846154 0.7800480769230769 0.057692307692307696 0.036057692307692304
3 0.30528846153846156 0.7788461538461539 0.06610576923076923 0.03485576923076923
3 0.3713942307692308 0.7884615384615384 0.0673076923076923 0.037259615384615384
2 0.4891826923076923 0.7920673076923077 0.06009615384615385 0.037259615384615384
3 0.4891826923076923 0.7920673076923077 0.06009615384615385 0.037259615384615384
3 0.4326923076923077 0.7932692307692307 0.056490384615384616 0.03485576923076923
2 0.5504807692307693 0.796875 0.06129807692307692 0.036057692307692304
2 0.6117788461538461 0.8016826923076923 0.06129807692307692 0.03365384615384615
2 0.6730769230769231 0.8028846153846154 0.06129807692307692 0.036057692307692304
2 0.7355769230769231 0.8064903846153846 0.06129807692307692 0.03485576923076923
2 0.7956730769230769 0.8100961538461539 0.06370192307692307 0.03125
3 0.2439903846153846 0.8125 0.057692307692307696 0.036057692307692304
2 0.8557692307692307 0.8137019230769231 0.0625 0.03365384615384615
3 0.30408653846153844 0.8137019230769231 0.06370192307692307 0.03485576923076923
2 0.9146634615384616 0.8161057692307693 0.06129807692307692 0.03485576923076923
3 0.36899038461538464 0.8233173076923077 0.06850961538461539 0.03245192307692308
3 0.42908653846153844 0.8257211538461539 0.056490384615384616 0.03485576923076923
2 0.49038461538461536 0.8257211538461539 0.057692307692307696 0.03485576923076923
2 0.5492788461538461 0.828125 0.06009615384615385 0.036057692307692304
0 0.609375 0.8329326923076923 0.06009615384615385 0.03245192307692308
1 0.671875 0.8353365384615384 0.0625 0.03125
2 0.7307692307692307 0.8401442307692307 0.06009615384615385 0.03125
0 0.7920673076923077 0.8401442307692307 0.06009615384615385 0.03245192307692308
2 0.8509615384615384 0.84375 0.06129807692307692 0.03125
2 0.9110576923076923 0.8449519230769231 0.05889423076923077 0.030048076923076924
3 0.2439903846153846 0.8449519230769231 0.056490384615384616 0.026442307692307692
3 0.30288461538461536 0.8497596153846154 0.0625 0.03485576923076923
3 0.3701923076923077 0.8569711538461539 0.0673076923076923 0.030048076923076924
3 0.43149038461538464 0.8581730769230769 0.056490384615384616 0.025240384615384616
2 0.48677884615384615 0.8605769230769231 0.055288461538461536 0.030048076923076924
2 0.546875 0.8605769230769231 0.06009615384615385 0.03125
2 0.609375 0.8641826923076923 0.06009615384615385 0.03245192307692308
2 0.6694711538461539 0.8689903846153846 0.06129807692307692 0.030048076923076924
2 0.7271634615384616 0.8689903846153846 0.05889423076923077 0.030048076923076924
2 0.7872596153846154 0.8725961538461539 0.06129807692307692 0.03125
2 0.8461538461538461 0.8737980769230769 0.05889423076923077 0.03245192307692308
2 0.90625 0.875 0.056490384615384616 0.03245192307692308