2 0.07692307692307693 0.24158653846153846 0.06009615384615385 0.03125
2 0.18990384615384615 0.24519230769230768 0.06009615384615385 0.03245192307692308
2 0.1310096153846154 0.24519230769230768 0.06129807692307692 0.03245192307692308
2 0.24879807692307693 0.24639423076923078 0.06129807692307692 0.03245192307692308
2 0.30649038461538464 0.24879807692307693 0.06129807692307692 0.03245192307692308
2 0.36658653846153844 0.2512019230769231 0.0625 0.03485576923076923
2 0.4266826923076923 0.2548076923076923 0.06129807692307692 0.03245192307692308
0 0.4879807692307692 0.2548076923076923 0.06129807692307692 0.03365384615384615
0 0.546875 0.25841346153846156 0.06009615384615385 0.03245192307692308
0 0.6069711538461539 0.2608173076923077 0.06129807692307692 0.037259615384615384
2 0.6670673076923077 0.265625 0.057692307692307696 0.03485576923076923
2 0.7271634615384616 0.26802884615384615 0.06129807692307692 0.03125
2 0.7872596153846154 0.27163461538461536 0.05889423076923077 0.03485576923076923
0 0.8473557692307693 0.27163461538461536 0.06009615384615385 0.03245192307692308
2 0.07091346153846154 0.27283653846153844 0.06129807692307692 0.03365384615384615
2 0.12740384615384615 0.2764423076923077 0.0625 0.03245192307692308
2 0.1875 0.2764423076923077 0.0625 0.030048076923076924
2 0.24639423076923078 0.2776442307692308 0.06129807692307692 0.03125
2 0.90625 0.2776442307692308 0.06009615384615385 0.03125
0 0.9675480769230769 0.2800480769230769 0.0625 0.03365384615384615
2 0.30408653846153844 0.2800480769230769 0.06129807692307692 0.03125
2 0.36538461538461536 0.2848557692307692 0.06129807692307692 0.03125
2 0.4230769230769231 0.28725961538461536 0.0625 0.030048076923076924
2 0.4855769230769231 0.28846153846153844 0.06129807692307692 0.03485576923076923
1 0.5456730769230769 0.2920673076923077 0.06129807692307692 0.03365384615384615
2 0.6069711538461539 0.29447115384615385 0.06009615384615385 0.030048076923076924
2 0.6658653846153846 0.29927884615384615 0.06009615384615385 0.03485576923076923
2 0.7271634615384616 0.3016826923076923 0.06129807692307692 0.03365384615384615
2 0.06610576923076923 0.30408653846153844 0.056490384615384616 0.030048076923076924
2 0.125 0.30528846153846156 0.06129807692307692 0.030048076923076924
2 0.7872596153846154 0.30649038461538464 0.05889423076923077 0.03365384615384615
2 0.8485576923076923 0.3076923076923077 0.06009615384615385 0.03245192307692308
1 0.18269230769230768 0.3088942307692308 0.06129807692307692 0.03245192307692308
2 0.9074519230769231 0.3112980769230769 0.05889423076923077 0.03125
2 0.24278846153846154 0.3112980769230769 0.06009615384615385 0.03245192307692308
2 0.96875 0.3112980769230769 0.06129807692307692 0.030048076923076924
2 0.3016826923076923 0.3137019230769231 0.0625 0.03485576923076923
2 0.36177884615384615 0.3161057692307692 0.0625 0.030048076923076924
2 0.4230769230769231 0.31850961538461536 0.06129807692307692 0.03485576923076923
2 0.484375 0.3233173076923077 0.06129807692307692 0.03245192307692308
2 0.5444711538461539 0.3269230769230769 0.06129807692307692 0.036057692307692304
2 0.6057692307692307 0.328125 0.0625 0.03485576923076923
2 0.6670673076923077 0.3329326923076923 0.06129807692307692 0.03245192307692308
2 0.7271634615384616 0.33413461538461536 0.06129807692307692 0.030048076923076924
2 0.7884615384615384 0.33774038461538464 0.06129807692307692 0.030048076923076924
2 0.8485576923076923 0.3389423076923077 0.05889423076923077 0.03245192307692308
2 0.9098557692307693 0.3401442307692308 0.0625 0.028846153846153848
2 0.9699519230769231 0.34375 0.05889423076923077 0.03485576923076923
2 0.04326923076923077 0.4326923076923077 0.057692307692307696 0.03365384615384615
0 0.10096153846153846 0.4362980769230769 0.057692307692307696 0.03365384615384615
2 0.15625 0.43990384615384615 0.05889423076923077 0.03245192307692308
2 0.21754807692307693 0.4411057692307692 0.06009615384615385 0.03485576923076923
2 0.27524038461538464 0.44471153846153844 0.06009615384615385 0.03485576923076923
1 0.33533653846153844 0.4483173076923077 0.06129807692307692 0.036057692307692304
2 0.17427884615384615 0.04567307692307692 0.06129807692307692 0.03245192307692308
2 0.3942307692307692 0.4519230769230769 0.06129807692307692 0.037259615384615384
2 0.4543269230769231 0.4543269230769231 0.06129807692307692 0.03365384615384615
2 0.5144230769230769 0.45552884615384615 0.06009615384615385 0.03125
0 0.5745192307692307 0.46033653846153844 0.06129807692307692 0.03485576923076923
0 0.6346153846153846 0.4639423076923077 0.0625 0.036057692307692304
0 0.6959134615384616 0.4639423076923077 0.06009615384615385 0.037259615384615384
1 0.037259615384615384 0.46634615384615385 0.06009615384615385 0.03485576923076923
2 0.09735576923076923 0.4675480769230769 0.06009615384615385 0.028846153846153848
2 0.23197115384615385 0.04807692307692308 0.06009615384615385 0.028846153846153848
2 0.28966346153846156 0.04807692307692308 0.06009615384615385 0.026442307692307692
2 0.7548076923076923 0.4699519230769231 0.06129807692307692 0.03365384615384615
2 0.15264423076923078 0.4699519230769231 0.05889423076923077 0.028846153846153848
2 0.2127403846153846 0.4723557692307692 0.06009615384615385 0.03125
2 0.8161057692307693 0.4735576923076923 0.06129807692307692 0.037259615384615384
0 0.8774038461538461 0.47716346153846156 0.06129807692307692 0.037259615384615384
2 0.9350961538461539 0.47716346153846156 0.06129807692307692 0.03485576923076923
2 0.27283653846153844 0.47716346153846156 0.0625 0.03245192307692308
1 0.33413461538461536 0.48197115384615385 0.06129807692307692 0.03365384615384615
2 0.390625 0.484375 0.06370192307692307 0.03125
2 0.3485576923076923 0.04927884615384615 0.05889423076923077 0.028846153846153848
0 0.5132211538461539 0.4879807692307692 0.06129807692307692 0.03485576923076923
0 0.4543269230769231 0.4891826923076923 0.06129807692307692 0.037259615384615384
0 0.5733173076923077 0.49399038461538464 0.06129807692307692 0.03485576923076923
2 0.6358173076923077 0.4987980769230769 0.06129807692307692 0.03365384615384615
2 0.03365384615384615 0.5 0.06009615384615385 0.03125
2 0.6947115384615384 0.5 0.06129807692307692 0.036057692307692304
2 0.09134615384615384 0.5 0.05889423076923077 0.036057692307692304
1 0.1502403846153846 0.5036057692307693 0.056490384615384616 0.037259615384615384
2 0.7560096153846154 0.5048076923076923 0.06129807692307692 0.036057692307692304
0 0.21033653846153846 0.5084134615384616 0.06009615384615385 0.036057692307692304
2 0.8161057692307693 0.5084134615384616 0.06129807692307692 0.03245192307692308
2 0.8774038461538461 0.5108173076923077 0.06129807692307692 0.030048076923076924
2 0.2692307692307692 0.5108173076923077 0.06490384615384616 0.037259615384615384
0 0.9350961538461539 0.5120192307692307 0.05889423076923077 0.036057692307692304
0 0.3293269230769231 0.515625 0.06129807692307692 0.038461538461538464
2 0.3894230769230769 0.5204326923076923 0.06370192307692307 0.040865384615384616
2 0.45072115384615385 0.5240384615384616 0.06370192307692307 0.036057692307692304
2 0.5132211538461539 0.5252403846153846 0.06370192307692307 0.038461538461538464
2 0.40865384615384615 0.052884615384615384 0.06009615384615385 0.03125
2 0.5733173076923077 0.5288461538461539 0.0625 0.037259615384615384
2 0.6334134615384616 0.5336538461538461 0.06129807692307692 0.036057692307692304
2 0.6947115384615384 0.5372596153846154 0.0625 0.03485576923076923
2 0.7560096153846154 0.5420673076923077 0.0625 0.037259615384615384
0 0.8161057692307693 0.5408653846153846 0.0625 0.036057692307692304
0 0.8774038461538461 0.5444711538461539 0.06129807692307692 0.038461538461538464
2 0.4675480769230769 0.055288461538461536 0.06009615384615385 0.030048076923076924
2 0.5276442307692307 0.056490384615384616 0.06009615384615385 0.030048076923076924
2 0.9375 0.546875 0.0625 0.038461538461538464
2 0.5877403846153846 0.06009615384615385 0.06009615384615385 0.030048076923076924
2 0.6466346153846154 0.06129807692307692 0.06129807692307692 0.028846153846153848
2 0.06490384615384616 0.6382211538461539 0.06129807692307692 0.03485576923076923
2 0.12139423076923077 0.640625 0.06009615384615385 0.03485576923076923
2 0.7067307692307693 0.06610576923076923 0.06009615384615385 0.03125
2 0.1814903846153846 0.6454326923076923 0.0625 0.03365384615384615
2 0.23918269230769232 0.6490384615384616 0.05889423076923077 0.036057692307692304
2 0.296875 0.6514423076923077 0.06009615384615385 0.037259615384615384
0 0.3581730769230769 0.6538461538461539 0.06009615384615385 0.038461538461538464
0 0.4170673076923077 0.6550480769230769 0.0625 0.039663461538461536
2 0.47836538461538464 0.6598557692307693 0.05889423076923077 0.03365384615384615
2 0.5384615384615384 0.6622596153846154 0.06129807692307692 0.036057692307692304
1 0.6009615384615384 0.6670673076923077 0.06129807692307692 0.036057692307692304
1 0.6598557692307693 0.6694711538461539 0.06129807692307692 0.038461538461538464
2 0.06129807692307692 0.671875 0.06009615384615385 0.03245192307692308
2 0.11899038461538461 0.6766826923076923 0.0625 0.03245192307692308
2 0.7223557692307693 0.6766826923076923 0.05889423076923077 0.036057692307692304
2 0.1778846153846154 0.6778846153846154 0.06129807692307692 0.03125
2 0.7800480769230769 0.6766826923076923 0.06009615384615385 0.037259615384615384
2 0.9002403846153846 0.6802884615384616 0.06009615384615385 0.037259615384615384
2 0.8413461538461539 0.6802884615384616 0.06009615384615385 0.036057692307692304
2 0.7668269230769231 0.06971153846153846 0.05889423076923077 0.030048076923076924
2 0.23798076923076922 0.6850961538461539 0.0625 0.03365384615384615
0 0.9603365384615384 0.6838942307692307 0.06129807692307692 0.036057692307692304
2 0.296875 0.6850961538461539 0.06370192307692307 0.03485576923076923
2 0.35697115384615385 0.6899038461538461 0.0625 0.036057692307692304
2 0.41586538461538464 0.6923076923076923 0.06129807692307692 0.038461538461538464
2 0.47716346153846156 0.6959134615384616 0.06129807692307692 0.036057692307692304
2 0.5384615384615384 0.6995192307692307 0.06009615384615385 0.039663461538461536
2 0.5997596153846154 0.7043269230769231 0.06129807692307692 0.040865384615384616
2 0.6598557692307693 0.7055288461538461 0.06009615384615385 0.040865384615384616
0 0.057692307692307696 0.7055288461538461 0.05889423076923077 0.03485576923076923
2 0.11538461538461539 0.7103365384615384 0.06129807692307692 0.03365384615384615
2 0.7199519230769231 0.7115384615384616 0.0625 0.03365384615384615
2 0.17427884615384615 0.7127403846153846 0.06129807692307692 0.036057692307692304
2 0.78125 0.7151442307692307 0.06009615384615385 0.036057692307692304
2 0.8413461538461539 0.7175480769230769 0.06009615384615385 0.037259615384615384
2 0.23317307692307693 0.71875 0.06370192307692307 0.03365384615384615
2 0.9014423076923077 0.7199519230769231 0.06009615384615385 0.037259615384615384
2 0.29447115384615385 0.7199519230769231 0.0625 0.03485576923076923
2 0.9627403846153846 0.7211538461538461 0.06129807692307692 0.036057692307692304
2 0.8269230769230769 0.0733173076923077 0.06009615384615385 0.028846153846153848
2 0.35336538461538464 0.7247596153846154 0.06370192307692307 0.038461538461538464
2 0.41346153846153844 0.7307692307692307 0.06129807692307692 0.036057692307692304
2 0.47596153846153844 0.734375 0.06129807692307692 0.039663461538461536
2 0.5372596153846154 0.7379807692307693 0.06129807692307692 0.03485576923076923
2 0.5985576923076923 0.7415865384615384 0.0625 0.03485576923076923
2 0.2283653846153846 0.07451923076923077 0.06129807692307692 0.027644230769230768
2 0.17067307692307693 0.07572115384615384 0.06009615384615385 0.025240384615384616
2 0.8870192307692307 0.07572115384615384 0.06129807692307692 0.030048076923076924
0 0.28725961538461536 0.07572115384615384 0.06129807692307692 0.030048076923076924
2 0.6598557692307693 0.7439903846153846 0.06009615384615385 0.03365384615384615
2 0.7199519230769231 0.7475961538461539 0.06129807692307692 0.03365384615384615
2 0.7824519230769231 0.7512019230769231 0.06129807692307692 0.03365384615384615
2 0.8425480769230769 0.7536057692307693 0.06129807692307692 0.03365384615384615
2 0.9026442307692307 0.7548076923076923 0.05889423076923077 0.037259615384615384
0 0.9627403846153846 0.7572115384615384 0.0625 0.038461538461538464
0 0.34615384615384615 0.078125 0.06129807692307692 0.030048076923076924
2 0.9459134615384616 0.08052884615384616 0.06129807692307692 0.028846153846153848
2 0.4074519230769231 0.08173076923076923 0.06129807692307692 0.03125
2 0.028846153846153848 0.8341346153846154 0.057692307692307696 0.03365384615384615
2 0.0889423076923077 0.8401442307692307 0.05889423076923077 0.03485576923076923
2 0.46634615384615385 0.08413461538461539 0.06009615384615385 0.027644230769230768
2 0.5264423076923077 0.08413461538461539 0.06129807692307692 0.026442307692307692
2 0.5865384615384616 0.08533653846153846 0.06009615384615385 0.025240384615384616
2 0.1466346153846154 0.8413461538461539 0.05889423076923077 0.03125
0 0.20432692307692307 0.8473557692307693 0.057692307692307696 0.037259615384615384
2 0.26322115384615385 0.8485576923076923 0.057692307692307696 0.04567307692307692
2 0.32211538461538464 0.8521634615384616 0.06009615384615385 0.04326923076923077
0 0.38100961538461536 0.859375 0.06009615384615385 0.03365384615384615
2 0.4423076923076923 0.8629807692307693 0.06009615384615385 0.03365384615384615
2 0.5012019230769231 0.8653846153846154 0.06009615384615385 0.036057692307692304
0 0.5625 0.8665865384615384 0.06129807692307692 0.038461538461538464
1 0.6225961538461539 0.8713942307692307 0.06009615384615385 0.038461538461538464
2 0.028846153846153848 0.8725961538461539 0.056490384615384616 0.038461538461538464
1 0.6838942307692307 0.8737980769230769 0.06009615384615385 0.039663461538461536
2 0.08533653846153846 0.8725961538461539 0.05889423076923077 0.03365384615384615
2 0.7427884615384616 0.8774038461538461 0.06129807692307692 0.036057692307692304
2 0.8028846153846154 0.8786057692307693 0.06129807692307692 0.038461538461538464
4 0.14302884615384615 0.8786057692307693 0.057692307692307696 0.039663461538461536
0 0.8617788461538461 0.8798076923076923 0.06009615384615385 0.040865384615384616
2 0.20192307692307693 0.8834134615384616 0.05889423076923077 0.037259615384615384
2 0.9206730769230769 0.8846153846153846 0.0625 0.038461538461538464
2 0.2608173076923077 0.8894230769230769 0.06009615384615385 0.036057692307692304
2 0.31971153846153844 0.8918269230769231 0.06129807692307692 0.038461538461538464
2 0.3798076923076923 0.8942307692307693 0.06009615384615385 0.03365384615384615
2 0.4411057692307692 0.8954326923076923 0.06129807692307692 0.03365384615384615
2 0.6466346153846154 0.09014423076923077 0.06009615384615385 0.028846153846153848
2 0.5012019230769231 0.9014423076923077 0.05889423076923077 0.037259615384615384
2 0.5612980769230769 0.9038461538461539 0.06009615384615385 0.03365384615384615
2 0.6213942307692307 0.90625 0.06129807692307692 0.03485576923076923
2 0.027644230769230768 0.9086538461538461 0.055288461538461536 0.036057692307692304
1 0.08173076923076923 0.9110576923076923 0.06009615384615385 0.037259615384615384
2 0.6826923076923077 0.9110576923076923 0.06129807692307692 0.036057692307692304
2 0.7427884615384616 0.9134615384615384 0.06129807692307692 0.037259615384615384
2 0.8028846153846154 0.9170673076923077 0.06129807692307692 0.03365384615384615
2 0.140625 0.9170673076923077 0.05889423076923077 0.037259615384615384
2 0.8629807692307693 0.9182692307692307 0.06009615384615385 0.036057692307692304
0 0.19951923076923078 0.9206730769230769 0.057692307692307696 0.039663461538461536
2 0.921875 0.921875 0.06009615384615385 0.03485576923076923
0 0.25961538461538464 0.9242788461538461 0.06009615384615385 0.040865384615384616
2 0.31971153846153844 0.9290865384615384 0.06129807692307692 0.038461538461538464
2 0.4411057692307692 0.9302884615384616 0.05889423076923077 0.036057692307692304
2 0.3798076923076923 0.9314903846153846 0.06129807692307692 0.038461538461538464
2 0.5 0.9387019230769231 0.0625 0.037259615384615384
0 0.5612980769230769 0.9411057692307693 0.06009615384615385 0.04326923076923077
2 0.6201923076923077 0.9435096153846154 0.06370192307692307 0.039663461538461536
2 0.6826923076923077 0.9459134615384616 0.06129807692307692 0.037259615384615384
2 0.7427884615384616 0.9507211538461539 0.06129807692307692 0.038461538461538464
2 0.8040865384615384 0.9519230769230769 0.06129807692307692 0.036057692307692304
2 0.8641826923076923 0.9543269230769231 0.0625 0.038461538461538464
2 0.7067307692307693 0.09615384615384616 0.06129807692307692 0.028846153846153848
2 0.9230769230769231 0.9579326923076923 0.06129807692307692 0.037259615384615384
2 0.7680288461538461 0.09735576923076923 0.06129807692307692 0.027644230769230768
2 0.828125 0.10096153846153846 0.06009615384615385 0.026442307692307692
2 0.16706730769230768 0.10216346153846154 0.05889423076923077 0.030048076923076924
2 0.8870192307692307 0.1045673076923077 0.0625 0.025240384615384616
1 0.2247596153846154 0.1045673076923077 0.06129807692307692 0.030048076923076924
2 0.28365384615384615 0.10576923076923077 0.06129807692307692 0.03125
2 0.9483173076923077 0.10697115384615384 0.06129807692307692 0.026442307692307692
2 0.3449519230769231 0.10697115384615384 0.06129807692307692 0.03125
2 0.4050480769230769 0.11057692307692307 0.0625 0.03125
2 0.5252403846153846 0.11298076923076923 0.06129807692307692 0.03125
2 0.4651442307692308 0.1141826923076923 0.06129807692307692 0.03245192307692308
2 0.5853365384615384 0.1141826923076923 0.06129807692307692 0.030048076923076924
2 0.6466346153846154 0.11778846153846154 0.06129807692307692 0.028846153846153848
2 0.7067307692307693 0.125 0.06129807692307692 0.03245192307692308
2 0.7692307692307693 0.12860576923076922 0.0625 0.03365384615384615
2 0.8305288461538461 0.12860576923076922 0.06009615384615385 0.03125
2 0.8894230769230769 0.13221153846153846 0.0625 0.030048076923076924
2 0.9495192307692307 0.13701923076923078 0.06129807692307692 0.03125