2 0.08774038461538461 0.24158653846153846 0.05889423076923077 0.030048076923076924
4 0.26322115384615385 0.24278846153846154 0.06009615384615385 0.03125
0 0.32211538461538464 0.24158653846153846 0.06009615384615385 0.03125
2 0.203125 0.24278846153846154 0.06009615384615385 0.03365384615384615
2 0.1466346153846154 0.24278846153846154 0.06129807692307692 0.03365384615384615
1 0.38100961538461536 0.2439903846153846 0.05889423076923077 0.03125
2 0.5024038461538461 0.24759615384615385 0.06009615384615385 0.028846153846153848
2 0.4411057692307692 0.25 0.06129807692307692 0.030048076923076924
0 0.5637019230769231 0.25 0.06129807692307692 0.03245192307692308
2 0.6225961538461539 0.25 0.06129807692307692 0.03245192307692308
2 0.6838942307692307 0.2548076923076923 0.06129807692307692 0.03245192307692308
2 0.7439903846153846 0.25721153846153844 0.06009615384615385 0.03245192307692308
2 0.8040865384615384 0.25721153846153844 0.06129807692307692 0.03365384615384615
1 0.8641826923076923 0.25841346153846156 0.06009615384615385 0.03245192307692308
2 0.9254807692307693 0.2608173076923077 0.06009615384615385 0.028846153846153848
2 0.08413461538461539 0.2692307692307692 0.06129807692307692 0.026442307692307692
2 0.20192307692307693 0.27283653846153844 0.0625 0.030048076923076924
2 0.14182692307692307 0.27283653846153844 0.06129807692307692 0.030048076923076924
2 0.25961538461538464 0.27403846153846156 0.06009615384615385 0.03245192307692308
2 0.32091346153846156 0.27283653846153844 0.05889423076923077 0.03485576923076923
2 0.38100961538461536 0.2776442307692308 0.06129807692307692 0.03125
2 0.5012019230769231 0.2776442307692308 0.06129807692307692 0.027644230769230768
2 0.43990384615384615 0.27884615384615385 0.06129807692307692 0.030048076923076924
2 0.5612980769230769 0.28365384615384615 0.06009615384615385 0.037259615384615384
2 0.6225961538461539 0.2848557692307692 0.06129807692307692 0.036057692307692304
2 0.6838942307692307 0.2860576923076923 0.06129807692307692 0.03245192307692308
2 0.9254807692307693 0.28966346153846156 0.06009615384615385 0.027644230769230768
2 0.8052884615384616 0.29086538461538464 0.06129807692307692 0.030048076923076924
2 0.7439903846153846 0.29086538461538464 0.06129807692307692 0.03365384615384615
2 0.8665865384615384 0.29086538461538464 0.06129807692307692 0.030048076923076924
2 0.07932692307692307 0.3016826923076923 0.06370192307692307 0.039663461538461536
2 0.13581730769230768 0.3004807692307692 0.0625 0.039663461538461536
2 0.1971153846153846 0.30408653846153844 0.0625 0.03485576923076923
2 0.25721153846153844 0.30649038461538464 0.06129807692307692 0.03365384615384615
2 0.3173076923076923 0.3088942307692308 0.0625 0.03485576923076923
2 0.37740384615384615 0.3088942307692308 0.06009615384615385 0.036057692307692304
2 0.43990384615384615 0.3088942307692308 0.0625 0.03245192307692308
2 0.5012019230769231 0.3125 0.06129807692307692 0.038461538461538464
2 0.5612980769230769 0.3173076923076923 0.06129807692307692 0.030048076923076924
2 0.6213942307692307 0.3173076923076923 0.06129807692307692 0.030048076923076924
2 0.6838942307692307 0.31850961538461536 0.06129807692307692 0.036057692307692304
2 0.8064903846153846 0.32211538461538464 0.06129807692307692 0.03485576923076923
2 0.8677884615384616 0.32211538461538464 0.06009615384615385 0.03365384615384615
2 0.7451923076923077 0.3233173076923077 0.06129807692307692 0.03485576923076923
2 0.9278846153846154 0.3233173076923077 0.06009615384615385 0.037259615384615384
2 0.07211538461538461 0.04326923076923077 0.05889423076923077 0.028846153846153848
0 0.1875 0.04326923076923077 0.05889423076923077 0.028846153846153848
0 0.12980769230769232 0.04326923076923077 0.057692307692307696 0.027644230769230768
0 0.24639423076923078 0.04447115384615385 0.06129807692307692 0.028846153846153848
2 0.30528846153846156 0.04567307692307692 0.057692307692307696 0.028846153846153848
2 0.056490384615384616 0.4375 0.06129807692307692 0.030048076923076924
1 0.11538461538461539 0.43990384615384615 0.05889423076923077 0.03365384615384615
0 0.17307692307692307 0.4411057692307692 0.05889423076923077 0.03365384615384615
2 0.23197115384615385 0.4411057692307692 0.06009615384615385 0.03125
2 0.35096153846153844 0.44350961538461536 0.06009615384615385 0.03245192307692308
2 0.28966346153846156 0.44471153846153844 0.06129807692307692 0.030048076923076924
1 0.4098557692307692 0.44471153846153844 0.06129807692307692 0.03365384615384615
2 0.47115384615384615 0.4483173076923077 0.06129807692307692 0.03365384615384615
2 0.53125 0.4483173076923077 0.06009615384615385 0.03485576923076923
2 0.3641826923076923 0.04567307692307692 0.06009615384615385 0.028846153846153848
2 0.5925480769230769 0.45072115384615385 0.06009615384615385 0.03485576923076923
2 0.6526442307692307 0.4519230769230769 0.06129807692307692 0.03245192307692308
2 0.7127403846153846 0.4543269230769231 0.06009615384615385 0.03245192307692308
2 0.7728365384615384 0.4579326923076923 0.06129807692307692 0.03245192307692308
1 0.8353365384615384 0.45913461538461536 0.06129807692307692 0.036057692307692304
2 0.8954326923076923 0.46033653846153844 0.06009615384615385 0.03245192307692308
2 0.9543269230769231 0.46274038461538464 0.05889423076923077 0.03365384615384615
2 0.054086538461538464 0.46875 0.06490384615384616 0.03245192307692308
2 0.42427884615384615 0.046875 0.06009615384615385 0.030048076923076924
2 0.4831730769230769 0.04807692307692308 0.06129807692307692 0.030048076923076924
2 0.5444711538461539 0.04927884615384615 0.06009615384615385 0.028846153846153848
2 0.11177884615384616 0.4723557692307692 0.057692307692307696 0.03125
2 0.16826923076923078 0.4735576923076923 0.05889423076923077 0.03245192307692308
2 0.28846153846153844 0.47596153846153844 0.06009615384615385 0.03245192307692308
2 0.22956730769230768 0.47596153846153844 0.06490384615384616 0.03365384615384615
2 0.3473557692307692 0.4795673076923077 0.06129807692307692 0.036057692307692304
2 0.40865384615384615 0.47836538461538464 0.0625 0.03485576923076923
2 0.4699519230769231 0.48197115384615385 0.0625 0.03365384615384615
2 0.5300480769230769 0.48197115384615385 0.06129807692307692 0.030048076923076924
2 0.5913461538461539 0.484375 0.06129807692307692 0.030048076923076924
2 0.6538461538461539 0.48677884615384615 0.0625 0.03485576923076923
2 0.7151442307692307 0.48677884615384615 0.06129807692307692 0.03245192307692308
2 0.6045673076923077 0.04927884615384615 0.06009615384615385 0.028846153846153848
2 0.7740384615384616 0.4891826923076923 0.06129807692307692 0.028846153846153848
2 0.8353365384615384 0.49399038461538464 0.0625 0.03485576923076923
2 0.8966346153846154 0.49399038461538464 0.0625 0.036057692307692304
2 0.9567307692307693 0.4963942307692308 0.06129807692307692 0.03485576923076923
2 0.04807692307692308 0.5012019230769231 0.06370192307692307 0.03485576923076923
2 0.10697115384615384 0.5060096153846154 0.06129807692307692 0.036057692307692304
2 0.16826923076923078 0.5072115384615384 0.06009615384615385 0.03485576923076923
2 0.6646634615384616 0.05048076923076923 0.06129807692307692 0.03125
2 0.22596153846153846 0.5084134615384616 0.06370192307692307 0.03245192307692308
2 0.2860576923076923 0.5096153846153846 0.06009615384615385 0.036057692307692304
2 0.34615384615384615 0.5132211538461539 0.06129807692307692 0.03485576923076923
2 0.4074519230769231 0.5144230769230769 0.0625 0.03245192307692308
2 0.53125 0.5144230769230769 0.0625 0.03365384615384615
2 0.4699519230769231 0.5144230769230769 0.06129807692307692 0.03245192307692308
2 0.5913461538461539 0.515625 0.06129807692307692 0.03485576923076923
2 0.6550480769230769 0.5204326923076923 0.0625 0.03245192307692308
2 0.7151442307692307 0.5204326923076923 0.06129807692307692 0.038461538461538464
2 0.7776442307692307 0.5240384615384616 0.0625 0.036057692307692304
2 0.8365384615384616 0.5264423076923077 0.06370192307692307 0.037259615384615384
2 0.7235576923076923 0.054086538461538464 0.06009615384615385 0.03125
2 0.9591346153846154 0.53125 0.06129807692307692 0.03125
2 0.8966346153846154 0.5300480769230769 0.0625 0.03365384615384615
1 0.7848557692307693 0.055288461538461536 0.05889423076923077 0.028846153846153848
2 0.84375 0.057692307692307696 0.06009615384615385 0.028846153846153848
2 0.9038461538461539 0.05889423076923077 0.06009615384615385 0.03125
2 0.9627403846153846 0.0625 0.06009615384615385 0.030048076923076924
2 0.08413461538461539 0.6430288461538461 0.056490384615384616 0.03365384615384615
2 0.14182692307692307 0.6442307692307693 0.06009615384615385 0.03365384615384615
2 0.20192307692307693 0.6466346153846154 0.057692307692307696 0.036057692307692304
2 0.25961538461538464 0.6490384615384616 0.05889423076923077 0.036057692307692304
2 0.32091346153846156 0.6502403846153846 0.06129807692307692 0.03485576923076923
2 0.3798076923076923 0.6502403846153846 0.06009615384615385 0.036057692307692304
0 0.43990384615384615 0.6526442307692307 0.06009615384615385 0.03245192307692308
2 0.5 0.65625 0.06009615384615385 0.03485576923076923
2 0.5600961538461539 0.6586538461538461 0.06009615384615385 0.036057692307692304
2 0.6213942307692307 0.6622596153846154 0.06129807692307692 0.03485576923076923
2 0.6826923076923077 0.6646634615384616 0.0625 0.03485576923076923
2 0.8040865384615384 0.6658653846153846 0.06129807692307692 0.030048076923076924
2 0.7439903846153846 0.6658653846153846 0.06009615384615385 0.03365384615384615
0 0.8641826923076923 0.6670673076923077 0.05889423076923077 0.03485576923076923
0 0.9230769230769231 0.6694711538461539 0.0625 0.03365384615384615
2 0.08052884615384616 0.6754807692307693 0.05889423076923077 0.03125
2 0.13942307692307693 0.6766826923076923 0.06129807692307692 0.03245192307692308
2 0.19591346153846154 0.6802884615384616 0.06129807692307692 0.03245192307692308
2 0.25721153846153844 0.6826923076923077 0.06009615384615385 0.03245192307692308
2 0.3173076923076923 0.6862980769230769 0.06009615384615385 0.036057692307692304
2 0.37740384615384615 0.6850961538461539 0.0625 0.03485576923076923
0 0.4375 0.6875 0.06009615384615385 0.038461538461538464
2 0.49759615384615385 0.6911057692307693 0.0625 0.036057692307692304
2 0.5600961538461539 0.6935096153846154 0.06009615384615385 0.036057692307692304
2 0.6826923076923077 0.6971153846153846 0.06129807692307692 0.03125
2 0.6201923076923077 0.6971153846153846 0.06009615384615385 0.03485576923076923
2 0.8040865384615384 0.6983173076923077 0.06129807692307692 0.03245192307692308
2 0.7427884615384616 0.6995192307692307 0.06009615384615385 0.03245192307692308
2 0.9242788461538461 0.7007211538461539 0.05889423076923077 0.03125
2 0.8641826923076923 0.703125 0.06129807692307692 0.03485576923076923
2 0.12620192307692307 0.07091346153846154 0.05889423076923077 0.030048076923076924
2 0.07692307692307693 0.7079326923076923 0.06009615384615385 0.036057692307692304
2 0.13581730769230768 0.7115384615384616 0.05889423076923077 0.039663461538461536
2 0.19471153846153846 0.7127403846153846 0.06129807692307692 0.037259615384615384
2 0.2548076923076923 0.7139423076923077 0.06009615384615385 0.03365384615384615
2 0.31490384615384615 0.71875 0.06009615384615385 0.03485576923076923
2 0.375 0.7199519230769231 0.0625 0.037259615384615384
2 0.4375 0.7235576923076923 0.0625 0.036057692307692304
2 0.18269230769230768 0.0733173076923077 0.06009615384615385 0.028846153846153848
2 0.06610576923076923 0.0733173076923077 0.06129807692307692 0.03245192307692308
2 0.30408653846153844 0.07451923076923077 0.06129807692307692 0.027644230769230768
2 0.49759615384615385 0.7235576923076923 0.0625 0.03365384615384615
2 0.5588942307692307 0.7283653846153846 0.0625 0.03125
2 0.6826923076923077 0.7319711538461539 0.0625 0.03485576923076923
2 0.6213942307692307 0.7319711538461539 0.06009615384615385 0.03485576923076923
2 0.7439903846153846 0.7331730769230769 0.05889423076923077 0.037259615384615384
2 0.8040865384615384 0.7331730769230769 0.06129807692307692 0.036057692307692304
2 0.8653846153846154 0.7367788461538461 0.06129807692307692 0.037259615384615384
2 0.9254807692307693 0.7379807692307693 0.057692307692307696 0.038461538461538464
2 0.36177884615384615 0.07451923076923077 0.06129807692307692 0.027644230769230768
2 0.2439903846153846 0.0733173076923077 0.06009615384615385 0.030048076923076924
2 0.42427884615384615 0.07692307692307693 0.06009615384615385 0.028846153846153848
2 0.4831730769230769 0.07692307692307693 0.06129807692307692 0.030048076923076924
2 0.5432692307692307 0.078125 0.06129807692307692 0.030048076923076924
2 0.6045673076923077 0.07932692307692307 0.06129807692307692 0.030048076923076924
2 0.6646634615384616 0.0829326923076923 0.06009615384615385 0.028846153846153848
2 0.7247596153846154 0.0829326923076923 0.06129807692307692 0.030048076923076924
1 0.054086538461538464 0.8377403846153846 0.057692307692307696 0.03485576923076923
2 0.11057692307692307 0.8389423076923077 0.06009615384615385 0.037259615384615384
2 0.7848557692307693 0.08533653846153846 0.06129807692307692 0.030048076923076924
2 0.16826923076923078 0.8401442307692307 0.057692307692307696 0.03245192307692308
0 0.22716346153846154 0.8413461538461539 0.06129807692307692 0.03125
2 0.28725961538461536 0.8461538461538461 0.06129807692307692 0.027644230769230768
2 0.34615384615384615 0.8473557692307693 0.06009615384615385 0.027644230769230768
2 0.4050480769230769 0.8509615384615384 0.06129807692307692 0.030048076923076924
0 0.46634615384615385 0.8521634615384616 0.06009615384615385 0.028846153846153848
0 0.5252403846153846 0.8521634615384616 0.06009615384615385 0.028846153846153848
2 0.5877403846153846 0.8569711538461539 0.06009615384615385 0.03125
1 0.6466346153846154 0.8581730769230769 0.06129807692307692 0.03125
2 0.8449519230769231 0.08533653846153846 0.06129807692307692 0.030048076923076924
2 0.90625 0.08774038461538461 0.0625 0.026442307692307692
0 0.7067307692307693 0.859375 0.06009615384615385 0.027644230769230768
2 0.7680288461538461 0.8653846153846154 0.06129807692307692 0.036057692307692304
2 0.8882211538461539 0.8689903846153846 0.06009615384615385 0.038461538461538464
2 0.9483173076923077 0.8713942307692307 0.06129807692307692 0.039663461538461536
2 0.828125 0.8701923076923077 0.06129807692307692 0.038461538461538464
2 0.05048076923076923 0.8713942307692307 0.05889423076923077 0.03245192307692308
2 0.2247596153846154 0.8713942307692307 0.06129807692307692 0.03245192307692308
2 0.1658653846153846 0.8737980769230769 0.0625 0.03125
2 0.109375 0.8725961538461539 0.06129807692307692 0.03485576923076923
2 0.28365384615384615 0.875 0.06370192307692307 0.036057692307692304
2 0.34375 0.8774038461538461 0.0625 0.038461538461538464
2 0.9651442307692307 0.0889423076923077 0.06009615384615385 0.026442307692307692
2 0.4651442307692308 0.8858173076923077 0.06129807692307692 0.037259615384615384
0 0.40384615384615385 0.8870192307692307 0.0625 0.039663461538461536
2 0.5240384615384616 0.8882211538461539 0.06129807692307692 0.038461538461538464
2 0.5841346153846154 0.8918269230769231 0.0625 0.04567307692307692
2 0.6466346153846154 0.8918269230769231 0.0625 0.038461538461538464
2 0.7079326923076923 0.8942307692307693 0.06370192307692307 0.037259615384615384
2 0.7680288461538461 0.9038461538461539 0.0625 0.042067307692307696
2 0.04567307692307692 0.9050480769230769 0.06009615384615385 0.037259615384615384
2 0.828125 0.9074519230769231 0.06009615384615385 0.038461538461538464
2 0.9495192307692307 0.9074519230769231 0.06129807692307692 0.040865384615384616
2 0.8894230769230769 0.9074519230769231 0.06129807692307692 0.040865384615384616
2 0.10336538461538461 0.9086538461538461 0.06370192307692307 0.039663461538461536
1 0.16105769230769232 0.9110576923076923 0.06009615384615385 0.04447115384615385
0 0.22235576923076922 0.9122596153846154 0.06009615384615385 0.04807692307692308
2 0.28125 0.9134615384615384 0.06129807692307692 0.046875
2 0.3425480769230769 0.9170673076923077 0.0625 0.042067307692307696
2 0.4050480769230769 0.9242788461538461 0.0625 0.037259615384615384
2 0.4651442307692308 0.9254807692307693 0.05889423076923077 0.038461538461538464
2 0.5240384615384616 0.9278846153846154 0.06129807692307692 0.04447115384615385
2 0.5841346153846154 0.9314903846153846 0.0625 0.046875
2 0.7067307692307693 0.9350961538461539 0.06129807692307692 0.042067307692307696
2 0.6466346153846154 0.9350961538461539 0.06129807692307692 0.046875
2 0.7680288461538461 0.9411057692307693 0.06009615384615385 0.038461538461538464
2 0.890625 0.9423076923076923 0.06009615384615385 0.036057692307692304
2 0.8305288461538461 0.9423076923076923 0.0625 0.036057692307692304
2 0.9519230769230769 0.9435096153846154 0.0625 0.039663461538461536
2 0.18028846153846154 0.10216346153846154 0.06129807692307692 0.03125
2 0.1201923076923077 0.10216346153846154 0.06009615384615385 0.030048076923076924
2 0.29927884615384615 0.10336538461538461 0.05889423076923077 0.03125
2 0.0625 0.1045673076923077 0.056490384615384616 0.028846153846153848
2 0.359375 0.10576923076923077 0.06009615384615385 0.03125
2 0.2403846153846154 0.10576923076923077 0.05889423076923077 0.03245192307692308
2 0.4206730769230769 0.10817307692307693 0.0625 0.03245192307692308
2 0.48197115384615385 0.10697115384615384 0.06129807692307692 0.030048076923076924
2 0.5432692307692307 0.109375 0.06009615384615385 0.030048076923076924
2 0.6045673076923077 0.109375 0.06129807692307692 0.030048076923076924
2 0.6658653846153846 0.11057692307692307 0.05889423076923077 0.028846153846153848
2 0.7247596153846154 0.1141826923076923 0.0625 0.028846153846153848
2 0.7872596153846154 0.1141826923076923 0.06129807692307692 0.030048076923076924
2 0.9074519230769231 0.11778846153846154 0.06370192307692307 0.03125
2 0.8473557692307693 0.11778846153846154 0.06370192307692307 0.03245192307692308
2 0.9675480769230769 0.11778846153846154 0.06370192307692307 0.03245192307692308