3 0.07932692307692307 0.21514423076923078 0.05889423076923077 0.03245192307692308
3 0.0733173076923077 0.24759615384615385 0.056490384615384616 0.030048076923076924
3 0.12259615384615384 0.38341346153846156 0.057692307692307696 0.028846153846153848
3 0.06490384615384616 0.38461538461538464 0.05889423076923077 0.03125
3 0.1201923076923077 0.4170673076923077 0.06129807692307692 0.03485576923076923
3 0.06009615384615385 0.41947115384615385 0.0625 0.03485576923076923
3 0.07692307692307693 0.04567307692307692 0.05889423076923077 0.03245192307692308
3 0.11538461538461539 0.453125 0.055288461538461536 0.036057692307692304
3 0.054086538461538464 0.453125 0.06129807692307692 0.036057692307692304
3 0.04807692307692308 0.5877403846153846 0.05889423076923077 0.039663461538461536
3 0.10697115384615384 0.5901442307692307 0.06129807692307692 0.039663461538461536
3 0.16466346153846154 0.5925480769230769 0.056490384615384616 0.03365384615384615
3 0.042067307692307696 0.6262019230769231 0.0625 0.037259615384615384
3 0.16105769230769232 0.6274038461538461 0.06009615384615385 0.040865384615384616
3 0.10216346153846154 0.6274038461538461 0.06129807692307692 0.039663461538461536
3 0.0985576923076923 0.6598557692307693 0.06009615384615385 0.03485576923076923
3 0.039663461538461536 0.6586538461538461 0.06009615384615385 0.03485576923076923
3 0.15745192307692307 0.6622596153846154 0.0625 0.036057692307692304
2 0.03365384615384615 0.7872596153846154 0.06129807692307692 0.039663461538461536
3 0.09495192307692307 0.7932692307692307 0.06370192307692307 0.036057692307692304
3 0.15504807692307693 0.7956730769230769 0.06009615384615385 0.039663461538461536
3 0.21634615384615385 0.7992788461538461 0.06009615384615385 0.039663461538461536
3 0.27163461538461536 0.8040865384615384 0.05889423076923077 0.040865384615384616
2 0.028846153846153848 0.8221153846153846 0.057692307692307696 0.03365384615384615
3 0.0889423076923077 0.8293269230769231 0.0625 0.037259615384615384
3 0.1502403846153846 0.8341346153846154 0.06129807692307692 0.038461538461538464
3 0.21033653846153846 0.8401442307692307 0.05889423076923077 0.038461538461538464
3 0.2692307692307692 0.84375 0.057692307692307696 0.03485576923076923
3 0.028846153846153848 0.8569711538461539 0.057692307692307696 0.036057692307692304
3 0.0889423076923077 0.8665865384615384 0.06129807692307692 0.042067307692307696
3 0.14543269230769232 0.8677884615384616 0.057692307692307696 0.037259615384615384
3 0.20673076923076922 0.8725961538461539 0.06370192307692307 0.038461538461538464
3 0.265625 0.8786057692307693 0.054086538461538464 0.03485576923076923
3 0.08052884615384616 0.016826923076923076 0.06129807692307692 0.03245192307692308
3 0.08533653846153846 0.18389423076923078 0.06009615384615385 0.03125