2 0.9423076923076923 0.19471153846153846 0.05889423076923077 0.038461538461538464
3 0.48677884615384615 0.29927884615384615 0.06129807692307692 0.03485576923076923
3 0.546875 0.30528846153846156 0.06129807692307692 0.039663461538461536
3 0.6069711538461539 0.30649038461538464 0.06129807692307692 0.038461538461538464
2 0.6694711538461539 0.3076923076923077 0.06370192307692307 0.038461538461538464
2 0.7307692307692307 0.3137019230769231 0.0625 0.03485576923076923
2 0.7932692307692307 0.3173076923076923 0.06129807692307692 0.039663461538461536
2 0.8545673076923077 0.32091346153846156 0.0625 0.040865384615384616
2 0.9146634615384616 0.32572115384615385 0.06009615384615385 0.038461538461538464
2 0.9723557692307693 0.33052884615384615 0.055288461538461536 0.04326923076923077
3 0.484375 0.33653846153846156 0.0625 0.039663461538461536
2 0.5456730769230769 0.34134615384615385 0.0625 0.03485576923076923
2 0.6057692307692307 0.34134615384615385 0.06009615384615385 0.03485576923076923
2 0.6682692307692307 0.3449519230769231 0.06129807692307692 0.037259615384615384
3 0.7283653846153846 0.35096153846153844 0.0625 0.037259615384615384
3 0.7908653846153846 0.35336538461538464 0.0625 0.03485576923076923
3 0.8497596153846154 0.359375 0.06129807692307692 0.036057692307692304
2 0.9122596153846154 0.3605769230769231 0.06129807692307692 0.03365384615384615
2 0.96875 0.3641826923076923 0.057692307692307696 0.03365384615384615
3 0.4831730769230769 0.37259615384615385 0.0625 0.03365384615384615
2 0.5456730769230769 0.3762019230769231 0.06370192307692307 0.040865384615384616
2 0.6045673076923077 0.3786057692307692 0.05889423076923077 0.038461538461538464
3 0.6658653846153846 0.38100961538461536 0.0625 0.036057692307692304
3 0.7271634615384616 0.3870192307692308 0.0625 0.036057692307692304
3 0.7884615384615384 0.38822115384615385 0.0625 0.03485576923076923
3 0.8461538461538461 0.39302884615384615 0.06370192307692307 0.03485576923076923
3 0.9074519230769231 0.3954326923076923 0.06129807692307692 0.036057692307692304
2 0.9675480769230769 0.39783653846153844 0.06009615384615385 0.03365384615384615
3 0.5108173076923077 0.5096153846153846 0.06129807692307692 0.038461538461538464
3 0.5721153846153846 0.5132211538461539 0.0625 0.03365384615384615
3 0.6334134615384616 0.5168269230769231 0.0625 0.03485576923076923
3 0.6971153846153846 0.5180288461538461 0.0625 0.03245192307692308
3 0.7596153846153846 0.5216346153846154 0.0625 0.03485576923076923
3 0.8209134615384616 0.5276442307692307 0.06009615384615385 0.03125
2 0.8798076923076923 0.5288461538461539 0.06129807692307692 0.03365384615384615
2 0.9399038461538461 0.5348557692307693 0.06129807692307692 0.038461538461538464
3 0.5096153846153846 0.5456730769230769 0.06129807692307692 0.037259615384615384
3 0.5709134615384616 0.5492788461538461 0.0625 0.03485576923076923
3 0.6322115384615384 0.5528846153846154 0.06490384615384616 0.03125
3 0.6935096153846154 0.5528846153846154 0.0625 0.038461538461538464
3 0.7560096153846154 0.5564903846153846 0.06490384615384616 0.03485576923076923
2 0.8149038461538461 0.5600961538461539 0.0625 0.038461538461538464
2 0.875 0.5637019230769231 0.06009615384615385 0.037259615384615384
2 0.9375 0.5685096153846154 0.0625 0.038461538461538464
3 0.5084134615384616 0.5817307692307693 0.057692307692307696 0.03485576923076923
3 0.5685096153846154 0.5817307692307693 0.06370192307692307 0.036057692307692304
3 0.6298076923076923 0.5865384615384616 0.05889423076923077 0.03245192307692308
3 0.6911057692307693 0.5901442307692307 0.06370192307692307 0.036057692307692304
3 0.7536057692307693 0.5925480769230769 0.0625 0.037259615384615384
2 0.8137019230769231 0.5949519230769231 0.05889423076923077 0.038461538461538464
1 0.8713942307692307 0.5985576923076923 0.05889423076923077 0.037259615384615384
2 0.9326923076923077 0.6009615384615384 0.0625 0.03365384615384615
3 0.5360576923076923 0.7223557692307693 0.0625 0.038461538461538464
2 0.5973557692307693 0.7259615384615384 0.06129807692307692 0.03485576923076923
2 0.6598557692307693 0.7295673076923077 0.06129807692307692 0.036057692307692304
2 0.7223557692307693 0.7307692307692307 0.06370192307692307 0.036057692307692304
3 0.7824519230769231 0.734375 0.0625 0.038461538461538464
2 0.84375 0.7367788461538461 0.06009615384615385 0.036057692307692304
2 0.9038461538461539 0.7391826923076923 0.06009615384615385 0.03365384615384615
2 0.9639423076923077 0.7427884615384616 0.0625 0.036057692307692304
0 0.5348557692307693 0.7572115384615384 0.06129807692307692 0.03245192307692308
2 0.5973557692307693 0.7584134615384616 0.06129807692307692 0.03245192307692308
2 0.6574519230769231 0.7608173076923077 0.06009615384615385 0.037259615384615384
3 0.71875 0.765625 0.0625 0.038461538461538464
3 0.7788461538461539 0.7680288461538461 0.06370192307692307 0.03245192307692308
2 0.8425480769230769 0.7716346153846154 0.05889423076923077 0.03485576923076923
2 0.9014423076923077 0.7728365384615384 0.06129807692307692 0.03365384615384615
2 0.9603365384615384 0.7752403846153846 0.057692307692307696 0.03485576923076923
2 0.5949519230769231 0.7872596153846154 0.06009615384615385 0.03485576923076923
1 0.5348557692307693 0.7896634615384616 0.0625 0.03485576923076923
3 0.6550480769230769 0.7908653846153846 0.0625 0.030048076923076924
3 0.7163461538461539 0.7956730769230769 0.06610576923076923 0.03245192307692308
3 0.7764423076923077 0.7992788461538461 0.05889423076923077 0.03125
2 0.8353365384615384 0.8004807692307693 0.05889423076923077 0.03485576923076923
0 0.8954326923076923 0.8040865384615384 0.0625 0.03365384615384615
2 0.9579326923076923 0.8052884615384616 0.05889423076923077 0.03245192307692308
3 0.46153846153846156 0.09254807692307693 0.06009615384615385 0.039663461538461536
3 0.5240384615384616 0.09375 0.0625 0.038461538461538464
3 0.5552884615384616 0.9302884615384616 0.06129807692307692 0.037259615384615384
2 0.6778846153846154 0.9326923076923077 0.06129807692307692 0.03245192307692308
3 0.6165865384615384 0.9338942307692307 0.06009615384615385 0.03485576923076923
2 0.7379807692307693 0.9350961538461539 0.06370192307692307 0.03365384615384615
2 0.8004807692307693 0.9375 0.06009615384615385 0.03485576923076923
2 0.859375 0.9399038461538461 0.05889423076923077 0.027644230769230768
2 0.9182692307692307 0.9411057692307693 0.057692307692307696 0.03125
2 0.9735576923076923 0.9435096153846154 0.052884615384615384 0.03125
3 0.5865384615384616 0.09735576923076923 0.0625 0.03485576923076923
3 0.5528846153846154 0.9627403846153846 0.06009615384615385 0.03125
2 0.6141826923076923 0.9639423076923077 0.06129807692307692 0.030048076923076924
2 0.6742788461538461 0.9651442307692307 0.06009615384615385 0.03125
2 0.7367788461538461 0.9663461538461539 0.06129807692307692 0.030048076923076924
3 0.8581730769230769 0.9675480769230769 0.056490384615384616 0.030048076923076924
3 0.7980769230769231 0.9699519230769231 0.06490384615384616 0.028846153846153848
3 0.9158653846153846 0.9711538461538461 0.06009615384615385 0.028846153846153848
2 0.6466346153846154 0.09975961538461539 0.0625 0.027644230769230768
2 0.7079326923076923 0.10336538461538461 0.06009615384615385 0.03485576923076923
2 0.7704326923076923 0.109375 0.06009615384615385 0.038461538461538464
2 0.8317307692307693 0.1141826923076923 0.06009615384615385 0.03365384615384615
2 0.8918269230769231 0.11658653846153846 0.06129807692307692 0.03365384615384615
2 0.9507211538461539 0.12379807692307693 0.06009615384615385 0.036057692307692304
3 0.46033653846153844 0.12980769230769232 0.06129807692307692 0.036057692307692304
2 0.5216346153846154 0.1310096153846154 0.0625 0.03485576923076923
2 0.5829326923076923 0.13221153846153846 0.0625 0.037259615384615384
2 0.6454326923076923 0.1346153846153846 0.0625 0.039663461538461536
2 0.7055288461538461 0.14182692307692307 0.06129807692307692 0.037259615384615384
2 0.765625 0.14423076923076922 0.06009615384615385 0.038461538461538464
2 0.8269230769230769 0.14903846153846154 0.0625 0.039663461538461536
2 0.8870192307692307 0.15144230769230768 0.05889423076923077 0.040865384615384616
2 0.9471153846153846 0.15865384615384615 0.05889423076923077 0.039663461538461536
3 0.45913461538461536 0.16706730769230768 0.06129807692307692 0.037259615384615384
2 0.5204326923076923 0.16826923076923078 0.0625 0.039663461538461536
2 0.5817307692307693 0.16947115384615385 0.06009615384615385 0.037259615384615384
3 0.640625 0.17548076923076922 0.057692307692307696 0.038461538461538464
3 0.7019230769230769 0.17908653846153846 0.06129807692307692 0.040865384615384616
2 0.7632211538461539 0.18269230769230768 0.057692307692307696 0.037259615384615384
1 0.8233173076923077 0.18629807692307693 0.06129807692307692 0.039663461538461536
2 0.8822115384615384 0.18990384615384615 0.057692307692307696 0.040865384615384616