2 0.9423076923076923 0.5528846153846154 0.057692307692307696 0.03485576923076923
2 0.9447115384615384 0.5865384615384616 0.057692307692307696 0.03365384615384615
2 0.9495192307692307 0.6201923076923077 0.057692307692307696 0.03365384615384615
2 0.9014423076923077 0.7512019230769231 0.05889423076923077 0.038461538461538464
2 0.9603365384615384 0.7560096153846154 0.06370192307692307 0.038461538461538464
2 0.9026442307692307 0.7884615384615384 0.06009615384615385 0.038461538461538464
2 0.9651442307692307 0.7920673076923077 0.06129807692307692 0.038461538461538464
2 0.9050480769230769 0.8269230769230769 0.06009615384615385 0.03245192307692308
2 0.9639423076923077 0.8269230769230769 0.05889423076923077 0.03245192307692308
2 0.9278846153846154 0.9507211538461539 0.056490384615384616 0.038461538461538464
2 0.9290865384615384 0.984375 0.057692307692307696 0.030048076923076924