1 0.19591346153846154 0.021634615384615384 0.06009615384615385 0.03125
3 0.6153846153846154 0.02283653846153846 0.06129807692307692 0.03365384615384615
0 0.2536057692307692 0.026442307692307692 0.06009615384615385 0.030048076923076924
2 0.3112980769230769 0.030048076923076924 0.06490384615384616 0.028846153846153848
2 0.37259615384615385 0.03245192307692308 0.06490384615384616 0.028846153846153848
3 0.43149038461538464 0.038461538461538464 0.06370192307692307 0.028846153846153848
2 0.07451923076923077 0.040865384615384616 0.05889423076923077 0.039663461538461536
3 0.49399038461538464 0.042067307692307696 0.0625 0.028846153846153848
2 0.1310096153846154 0.04326923076923077 0.0625 0.040865384615384616
3 0.5552884615384616 0.04807692307692308 0.0625 0.03125
3 0.6141826923076923 0.052884615384615384 0.0625 0.03125
2 0.19110576923076922 0.051682692307692304 0.06009615384615385 0.030048076923076924
2 0.24759615384615385 0.056490384615384616 0.05889423076923077 0.03125
2 0.30649038461538464 0.06009615384615385 0.06129807692307692 0.03125
2 0.36899038461538464 0.06370192307692307 0.0625 0.03365384615384615
3 0.43028846153846156 0.06610576923076923 0.06370192307692307 0.026442307692307692
3 0.49158653846153844 0.0733173076923077 0.06129807692307692 0.03245192307692308
3 0.5528846153846154 0.078125 0.0625 0.028846153846153848
3 0.6129807692307693 0.0829326923076923 0.06129807692307692 0.03245192307692308
3 0.4963942307692308 0.013221153846153846 0.05889423076923077 0.026442307692307692
3 0.5552884615384616 0.018028846153846152 0.06129807692307692 0.03125