2 0.07932692307692307 0.2608173076923077 0.06129807692307692 0.037259615384615384
2 0.13942307692307693 0.2644230769230769 0.06129807692307692 0.037259615384615384
2 0.19951923076923078 0.2692307692307692 0.06129807692307692 0.038461538461538464
2 0.2608173076923077 0.27163461538461536 0.0625 0.036057692307692304
2 0.3233173076923077 0.27403846153846156 0.06129807692307692 0.037259615384615384
2 0.38461538461538464 0.2776442307692308 0.0625 0.038461538461538464
2 0.44471153846153844 0.2824519230769231 0.0625 0.042067307692307696
2 0.5072115384615384 0.28725961538461536 0.0625 0.04326923076923077
2 0.5685096153846154 0.29086538461538464 0.06129807692307692 0.042067307692307696
2 0.6298076923076923 0.2932692307692308 0.06009615384615385 0.038461538461538464
2 0.6899038461538461 0.29447115384615385 0.06129807692307692 0.039663461538461536
2 0.7524038461538461 0.296875 0.06009615384615385 0.039663461538461536
1 0.07932692307692307 0.29927884615384615 0.05889423076923077 0.03485576923076923
2 0.13942307692307693 0.3016826923076923 0.06129807692307692 0.036057692307692304
2 0.8137019230769231 0.3016826923076923 0.06129807692307692 0.037259615384615384
2 0.20072115384615385 0.30408653846153844 0.06129807692307692 0.03365384615384615
2 0.8725961538461539 0.30649038461538464 0.06129807692307692 0.039663461538461536
2 0.2620192307692308 0.30649038461538464 0.06009615384615385 0.03485576923076923
2 0.9338942307692307 0.3076923076923077 0.06129807692307692 0.037259615384615384
2 0.32211538461538464 0.3112980769230769 0.06129807692307692 0.036057692307692304
2 0.38341346153846156 0.3137019230769231 0.06129807692307692 0.03485576923076923
2 0.44471153846153844 0.31971153846153844 0.06129807692307692 0.03245192307692308
2 0.5060096153846154 0.32091346153846156 0.06129807692307692 0.03245192307692308
2 0.5673076923076923 0.3245192307692308 0.0625 0.03245192307692308
2 0.6298076923076923 0.328125 0.06129807692307692 0.03365384615384615
2 0.6899038461538461 0.328125 0.06370192307692307 0.03245192307692308
2 0.75 0.3329326923076923 0.06129807692307692 0.03245192307692308
1 0.08173076923076923 0.33413461538461536 0.06009615384615385 0.036057692307692304
2 0.8100961538461539 0.33653846153846156 0.06129807692307692 0.03365384615384615
2 0.14182692307692307 0.33653846153846156 0.06129807692307692 0.037259615384615384
2 0.20072115384615385 0.3389423076923077 0.06129807692307692 0.037259615384615384
2 0.8701923076923077 0.3401442307692308 0.06129807692307692 0.03485576923076923
2 0.2620192307692308 0.34134615384615385 0.0625 0.038461538461538464
2 0.9290865384615384 0.3449519230769231 0.06129807692307692 0.037259615384615384
0 0.32211538461538464 0.3449519230769231 0.06129807692307692 0.037259615384615384
0 0.38221153846153844 0.3485576923076923 0.0625 0.037259615384615384
2 0.44471153846153844 0.35096153846153844 0.06129807692307692 0.037259615384615384
2 0.5048076923076923 0.3545673076923077 0.0625 0.036057692307692304
4 0.5637019230769231 0.35697115384615385 0.0625 0.038461538461538464
2 0.6262019230769231 0.36177884615384615 0.06009615384615385 0.037259615384615384
2 0.6862980769230769 0.3641826923076923 0.06129807692307692 0.037259615384615384
2 0.7475961538461539 0.36778846153846156 0.06009615384615385 0.037259615384615384
2 0.8064903846153846 0.3701923076923077 0.06129807692307692 0.037259615384615384
2 0.8653846153846154 0.375 0.05889423076923077 0.039663461538461536
2 0.9242788461538461 0.3786057692307692 0.06129807692307692 0.037259615384615384
2 0.07572115384615384 0.4675480769230769 0.06009615384615385 0.037259615384615384
2 0.13822115384615385 0.4699519230769231 0.06129807692307692 0.038461538461538464
2 0.19951923076923078 0.4723557692307692 0.06009615384615385 0.03485576923076923
2 0.25961538461538464 0.47716346153846156 0.0625 0.036057692307692304
2 0.32091346153846156 0.4807692307692308 0.06009615384615385 0.036057692307692304
2 0.38221153846153844 0.4831730769230769 0.06129807692307692 0.037259615384615384
2 0.44471153846153844 0.48677884615384615 0.06129807692307692 0.037259615384615384
2 0.5072115384615384 0.49278846153846156 0.06129807692307692 0.036057692307692304
2 0.5685096153846154 0.4963942307692308 0.06129807692307692 0.036057692307692304
2 0.078125 0.5024038461538461 0.06009615384615385 0.03245192307692308
2 0.6298076923076923 0.5012019230769231 0.06009615384615385 0.042067307692307696
2 0.6899038461538461 0.5036057692307693 0.06129807692307692 0.038461538461538464
3 0.13822115384615385 0.5060096153846154 0.06009615384615385 0.036057692307692304
0 0.7524038461538461 0.5060096153846154 0.06009615384615385 0.03485576923076923
2 0.8125 0.5072115384615384 0.06009615384615385 0.03485576923076923
3 0.20072115384615385 0.5084134615384616 0.06009615384615385 0.036057692307692304
3 0.2608173076923077 0.5120192307692307 0.06129807692307692 0.03485576923076923
0 0.8725961538461539 0.5120192307692307 0.06009615384615385 0.036057692307692304
2 0.32091346153846156 0.515625 0.06009615384615385 0.038461538461538464
0 0.9314903846153846 0.5168269230769231 0.05889423076923077 0.037259615384615384
2 0.38221153846153844 0.5192307692307693 0.06129807692307692 0.03485576923076923
2 0.44350961538461536 0.5204326923076923 0.06129807692307692 0.03365384615384615
2 0.5036057692307693 0.5264423076923077 0.06129807692307692 0.03365384615384615
0 0.5661057692307693 0.5300480769230769 0.06129807692307692 0.03245192307692308
1 0.6262019230769231 0.5348557692307693 0.06129807692307692 0.03125
3 0.07932692307692307 0.5372596153846154 0.06009615384615385 0.03485576923076923
0 0.6875 0.5396634615384616 0.06009615384615385 0.03365384615384615
3 0.13822115384615385 0.5408653846153846 0.06129807692307692 0.03485576923076923
2 0.7487980769230769 0.5396634615384616 0.06129807692307692 0.03365384615384615
0 0.8088942307692307 0.5432692307692307 0.06129807692307692 0.03485576923076923
3 0.19951923076923078 0.5456730769230769 0.0625 0.037259615384615384
3 0.2608173076923077 0.5456730769230769 0.06129807692307692 0.037259615384615384
2 0.8677884615384616 0.5480769230769231 0.06129807692307692 0.03365384615384615
2 0.32091346153846156 0.5516826923076923 0.06129807692307692 0.037259615384615384
0 0.9278846153846154 0.5516826923076923 0.06009615384615385 0.03365384615384615
2 0.38221153846153844 0.5552884615384616 0.06129807692307692 0.03485576923076923
2 0.44350961538461536 0.5564903846153846 0.06129807692307692 0.03485576923076923
2 0.5024038461538461 0.5600961538461539 0.06129807692307692 0.03485576923076923
2 0.5649038461538461 0.5649038461538461 0.06009615384615385 0.036057692307692304
2 0.0625 0.057692307692307696 0.06129807692307692 0.04567307692307692
2 0.12259615384615384 0.05889423076923077 0.06009615384615385 0.038461538461538464
0 0.6237980769230769 0.5673076923076923 0.06129807692307692 0.03365384615384615
2 0.6850961538461539 0.5709134615384616 0.06009615384615385 0.03365384615384615
0 0.7451923076923077 0.5721153846153846 0.06009615384615385 0.036057692307692304
2 0.8052884615384616 0.578125 0.06009615384615385 0.03365384615384615
0 0.8653846153846154 0.5817307692307693 0.06009615384615385 0.03485576923076923
2 0.1814903846153846 0.06129807692307692 0.0625 0.040865384615384616
2 0.9242788461538461 0.5865384615384616 0.06129807692307692 0.03245192307692308
2 0.24158653846153846 0.06490384615384616 0.05889423076923077 0.038461538461538464
2 0.30408653846153844 0.06610576923076923 0.06129807692307692 0.038461538461538464
3 0.0733173076923077 0.6778846153846154 0.06610576923076923 0.040865384615384616
3 0.13822115384615385 0.6802884615384616 0.0673076923076923 0.040865384615384616
3 0.1971153846153846 0.6826923076923077 0.06009615384615385 0.037259615384615384
2 0.36658653846153844 0.07091346153846154 0.06009615384615385 0.039663461538461536
2 0.25600961538461536 0.6862980769230769 0.0625 0.036057692307692304
2 0.31850961538461536 0.6899038461538461 0.0625 0.037259615384615384
2 0.38100961538461536 0.6935096153846154 0.06129807692307692 0.036057692307692304
2 0.4423076923076923 0.6983173076923077 0.0625 0.037259615384615384
2 0.5048076923076923 0.7007211538461539 0.0625 0.038461538461538464
2 0.5661057692307693 0.7055288461538461 0.06370192307692307 0.036057692307692304
2 0.6286057692307693 0.7055288461538461 0.0625 0.037259615384615384
2 0.6887019230769231 0.7115384615384616 0.06129807692307692 0.037259615384615384
2 0.75 0.7127403846153846 0.0625 0.036057692307692304
3 0.07572115384615384 0.7151442307692307 0.06610576923076923 0.039663461538461536
2 0.8112980769230769 0.7175480769230769 0.0625 0.036057692307692304
3 0.13822115384615385 0.71875 0.06490384615384616 0.042067307692307696
3 0.19831730769230768 0.71875 0.0625 0.039663461538461536
2 0.8689903846153846 0.71875 0.06370192307692307 0.036057692307692304
3 0.25961538461538464 0.7199519230769231 0.0625 0.03485576923076923
2 0.9314903846153846 0.7199519230769231 0.0625 0.03485576923076923
2 0.4254807692307692 0.0733173076923077 0.06009615384615385 0.040865384615384616
2 0.31971153846153844 0.7235576923076923 0.06129807692307692 0.03365384615384615
2 0.38100961538461536 0.7271634615384616 0.06129807692307692 0.03245192307692308
2 0.4411057692307692 0.7307692307692307 0.06129807692307692 0.03125
2 0.5024038461538461 0.734375 0.0625 0.03245192307692308
2 0.5637019230769231 0.7379807692307693 0.0625 0.03365384615384615
2 0.625 0.7403846153846154 0.0625 0.03245192307692308
2 0.6875 0.7451923076923077 0.06129807692307692 0.03365384615384615
2 0.7463942307692307 0.7463942307692307 0.0625 0.03245192307692308
2 0.8088942307692307 0.75 0.06370192307692307 0.03125
2 0.8665865384615384 0.7524038461538461 0.06370192307692307 0.03365384615384615
3 0.20072115384615385 0.7536057692307693 0.06129807692307692 0.03365384615384615
1 0.25961538461538464 0.7536057692307693 0.0625 0.03485576923076923
2 0.9266826923076923 0.7548076923076923 0.0625 0.03365384615384615
3 0.31971153846153844 0.7572115384615384 0.0625 0.03485576923076923
3 0.38100961538461536 0.7596153846153846 0.06129807692307692 0.03485576923076923
2 0.4879807692307692 0.078125 0.06129807692307692 0.042067307692307696
2 0.4423076923076923 0.7620192307692307 0.06129807692307692 0.03485576923076923
2 0.5024038461538461 0.765625 0.06129807692307692 0.03485576923076923
2 0.5612980769230769 0.7704326923076923 0.06129807692307692 0.036057692307692304
2 0.6225961538461539 0.7716346153846154 0.06129807692307692 0.03245192307692308
2 0.6826923076923077 0.7752403846153846 0.06129807692307692 0.03365384615384615
2 0.7439903846153846 0.7776442307692307 0.0625 0.03245192307692308
2 0.8052884615384616 0.7788461538461539 0.06370192307692307 0.03125
2 0.8641826923076923 0.7824519230769231 0.0625 0.03365384615384615
2 0.9230769230769231 0.7860576923076923 0.0625 0.03245192307692308
2 0.5492788461538461 0.08173076923076923 0.06129807692307692 0.042067307692307696
2 0.6105769230769231 0.0829326923076923 0.06009615384615385 0.039663461538461536
2 0.671875 0.08774038461538461 0.06009615384615385 0.038461538461538464
3 0.18990384615384615 0.8894230769230769 0.06129807692307692 0.036057692307692304
3 0.2512019230769231 0.8930288461538461 0.06490384615384616 0.03485576923076923
2 0.3125 0.8978365384615384 0.0625 0.03365384615384615
2 0.37259615384615385 0.9014423076923077 0.06129807692307692 0.03245192307692308
3 0.43509615384615385 0.9038461538461539 0.06129807692307692 0.03485576923076923
3 0.49759615384615385 0.9074519230769231 0.06129807692307692 0.03485576923076923
2 0.5588942307692307 0.9110576923076923 0.0625 0.037259615384615384
2 0.6177884615384616 0.9134615384615384 0.06129807692307692 0.03485576923076923
3 0.7427884615384616 0.9134615384615384 0.0673076923076923 0.038461538461538464
2 0.6814903846153846 0.9170673076923077 0.06370192307692307 0.03245192307692308
2 0.7319711538461539 0.09254807692307693 0.06129807692307692 0.039663461538461536
2 0.8629807692307693 0.9206730769230769 0.0625 0.037259615384615384
2 0.8040865384615384 0.921875 0.06009615384615385 0.036057692307692304
3 0.13341346153846154 0.9230769230769231 0.0625 0.03365384615384615
3 0.19230769230769232 0.9242788461538461 0.06009615384615385 0.03245192307692308
2 0.921875 0.9242788461538461 0.0673076923076923 0.037259615384615384
3 0.2512019230769231 0.9254807692307693 0.0625 0.03365384615384615
2 0.3137019230769231 0.9290865384615384 0.06129807692307692 0.03365384615384615
3 0.3737980769230769 0.9314903846153846 0.0625 0.030048076923076924
3 0.43509615384615385 0.9350961538461539 0.06129807692307692 0.03125
2 0.0625 0.09495192307692307 0.0625 0.037259615384615384
2 0.12259615384615384 0.09495192307692307 0.06009615384615385 0.037259615384615384
2 0.7920673076923077 0.09495192307692307 0.05889423076923077 0.040865384615384616
3 0.4963942307692308 0.9399038461538461 0.06129807692307692 0.03365384615384615
2 0.5552884615384616 0.9411057692307693 0.06129807692307692 0.03125
2 0.6177884615384616 0.9459134615384616 0.06129807692307692 0.03125
3 0.6802884615384616 0.9471153846153846 0.06370192307692307 0.03125
3 0.7415865384615384 0.9483173076923077 0.06490384615384616 0.037259615384615384
3 0.7992788461538461 0.9507211538461539 0.0625 0.037259615384615384
3 0.1935096153846154 0.9543269230769231 0.05889423076923077 0.03365384615384615
2 0.859375 0.9555288461538461 0.06610576923076923 0.03245192307692308
3 0.13341346153846154 0.9567307692307693 0.06009615384615385 0.037259615384615384
2 0.25240384615384615 0.9555288461538461 0.06129807692307692 0.03245192307692308
2 0.9182692307692307 0.9555288461538461 0.06490384615384616 0.03245192307692308
2 0.3125 0.9603365384615384 0.06009615384615385 0.03365384615384615
3 0.3737980769230769 0.9615384615384616 0.0625 0.03365384615384615
3 0.43509615384615385 0.9663461538461539 0.06009615384615385 0.03485576923076923
3 0.4951923076923077 0.9699519230769231 0.06009615384615385 0.030048076923076924
2 0.5552884615384616 0.9723557692307693 0.06009615384615385 0.030048076923076924
3 0.6165865384615384 0.9759615384615384 0.06370192307692307 0.03245192307692308
2 0.1814903846153846 0.0985576923076923 0.06009615384615385 0.03365384615384615
2 0.8533653846153846 0.0985576923076923 0.0625 0.036057692307692304
3 0.7980769230769231 0.9831730769230769 0.0625 0.03245192307692308
2 0.8557692307692307 0.9855769230769231 0.0625 0.028846153846153848
3 0.9146634615384616 0.9855769230769231 0.0625 0.028846153846153848
2 0.24278846153846154 0.0985576923076923 0.06009615384615385 0.037259615384615384
2 0.30408653846153844 0.10336538461538461 0.06129807692307692 0.036057692307692304
2 0.9110576923076923 0.1045673076923077 0.06009615384615385 0.036057692307692304
2 0.3641826923076923 0.10697115384615384 0.06009615384615385 0.03485576923076923
2 0.9699519230769231 0.10817307692307693 0.05889423076923077 0.037259615384615384
2 0.4254807692307692 0.109375 0.06009615384615385 0.036057692307692304
2 0.48677884615384615 0.11177884615384616 0.0625 0.03245192307692308
0 0.546875 0.11538461538461539 0.06009615384615385 0.036057692307692304
2 0.6081730769230769 0.12259615384615384 0.06129807692307692 0.037259615384615384
2 0.6694711538461539 0.12379807692307693 0.06009615384615385 0.037259615384615384
2 0.06490384615384616 0.12740384615384615 0.06129807692307692 0.040865384615384616
2 0.7295673076923077 0.12860576923076922 0.05889423076923077 0.037259615384615384
2 0.12379807692307693 0.1310096153846154 0.06009615384615385 0.038461538461538464
2 0.7896634615384616 0.1310096153846154 0.06129807692307692 0.036057692307692304
2 0.18389423076923078 0.13341346153846154 0.06129807692307692 0.037259615384615384
2 0.24278846153846154 0.13581730769230768 0.06009615384615385 0.037259615384615384
2 0.8497596153846154 0.13581730769230768 0.06129807692307692 0.036057692307692304
2 0.30408653846153844 0.13822115384615385 0.06009615384615385 0.038461538461538464
2 0.9098557692307693 0.13822115384615385 0.0625 0.038461538461538464
2 0.3641826923076923 0.14182692307692307 0.06009615384615385 0.038461538461538464
2 0.9663461538461539 0.14302884615384615 0.06129807692307692 0.039663461538461536
2 0.42427884615384615 0.14543269230769232 0.06129807692307692 0.039663461538461536
2 0.4855769230769231 0.1466346153846154 0.06129807692307692 0.039663461538461536
1 0.5456730769230769 0.15144230769230768 0.06009615384615385 0.037259615384615384
1 0.6069711538461539 0.15625 0.06009615384615385 0.036057692307692304
0 0.6658653846153846 0.16105769230769232 0.06129807692307692 0.037259615384615384
2 0.7271634615384616 0.16466346153846154 0.06129807692307692 0.040865384615384616
0 0.7860576923076923 0.16826923076923078 0.06009615384615385 0.039663461538461536
2 0.8461538461538461 0.171875 0.06009615384615385 0.038461538461538464
2 0.9050480769230769 0.17548076923076922 0.06009615384615385 0.038461538461538464
2 0.9639423076923077 0.1814903846153846 0.06129807692307692 0.037259615384615384