2 0.09495192307692307 0.24759615384615385 0.054086538461538464 0.027644230769230768
2 0.15264423076923078 0.25 0.055288461538461536 0.03365384615384615
2 0.21033653846153846 0.2536057692307692 0.055288461538461536 0.03485576923076923
2 0.2692307692307692 0.25721153846153844 0.055288461538461536 0.03245192307692308
2 0.3269230769230769 0.25961538461538464 0.057692307692307696 0.03485576923076923
2 0.38822115384615385 0.26322115384615385 0.054086538461538464 0.03365384615384615
2 0.44711538461538464 0.2644230769230769 0.056490384615384616 0.03365384615384615
0 0.5084134615384616 0.26802884615384615 0.05889423076923077 0.03245192307692308
0 0.5673076923076923 0.2704326923076923 0.05889423076923077 0.03365384615384615
2 0.6286057692307693 0.27283653846153844 0.06009615384615385 0.03365384615384615
0 0.6875 0.2764423076923077 0.06009615384615385 0.03365384615384615
2 0.09014423076923077 0.2800480769230769 0.055288461538461536 0.03125
2 0.1466346153846154 0.2824519230769231 0.054086538461538464 0.03365384615384615
2 0.7475961538461539 0.2824519230769231 0.06009615384615385 0.03365384615384615
2 0.20673076923076922 0.2848557692307692 0.052884615384615384 0.03365384615384615
2 0.2644230769230769 0.2848557692307692 0.054086538461538464 0.027644230769230768
2 0.8076923076923077 0.2860576923076923 0.05889423076923077 0.03365384615384615
0 0.8677884615384616 0.28846153846153844 0.06129807692307692 0.03485576923076923
2 0.3245192307692308 0.2932692307692308 0.056490384615384616 0.03125
2 0.9266826923076923 0.2932692307692308 0.06009615384615385 0.036057692307692304
2 0.38461538461538464 0.2932692307692308 0.054086538461538464 0.03125
0 0.44591346153846156 0.2956730769230769 0.056490384615384616 0.03245192307692308
2 0.5048076923076923 0.29927884615384615 0.054086538461538464 0.03365384615384615
2 0.5661057692307693 0.30288461538461536 0.057692307692307696 0.03485576923076923
2 0.6262019230769231 0.30288461538461536 0.05889423076923077 0.03245192307692308
2 0.6875 0.3088942307692308 0.05889423076923077 0.03245192307692308
2 0.08533653846153846 0.3088942307692308 0.051682692307692304 0.036057692307692304
2 0.7475961538461539 0.3112980769230769 0.057692307692307696 0.028846153846153848
2 0.14302884615384615 0.3125 0.054086538461538464 0.03485576923076923
2 0.20192307692307693 0.31490384615384615 0.054086538461538464 0.03365384615384615
2 0.2620192307692308 0.3161057692307692 0.055288461538461536 0.03485576923076923
2 0.8076923076923077 0.3161057692307692 0.06009615384615385 0.03485576923076923
2 0.8677884615384616 0.31971153846153844 0.06009615384615385 0.03365384615384615
2 0.3233173076923077 0.32211538461538464 0.055288461538461536 0.03485576923076923
2 0.9278846153846154 0.32211538461538464 0.05889423076923077 0.03125
2 0.38341346153846156 0.3233173076923077 0.055288461538461536 0.03365384615384615
2 0.44350961538461536 0.328125 0.056490384615384616 0.03365384615384615
2 0.5048076923076923 0.33052884615384615 0.056490384615384616 0.036057692307692304
2 0.5649038461538461 0.3329326923076923 0.057692307692307696 0.03245192307692308
2 0.6262019230769231 0.33774038461538464 0.06009615384615385 0.03485576923076923
2 0.6862980769230769 0.34134615384615385 0.06009615384615385 0.03365384615384615
2 0.7487980769230769 0.3425480769230769 0.06009615384615385 0.037259615384615384
2 0.8088942307692307 0.3485576923076923 0.06129807692307692 0.036057692307692304
2 0.8701923076923077 0.35096153846153844 0.06009615384615385 0.037259615384615384
2 0.9290865384615384 0.3557692307692308 0.05889423076923077 0.036057692307692304
2 0.051682692307692304 0.44591346153846156 0.051682692307692304 0.03365384615384615
2 0.10817307692307693 0.44711538461538464 0.051682692307692304 0.036057692307692304
2 0.16706730769230768 0.4519230769230769 0.06009615384615385 0.036057692307692304
2 0.22596153846153846 0.4567307692307692 0.05889423076923077 0.03365384615384615
1 0.28365384615384615 0.4567307692307692 0.057692307692307696 0.03485576923076923
2 0.34375 0.46153846153846156 0.05889423076923077 0.037259615384615384
2 0.4026442307692308 0.4651442307692308 0.057692307692307696 0.03485576923076923
2 0.46274038461538464 0.4699519230769231 0.05889423076923077 0.037259615384615384
0 0.5228365384615384 0.47115384615384615 0.06009615384615385 0.036057692307692304
2 0.5829326923076923 0.47596153846153844 0.06009615384615385 0.037259615384615384
2 0.04567307692307692 0.4795673076923077 0.051682692307692304 0.036057692307692304
2 0.6430288461538461 0.4807692307692308 0.06129807692307692 0.03485576923076923
2 0.7043269230769231 0.48197115384615385 0.06129807692307692 0.038461538461538464
2 0.1045673076923077 0.4807692307692308 0.056490384615384616 0.036057692307692304
2 0.16346153846153846 0.4855769230769231 0.05889423076923077 0.03485576923076923
2 0.7632211538461539 0.4855769230769231 0.05889423076923077 0.037259615384615384
2 0.22115384615384615 0.4891826923076923 0.057692307692307696 0.03365384615384615
2 0.8233173076923077 0.49158653846153844 0.05889423076923077 0.037259615384615384
2 0.28125 0.49038461538461536 0.056490384615384616 0.03485576923076923
2 0.8834134615384616 0.49278846153846156 0.06009615384615385 0.036057692307692304
2 0.34134615384615385 0.49759615384615385 0.06129807692307692 0.03485576923076923
2 0.9423076923076923 0.4963942307692308 0.06009615384615385 0.037259615384615384
0 0.40024038461538464 0.5 0.057692307692307696 0.036057692307692304
2 0.46153846153846156 0.5024038461538461 0.06009615384615385 0.037259615384615384
2 0.5216346153846154 0.5048076923076923 0.06129807692307692 0.03365384615384615
2 0.042067307692307696 0.5084134615384616 0.051682692307692304 0.037259615384615384
2 0.5829326923076923 0.5096153846153846 0.06129807692307692 0.03485576923076923
2 0.10096153846153846 0.5120192307692307 0.054086538461538464 0.040865384615384616
2 0.6430288461538461 0.5144230769230769 0.06009615384615385 0.036057692307692304
2 0.7043269230769231 0.5168269230769231 0.06129807692307692 0.037259615384615384
2 0.16105769230769232 0.5168269230769231 0.05889423076923077 0.038461538461538464
2 0.7644230769230769 0.5192307692307693 0.06009615384615385 0.03365384615384615
2 0.21754807692307693 0.5228365384615384 0.056490384615384616 0.037259615384615384
2 0.8233173076923077 0.5240384615384616 0.05889423076923077 0.03485576923076923
2 0.27884615384615385 0.5276442307692307 0.06009615384615385 0.03485576923076923
2 0.8846153846153846 0.5264423076923077 0.06009615384615385 0.03365384615384615
2 0.9447115384615384 0.5300480769230769 0.06009615384615385 0.03365384615384615
2 0.33774038461538464 0.5324519230769231 0.06009615384615385 0.03365384615384615
2 0.39903846153846156 0.5360576923076923 0.06009615384615385 0.03365384615384615
2 0.4579326923076923 0.5384615384615384 0.06009615384615385 0.03365384615384615
2 0.5192307692307693 0.5408653846153846 0.06009615384615385 0.038461538461538464
2 0.5817307692307693 0.5444711538461539 0.06009615384615385 0.040865384615384616
2 0.19110576923076922 0.055288461538461536 0.052884615384615384 0.03125
2 0.6430288461538461 0.5492788461538461 0.06009615384615385 0.037259615384615384
2 0.703125 0.5516826923076923 0.06009615384615385 0.037259615384615384
2 0.7632211538461539 0.5552884615384616 0.06129807692307692 0.037259615384615384
2 0.8257211538461539 0.5576923076923077 0.06009615384615385 0.03365384615384615
2 0.8846153846153846 0.5625 0.06009615384615385 0.038461538461538464
2 0.9459134615384616 0.5649038461538461 0.06129807692307692 0.03485576923076923
2 0.24759615384615385 0.057692307692307696 0.055288461538461536 0.03365384615384615
2 0.30649038461538464 0.06009615384615385 0.055288461538461536 0.03365384615384615
2 0.3641826923076923 0.06370192307692307 0.056490384615384616 0.03245192307692308
2 0.07932692307692307 0.6418269230769231 0.057692307692307696 0.03485576923076923
2 0.4254807692307692 0.06610576923076923 0.056490384615384616 0.03125
2 0.1346153846153846 0.6466346153846154 0.055288461538461536 0.036057692307692304
2 0.19230769230769232 0.6490384615384616 0.055288461538461536 0.037259615384615384
2 0.25 0.6538461538461539 0.056490384615384616 0.038461538461538464
2 0.3088942307692308 0.6598557692307693 0.06009615384615385 0.037259615384615384
2 0.36899038461538464 0.6634615384615384 0.057692307692307696 0.038461538461538464
2 0.42908653846153844 0.6670673076923077 0.057692307692307696 0.038461538461538464
2 0.4891826923076923 0.6706730769230769 0.05889423076923077 0.037259615384615384
2 0.5492788461538461 0.671875 0.06009615384615385 0.036057692307692304
2 0.0733173076923077 0.6766826923076923 0.055288461538461536 0.03245192307692308
2 0.609375 0.6766826923076923 0.06009615384615385 0.040865384615384616
2 0.12980769230769232 0.6802884615384616 0.054086538461538464 0.036057692307692304
2 0.6694711538461539 0.6826923076923077 0.06129807692307692 0.040865384615384616
2 0.484375 0.0673076923076923 0.05889423076923077 0.03365384615384615
2 0.1875 0.6838942307692307 0.054086538461538464 0.039663461538461536
1 0.7295673076923077 0.6850961538461539 0.06009615384615385 0.038461538461538464
2 0.7896634615384616 0.6887019230769231 0.06009615384615385 0.037259615384615384
2 0.24759615384615385 0.6899038461538461 0.057692307692307696 0.036057692307692304
2 0.30528846153846156 0.6935096153846154 0.057692307692307696 0.03485576923076923
2 0.8485576923076923 0.6923076923076923 0.06009615384615385 0.037259615384615384
2 0.9074519230769231 0.6959134615384616 0.06009615384615385 0.037259615384615384
2 0.36658653846153844 0.6959134615384616 0.05889423076923077 0.037259615384615384
1 0.96875 0.6983173076923077 0.05889423076923077 0.037259615384615384
2 0.4266826923076923 0.7019230769230769 0.05889423076923077 0.036057692307692304
0 0.5432692307692307 0.07091346153846154 0.057692307692307696 0.03365384615384615
2 0.4879807692307692 0.7043269230769231 0.06009615384615385 0.03365384615384615
2 0.546875 0.7091346153846154 0.05889423076923077 0.03485576923076923
2 0.06610576923076923 0.7091346153846154 0.054086538461538464 0.039663461538461536
2 0.6081730769230769 0.7127403846153846 0.06009615384615385 0.038461538461538464
2 0.125 0.7127403846153846 0.052884615384615384 0.037259615384615384
2 0.6670673076923077 0.7151442307692307 0.06009615384615385 0.037259615384615384
2 0.18509615384615385 0.7175480769230769 0.055288461538461536 0.037259615384615384
2 0.7295673076923077 0.7199519230769231 0.05889423076923077 0.03365384615384615
2 0.2439903846153846 0.7223557692307693 0.057692307692307696 0.03485576923076923
2 0.7896634615384616 0.7235576923076923 0.06009615384615385 0.036057692307692304
2 0.8497596153846154 0.7247596153846154 0.05889423076923077 0.03485576923076923
2 0.30528846153846156 0.7259615384615384 0.06009615384615385 0.037259615384615384
2 0.9086538461538461 0.7283653846153846 0.06129807692307692 0.030048076923076924
2 0.3641826923076923 0.7307692307692307 0.05889423076923077 0.037259615384615384
2 0.96875 0.7331730769230769 0.05889423076923077 0.03125
2 0.42427884615384615 0.734375 0.05889423076923077 0.038461538461538464
2 0.4855769230769231 0.7391826923076923 0.05889423076923077 0.038461538461538464
2 0.6033653846153846 0.07572115384615384 0.05889423076923077 0.03485576923076923
2 0.5456730769230769 0.7439903846153846 0.06009615384615385 0.038461538461538464
2 0.6069711538461539 0.7475961538461539 0.06009615384615385 0.038461538461538464
2 0.6682692307692307 0.7524038461538461 0.06129807692307692 0.036057692307692304
2 0.7295673076923077 0.7536057692307693 0.06129807692307692 0.038461538461538464
2 0.7884615384615384 0.7596153846153846 0.06129807692307692 0.039663461538461536
2 0.8509615384615384 0.7620192307692307 0.06009615384615385 0.040865384615384616
2 0.9098557692307693 0.7644230769230769 0.06129807692307692 0.040865384615384616
2 0.9699519230769231 0.7680288461538461 0.05889423076923077 0.040865384615384616
2 0.6622596153846154 0.07932692307692307 0.06009615384615385 0.03245192307692308
0 0.7211538461538461 0.08173076923076923 0.05889423076923077 0.03485576923076923
2 0.78125 0.08533653846153846 0.06009615384615385 0.03245192307692308
2 0.10216346153846154 0.8485576923076923 0.054086538461538464 0.037259615384615384
2 0.15865384615384615 0.8545673076923077 0.05889423076923077 0.038461538461538464
2 0.21634615384615385 0.8557692307692307 0.055288461538461536 0.036057692307692304
2 0.18629807692307693 0.08774038461538461 0.054086538461538464 0.03125
2 0.27524038461538464 0.8605769230769231 0.05889423076923077 0.03245192307692308
2 0.33413461538461536 0.8665865384615384 0.056490384615384616 0.038461538461538464
2 0.3942307692307692 0.8701923076923077 0.06129807692307692 0.037259615384615384
2 0.453125 0.875 0.05889423076923077 0.03485576923076923
2 0.5144230769230769 0.8786057692307693 0.05889423076923077 0.036057692307692304
2 0.8401442307692307 0.0889423076923077 0.05889423076923077 0.03485576923076923
2 0.0985576923076923 0.8834134615384616 0.055288461538461536 0.036057692307692304
2 0.5733173076923077 0.8846153846153846 0.05889423076923077 0.03485576923076923
2 0.6334134615384616 0.8846153846153846 0.06129807692307692 0.038461538461538464
2 0.15384615384615385 0.8858173076923077 0.057692307692307696 0.03365384615384615
2 0.2127403846153846 0.890625 0.05889423076923077 0.038461538461538464
2 0.6935096153846154 0.8894230769230769 0.05889423076923077 0.037259615384615384
2 0.7536057692307693 0.8930288461538461 0.06009615384615385 0.039663461538461536
1 0.8125 0.8930288461538461 0.06009615384615385 0.039663461538461536
2 0.27283653846153844 0.8942307692307693 0.06009615384615385 0.037259615384615384
2 0.8737980769230769 0.8978365384615384 0.06009615384615385 0.037259615384615384
2 0.2439903846153846 0.0889423076923077 0.057692307692307696 0.03365384615384615
2 0.30408653846153844 0.09134615384615384 0.055288461538461536 0.03365384615384615
2 0.9326923076923077 0.9002403846153846 0.06009615384615385 0.038461538461538464
2 0.3329326923076923 0.9002403846153846 0.055288461538461536 0.038461538461538464
2 0.3918269230769231 0.9050480769230769 0.06129807692307692 0.037259615384615384
2 0.4519230769230769 0.9098557692307693 0.05889423076923077 0.036057692307692304
2 0.5108173076923077 0.9146634615384616 0.06009615384615385 0.03485576923076923
2 0.09254807692307693 0.9158653846153846 0.056490384615384616 0.039663461538461536
0 0.5721153846153846 0.9182692307692307 0.06009615384615385 0.036057692307692304
2 0.8990384615384616 0.09375 0.06009615384615385 0.03245192307692308
2 0.6322115384615384 0.9206730769230769 0.05889423076923077 0.036057692307692304
2 0.1502403846153846 0.921875 0.0625 0.039663461538461536
2 0.6923076923076923 0.9242788461538461 0.06009615384615385 0.03485576923076923
2 0.7536057692307693 0.9254807692307693 0.06009615384615385 0.03485576923076923
2 0.21033653846153846 0.9266826923076923 0.057692307692307696 0.039663461538461536
2 0.8137019230769231 0.9290865384615384 0.05889423076923077 0.03485576923076923
2 0.2704326923076923 0.9314903846153846 0.0625 0.036057692307692304
2 0.8737980769230769 0.9314903846153846 0.05889423076923077 0.03485576923076923
2 0.9314903846153846 0.9338942307692307 0.06129807692307692 0.03125
2 0.3293269230769231 0.9350961538461539 0.056490384615384616 0.03485576923076923
2 0.3629807692307692 0.09495192307692307 0.056490384615384616 0.03245192307692308
2 0.3894230769230769 0.9411057692307693 0.06009615384615385 0.03365384615384615
2 0.45072115384615385 0.9459134615384616 0.06009615384615385 0.037259615384615384
2 0.5108173076923077 0.9495192307692307 0.06129807692307692 0.039663461538461536
2 0.5721153846153846 0.9555288461538461 0.05889423076923077 0.039663461538461536
2 0.6310096153846154 0.9567307692307693 0.06129807692307692 0.038461538461538464
2 0.421875 0.09735576923076923 0.056490384615384616 0.03365384615384615
1 0.9579326923076923 0.09735576923076923 0.05889423076923077 0.03485576923076923
2 0.6923076923076923 0.9591346153846154 0.06009615384615385 0.039663461538461536
2 0.7536057692307693 0.9639423076923077 0.06009615384615385 0.040865384615384616
2 0.8125 0.9651442307692307 0.06009615384615385 0.039663461538461536
2 0.8737980769230769 0.96875 0.06009615384615385 0.042067307692307696
2 0.9338942307692307 0.9711538461538461 0.0625 0.04326923076923077
4 0.48197115384615385 0.09975961538461539 0.057692307692307696 0.03485576923076923
2 0.5420673076923077 0.1045673076923077 0.056490384615384616 0.03245192307692308
2 0.6021634615384616 0.10697115384615384 0.06009615384615385 0.03365384615384615
2 0.6622596153846154 0.109375 0.05889423076923077 0.03245192307692308
2 0.7199519230769231 0.11177884615384616 0.06009615384615385 0.028846153846153848
2 0.78125 0.11778846153846154 0.06009615384615385 0.036057692307692304
2 0.1814903846153846 0.11899038461538461 0.054086538461538464 0.03485576923076923
2 0.2403846153846154 0.1201923076923077 0.05889423076923077 0.03485576923076923
2 0.8401442307692307 0.12259615384615384 0.06009615384615385 0.03485576923076923
2 0.3016826923076923 0.12139423076923077 0.056490384615384616 0.036057692307692304
2 0.9014423076923077 0.12379807692307693 0.057692307692307696 0.03125
2 0.359375 0.12620192307692307 0.056490384615384616 0.03365384615384615
2 0.9603365384615384 0.12860576923076922 0.06009615384615385 0.030048076923076924
1 0.4206730769230769 0.12860576923076922 0.056490384615384616 0.03485576923076923
2 0.4807692307692308 0.1310096153846154 0.057692307692307696 0.036057692307692304
0 0.5396634615384616 0.13581730769230768 0.057692307692307696 0.03365384615384615
0 0.6009615384615384 0.140625 0.05889423076923077 0.03485576923076923
2 0.6610576923076923 0.14423076923076922 0.05889423076923077 0.03365384615384615
2 0.7211538461538461 0.14543269230769232 0.06009615384615385 0.036057692307692304
2 0.78125 0.1502403846153846 0.06009615384615385 0.03485576923076923
2 0.8401442307692307 0.15384615384615385 0.05889423076923077 0.03365384615384615
0 0.9002403846153846 0.15625 0.05889423076923077 0.036057692307692304
2 0.9603365384615384 0.16105769230769232 0.06009615384615385 0.036057692307692304