3 0.33774038461538464 0.4326923076923077 0.0625 0.03485576923076923
3 0.39903846153846156 0.4387019230769231 0.06009615384615385 0.03485576923076923
2 0.4567307692307692 0.4411057692307692 0.06370192307692307 0.03365384615384615
3 0.5192307692307693 0.4423076923076923 0.0625 0.03245192307692308
3 0.5805288461538461 0.4423076923076923 0.06129807692307692 0.03365384615384615
3 0.640625 0.44471153846153844 0.06009615384615385 0.03365384615384615
4 0.7019230769230769 0.44711538461538464 0.06009615384615385 0.03485576923076923
2 0.7632211538461539 0.4483173076923077 0.06009615384615385 0.03365384615384615
3 0.8245192307692307 0.4495192307692308 0.06129807692307692 0.03125
3 0.8834134615384616 0.4519230769230769 0.06129807692307692 0.03245192307692308
3 0.9471153846153846 0.453125 0.06129807692307692 0.03365384615384615
3 0.33413461538461536 0.4699519230769231 0.06129807692307692 0.03365384615384615
2 0.3954326923076923 0.4723557692307692 0.06129807692307692 0.036057692307692304
2 0.4567307692307692 0.47475961538461536 0.0625 0.03485576923076923
3 0.5180288461538461 0.47475961538461536 0.0625 0.03485576923076923
3 0.5793269230769231 0.47596153846153844 0.05889423076923077 0.03485576923076923
3 0.640625 0.47836538461538464 0.0625 0.03485576923076923
2 0.7019230769230769 0.4795673076923077 0.06129807692307692 0.03365384615384615
2 0.7632211538461539 0.48197115384615385 0.05889423076923077 0.03365384615384615
3 0.8233173076923077 0.4831730769230769 0.06370192307692307 0.036057692307692304
3 0.8858173076923077 0.48677884615384615 0.0625 0.039663461538461536
3 0.9471153846153846 0.4891826923076923 0.0625 0.037259615384615384
2 0.33413461538461536 0.5048076923076923 0.06129807692307692 0.037259615384615384
2 0.3942307692307692 0.5084134615384616 0.0625 0.03485576923076923
2 0.45552884615384615 0.5084134615384616 0.06370192307692307 0.03365384615384615
2 0.5180288461538461 0.5108173076923077 0.06370192307692307 0.036057692307692304
3 0.5793269230769231 0.5108173076923077 0.06129807692307692 0.03485576923076923
2 0.640625 0.5132211538461539 0.0625 0.03485576923076923
2 0.7019230769230769 0.5144230769230769 0.06129807692307692 0.036057692307692304
2 0.7632211538461539 0.515625 0.06129807692307692 0.03485576923076923
2 0.8245192307692307 0.5192307692307693 0.0625 0.03485576923076923
3 0.8870192307692307 0.5204326923076923 0.06129807692307692 0.03365384615384615
2 0.9483173076923077 0.5240384615384616 0.0625 0.03245192307692308
1 0.038461538461538464 0.6310096153846154 0.057692307692307696 0.03485576923076923
4 0.09615384615384616 0.6322115384615384 0.056490384615384616 0.03365384615384615
2 0.15264423076923078 0.6346153846153846 0.05889423076923077 0.036057692307692304
2 0.2127403846153846 0.6370192307692307 0.06009615384615385 0.036057692307692304
2 0.27163461538461536 0.6382211538461539 0.06009615384615385 0.03485576923076923
2 0.3317307692307692 0.640625 0.06129807692307692 0.036057692307692304
2 0.3918269230769231 0.640625 0.05889423076923077 0.036057692307692304
2 0.453125 0.6454326923076923 0.06129807692307692 0.036057692307692304
2 0.5144230769230769 0.6478365384615384 0.06129807692307692 0.037259615384615384
2 0.5757211538461539 0.6502403846153846 0.06129807692307692 0.03485576923076923
2 0.6358173076923077 0.6502403846153846 0.06129807692307692 0.036057692307692304
2 0.6971153846153846 0.6538461538461539 0.06129807692307692 0.037259615384615384
2 0.7584134615384616 0.6550480769230769 0.06129807692307692 0.036057692307692304
2 0.8185096153846154 0.65625 0.06129807692307692 0.036057692307692304
2 0.8810096153846154 0.6598557692307693 0.06129807692307692 0.03485576923076923
3 0.9399038461538461 0.6586538461538461 0.06370192307692307 0.036057692307692304
2 0.03365384615384615 0.6646634615384616 0.06129807692307692 0.03245192307692308
2 0.09254807692307693 0.6646634615384616 0.056490384615384616 0.03245192307692308
2 0.15144230769230768 0.6670673076923077 0.05889423076923077 0.028846153846153848
2 0.21033653846153846 0.6682692307692307 0.057692307692307696 0.027644230769230768
2 0.2704326923076923 0.671875 0.06129807692307692 0.03125
2 0.33052884615384615 0.6766826923076923 0.06009615384615385 0.037259615384615384
2 0.390625 0.6766826923076923 0.06009615384615385 0.03365384615384615
2 0.453125 0.6802884615384616 0.06129807692307692 0.03365384615384615
2 0.5132211538461539 0.6814903846153846 0.06129807692307692 0.03125
2 0.5757211538461539 0.6850961538461539 0.06009615384615385 0.03365384615384615
2 0.6358173076923077 0.6862980769230769 0.0625 0.03245192307692308
2 0.6983173076923077 0.6862980769230769 0.06129807692307692 0.03245192307692308
2 0.7584134615384616 0.6887019230769231 0.06129807692307692 0.030048076923076924
2 0.8209134615384616 0.6911057692307693 0.06129807692307692 0.03485576923076923
2 0.8822115384615384 0.6935096153846154 0.06129807692307692 0.03485576923076923
2 0.9411057692307693 0.6947115384615384 0.06129807692307692 0.03365384615384615
2 0.030048076923076924 0.6971153846153846 0.06009615384615385 0.038461538461538464
2 0.0889423076923077 0.6995192307692307 0.05889423076923077 0.038461538461538464
2 0.14903846153846154 0.7007211538461539 0.06129807692307692 0.038461538461538464
2 0.2091346153846154 0.703125 0.05889423076923077 0.042067307692307696
2 0.2668269230769231 0.7079326923076923 0.06129807692307692 0.040865384615384616
2 0.328125 0.7079326923076923 0.05889423076923077 0.039663461538461536
2 0.38822115384615385 0.7103365384615384 0.06370192307692307 0.03485576923076923
2 0.45072115384615385 0.7163461538461539 0.06129807692307692 0.037259615384615384
2 0.5120192307692307 0.7163461538461539 0.06129807692307692 0.038461538461538464
2 0.5745192307692307 0.7199519230769231 0.0625 0.036057692307692304
2 0.6370192307692307 0.7211538461538461 0.06009615384615385 0.038461538461538464
2 0.6971153846153846 0.7223557692307693 0.0625 0.038461538461538464
2 0.7596153846153846 0.7235576923076923 0.0625 0.038461538461538464
2 0.8221153846153846 0.7259615384615384 0.0625 0.03485576923076923
2 0.8834134615384616 0.7283653846153846 0.06009615384615385 0.03365384615384615
2 0.9435096153846154 0.7283653846153846 0.06129807692307692 0.03485576923076923
2 0.039663461538461536 0.828125 0.06009615384615385 0.03485576923076923
0 0.09975961538461539 0.8329326923076923 0.057692307692307696 0.03245192307692308
0 0.15625 0.8341346153846154 0.05889423076923077 0.03485576923076923
2 0.21394230769230768 0.8365384615384616 0.05889423076923077 0.037259615384615384
2 0.27403846153846156 0.8413461538461539 0.06129807692307692 0.037259615384615384
2 0.33413461538461536 0.8413461538461539 0.05889423076923077 0.037259615384615384
2 0.39302884615384615 0.84375 0.0625 0.03485576923076923
0 0.45552884615384615 0.8461538461538461 0.06129807692307692 0.036057692307692304
2 0.515625 0.8485576923076923 0.06009615384615385 0.03365384615384615
0 0.5757211538461539 0.8497596153846154 0.06129807692307692 0.03245192307692308
2 0.6370192307692307 0.8533653846153846 0.06129807692307692 0.03485576923076923
0 0.6983173076923077 0.8545673076923077 0.06009615384615385 0.03485576923076923
2 0.7572115384615384 0.8581730769230769 0.0625 0.036057692307692304
2 0.8197115384615384 0.859375 0.06009615384615385 0.036057692307692304
2 0.8798076923076923 0.8617788461538461 0.06009615384615385 0.036057692307692304
2 0.037259615384615384 0.8629807692307693 0.06129807692307692 0.03125
2 0.9399038461538461 0.8641826923076923 0.06129807692307692 0.037259615384615384
2 0.09495192307692307 0.8653846153846154 0.06009615384615385 0.03245192307692308
2 0.15504807692307693 0.8677884615384616 0.06009615384615385 0.03245192307692308
2 0.21394230769230768 0.8713942307692307 0.06009615384615385 0.03125
0 0.3329326923076923 0.8786057692307693 0.06009615384615385 0.03365384615384615
0 0.39302884615384615 0.8774038461538461 0.0625 0.03245192307692308
2 0.27403846153846156 0.8774038461538461 0.06009615384615385 0.03365384615384615
2 0.453125 0.8798076923076923 0.06009615384615385 0.028846153846153848
2 0.5757211538461539 0.8822115384615384 0.06009615384615385 0.03365384615384615
0 0.5144230769230769 0.8822115384615384 0.06009615384615385 0.03365384615384615
0 0.6370192307692307 0.8870192307692307 0.06009615384615385 0.03245192307692308
1 0.6971153846153846 0.8870192307692307 0.06129807692307692 0.03245192307692308
2 0.7596153846153846 0.8930288461538461 0.0625 0.03365384615384615
2 0.8197115384615384 0.8942307692307693 0.06129807692307692 0.03125
2 0.8810096153846154 0.8978365384615384 0.06129807692307692 0.03365384615384615
2 0.9411057692307693 0.9002403846153846 0.06129807692307692 0.03485576923076923
2 0.03365384615384615 0.8990384615384616 0.0625 0.040865384615384616
2 0.09375 0.9014423076923077 0.05889423076923077 0.040865384615384616
2 0.15144230769230768 0.9026442307692307 0.05889423076923077 0.039663461538461536
2 0.21153846153846154 0.9086538461538461 0.06009615384615385 0.04326923076923077
0 0.27163461538461536 0.9122596153846154 0.06129807692307692 0.039663461538461536
0 0.33052884615384615 0.9146634615384616 0.06129807692307692 0.040865384615384616
0 0.3918269230769231 0.9146634615384616 0.06129807692307692 0.040865384615384616
0 0.4519230769230769 0.9182692307692307 0.0625 0.046875
2 0.5144230769230769 0.921875 0.06009615384615385 0.042067307692307696
0 0.5757211538461539 0.9230769230769231 0.06129807692307692 0.04447115384615385
2 0.6370192307692307 0.9242788461538461 0.06129807692307692 0.04326923076923077
2 0.6983173076923077 0.9266826923076923 0.06009615384615385 0.04326923076923077
2 0.7584134615384616 0.9302884615384616 0.06129807692307692 0.039663461538461536
2 0.8209134615384616 0.9302884615384616 0.06129807692307692 0.039663461538461536
2 0.8822115384615384 0.9350961538461539 0.06129807692307692 0.042067307692307696
2 0.9435096153846154 0.9350961538461539 0.06129807692307692 0.038461538461538464