3 0.7632211538461539 0.47836538461538464 0.06129807692307692 0.03485576923076923
3 0.8245192307692307 0.4795673076923077 0.0625 0.036057692307692304
2 0.8858173076923077 0.4831730769230769 0.06490384615384616 0.03365384615384615
3 0.9483173076923077 0.4855769230769231 0.06490384615384616 0.03485576923076923
3 0.7644230769230769 0.5132211538461539 0.06129807692307692 0.037259615384615384
2 0.8245192307692307 0.5132211538461539 0.0625 0.03125
3 0.9471153846153846 0.5180288461538461 0.06129807692307692 0.03485576923076923
2 0.8870192307692307 0.5180288461538461 0.06009615384615385 0.037259615384615384
3 0.7644230769230769 0.5456730769230769 0.06129807692307692 0.036057692307692304
2 0.8257211538461539 0.546875 0.06370192307692307 0.038461538461538464
3 0.9495192307692307 0.5528846153846154 0.06129807692307692 0.038461538461538464
2 0.8882211538461539 0.5528846153846154 0.06490384615384616 0.036057692307692304
1 0.4543269230769231 0.6634615384615384 0.06129807692307692 0.03365384615384615
1 0.5120192307692307 0.6694711538461539 0.05889423076923077 0.038461538461538464
2 0.5733173076923077 0.671875 0.0625 0.036057692307692304
2 0.6346153846153846 0.6766826923076923 0.06129807692307692 0.036057692307692304
2 0.6959134615384616 0.6778846153846154 0.06370192307692307 0.03245192307692308
2 0.7572115384615384 0.6814903846153846 0.06009615384615385 0.039663461538461536
2 0.8161057692307693 0.6850961538461539 0.06129807692307692 0.037259615384615384
2 0.8774038461538461 0.6875 0.06009615384615385 0.038461538461538464
2 0.9375 0.6911057692307693 0.06370192307692307 0.037259615384615384
2 0.45072115384615385 0.6983173076923077 0.06129807692307692 0.037259615384615384
2 0.5120192307692307 0.7055288461538461 0.05889423076923077 0.037259615384615384
2 0.5745192307692307 0.7091346153846154 0.06129807692307692 0.036057692307692304
2 0.6334134615384616 0.7127403846153846 0.06129807692307692 0.038461538461538464
2 0.6947115384615384 0.7127403846153846 0.0625 0.038461538461538464
2 0.7560096153846154 0.7175480769230769 0.05889423076923077 0.03365384615384615
2 0.8161057692307693 0.7211538461538461 0.06009615384615385 0.03485576923076923
2 0.8774038461538461 0.7259615384615384 0.0625 0.040865384615384616
2 0.9411057692307693 0.7271634615384616 0.06370192307692307 0.036057692307692304
2 0.45072115384615385 0.7367788461538461 0.06009615384615385 0.037259615384615384
2 0.5120192307692307 0.7415865384615384 0.06490384615384616 0.038461538461538464
2 0.5721153846153846 0.7439903846153846 0.06129807692307692 0.03365384615384615
2 0.6334134615384616 0.7487980769230769 0.06129807692307692 0.03365384615384615
2 0.6947115384615384 0.75 0.06490384615384616 0.03485576923076923
2 0.7572115384615384 0.75 0.06009615384615385 0.03245192307692308
2 0.8173076923076923 0.7548076923076923 0.0625 0.030048076923076924
2 0.8798076923076923 0.7608173076923077 0.0625 0.030048076923076924
2 0.9435096153846154 0.7620192307692307 0.06490384615384616 0.039663461538461536
2 0.3317307692307692 0.8617788461538461 0.057692307692307696 0.03485576923076923
2 0.390625 0.8665865384615384 0.06009615384615385 0.037259615384615384
2 0.4495192307692308 0.8677884615384616 0.0625 0.036057692307692304
2 0.5108173076923077 0.8689903846153846 0.0625 0.03365384615384615
0 0.5721153846153846 0.8725961538461539 0.06129807692307692 0.03485576923076923
2 0.6322115384615384 0.8786057692307693 0.06129807692307692 0.03485576923076923
2 0.6935096153846154 0.8798076923076923 0.0625 0.037259615384615384
2 0.7548076923076923 0.8822115384615384 0.0625 0.038461538461538464
2 0.8137019230769231 0.8858173076923077 0.06129807692307692 0.037259615384615384
2 0.9350961538461539 0.890625 0.06490384615384616 0.03485576923076923
2 0.8762019230769231 0.8894230769230769 0.0625 0.037259615384615384
0 0.33052884615384615 0.8978365384615384 0.06490384615384616 0.037259615384615384
2 0.3894230769230769 0.9038461538461539 0.06129807692307692 0.039663461538461536
2 0.45072115384615385 0.9038461538461539 0.06129807692307692 0.03485576923076923
2 0.5108173076923077 0.9050480769230769 0.0625 0.040865384615384616
2 0.5721153846153846 0.9098557692307693 0.06009615384615385 0.038461538461538464
2 0.6322115384615384 0.9146634615384616 0.06490384615384616 0.039663461538461536
2 0.7548076923076923 0.9182692307692307 0.06129807692307692 0.03485576923076923
2 0.6935096153846154 0.9182692307692307 0.0625 0.03485576923076923
0 0.8149038461538461 0.921875 0.06129807692307692 0.039663461538461536
2 0.8762019230769231 0.9242788461538461 0.06129807692307692 0.039663461538461536
0 0.9338942307692307 0.9278846153846154 0.0625 0.04447115384615385
2 0.328125 0.9338942307692307 0.05889423076923077 0.039663461538461536
2 0.4483173076923077 0.9411057692307693 0.05889423076923077 0.040865384615384616
2 0.3870192307692308 0.9423076923076923 0.0625 0.036057692307692304
2 0.5096153846153846 0.9423076923076923 0.06129807692307692 0.038461538461538464
2 0.5721153846153846 0.9495192307692307 0.0625 0.040865384615384616
2 0.6334134615384616 0.953125 0.06370192307692307 0.03485576923076923
0 0.6935096153846154 0.953125 0.0625 0.039663461538461536
2 0.7536057692307693 0.9555288461538461 0.06129807692307692 0.04447115384615385
0 0.8149038461538461 0.9591346153846154 0.05889423076923077 0.04326923076923077
2 0.8762019230769231 0.9627403846153846 0.05889423076923077 0.039663461538461536
2 0.9375 0.9663461538461539 0.06129807692307692 0.037259615384615384