2 0.984375 0.2127403846153846 0.03125 0.12259615384615384
4 0.6971153846153846 0.3137019230769231 0.040865384615384616 0.12259615384615384
2 0.984375 0.3293269230769231 0.03125 0.1201923076923077
2 0.6153846153846154 0.4326923076923077 0.042067307692307696 0.12259615384615384
4 0.6971153846153846 0.43509615384615385 0.040865384615384616 0.12139423076923077
2 0.7752403846153846 0.43509615384615385 0.042067307692307696 0.12139423076923077
2 0.5288461538461539 0.5552884615384616 0.04567307692307692 0.12139423076923077
2 0.6141826923076923 0.5564903846153846 0.040865384615384616 0.125
4 0.6971153846153846 0.5564903846153846 0.042067307692307696 0.125
2 0.7764423076923077 0.5600961538461539 0.040865384615384616 0.12259615384615384
2 0.8533653846153846 0.5600961538461539 0.040865384615384616 0.12259615384615384
2 0.5288461538461539 0.6766826923076923 0.04567307692307692 0.12259615384615384
2 0.6129807692307693 0.6778846153846154 0.040865384615384616 0.12139423076923077
2 0.6947115384615384 0.6790865384615384 0.040865384615384616 0.12259615384615384
2 0.7752403846153846 0.6790865384615384 0.037259615384615384 0.11899038461538461
2 0.8545673076923077 0.6802884615384616 0.037259615384615384 0.11899038461538461
2 0.44471153846153844 0.7980769230769231 0.04807692307692308 0.11538461538461539
2 0.6947115384615384 0.7992788461538461 0.037259615384615384 0.12139423076923077
2 0.6129807692307693 0.7992788461538461 0.037259615384615384 0.12139423076923077
2 0.7740384615384616 0.8004807692307693 0.03485576923076923 0.12139423076923077
2 0.5288461538461539 0.8016826923076923 0.04567307692307692 0.12259615384615384
2 0.9314903846153846 0.8004807692307693 0.038461538461538464 0.11778846153846154
4 0.8521634615384616 0.8016826923076923 0.036057692307692304 0.11899038461538461
2 0.44471153846153844 0.9170673076923077 0.04807692307692308 0.11899038461538461
2 0.9278846153846154 0.9182692307692307 0.037259615384615384 0.12139423076923077
4 0.6081730769230769 0.9194711538461539 0.040865384615384616 0.12139423076923077
2 0.5276442307692307 0.921875 0.04326923076923077 0.11778846153846154
4 0.6911057692307693 0.921875 0.037259615384615384 0.125
2 0.7716346153846154 0.9230769230769231 0.038461538461538464 0.11899038461538461
4 0.8497596153846154 0.921875 0.038461538461538464 0.12139423076923077
2 0.9831730769230769 0.09615384615384616 0.03245192307692308 0.12139423076923077