2 0.8677884615384616 0.27884615384615385 0.040865384615384616 0.12259615384615384
2 0.9447115384615384 0.27884615384615385 0.042067307692307696 0.12259615384615384
2 0.7091346153846154 0.27884615384615385 0.037259615384615384 0.125
4 0.7896634615384616 0.27884615384615385 0.036057692307692304 0.12740384615384615
2 0.4639423076923077 0.27884615384615385 0.04326923076923077 0.12860576923076922
2 0.5432692307692307 0.27884615384615385 0.04326923076923077 0.12860576923076922
2 0.6274038461538461 0.2800480769230769 0.042067307692307696 0.12740384615384615
2 0.38221153846153844 0.28125 0.04567307692307692 0.125
2 0.3016826923076923 0.28365384615384615 0.046875 0.12259615384615384
4 0.21875 0.2860576923076923 0.04326923076923077 0.12259615384615384
2 0.0625 0.28846153846153844 0.046875 0.11899038461538461
0 0.140625 0.28846153846153844 0.046875 0.125
2 0.8689903846153846 0.39783653846153844 0.037259615384615384 0.12259615384615384
4 0.9471153846153846 0.39783653846153844 0.038461538461538464 0.12259615384615384
2 0.7896634615384616 0.39903846153846156 0.038461538461538464 0.12259615384615384
2 0.46274038461538464 0.4014423076923077 0.04326923076923077 0.12259615384615384
2 0.5456730769230769 0.40024038461538464 0.04326923076923077 0.12139423076923077
2 0.6286057692307693 0.4014423076923077 0.040865384615384616 0.12259615384615384
2 0.7091346153846154 0.4014423076923077 0.038461538461538464 0.12259615384615384
2 0.38221153846153844 0.4050480769230769 0.04567307692307692 0.12259615384615384
2 0.22115384615384615 0.4050480769230769 0.04567307692307692 0.12740384615384615
2 0.3004807692307692 0.40625 0.04807692307692308 0.12139423076923077
4 0.14182692307692307 0.4074519230769231 0.04567307692307692 0.11899038461538461
2 0.06129807692307692 0.4110576923076923 0.04807692307692308 0.11899038461538461
2 0.5432692307692307 0.04807692307692308 0.042067307692307696 0.09615384615384616
2 0.6262019230769231 0.04807692307692308 0.042067307692307696 0.09615384615384616
4 0.46274038461538464 0.04927884615384615 0.04326923076923077 0.09735576923076923
2 0.7884615384615384 0.04927884615384615 0.036057692307692304 0.09735576923076923
2 0.3798076923076923 0.04927884615384615 0.04326923076923077 0.0985576923076923
2 0.7079326923076923 0.04927884615384615 0.040865384615384616 0.0985576923076923
2 0.3004807692307692 0.05048076923076923 0.04567307692307692 0.10096153846153846
2 0.8629807692307693 0.05048076923076923 0.037259615384615384 0.10096153846153846
2 0.9411057692307693 0.05048076923076923 0.036057692307692304 0.10096153846153846
4 0.22115384615384615 0.051682692307692304 0.04567307692307692 0.10336538461538461
2 0.06490384615384616 0.054086538461538464 0.04567307692307692 0.10697115384615384
2 0.140625 0.055288461538461536 0.046875 0.109375
4 0.4651442307692308 0.15625 0.04567307692307692 0.12139423076923077
2 0.5444711538461539 0.15745192307692307 0.04567307692307692 0.12740384615384615
2 0.8653846153846154 0.15745192307692307 0.038461538461538464 0.12259615384615384
2 0.38221153846153844 0.15865384615384615 0.042067307692307696 0.12139423076923077
2 0.6274038461538461 0.15865384615384615 0.042067307692307696 0.12259615384615384
4 0.7884615384615384 0.15865384615384615 0.036057692307692304 0.12740384615384615
2 0.7079326923076923 0.15865384615384615 0.040865384615384616 0.12259615384615384
2 0.3004807692307692 0.16105769230769232 0.04567307692307692 0.12259615384615384
2 0.9435096153846154 0.16105769230769232 0.038461538461538464 0.12259615384615384
4 0.21875 0.16346153846153846 0.046875 0.12139423076923077
4 0.14182692307692307 0.16826923076923078 0.046875 0.12139423076923077
2 0.06370192307692307 0.16947115384615385 0.04326923076923077 0.11899038461538461