2 0.03245192307692308 0.21394230769230768 0.04807692307692308 0.11538461538461539
2 0.10576923076923077 0.21634615384615385 0.04807692307692308 0.12139423076923077
4 0.18389423076923078 0.21995192307692307 0.04567307692307692 0.12259615384615384
2 0.2608173076923077 0.22235576923076922 0.05048076923076923 0.11778846153846154
2 0.5805288461538461 0.2247596153846154 0.042067307692307696 0.12139423076923077
2 0.33533653846153844 0.25240384615384615 0.051682692307692304 0.11899038461538461
4 0.41586538461538464 0.27283653846153844 0.04567307692307692 0.11899038461538461
0 0.4963942307692308 0.27524038461538464 0.040865384615384616 0.12139423076923077
2 0.025240384615384616 0.33052884615384615 0.05048076923076923 0.11899038461538461
2 0.09975961538461539 0.3329326923076923 0.05048076923076923 0.11899038461538461
4 0.18028846153846154 0.33774038461538464 0.05048076923076923 0.12139423076923077
2 0.25600961538461536 0.34134615384615385 0.04326923076923077 0.11899038461538461
2 0.5733173076923077 0.3425480769230769 0.040865384615384616 0.12740384615384615
4 0.33413461538461536 0.36899038461538464 0.04807692307692308 0.12139423076923077
2 0.6574519230769231 0.37259615384615385 0.04326923076923077 0.11899038461538461
4 0.41346153846153844 0.390625 0.042067307692307696 0.12139423076923077
4 0.49278846153846156 0.3954326923076923 0.04567307692307692 0.12259615384615384
2 0.9795673076923077 0.43028846153846156 0.037259615384615384 0.11899038461538461
2 0.7319711538461539 0.43509615384615385 0.04567307692307692 0.11899038461538461
2 0.02283653846153846 0.4483173076923077 0.04567307692307692 0.11899038461538461
2 0.09615384615384616 0.4519230769230769 0.04807692307692308 0.11899038461538461
0 0.17668269230769232 0.4567307692307692 0.046875 0.11778846153846154
0 0.2536057692307692 0.45913461538461536 0.04326923076923077 0.12139423076923077
2 0.6550480769230769 0.4891826923076923 0.042067307692307696 0.12259615384615384
2 0.3293269230769231 0.49038461538461536 0.046875 0.12139423076923077
2 0.7307692307692307 0.5552884615384616 0.036057692307692304 0.12139423076923077
2 0.019230769230769232 0.5649038461538461 0.038461538461538464 0.11778846153846154
2 0.09134615384615384 0.5721153846153846 0.04567307692307692 0.11778846153846154
0 0.16706730769230768 0.5757211538461539 0.046875 0.12139423076923077
2 0.24879807692307693 0.578125 0.04567307692307692 0.12139423076923077
2 0.3245192307692308 0.6117788461538461 0.05048076923076923 0.12139423076923077
2 0.6490384615384616 0.6117788461538461 0.040865384615384616 0.12139423076923077
2 0.7247596153846154 0.671875 0.037259615384615384 0.12139423076923077
0 0.8197115384615384 0.6754807692307693 0.040865384615384616 0.11778846153846154
2 0.8377403846153846 0.06971153846153846 0.037259615384615384 0.125
0 0.6442307692307693 0.7319711538461539 0.040865384615384616 0.11778846153846154
2 0.9110576923076923 0.07572115384615384 0.03485576923076923 0.12740384615384615
2 0.71875 0.7920673076923077 0.04326923076923077 0.12259615384615384
2 0.8161057692307693 0.7944711538461539 0.042067307692307696 0.11778846153846154
4 0.6394230769230769 0.8497596153846154 0.038461538461538464 0.11778846153846154
2 0.4266826923076923 0.8930288461538461 0.04326923076923077 0.11298076923076923
2 0.8137019230769231 0.9122596153846154 0.038461538461538464 0.11778846153846154
2 0.7115384615384616 0.9122596153846154 0.04567307692307692 0.11298076923076923
2 0.6358173076923077 0.9543269230769231 0.036057692307692304 0.09134615384615384
2 0.036057692307692304 0.09735576923076923 0.05048076923076923 0.11778846153846154
2 0.11057692307692307 0.10096153846153846 0.05048076923076923 0.11778846153846154
4 0.18870192307692307 0.1045673076923077 0.04807692307692308 0.12259615384615384
4 0.26802884615384615 0.1045673076923077 0.051682692307692304 0.11899038461538461
2 0.34375 0.13701923076923078 0.046875 0.12139423076923077
2 0.4206730769230769 0.15504807692307693 0.04567307692307692 0.12259615384615384
2 0.5024038461538461 0.15865384615384615 0.042067307692307696 0.11778846153846154
2 0.9098557692307693 0.18990384615384615 0.03485576923076923 0.12259615384615384