1 0.31850961538461536 0.24278846153846154 0.040865384615384616 0.12740384615384615
2 0.23798076923076922 0.24759615384615385 0.038461538461538464 0.12740384615384615
2 0.40024038461538464 0.24759615384615385 0.042067307692307696 0.12860576923076922
2 0.4831730769230769 0.24759615384615385 0.042067307692307696 0.1346153846153846
2 0.5661057692307693 0.25240384615384615 0.046875 0.12860576923076922
1 0.6466346153846154 0.2512019230769231 0.04326923076923077 0.12259615384615384
2 0.7283653846153846 0.2512019230769231 0.042067307692307696 0.12740384615384615
2 0.8112980769230769 0.2548076923076923 0.046875 0.12259615384615384
4 0.8894230769230769 0.2548076923076923 0.04326923076923077 0.12740384615384615
2 0.9663461538461539 0.25841346153846156 0.04567307692307692 0.12259615384615384
2 0.5661057692307693 0.3737980769230769 0.04567307692307692 0.1310096153846154
2 0.7283653846153846 0.375 0.04567307692307692 0.125
2 0.8112980769230769 0.3737980769230769 0.046875 0.12259615384615384
1 0.6490384615384616 0.3762019230769231 0.04326923076923077 0.12740384615384615
2 0.96875 0.3762019230769231 0.046875 0.12740384615384615
2 0.8894230769230769 0.37740384615384615 0.04326923076923077 0.12259615384615384
2 0.07932692307692307 0.4891826923076923 0.037259615384615384 0.11899038461538461
4 0.6478365384615384 0.49759615384615385 0.04567307692307692 0.12259615384615384
2 0.5661057692307693 0.49759615384615385 0.040865384615384616 0.125
2 0.8125 0.49759615384615385 0.046875 0.12139423076923077
4 0.890625 0.49759615384615385 0.04326923076923077 0.12740384615384615
2 0.7283653846153846 0.4987980769230769 0.04567307692307692 0.12740384615384615
2 0.96875 0.4987980769230769 0.046875 0.12259615384615384
2 0.16947115384615385 0.5384615384615384 0.038461538461538464 0.11899038461538461
2 0.08052884615384616 0.6117788461538461 0.038461538461538464 0.12259615384615384
2 0.96875 0.6189903846153846 0.04326923076923077 0.12860576923076922
2 0.7283653846153846 0.6225961538461539 0.04567307692307692 0.11899038461538461
2 0.8112980769230769 0.6225961538461539 0.046875 0.12259615384615384
4 0.8918269230769231 0.6225961538461539 0.04567307692307692 0.12259615384615384
2 0.17067307692307693 0.6598557692307693 0.037259615384615384 0.125
4 0.4074519230769231 0.7139423076923077 0.040865384615384616 0.12259615384615384
2 0.2512019230769231 0.7211538461538461 0.040865384615384616 0.12259615384615384
4 0.3317307692307692 0.7223557692307693 0.042067307692307696 0.125
2 0.08173076923076923 0.7319711538461539 0.038461538461538464 0.12259615384615384
2 0.96875 0.7427884615384616 0.046875 0.125
2 0.8088942307692307 0.7427884615384616 0.046875 0.12259615384615384
1 0.890625 0.7451923076923077 0.046875 0.12259615384615384
2 0.17067307692307693 0.7836538461538461 0.040865384615384616 0.125
4 0.4098557692307692 0.8377403846153846 0.040865384615384616 0.12139423076923077
2 0.25240384615384615 0.8425480769230769 0.038461538461538464 0.12740384615384615
2 0.3317307692307692 0.8425480769230769 0.042067307692307696 0.12259615384615384
2 0.9675480769230769 0.8641826923076923 0.04567307692307692 0.12259615384615384
2 0.8894230769230769 0.8665865384615384 0.046875 0.12259615384615384
2 0.17307692307692307 0.9002403846153846 0.038461538461538464 0.125
2 0.5036057692307693 0.9254807692307693 0.042067307692307696 0.125
4 0.4098557692307692 0.9483173076923077 0.038461538461538464 0.09975961538461539
4 0.24278846153846154 0.12620192307692307 0.038461538461538464 0.12259615384615384
4 0.31850961538461536 0.12740384615384615 0.038461538461538464 0.13221153846153846
4 0.4014423076923077 0.12620192307692307 0.04326923076923077 0.1310096153846154
2 0.4831730769230769 0.12740384615384615 0.04567307692307692 0.13221153846153846
2 0.5661057692307693 0.12740384615384615 0.04326923076923077 0.125
4 0.6466346153846154 0.13221153846153846 0.04326923076923077 0.12740384615384615
2 0.8088942307692307 0.13221153846153846 0.04807692307692308 0.12259615384615384
2 0.7283653846153846 0.13221153846153846 0.042067307692307696 0.125
2 0.8870192307692307 0.13822115384615385 0.04326923076923077 0.11899038461538461
4 0.9651442307692307 0.13942307692307693 0.04326923076923077 0.12259615384615384