2 0.16826923076923078 0.30288461538461536 0.040865384615384616 0.125
2 0.09014423076923077 0.30408653846153844 0.038461538461538464 0.1310096153846154
2 0.24639423076923078 0.30408653846153844 0.04447115384615385 0.125
2 0.3293269230769231 0.30649038461538464 0.042067307692307696 0.12860576923076922
2 0.41225961538461536 0.3088942307692308 0.042067307692307696 0.12860576923076922
2 0.49399038461538464 0.3112980769230769 0.04326923076923077 0.12259615384615384
2 0.5793269230769231 0.3125 0.046875 0.125
0 0.6550480769230769 0.3161057692307692 0.042067307692307696 0.12139423076923077
2 0.08653846153846154 0.4230769230769231 0.038461538461538464 0.12740384615384615
2 0.16706730769230768 0.4254807692307692 0.040865384615384616 0.125
2 0.24519230769230768 0.42788461538461536 0.04326923076923077 0.125
2 0.3269230769230769 0.42788461538461536 0.042067307692307696 0.125
2 0.4110576923076923 0.43149038461538464 0.04326923076923077 0.12860576923076922
2 0.49399038461538464 0.43149038461538464 0.04326923076923077 0.12139423076923077
2 0.5769230769230769 0.43509615384615385 0.046875 0.125
2 0.6526442307692307 0.4375 0.04326923076923077 0.125
4 0.08413461538461539 0.5456730769230769 0.037259615384615384 0.12740384615384615
2 0.16346153846153846 0.5456730769230769 0.042067307692307696 0.12259615384615384
2 0.24278846153846154 0.5480769230769231 0.042067307692307696 0.12740384615384615
2 0.32572115384615385 0.5528846153846154 0.04567307692307692 0.12139423076923077
2 0.40865384615384615 0.5552884615384616 0.042067307692307696 0.12139423076923077
2 0.49158653846153844 0.5564903846153846 0.04567307692307692 0.125
2 0.5733173076923077 0.5576923076923077 0.04326923076923077 0.12259615384615384
2 0.17668269230769232 0.06490384615384616 0.040865384615384616 0.12139423076923077
0 0.021634615384615384 0.0673076923076923 0.042067307692307696 0.11899038461538461
0 0.0985576923076923 0.0673076923076923 0.040865384615384616 0.12259615384615384
4 0.2548076923076923 0.06850961538461539 0.040865384615384616 0.12139423076923077
2 0.08173076923076923 0.6658653846153846 0.036057692307692304 0.125
2 0.1622596153846154 0.6694711538461539 0.040865384615384616 0.12259615384615384
2 0.24158653846153846 0.6694711538461539 0.038461538461538464 0.12259615384615384
2 0.3233173076923077 0.6742788461538461 0.04326923076923077 0.12259615384615384
2 0.40625 0.6778846153846154 0.04326923076923077 0.125
2 0.49038461538461536 0.6802884615384616 0.04326923076923077 0.125
2 0.5721153846153846 0.6802884615384616 0.04326923076923077 0.11778846153846154
4 0.33653846153846156 0.06850961538461539 0.04326923076923077 0.12139423076923077
2 0.4182692307692308 0.06971153846153846 0.04567307692307692 0.12740384615384615
4 0.4987980769230769 0.07091346153846154 0.04326923076923077 0.12259615384615384
2 0.5841346153846154 0.07211538461538461 0.042067307692307696 0.125
4 0.6610576923076923 0.07572115384615384 0.04326923076923077 0.12139423076923077
2 0.08173076923076923 0.7860576923076923 0.036057692307692304 0.12259615384615384
2 0.16105769230769232 0.7884615384615384 0.037259615384615384 0.12139423076923077
2 0.2403846153846154 0.7944711538461539 0.038461538461538464 0.125
2 0.3233173076923077 0.7992788461538461 0.040865384615384616 0.12860576923076922
2 0.4050480769230769 0.7992788461538461 0.04326923076923077 0.12139423076923077
2 0.4879807692307692 0.7992788461538461 0.04567307692307692 0.12139423076923077
2 0.0829326923076923 0.9086538461538461 0.03485576923076923 0.11899038461538461
2 0.16105769230769232 0.9086538461538461 0.037259615384615384 0.12259615384615384
2 0.23918269230769232 0.9146634615384616 0.037259615384615384 0.12259615384615384
2 0.32211538461538464 0.9182692307692307 0.037259615384615384 0.12139423076923077
2 0.40384615384615385 0.9194711538461539 0.038461538461538464 0.12139423076923077
2 0.4879807692307692 0.9206730769230769 0.04326923076923077 0.11899038461538461
4 0.09254807692307693 0.1814903846153846 0.038461538461538464 0.12139423076923077
2 0.171875 0.18389423076923078 0.040865384615384616 0.125
4 0.25 0.18509615384615385 0.040865384615384616 0.125
2 0.019230769230769232 0.18629807692307693 0.037259615384615384 0.12259615384615384
4 0.3317307692307692 0.18870192307692307 0.04326923076923077 0.12259615384615384
2 0.41586538461538464 0.1875 0.04326923076923077 0.12860576923076922
2 0.4951923076923077 0.18990384615384615 0.04326923076923077 0.125
2 0.5817307692307693 0.1935096153846154 0.04567307692307692 0.125
4 0.6574519230769231 0.1935096153846154 0.04326923076923077 0.12139423076923077