2 0.17668269230769232 0.22115384615384615 0.021634615384615384 0.05048076923076923
2 0.02403846153846154 0.22115384615384615 0.021634615384615384 0.056490384615384616
2 0.13221153846153846 0.3557692307692308 0.02403846153846154 0.055288461538461536
2 0.09615384615384616 0.36177884615384615 0.020432692307692308 0.056490384615384616
2 0.12740384615384615 0.4098557692307692 0.016826923076923076 0.055288461538461536
2 0.09254807692307693 0.4170673076923077 0.019230769230769232 0.056490384615384616
2 0.02283653846153846 0.44471153846153844 0.020432692307692308 0.052884615384615384
2 0.056490384615384616 0.44471153846153844 0.016826923076923076 0.055288461538461536
2 0.15985576923076922 0.44711538461538464 0.020432692307692308 0.055288461538461536
2 0.125 0.4639423076923077 0.019230769230769232 0.052884615384615384
2 0.09014423076923077 0.4699519230769231 0.020432692307692308 0.056490384615384616
2 0.020432692307692308 0.4963942307692308 0.019230769230769232 0.055288461538461536
0 0.056490384615384616 0.4987980769230769 0.019230769230769232 0.056490384615384616
2 0.15745192307692307 0.5012019230769231 0.019230769230769232 0.052884615384615384
2 0.12259615384615384 0.5204326923076923 0.016826923076923076 0.056490384615384616
4 0.0889423076923077 0.5252403846153846 0.019230769230769232 0.055288461538461536
2 0.019230769230769232 0.5528846153846154 0.016826923076923076 0.055288461538461536
2 0.052884615384615384 0.5552884615384616 0.020432692307692308 0.055288461538461536
0 0.15625 0.5552884615384616 0.021634615384615384 0.055288461538461536
4 0.08653846153846154 0.5805288461538461 0.020432692307692308 0.055288461538461536
2 0.18629807692307693 0.06009615384615385 0.02403846153846154 0.056490384615384616
0 0.0829326923076923 0.06129807692307692 0.025240384615384616 0.056490384615384616
2 0.016826923076923076 0.6069711538461539 0.019230769230769232 0.052884615384615384
2 0.051682692307692304 0.609375 0.019230769230769232 0.05048076923076923
2 0.037259615384615384 0.0625 0.025240384615384616 0.055288461538461536
2 0.08533653846153846 0.6322115384615384 0.020432692307692308 0.055288461538461536
2 0.014423076923076924 0.6598557692307693 0.016826923076923076 0.055288461538461536
2 0.04807692307692308 0.6622596153846154 0.019230769230769232 0.05048076923076923
2 0.11298076923076923 0.7608173076923077 0.019230769230769232 0.052884615384615384
2 0.1502403846153846 0.7668269230769231 0.019230769230769232 0.052884615384615384
2 0.11057692307692307 0.8149038461538461 0.019230769230769232 0.056490384615384616
2 0.14783653846153846 0.8197115384615384 0.020432692307692308 0.052884615384615384
2 0.040865384615384616 0.8617788461538461 0.016826923076923076 0.05048076923076923
2 0.07451923076923077 0.8677884615384616 0.020432692307692308 0.055288461538461536
0 0.109375 0.8677884615384616 0.019230769230769232 0.055288461538461536
2 0.1466346153846154 0.8737980769230769 0.020432692307692308 0.056490384615384616
2 0.039663461538461536 0.9146634615384616 0.016826923076923076 0.056490384615384616
2 0.0733173076923077 0.9194711538461539 0.019230769230769232 0.052884615384615384
1 0.10817307692307693 0.9230769230769231 0.019230769230769232 0.052884615384615384
2 0.14423076923076922 0.9278846153846154 0.021634615384615384 0.055288461538461536
2 0.039663461538461536 0.9663461538461539 0.016826923076923076 0.05048076923076923
2 0.07091346153846154 0.9711538461538461 0.016826923076923076 0.05048076923076923
0 0.1045673076923077 0.9747596153846154 0.021634615384615384 0.046875
2 0.18509615384615385 0.1141826923076923 0.02403846153846154 0.052884615384615384
2 0.03245192307692308 0.1141826923076923 0.02403846153846154 0.056490384615384616
2 0.078125 0.11658653846153846 0.021634615384615384 0.056490384615384616
2 0.18028846153846154 0.16826923076923078 0.02403846153846154 0.055288461538461536
2 0.026442307692307692 0.16947115384615385 0.021634615384615384 0.052884615384615384