2 0.030048076923076924 0.7043269230769231 0.026442307692307692 0.07572115384615384
2 0.027644230769230768 0.7776442307692307 0.027644230769230768 0.07451923076923077
2 0.056490384615384616 0.7788461538461539 0.026442307692307692 0.078125
1 0.08413461538461539 0.78125 0.027644230769230768 0.07451923076923077
2 0.11298076923076923 0.78125 0.03125 0.07451923076923077
2 0.027644230769230768 0.8485576923076923 0.027644230769230768 0.07211538461538461
2 0.055288461538461536 0.8521634615384616 0.030048076923076924 0.07211538461538461
2 0.08413461538461539 0.8521634615384616 0.030048076923076924 0.07572115384615384
2 0.11057692307692307 0.8545673076923077 0.030048076923076924 0.07211538461538461
2 0.16706730769230768 0.8605769230769231 0.027644230769230768 0.07211538461538461
1 0.13822115384615385 0.859375 0.030048076923076924 0.07451923076923077
2 0.1971153846153846 0.8605769230769231 0.027644230769230768 0.06850961538461539
1 0.025240384615384616 0.921875 0.030048076923076924 0.07451923076923077
2 0.054086538461538464 0.9242788461538461 0.026442307692307692 0.07451923076923077
2 0.0829326923076923 0.9254807692307693 0.027644230769230768 0.07451923076923077
2 0.109375 0.9266826923076923 0.027644230769230768 0.07572115384615384
2 0.16466346153846154 0.9302884615384616 0.030048076923076924 0.07572115384615384
2 0.13701923076923078 0.9302884615384616 0.03125 0.078125
1 0.1935096153846154 0.9314903846153846 0.03125 0.07451923076923077