2 0.5973557692307693 0.19591346153846154 0.04326923076923077 0.11899038461538461
2 0.6802884615384616 0.20192307692307693 0.04567307692307692 0.12259615384615384
4 0.36899038461538464 0.21153846153846154 0.042067307692307696 0.13221153846153846
2 0.4411057692307692 0.24759615384615385 0.038461538461538464 0.12740384615384615
0 0.5168269230769231 0.25240384615384615 0.042067307692307696 0.12860576923076922
2 0.9447115384615384 0.2536057692307692 0.04567307692307692 0.11778846153846154
2 0.28846153846153844 0.27884615384615385 0.038461538461538464 0.12139423076923077
2 0.5961538461538461 0.31490384615384615 0.04807692307692308 0.12259615384615384
2 0.6778846153846154 0.3233173076923077 0.046875 0.11899038461538461
4 0.36778846153846156 0.328125 0.04326923076923077 0.12139423076923077
2 0.4362980769230769 0.36778846153846156 0.038461538461538464 0.12860576923076922
2 0.5144230769230769 0.3701923076923077 0.042067307692307696 0.12259615384615384
2 0.5949519230769231 0.4387019230769231 0.04567307692307692 0.12259615384615384
2 0.43149038461538464 0.4891826923076923 0.04326923076923077 0.12740384615384615
4 0.5120192307692307 0.49278846153846156 0.04567307692307692 0.125
4 0.2932692307692308 0.051682692307692304 0.04326923076923077 0.10336538461538461
2 0.14903846153846154 0.5180288461538461 0.042067307692307696 0.11899038461538461
2 0.5925480769230769 0.5576923076923077 0.04807692307692308 0.11899038461538461
2 0.21875 0.5829326923076923 0.037259615384615384 0.12259615384615384
0 0.8137019230769231 0.6033653846153846 0.046875 0.11778846153846154
2 0.42908653846153844 0.6105769230769231 0.04567307692307692 0.12259615384615384
4 0.5096153846153846 0.6105769230769231 0.04326923076923077 0.11899038461538461
2 0.1466346153846154 0.6370192307692307 0.042067307692307696 0.125
2 0.8677884615384616 0.06490384615384616 0.04807692307692308 0.11899038461538461
4 0.21634615384615385 0.7007211538461539 0.036057692307692304 0.12259615384615384
2 0.8112980769230769 0.7235576923076923 0.05048076923076923 0.11899038461538461
2 0.42788461538461536 0.7295673076923077 0.04567307692307692 0.11899038461538461
4 0.5084134615384616 0.7319711538461539 0.04567307692307692 0.12259615384615384
2 0.14543269230769232 0.7572115384615384 0.040865384615384616 0.12259615384615384
2 0.5997596153846154 0.07692307692307693 0.04326923076923077 0.12259615384615384
2 0.21634615384615385 0.8221153846153846 0.036057692307692304 0.12139423076923077
2 0.6814903846153846 0.08653846153846154 0.042067307692307696 0.11899038461538461
2 0.14543269230769232 0.8762019230769231 0.037259615384615384 0.12259615384615384
4 0.37259615384615385 0.09375 0.042067307692307696 0.125
2 0.21634615384615385 0.9399038461538461 0.036057692307692304 0.11778846153846154
2 0.44350961538461536 0.12860576923076922 0.038461538461538464 0.125
2 0.5180288461538461 0.12980769230769232 0.04567307692307692 0.12259615384615384
2 0.9447115384615384 0.140625 0.04567307692307692 0.125
2 0.2920673076923077 0.16346153846153846 0.04326923076923077 0.12259615384615384