2 0.04447115384615385 0.22115384615384615 0.04807692307692308 0.11538461538461539
2 0.46274038461538464 0.22716346153846154 0.042067307692307696 0.12259615384615384
2 0.5432692307692307 0.22956730769230768 0.040865384615384616 0.12740384615384615
2 0.625 0.23197115384615385 0.04326923076923077 0.12139423076923077
2 0.11899038461538461 0.28365384615384615 0.04807692307692308 0.12139423076923077
0 0.039663461538461536 0.34134615384615385 0.04807692307692308 0.125
2 0.5432692307692307 0.35096153846153844 0.042067307692307696 0.125
2 0.6262019230769231 0.35216346153846156 0.04326923076923077 0.12259615384615384
2 0.11778846153846154 0.40384615384615385 0.04807692307692308 0.12740384615384615
2 0.20192307692307693 0.43028846153846156 0.04807692307692308 0.11899038461538461
4 0.038461538461538464 0.46153846153846156 0.04807692307692308 0.12740384615384615
2 0.5432692307692307 0.47475961538461536 0.042067307692307696 0.12860576923076922
2 0.6262019230769231 0.47596153846153844 0.04567307692307692 0.12740384615384615
2 0.27884615384615385 0.49399038461538464 0.04807692307692308 0.125
2 0.19951923076923078 0.5552884615384616 0.04567307692307692 0.125
2 0.6237980769230769 0.5997596153846154 0.04567307692307692 0.125
2 0.2764423076923077 0.6165865384615384 0.05048076923076923 0.12740384615384615
2 0.1971153846153846 0.6766826923076923 0.04326923076923077 0.12259615384615384
2 0.6213942307692307 0.7247596153846154 0.046875 0.12860576923076922
0 0.3762019230769231 0.7367788461538461 0.04326923076923077 0.12259615384615384
2 0.27524038461538464 0.7403846153846154 0.051682692307692304 0.12860576923076922
4 0.1971153846153846 0.7992788461538461 0.042067307692307696 0.12259615384615384
2 0.6213942307692307 0.8461538461538461 0.042067307692307696 0.11899038461538461
2 0.3786057692307692 0.8605769230769231 0.04326923076923077 0.12740384615384615
2 0.27403846153846156 0.8605769230769231 0.04567307692307692 0.12259615384615384
4 0.1971153846153846 0.921875 0.042067307692307696 0.125
1 0.6213942307692307 0.9519230769230769 0.04326923076923077 0.09615384615384616
2 0.3786057692307692 0.9591346153846154 0.04326923076923077 0.08173076923076923
2 0.27283653846153844 0.9615384615384616 0.04567307692307692 0.07572115384615384
2 0.38341346153846156 0.1045673076923077 0.038461538461538464 0.12259615384615384
2 0.4651442307692308 0.10576923076923077 0.042067307692307696 0.125
2 0.5456730769230769 0.10817307692307693 0.038461538461538464 0.12740384615384615
2 0.6274038461538461 0.109375 0.042067307692307696 0.125