2 0.06370192307692307 0.2620192307692308 0.0625 0.036057692307692304
2 0.12259615384615384 0.2668269230769231 0.06129807692307692 0.037259615384615384
2 0.18269230769230768 0.2692307692307692 0.05889423076923077 0.038461538461538464
2 0.2439903846153846 0.27283653846153844 0.05889423076923077 0.03365384615384615
2 0.30408653846153844 0.27403846153846156 0.06009615384615385 0.03485576923076923
2 0.3641826923076923 0.2776442307692308 0.0625 0.038461538461538464
2 0.42427884615384615 0.27884615384615385 0.06129807692307692 0.038461538461538464
2 0.48677884615384615 0.2824519230769231 0.06129807692307692 0.037259615384615384
2 0.546875 0.28846153846153844 0.06009615384615385 0.037259615384615384
2 0.6069711538461539 0.28966346153846156 0.06129807692307692 0.037259615384615384
2 0.6670673076923077 0.2920673076923077 0.05889423076923077 0.037259615384615384
2 0.06490384615384616 0.296875 0.06129807692307692 0.036057692307692304
2 0.7283653846153846 0.2980769230769231 0.0625 0.042067307692307696
2 0.125 0.3004807692307692 0.05889423076923077 0.038461538461538464
2 0.18269230769230768 0.3016826923076923 0.06009615384615385 0.036057692307692304
2 0.7872596153846154 0.3016826923076923 0.05889423076923077 0.039663461538461536
2 0.8485576923076923 0.30528846153846156 0.06009615384615385 0.037259615384615384
2 0.24278846153846154 0.30649038461538464 0.06129807692307692 0.03365384615384615
2 0.30408653846153844 0.31009615384615385 0.06009615384615385 0.037259615384615384
2 0.90625 0.31009615384615385 0.05889423076923077 0.037259615384615384
2 0.3629807692307692 0.3125 0.06009615384615385 0.03485576923076923
2 0.9663461538461539 0.3137019230769231 0.06009615384615385 0.036057692307692304
2 0.42427884615384615 0.31490384615384615 0.0625 0.036057692307692304
2 0.48677884615384615 0.31850961538461536 0.06009615384615385 0.036057692307692304
2 0.5456730769230769 0.32091346153846156 0.06009615384615385 0.036057692307692304
2 0.6045673076923077 0.32572115384615385 0.06009615384615385 0.03485576923076923
2 0.6658653846153846 0.33052884615384615 0.06009615384615385 0.039663461538461536
2 0.12620192307692307 0.3317307692307692 0.05889423076923077 0.036057692307692304
2 0.0673076923076923 0.3317307692307692 0.0625 0.03365384615384615
2 0.7259615384615384 0.3329326923076923 0.06009615384615385 0.040865384615384616
2 0.18509615384615385 0.33774038461538464 0.06129807692307692 0.03485576923076923
2 0.7860576923076923 0.33774038461538464 0.06009615384615385 0.038461538461538464
2 0.84375 0.3401442307692308 0.06009615384615385 0.038461538461538464
0 0.24278846153846154 0.3401442307692308 0.06129807692307692 0.03485576923076923
2 0.9038461538461539 0.34134615384615385 0.06129807692307692 0.03485576923076923
1 0.30408653846153844 0.3425480769230769 0.06009615384615385 0.036057692307692304
2 0.3641826923076923 0.34615384615384615 0.06009615384615385 0.036057692307692304
2 0.9615384615384616 0.34975961538461536 0.06009615384615385 0.039663461538461536
2 0.4230769230769231 0.34975961538461536 0.06129807692307692 0.036057692307692304
0 0.4831730769230769 0.35216346153846156 0.06129807692307692 0.036057692307692304
1 0.5432692307692307 0.3557692307692308 0.05889423076923077 0.03485576923076923
2 0.6033653846153846 0.3605769230769231 0.05889423076923077 0.037259615384615384
2 0.6634615384615384 0.3629807692307692 0.05889423076923077 0.040865384615384616
2 0.7235576923076923 0.36778846153846156 0.05889423076923077 0.038461538461538464
2 0.7836538461538461 0.3713942307692308 0.05889423076923077 0.039663461538461536
2 0.8425480769230769 0.3762019230769231 0.06009615384615385 0.036057692307692304
2 0.9014423076923077 0.37740384615384615 0.0625 0.036057692307692304
2 0.9579326923076923 0.3798076923076923 0.057692307692307696 0.036057692307692304
2 0.030048076923076924 0.46274038461538464 0.06009615384615385 0.03485576923076923
2 0.09014423076923077 0.46634615384615385 0.06129807692307692 0.038461538461538464
2 0.2091346153846154 0.4675480769230769 0.06009615384615385 0.037259615384615384
2 0.1502403846153846 0.46875 0.06009615384615385 0.038461538461538464
2 0.2692307692307692 0.47115384615384615 0.06009615384615385 0.03485576923076923
2 0.3293269230769231 0.47596153846153844 0.06009615384615385 0.03365384615384615
2 0.390625 0.4807692307692308 0.06129807692307692 0.036057692307692304
2 0.45072115384615385 0.4831730769230769 0.06009615384615385 0.03365384615384615
2 0.5120192307692307 0.484375 0.06129807692307692 0.03485576923076923
2 0.5733173076923077 0.48677884615384615 0.06129807692307692 0.03245192307692308
2 0.6334134615384616 0.49158653846153844 0.06129807692307692 0.03365384615384615
2 0.6947115384615384 0.4963942307692308 0.06129807692307692 0.038461538461538464
2 0.03245192307692308 0.49759615384615385 0.06129807692307692 0.03485576923076923
2 0.7548076923076923 0.49759615384615385 0.06370192307692307 0.03365384615384615
2 0.09134615384615384 0.5012019230769231 0.06129807692307692 0.03365384615384615
2 0.1502403846153846 0.5012019230769231 0.06009615384615385 0.03125
2 0.8161057692307693 0.5012019230769231 0.06009615384615385 0.03365384615384615
2 0.2091346153846154 0.5036057692307693 0.0625 0.03485576923076923
2 0.875 0.5048076923076923 0.05889423076923077 0.037259615384615384
2 0.2704326923076923 0.5060096153846154 0.06009615384615385 0.036057692307692304
2 0.9350961538461539 0.5096153846153846 0.06009615384615385 0.03485576923076923
2 0.3293269230769231 0.5108173076923077 0.06009615384615385 0.036057692307692304
2 0.390625 0.515625 0.06009615384615385 0.030048076923076924
2 0.4519230769230769 0.5168269230769231 0.06009615384615385 0.03485576923076923
2 0.5108173076923077 0.5180288461538461 0.0625 0.036057692307692304
2 0.5721153846153846 0.5204326923076923 0.06129807692307692 0.037259615384615384
2 0.6322115384615384 0.5276442307692307 0.0625 0.03485576923076923
0 0.6935096153846154 0.53125 0.06129807692307692 0.03485576923076923
1 0.03245192307692308 0.5300480769230769 0.06129807692307692 0.03365384615384615
2 0.7536057692307693 0.53125 0.05889423076923077 0.036057692307692304
0 0.09134615384615384 0.5324519230769231 0.06009615384615385 0.03485576923076923
2 0.8125 0.5360576923076923 0.06129807692307692 0.03365384615384615
4 0.15144230769230768 0.5360576923076923 0.05889423076923077 0.036057692307692304
2 0.21153846153846154 0.5372596153846154 0.06129807692307692 0.036057692307692304
0 0.8713942307692307 0.5396634615384616 0.05889423076923077 0.03245192307692308
2 0.2704326923076923 0.5408653846153846 0.06009615384615385 0.03485576923076923
2 0.9314903846153846 0.5420673076923077 0.0625 0.03365384615384615
2 0.33052884615384615 0.5444711538461539 0.06129807692307692 0.037259615384615384
2 0.390625 0.5492788461538461 0.06009615384615385 0.038461538461538464
2 0.45072115384615385 0.5528846153846154 0.06009615384615385 0.036057692307692304
2 0.5108173076923077 0.5540865384615384 0.06129807692307692 0.037259615384615384
2 0.5709134615384616 0.5576923076923077 0.057692307692307696 0.037259615384615384
2 0.6310096153846154 0.5600961538461539 0.0625 0.03485576923076923
2 0.6911057692307693 0.5649038461538461 0.06129807692307692 0.036057692307692304
2 0.042067307692307696 0.057692307692307696 0.06129807692307692 0.037259615384615384
0 0.7487980769230769 0.5673076923076923 0.06129807692307692 0.037259615384615384
2 0.8088942307692307 0.5709134615384616 0.06129807692307692 0.03485576923076923
2 0.8689903846153846 0.5745192307692307 0.05889423076923077 0.03485576923076923
2 0.9254807692307693 0.5769230769230769 0.057692307692307696 0.036057692307692304
2 0.10096153846153846 0.06009615384615385 0.06009615384615385 0.039663461538461536
2 0.15865384615384615 0.06370192307692307 0.057692307692307696 0.037259615384615384
2 0.21875 0.06490384615384616 0.06129807692307692 0.037259615384615384
2 0.2800480769230769 0.06850961538461539 0.06129807692307692 0.038461538461538464
2 0.04447115384615385 0.6694711538461539 0.057692307692307696 0.03485576923076923
2 0.1045673076923077 0.6706730769230769 0.06009615384615385 0.036057692307692304
2 0.16466346153846154 0.6742788461538461 0.06129807692307692 0.03485576923076923
2 0.2247596153846154 0.6802884615384616 0.06009615384615385 0.036057692307692304
2 0.3401442307692308 0.06850961538461539 0.0625 0.036057692307692304
2 0.2848557692307692 0.6850961538461539 0.06009615384615385 0.03365384615384615
2 0.34615384615384615 0.6887019230769231 0.06009615384615385 0.03365384615384615
2 0.40625 0.6923076923076923 0.06129807692307692 0.03245192307692308
2 0.46634615384615385 0.6935096153846154 0.06129807692307692 0.03245192307692308
2 0.5288461538461539 0.6983173076923077 0.06129807692307692 0.03245192307692308
2 0.5901442307692307 0.7019230769230769 0.06009615384615385 0.036057692307692304
2 0.4026442307692308 0.07091346153846154 0.06129807692307692 0.037259615384615384
2 0.04567307692307692 0.703125 0.057692307692307696 0.03125
2 0.10576923076923077 0.7055288461538461 0.05889423076923077 0.03125
2 0.6514423076923077 0.7043269230769231 0.06129807692307692 0.03365384615384615
2 0.16706730769230768 0.7067307692307693 0.06129807692307692 0.03125
2 0.7115384615384616 0.7067307692307693 0.06370192307692307 0.036057692307692304
2 0.7716346153846154 0.7103365384615384 0.06490384615384616 0.03485576923076923
0 0.8305288461538461 0.7127403846153846 0.06129807692307692 0.03365384615384615
2 0.22716346153846154 0.7139423076923077 0.06009615384615385 0.028846153846153848
2 0.2860576923076923 0.7151442307692307 0.06009615384615385 0.03125
2 0.8918269230769231 0.7151442307692307 0.06370192307692307 0.03485576923076923
2 0.9495192307692307 0.7163461538461539 0.06009615384615385 0.037259615384615384
2 0.34615384615384615 0.7199519230769231 0.06009615384615385 0.03245192307692308
2 0.4074519230769231 0.7223557692307693 0.06129807692307692 0.030048076923076924
2 0.46634615384615385 0.7271634615384616 0.06009615384615385 0.03245192307692308
2 0.5276442307692307 0.7307692307692307 0.06129807692307692 0.03125
2 0.5877403846153846 0.7331730769230769 0.06009615384615385 0.027644230769230768
2 0.04807692307692308 0.7331730769230769 0.06009615384615385 0.030048076923076924
2 0.109375 0.7355769230769231 0.05889423076923077 0.030048076923076924
2 0.6490384615384616 0.7391826923076923 0.06370192307692307 0.028846153846153848
0 0.16826923076923078 0.7379807692307693 0.057692307692307696 0.030048076923076924
2 0.7091346153846154 0.7415865384615384 0.06129807692307692 0.030048076923076924
2 0.7692307692307693 0.7415865384615384 0.06370192307692307 0.03125
2 0.45913461538461536 0.07692307692307693 0.0625 0.036057692307692304
4 0.22596153846153846 0.7451923076923077 0.05889423076923077 0.03245192307692308
0 0.828125 0.7451923076923077 0.06129807692307692 0.030048076923076924
1 0.2860576923076923 0.7463942307692307 0.06009615384615385 0.03125
2 0.8882211538461539 0.7463942307692307 0.0625 0.028846153846153848
2 0.3473557692307692 0.75 0.06009615384615385 0.03125
2 0.9459134615384616 0.75 0.0625 0.03245192307692308
0 0.40625 0.7524038461538461 0.06129807692307692 0.03245192307692308
2 0.46634615384615385 0.7572115384615384 0.05889423076923077 0.028846153846153848
2 0.5264423076923077 0.7620192307692307 0.06129807692307692 0.03125
2 0.5204326923076923 0.078125 0.06009615384615385 0.03485576923076923
4 0.5853365384615384 0.7644230769230769 0.06129807692307692 0.03245192307692308
2 0.6454326923076923 0.7668269230769231 0.06129807692307692 0.03365384615384615
0 0.7043269230769231 0.7704326923076923 0.06009615384615385 0.028846153846153848
0 0.765625 0.7716346153846154 0.06129807692307692 0.03125
2 0.8245192307692307 0.7752403846153846 0.06009615384615385 0.03125
2 0.8846153846153846 0.7776442307692307 0.06129807692307692 0.03125
2 0.9423076923076923 0.7800480769230769 0.0625 0.03365384615384615
2 0.5817307692307693 0.08052884615384616 0.0625 0.036057692307692304
2 0.6418269230769231 0.08653846153846154 0.05889423076923077 0.037259615384615384
2 0.02283653846153846 0.8677884615384616 0.04567307692307692 0.03365384615384615
2 0.07572115384615384 0.8689903846153846 0.056490384615384616 0.03125
2 0.1346153846153846 0.8737980769230769 0.06129807692307692 0.037259615384615384
2 0.19471153846153846 0.875 0.057692307692307696 0.03485576923076923
2 0.2548076923076923 0.8786057692307693 0.06009615384615385 0.037259615384615384
2 0.7019230769230769 0.09014423076923077 0.06009615384615385 0.038461538461538464
2 0.3137019230769231 0.8810096153846154 0.05889423076923077 0.036057692307692304
0 0.3737980769230769 0.8858173076923077 0.0625 0.03485576923076923
2 0.4338942307692308 0.8894230769230769 0.06129807692307692 0.037259615384615384
2 0.4951923076923077 0.8930288461538461 0.06129807692307692 0.03245192307692308
2 0.5564903846153846 0.8990384615384616 0.05889423076923077 0.03245192307692308
2 0.6153846153846154 0.9002403846153846 0.06009615384615385 0.03485576923076923
2 0.02403846153846154 0.8978365384615384 0.04807692307692308 0.03125
2 0.07572115384615384 0.9014423076923077 0.057692307692307696 0.030048076923076924
0 0.6754807692307693 0.9026442307692307 0.0625 0.03485576923076923
0 0.7355769230769231 0.9026442307692307 0.06129807692307692 0.03485576923076923
2 0.7944711538461539 0.9038461538461539 0.06129807692307692 0.030048076923076924
2 0.13581730769230768 0.9086538461538461 0.0625 0.03125
2 0.1971153846153846 0.9086538461538461 0.05889423076923077 0.03245192307692308
1 0.8545673076923077 0.9098557692307693 0.0625 0.03365384615384615
2 0.9134615384615384 0.9110576923076923 0.0625 0.03365384615384615
2 0.9711538461538461 0.9122596153846154 0.056490384615384616 0.03485576923076923
2 0.2548076923076923 0.9122596153846154 0.06009615384615385 0.03245192307692308
2 0.3137019230769231 0.9158653846153846 0.06129807692307692 0.03125
2 0.7632211538461539 0.09375 0.06009615384615385 0.038461538461538464
2 0.3737980769230769 0.9194711538461539 0.06009615384615385 0.03365384615384615
2 0.4338942307692308 0.9230769230769231 0.06129807692307692 0.037259615384615384
2 0.49399038461538464 0.9242788461538461 0.06129807692307692 0.03245192307692308
2 0.5552884615384616 0.9314903846153846 0.06009615384615385 0.030048076923076924
2 0.025240384615384616 0.9302884615384616 0.05048076923076923 0.028846153846153848
2 0.6129807692307693 0.9326923076923077 0.06129807692307692 0.030048076923076924
2 0.6742788461538461 0.9338942307692307 0.06009615384615385 0.03125
2 0.08052884615384616 0.9326923076923077 0.057692307692307696 0.03365384615384615
2 0.7331730769230769 0.9362980769230769 0.057692307692307696 0.03125
4 0.7920673076923077 0.9375 0.05889423076923077 0.03485576923076923
2 0.042067307692307696 0.09495192307692307 0.06009615384615385 0.037259615384615384
2 0.13822115384615385 0.9387019230769231 0.05889423076923077 0.030048076923076924
2 0.1971153846153846 0.9411057692307693 0.06009615384615385 0.030048076923076924
2 0.8497596153846154 0.9411057692307693 0.06009615384615385 0.03125
2 0.9098557692307693 0.9423076923076923 0.06009615384615385 0.03245192307692308
1 0.25600961538461536 0.9435096153846154 0.05889423076923077 0.030048076923076924
2 0.9675480769230769 0.9459134615384616 0.06009615384615385 0.03245192307692308
1 0.31490384615384615 0.9471153846153846 0.06129807692307692 0.03485576923076923
2 0.37259615384615385 0.9507211538461539 0.05889423076923077 0.03365384615384615
2 0.4338942307692308 0.9543269230769231 0.06129807692307692 0.030048076923076924
2 0.8233173076923077 0.09615384615384616 0.05889423076923077 0.036057692307692304
2 0.10216346153846154 0.09615384615384616 0.06129807692307692 0.037259615384615384
2 0.4951923076923077 0.9579326923076923 0.05889423076923077 0.03245192307692308
0 0.5528846153846154 0.9603365384615384 0.05889423076923077 0.03365384615384615
2 0.6129807692307693 0.9615384615384616 0.06009615384615385 0.036057692307692304
2 0.671875 0.9639423076923077 0.0625 0.03365384615384615
0 0.7307692307692307 0.96875 0.057692307692307696 0.03125
2 0.7896634615384616 0.96875 0.06129807692307692 0.03245192307692308
2 0.8461538461538461 0.9735576923076923 0.06370192307692307 0.03245192307692308
2 0.9050480769230769 0.9747596153846154 0.06009615384615385 0.03245192307692308
2 0.9651442307692307 0.9747596153846154 0.0625 0.027644230769230768
2 0.16105769230769232 0.09735576923076923 0.05889423076923077 0.036057692307692304
2 0.21875 0.10096153846153846 0.06009615384615385 0.03365384615384615
2 0.8822115384615384 0.10216346153846154 0.06129807692307692 0.03485576923076923
2 0.2800480769230769 0.10336538461538461 0.06009615384615385 0.038461538461538464
2 0.3389423076923077 0.10576923076923077 0.06129807692307692 0.036057692307692304
2 0.9411057692307693 0.10697115384615384 0.057692307692307696 0.037259615384615384
2 0.39903846153846156 0.10697115384615384 0.06009615384615385 0.03485576923076923
2 0.45913461538461536 0.11298076923076923 0.05889423076923077 0.03365384615384615
2 0.5192307692307693 0.11658653846153846 0.06129807692307692 0.040865384615384616
2 0.5805288461538461 0.11778846153846154 0.06129807692307692 0.038461538461538464
2 0.640625 0.12259615384615384 0.05889423076923077 0.037259615384615384
0 0.6995192307692307 0.125 0.06129807692307692 0.036057692307692304
2 0.04326923076923077 0.12860576923076922 0.05889423076923077 0.03365384615384615
2 0.7596153846153846 0.12860576923076922 0.05889423076923077 0.03485576923076923
2 0.10216346153846154 0.13221153846153846 0.06129807692307692 0.037259615384615384
2 0.16105769230769232 0.13341346153846154 0.06009615384615385 0.036057692307692304
2 0.8185096153846154 0.13341346153846154 0.06129807692307692 0.037259615384615384
0 0.21995192307692307 0.1346153846153846 0.06129807692307692 0.038461538461538464
0 0.27884615384615385 0.13701923076923078 0.06129807692307692 0.03485576923076923
2 0.8774038461538461 0.13701923076923078 0.05889423076923077 0.036057692307692304
2 0.3389423076923077 0.14182692307692307 0.06129807692307692 0.036057692307692304
2 0.9375 0.14302884615384615 0.05889423076923077 0.038461538461538464
2 0.39903846153846156 0.14423076923076922 0.06009615384615385 0.038461538461538464
1 0.45913461538461536 0.1466346153846154 0.06009615384615385 0.036057692307692304
2 0.5192307692307693 0.14783653846153846 0.06129807692307692 0.038461538461538464
2 0.5805288461538461 0.15264423076923078 0.06009615384615385 0.039663461538461536
2 0.6382211538461539 0.15745192307692307 0.06009615384615385 0.038461538461538464
1 0.6983173076923077 0.15985576923076922 0.06129807692307692 0.036057692307692304
2 0.7572115384615384 0.16346153846153846 0.05889423076923077 0.038461538461538464
2 0.8161057692307693 0.16947115384615385 0.057692307692307696 0.037259615384615384
2 0.8737980769230769 0.17307692307692307 0.05889423076923077 0.03485576923076923
2 0.9338942307692307 0.17668269230769232 0.06129807692307692 0.036057692307692304