3 0.7512019230769231 0.3016826923076923 0.0625 0.042067307692307696
3 0.8112980769230769 0.3088942307692308 0.057692307692307696 0.040865384615384616
2 0.8701923076923077 0.3112980769230769 0.06009615384615385 0.036057692307692304
2 0.9314903846153846 0.31490384615384615 0.05889423076923077 0.037259615384615384
3 0.7451923076923077 0.3401442307692308 0.06370192307692307 0.036057692307692304
3 0.8076923076923077 0.34615384615384615 0.05889423076923077 0.036057692307692304
2 0.8665865384615384 0.3485576923076923 0.06129807692307692 0.037259615384615384
2 0.9266826923076923 0.34975961538461536 0.05889423076923077 0.036057692307692304
3 0.7403846153846154 0.37259615384615385 0.06370192307692307 0.037259615384615384
2 0.8028846153846154 0.3798076923076923 0.06129807692307692 0.03245192307692308
2 0.8641826923076923 0.38341346153846156 0.057692307692307696 0.03245192307692308
2 0.9230769230769231 0.38461538461538464 0.057692307692307696 0.03485576923076923
3 0.7487980769230769 0.5072115384615384 0.06009615384615385 0.038461538461538464
3 0.8076923076923077 0.5120192307692307 0.06009615384615385 0.036057692307692304
2 0.8677884615384616 0.515625 0.06129807692307692 0.036057692307692304
2 0.9290865384615384 0.5204326923076923 0.06370192307692307 0.036057692307692304
1 0.7451923076923077 0.5444711538461539 0.05889423076923077 0.038461538461538464
0 0.8040865384615384 0.546875 0.06370192307692307 0.036057692307692304
2 0.8653846153846154 0.5504807692307693 0.0625 0.036057692307692304
2 0.9254807692307693 0.5528846153846154 0.06129807692307692 0.03245192307692308
1 0.7415865384615384 0.5793269230769231 0.06129807692307692 0.03365384615384615
2 0.8004807692307693 0.5829326923076923 0.0625 0.037259615384615384
2 0.8617788461538461 0.5841346153846154 0.06370192307692307 0.036057692307692304
2 0.9206730769230769 0.5853365384615384 0.06129807692307692 0.03485576923076923
2 0.9735576923076923 0.5865384615384616 0.052884615384615384 0.03365384615384615
3 0.5276442307692307 0.7091346153846154 0.06370192307692307 0.03245192307692308
3 0.5913461538461539 0.7103365384615384 0.06370192307692307 0.03485576923076923
3 0.6514423076923077 0.7163461538461539 0.06610576923076923 0.03365384615384615
2 0.7127403846153846 0.71875 0.06610576923076923 0.03245192307692308
2 0.7752403846153846 0.7223557692307693 0.06370192307692307 0.030048076923076924
2 0.8365384615384616 0.7223557692307693 0.0673076923076923 0.030048076923076924
3 0.8978365384615384 0.7283653846153846 0.06370192307692307 0.03125
2 0.9555288461538461 0.7307692307692307 0.0625 0.03485576923076923
3 0.5276442307692307 0.7427884615384616 0.06129807692307692 0.03245192307692308
2 0.5889423076923077 0.7463942307692307 0.0625 0.03485576923076923
2 0.6502403846153846 0.75 0.0625 0.03125
2 0.7103365384615384 0.7512019230769231 0.06370192307692307 0.030048076923076924
3 0.8341346153846154 0.7560096153846154 0.06490384615384616 0.03485576923076923
3 0.7716346153846154 0.7560096153846154 0.06610576923076923 0.03485576923076923
3 0.9519230769230769 0.7596153846153846 0.06370192307692307 0.03245192307692308
3 0.8918269230769231 0.7620192307692307 0.0625 0.03245192307692308
3 0.5264423076923077 0.7740384615384616 0.06129807692307692 0.030048076923076924
2 0.5877403846153846 0.7764423076923077 0.0625 0.030048076923076924
3 0.7067307692307693 0.78125 0.06370192307692307 0.03125
2 0.6466346153846154 0.78125 0.0625 0.030048076923076924
3 0.7704326923076923 0.7872596153846154 0.06490384615384616 0.03125
3 0.8305288461538461 0.7896634615384616 0.06009615384615385 0.03125
2 0.9471153846153846 0.7944711538461539 0.06370192307692307 0.03485576923076923
3 0.8882211538461539 0.7944711538461539 0.06129807692307692 0.03125
3 0.7079326923076923 0.09014423076923077 0.05889423076923077 0.039663461538461536
3 0.5432692307692307 0.9182692307692307 0.06129807692307692 0.027644230769230768
3 0.7668269230769231 0.09254807692307693 0.06009615384615385 0.037259615384615384
3 0.6045673076923077 0.9206730769230769 0.0625 0.03365384615384615
3 0.6670673076923077 0.921875 0.06009615384615385 0.03365384615384615
3 0.7271634615384616 0.9230769230769231 0.06490384615384616 0.03485576923076923
3 0.7920673076923077 0.9266826923076923 0.06129807692307692 0.03245192307692308
2 0.8509615384615384 0.9290865384615384 0.06129807692307692 0.028846153846153848
2 0.9110576923076923 0.9314903846153846 0.05889423076923077 0.030048076923076924
2 0.9699519230769231 0.9350961538461539 0.05889423076923077 0.028846153846153848
3 0.5444711538461539 0.9471153846153846 0.06009615384615385 0.03125
3 0.6033653846153846 0.953125 0.06370192307692307 0.03125
3 0.6646634615384616 0.9555288461538461 0.057692307692307696 0.03125
3 0.7271634615384616 0.9567307692307693 0.06370192307692307 0.027644230769230768
2 0.828125 0.09615384615384616 0.0625 0.037259615384615384
3 0.7872596153846154 0.9579326923076923 0.06009615384615385 0.028846153846153848
2 0.8461538461538461 0.9579326923076923 0.06129807692307692 0.030048076923076924
4 0.9050480769230769 0.9627403846153846 0.06009615384615385 0.030048076923076924
2 0.9651442307692307 0.9651442307692307 0.06370192307692307 0.03245192307692308
3 0.5420673076923077 0.9783653846153846 0.06009615384615385 0.027644230769230768
3 0.6057692307692307 0.9831730769230769 0.06490384615384616 0.027644230769230768
3 0.6658653846153846 0.984375 0.056490384615384616 0.026442307692307692
3 0.7259615384615384 0.9855769230769231 0.0625 0.028846153846153848
2 0.84375 0.9855769230769231 0.06009615384615385 0.026442307692307692
3 0.7848557692307693 0.9855769230769231 0.06009615384615385 0.028846153846153848
3 0.8882211538461539 0.10576923076923077 0.06129807692307692 0.039663461538461536
2 0.9507211538461539 0.109375 0.06129807692307692 0.039663461538461536
3 0.7043269230769231 0.12860576923076922 0.06129807692307692 0.042067307692307696
3 0.765625 0.13221153846153846 0.06129807692307692 0.040865384615384616
3 0.8269230769230769 0.13701923076923078 0.06370192307692307 0.04326923076923077
3 0.8846153846153846 0.14302884615384615 0.057692307692307696 0.036057692307692304
2 0.9459134615384616 0.14543269230769232 0.0625 0.036057692307692304
3 0.7007211538461539 0.16466346153846154 0.06009615384615385 0.037259615384615384
3 0.7620192307692307 0.16947115384615385 0.06490384615384616 0.037259615384615384
3 0.8245192307692307 0.17307692307692307 0.06490384615384616 0.037259615384615384
3 0.8822115384615384 0.1778846153846154 0.056490384615384616 0.036057692307692304
2 0.9411057692307693 0.1814903846153846 0.06370192307692307 0.03485576923076923