2 0.051682692307692304 0.47716346153846156 0.05889423076923077 0.030048076923076924
2 0.109375 0.4831730769230769 0.06009615384615385 0.036057692307692304
2 0.16706730769230768 0.4855769230769231 0.056490384615384616 0.03485576923076923
2 0.051682692307692304 0.5108173076923077 0.056490384615384616 0.037259615384615384
1 0.109375 0.5168269230769231 0.06009615384615385 0.03125
2 0.16947115384615385 0.5192307692307693 0.056490384615384616 0.03365384615384615
2 0.052884615384615384 0.5456730769230769 0.056490384615384616 0.030048076923076924
2 0.11177884615384616 0.546875 0.057692307692307696 0.027644230769230768
2 0.16947115384615385 0.5528846153846154 0.057692307692307696 0.030048076923076924
2 0.038461538461538464 0.8786057692307693 0.05889423076923077 0.03365384615384615
2 0.039663461538461536 0.9074519230769231 0.057692307692307696 0.026442307692307692
2 0.042067307692307696 0.9362980769230769 0.057692307692307696 0.028846153846153848