3 0.09134615384615384 0.021634615384615384 0.06129807692307692 0.03485576923076923
2 0.7584134615384616 0.020432692307692308 0.06009615384615385 0.040865384615384616
2 0.296875 0.1971153846153846 0.06009615384615385 0.03485576923076923
2 0.8473557692307693 0.19831730769230768 0.06129807692307692 0.03365384615384615
2 0.9074519230769231 0.20072115384615385 0.06009615384615385 0.03365384615384615
2 0.35697115384615385 0.20192307692307693 0.06129807692307692 0.03365384615384615
2 0.4182692307692308 0.20552884615384615 0.06009615384615385 0.036057692307692304
2 0.9675480769230769 0.20793269230769232 0.06009615384615385 0.037259615384615384
2 0.47836538461538464 0.20793269230769232 0.06009615384615385 0.036057692307692304
2 0.5408653846153846 0.21033653846153846 0.06129807692307692 0.037259615384615384
2 0.6021634615384616 0.21634615384615385 0.06129807692307692 0.037259615384615384
2 0.6634615384615384 0.21995192307692307 0.06009615384615385 0.038461538461538464
3 0.055288461538461536 0.22235576923076922 0.05889423076923077 0.037259615384615384
3 0.11658653846153846 0.22355769230769232 0.06009615384615385 0.040865384615384616
2 0.7247596153846154 0.22355769230769232 0.06129807692307692 0.040865384615384616
2 0.17548076923076922 0.22596153846153846 0.06129807692307692 0.037259615384615384
2 0.7848557692307693 0.22716346153846154 0.06009615384615385 0.036057692307692304
3 0.23677884615384615 0.23076923076923078 0.06009615384615385 0.039663461538461536
2 0.84375 0.23317307692307693 0.06009615384615385 0.037259615384615384
3 0.2956730769230769 0.23557692307692307 0.06129807692307692 0.040865384615384616
3 0.15264423076923078 0.02403846153846154 0.05889423076923077 0.036057692307692304
2 0.8185096153846154 0.025240384615384616 0.06490384615384616 0.042067307692307696
2 0.9050480769230769 0.23557692307692307 0.05889423076923077 0.038461538461538464
2 0.35697115384615385 0.23798076923076922 0.06009615384615385 0.039663461538461536
1 0.4182692307692308 0.24158653846153846 0.06129807692307692 0.038461538461538464
2 0.9639423076923077 0.24158653846153846 0.06009615384615385 0.03365384615384615
2 0.47836538461538464 0.24639423076923078 0.06009615384615385 0.038461538461538464
2 0.5384615384615384 0.24879807692307693 0.06129807692307692 0.039663461538461536
0 0.6009615384615384 0.25240384615384615 0.06009615384615385 0.039663461538461536
2 0.6598557692307693 0.25600961538461536 0.06009615384615385 0.039663461538461536
2 0.7211538461538461 0.2620192307692308 0.06129807692307692 0.038461538461538464
2 0.78125 0.265625 0.05889423076923077 0.038461538461538464
2 0.8413461538461539 0.2692307692307692 0.06009615384615385 0.039663461538461536
3 0.2127403846153846 0.027644230769230768 0.06009615384615385 0.040865384615384616
2 0.9014423076923077 0.27403846153846156 0.06009615384615385 0.037259615384615384
2 0.9615384615384616 0.27884615384615385 0.05889423076923077 0.039663461538461536
3 0.27283653846153844 0.030048076923076924 0.057692307692307696 0.039663461538461536
2 0.8774038461538461 0.03125 0.057692307692307696 0.042067307692307696
2 0.3317307692307692 0.03125 0.06129807692307692 0.039663461538461536
2 0.9375 0.03485576923076923 0.06129807692307692 0.040865384615384616
1 0.39302884615384615 0.036057692307692304 0.06009615384615385 0.040865384615384616
3 0.07572115384615384 0.3605769230769231 0.06009615384615385 0.03485576923076923
3 0.1346153846153846 0.3605769230769231 0.06009615384615385 0.03365384615384615
2 0.19591346153846154 0.36177884615384615 0.06129807692307692 0.03485576923076923
2 0.2548076923076923 0.36778846153846156 0.06009615384615385 0.036057692307692304
2 0.3173076923076923 0.36899038461538464 0.0625 0.03485576923076923
2 0.37740384615384615 0.3737980769230769 0.06129807692307692 0.036057692307692304
2 0.43990384615384615 0.3762019230769231 0.06129807692307692 0.03365384615384615
2 0.5024038461538461 0.38341346153846156 0.06009615384615385 0.039663461538461536
2 0.5637019230769231 0.3870192307692308 0.0625 0.03485576923076923
2 0.6237980769230769 0.38822115384615385 0.06490384615384616 0.03485576923076923
3 0.07451923076923077 0.3942307692307692 0.05889423076923077 0.03365384615384615
2 0.13581730769230768 0.3954326923076923 0.0625 0.03245192307692308
2 0.6862980769230769 0.39663461538461536 0.06370192307692307 0.03485576923076923
2 0.7487980769230769 0.39663461538461536 0.06610576923076923 0.03485576923076923
2 0.19591346153846154 0.39783653846153844 0.06129807692307692 0.03485576923076923
2 0.8100961538461539 0.4026442307692308 0.06490384615384616 0.03485576923076923
2 0.2548076923076923 0.4026442307692308 0.06009615384615385 0.03485576923076923
3 0.3161057692307692 0.4050480769230769 0.06129807692307692 0.037259615384615384
2 0.8677884615384616 0.40865384615384615 0.06129807692307692 0.036057692307692304
3 0.37740384615384615 0.4098557692307692 0.06129807692307692 0.037259615384615384
2 0.4543269230769231 0.040865384615384616 0.06129807692307692 0.04326923076923077
2 0.9302884615384616 0.4110576923076923 0.06370192307692307 0.037259615384615384
1 0.43990384615384615 0.41225961538461536 0.06129807692307692 0.03485576923076923
2 0.5 0.41466346153846156 0.06009615384615385 0.03365384615384615
2 0.5625 0.421875 0.06129807692307692 0.03365384615384615
2 0.6225961538461539 0.4254807692307692 0.06129807692307692 0.03365384615384615
2 0.13701923076923078 0.42788461538461536 0.06129807692307692 0.036057692307692304
2 0.5144230769230769 0.04447115384615385 0.06009615384615385 0.042067307692307696
3 0.07692307692307693 0.43149038461538464 0.05889423076923077 0.037259615384615384
2 0.6850961538461539 0.43028846153846156 0.06370192307692307 0.03245192307692308
2 0.7463942307692307 0.43149038461538464 0.06490384615384616 0.036057692307692304
3 0.19471153846153846 0.43149038461538464 0.05889423076923077 0.03365384615384615
3 0.2548076923076923 0.4362980769230769 0.06009615384615385 0.03365384615384615
2 0.8064903846153846 0.4375 0.06610576923076923 0.03245192307692308
3 0.3161057692307692 0.4411057692307692 0.06129807692307692 0.03365384615384615
2 0.8653846153846154 0.4423076923076923 0.06490384615384616 0.03245192307692308
2 0.9242788461538461 0.44591346153846156 0.06490384615384616 0.03245192307692308
3 0.37740384615384615 0.44591346153846156 0.0625 0.03485576923076923
1 0.43990384615384615 0.44711538461538464 0.06009615384615385 0.03485576923076923
1 0.5012019230769231 0.4495192307692308 0.06129807692307692 0.036057692307692304
2 0.5625 0.4567307692307692 0.06129807692307692 0.03485576923076923
2 0.6213942307692307 0.45913461538461536 0.0625 0.036057692307692304
2 0.6814903846153846 0.4639423076923077 0.06370192307692307 0.03245192307692308
2 0.7427884615384616 0.4675480769230769 0.06370192307692307 0.037259615384615384
2 0.5733173076923077 0.04927884615384615 0.06009615384615385 0.04326923076923077
0 0.8028846153846154 0.47115384615384615 0.0625 0.03485576923076923
1 0.8629807692307693 0.47596153846153844 0.06370192307692307 0.03365384615384615
2 0.9206730769230769 0.47836538461538464 0.06370192307692307 0.03485576923076923
2 0.6346153846153846 0.051682692307692304 0.05889423076923077 0.040865384615384616
2 0.6971153846153846 0.057692307692307696 0.0625 0.040865384615384616
3 0.09975961538461539 0.5673076923076923 0.06129807692307692 0.036057692307692304
3 0.15865384615384615 0.5685096153846154 0.05889423076923077 0.036057692307692304
3 0.22115384615384615 0.5721153846153846 0.06370192307692307 0.03365384615384615
3 0.2824519230769231 0.5745192307692307 0.06129807692307692 0.03245192307692308
3 0.34375 0.5793269230769231 0.057692307692307696 0.036057692307692304
3 0.40384615384615385 0.5841346153846154 0.0625 0.03245192307692308
2 0.46634615384615385 0.5889423076923077 0.06009615384615385 0.037259615384615384
2 0.5264423076923077 0.5925480769230769 0.0625 0.03365384615384615
2 0.5889423076923077 0.5961538461538461 0.0625 0.03245192307692308
2 0.6514423076923077 0.6009615384615384 0.06129807692307692 0.03365384615384615
3 0.09975961538461539 0.6033653846153846 0.06129807692307692 0.03485576923076923
3 0.16105769230769232 0.6021634615384616 0.05889423076923077 0.03245192307692308
2 0.7115384615384616 0.6033653846153846 0.06129807692307692 0.036057692307692304
2 0.7560096153846154 0.06129807692307692 0.05889423076923077 0.040865384615384616
3 0.22235576923076922 0.6069711538461539 0.0625 0.03485576923076923
2 0.7716346153846154 0.609375 0.05889423076923077 0.03485576923076923
3 0.2824519230769231 0.609375 0.05889423076923077 0.03485576923076923
2 0.8317307692307693 0.6117788461538461 0.06129807692307692 0.036057692307692304
3 0.3425480769230769 0.6141826923076923 0.05889423076923077 0.03245192307692308
2 0.8918269230769231 0.6165865384615384 0.05889423076923077 0.037259615384615384
2 0.40384615384615385 0.6177884615384616 0.0625 0.03365384615384615
2 0.953125 0.6189903846153846 0.06129807692307692 0.03485576923076923
2 0.4651442307692308 0.6213942307692307 0.06129807692307692 0.037259615384615384
2 0.5240384615384616 0.6262019230769231 0.06129807692307692 0.03365384615384615
2 0.5865384615384616 0.6286057692307693 0.06129807692307692 0.03485576923076923
3 0.09975961538461539 0.6322115384615384 0.06009615384615385 0.026442307692307692
2 0.6490384615384616 0.6334134615384616 0.06129807692307692 0.03245192307692308
3 0.15985576923076922 0.6358173076923077 0.06009615384615385 0.03365384615384615
2 0.7079326923076923 0.6394230769230769 0.06009615384615385 0.03125
3 0.22235576923076922 0.640625 0.06370192307692307 0.03125
2 0.7692307692307693 0.6442307692307693 0.06129807692307692 0.03125
2 0.8161057692307693 0.06610576923076923 0.06009615384615385 0.037259615384615384
3 0.2824519230769231 0.6454326923076923 0.05889423076923077 0.037259615384615384
2 0.8293269230769231 0.6466346153846154 0.05889423076923077 0.036057692307692304
3 0.3425480769230769 0.6490384615384616 0.06009615384615385 0.036057692307692304
2 0.8894230769230769 0.6490384615384616 0.06129807692307692 0.03245192307692308
2 0.4026442307692308 0.6526442307692307 0.06009615384615385 0.03485576923076923
2 0.9495192307692307 0.6526442307692307 0.06009615384615385 0.03245192307692308
1 0.46274038461538464 0.6538461538461539 0.06009615384615385 0.038461538461538464
2 0.5240384615384616 0.6610576923076923 0.06129807692307692 0.036057692307692304
2 0.5853365384615384 0.6646634615384616 0.06129807692307692 0.036057692307692304
2 0.6454326923076923 0.6682692307692307 0.0625 0.03485576923076923
2 0.7055288461538461 0.671875 0.05889423076923077 0.03485576923076923
2 0.765625 0.6754807692307693 0.06009615384615385 0.03485576923076923
2 0.8269230769230769 0.6790865384615384 0.06009615384615385 0.03485576923076923
1 0.8858173076923077 0.6814903846153846 0.06129807692307692 0.03485576923076923
2 0.9459134615384616 0.6838942307692307 0.056490384615384616 0.036057692307692304
2 0.8762019230769231 0.07091346153846154 0.057692307692307696 0.040865384615384616
2 0.9326923076923077 0.07451923076923077 0.06009615384615385 0.04326923076923077
3 0.125 0.7776442307692307 0.06009615384615385 0.03125
2 0.18509615384615385 0.7788461538461539 0.06009615384615385 0.03485576923076923
2 0.24519230769230768 0.78125 0.06129807692307692 0.03485576923076923
2 0.30649038461538464 0.7836538461538461 0.0625 0.03245192307692308
3 0.36778846153846156 0.7872596153846154 0.06009615384615385 0.03245192307692308
2 0.42908653846153844 0.7920673076923077 0.06129807692307692 0.03245192307692308
2 0.49158653846153844 0.7980769230769231 0.06009615384615385 0.03485576923076923
2 0.5516826923076923 0.8016826923076923 0.05889423076923077 0.03365384615384615
2 0.6129807692307693 0.8040865384615384 0.06009615384615385 0.03245192307692308
0 0.12620192307692307 0.8052884615384616 0.05889423076923077 0.028846153846153848
2 0.6742788461538461 0.8088942307692307 0.06009615384615385 0.036057692307692304
2 0.18629807692307693 0.8112980769230769 0.06009615384615385 0.036057692307692304
2 0.7355769230769231 0.8112980769230769 0.06009615384615385 0.03245192307692308
2 0.24519230769230768 0.8149038461538461 0.06129807692307692 0.03365384615384615
2 0.796875 0.8149038461538461 0.06129807692307692 0.036057692307692304
3 0.30649038461538464 0.8173076923076923 0.06129807692307692 0.03365384615384615
2 0.8581730769230769 0.8185096153846154 0.06009615384615385 0.03485576923076923
3 0.36778846153846156 0.8221153846153846 0.06129807692307692 0.036057692307692304
2 0.9158653846153846 0.8209134615384616 0.06009615384615385 0.03365384615384615
2 0.9735576923076923 0.8233173076923077 0.052884615384615384 0.03485576923076923
2 0.42788461538461536 0.8269230769230769 0.06009615384615385 0.03365384615384615
2 0.4891826923076923 0.8293269230769231 0.05889423076923077 0.03125
2 0.5492788461538461 0.8341346153846154 0.06009615384615385 0.03125
0 0.12620192307692307 0.8353365384615384 0.06009615384615385 0.03125
2 0.6105769230769231 0.8377403846153846 0.05889423076923077 0.03365384615384615
2 0.1875 0.8401442307692307 0.05889423076923077 0.03245192307692308
2 0.671875 0.84375 0.06009615384615385 0.03485576923076923
3 0.24759615384615385 0.8449519230769231 0.06009615384615385 0.030048076923076924
2 0.7331730769230769 0.8449519230769231 0.06009615384615385 0.03365384615384615
2 0.7932692307692307 0.8473557692307693 0.06129807692307692 0.03365384615384615
3 0.3076923076923077 0.8485576923076923 0.06129807692307692 0.03245192307692308
2 0.8533653846153846 0.8497596153846154 0.05889423076923077 0.03245192307692308
2 0.9122596153846154 0.8509615384615384 0.05889423076923077 0.03125
3 0.36658653846153844 0.8545673076923077 0.06129807692307692 0.03365384615384615
2 0.9711538461538461 0.8557692307692307 0.057692307692307696 0.03125
2 0.42788461538461536 0.8569711538461539 0.06009615384615385 0.03485576923076923
0 0.4891826923076923 0.8617788461538461 0.06009615384615385 0.036057692307692304
2 0.5492788461538461 0.8653846153846154 0.06129807692307692 0.03485576923076923
0 0.6081730769230769 0.8689903846153846 0.06129807692307692 0.03485576923076923
2 0.6694711538461539 0.8737980769230769 0.06129807692307692 0.036057692307692304
2 0.7307692307692307 0.8762019230769231 0.06009615384615385 0.03245192307692308
2 0.7908653846153846 0.8774038461538461 0.0625 0.03245192307692308
1 0.8497596153846154 0.8798076923076923 0.05889423076923077 0.03365384615384615
2 0.9098557692307693 0.8822115384615384 0.06009615384615385 0.03485576923076923
2 0.9675480769230769 0.8870192307692307 0.06129807692307692 0.03245192307692308
2 0.26322115384615385 0.9807692307692307 0.06129807692307692 0.03245192307692308
3 0.14182692307692307 0.9819711538461539 0.05889423076923077 0.03485576923076923
3 0.20192307692307693 0.9831730769230769 0.06129807692307692 0.03245192307692308
2 0.5757211538461539 0.014423076923076924 0.06129807692307692 0.028846153846153848
3 0.055288461538461536 0.15264423076923078 0.05889423076923077 0.038461538461538464
3 0.11538461538461539 0.15144230769230768 0.05889423076923077 0.03365384615384615
2 0.6370192307692307 0.016826923076923076 0.06129807692307692 0.03365384615384615
2 0.17548076923076922 0.15745192307692307 0.06009615384615385 0.03365384615384615
2 0.23557692307692307 0.15625 0.06129807692307692 0.03485576923076923
2 0.29447115384615385 0.1622596153846154 0.06129807692307692 0.03485576923076923
2 0.35697115384615385 0.1658653846153846 0.06129807692307692 0.038461538461538464
2 0.4182692307692308 0.16826923076923078 0.06129807692307692 0.037259615384615384
2 0.4807692307692308 0.171875 0.06129807692307692 0.036057692307692304
2 0.5420673076923077 0.17427884615384615 0.0625 0.03245192307692308
2 0.6971153846153846 0.018028846153846152 0.0625 0.036057692307692304
3 0.03365384615384615 0.018028846153846152 0.056490384615384616 0.03365384615384615
2 0.6021634615384616 0.17908653846153846 0.06129807692307692 0.03485576923076923
2 0.6658653846153846 0.18389423076923078 0.0625 0.03485576923076923
3 0.11538461538461539 0.1875 0.06009615384615385 0.03485576923076923
3 0.056490384615384616 0.18629807692307693 0.06009615384615385 0.03245192307692308
2 0.7259615384615384 0.18629807692307693 0.06129807692307692 0.03365384615384615
2 0.17548076923076922 0.18990384615384615 0.06009615384615385 0.03245192307692308
2 0.7872596153846154 0.19110576923076922 0.0625 0.03485576923076923
2 0.23557692307692307 0.1935096153846154 0.06129807692307692 0.039663461538461536