2 0.02283653846153846 0.47115384615384615 0.038461538461538464 0.11899038461538461
4 0.09735576923076923 0.47836538461538464 0.038461538461538464 0.11778846153846154
2 0.1778846153846154 0.4831730769230769 0.038461538461538464 0.11899038461538461
4 0.25 0.49158653846153844 0.037259615384615384 0.11899038461538461
2 0.3317307692307692 0.4951923076923077 0.040865384615384616 0.11538461538461539
2 0.4098557692307692 0.5036057692307693 0.040865384615384616 0.11778846153846154
2 0.4987980769230769 0.5072115384615384 0.04567307692307692 0.12139423076923077
2 0.5769230769230769 0.5120192307692307 0.04567307692307692 0.11778846153846154
2 0.6538461538461539 0.5168269230769231 0.04567307692307692 0.11899038461538461
2 0.7355769230769231 0.5240384615384616 0.04567307692307692 0.11778846153846154
2 0.8137019230769231 0.5288461538461539 0.040865384615384616 0.11899038461538461
4 0.8930288461538461 0.5336538461538461 0.042067307692307696 0.11778846153846154
4 0.9663461538461539 0.5384615384615384 0.042067307692307696 0.11778846153846154
2 0.016826923076923076 0.5901442307692307 0.03365384615384615 0.11778846153846154
2 0.09254807692307693 0.5949519230769231 0.038461538461538464 0.11899038461538461
2 0.17067307692307693 0.6033653846153846 0.038461538461538464 0.12139423076923077
4 0.24639423076923078 0.609375 0.038461538461538464 0.12139423076923077
2 0.3245192307692308 0.6117788461538461 0.038461538461538464 0.11899038461538461
2 0.40384615384615385 0.6225961538461539 0.038461538461538464 0.12139423076923077
2 0.49278846153846156 0.6262019230769231 0.046875 0.11538461538461539
2 0.5697115384615384 0.6310096153846154 0.04567307692307692 0.12139423076923077
2 0.6490384615384616 0.6382211538461539 0.046875 0.12259615384615384
2 0.7283653846153846 0.6430288461538461 0.042067307692307696 0.12259615384615384
2 0.8088942307692307 0.6478365384615384 0.042067307692307696 0.11899038461538461
0 0.8846153846153846 0.6526442307692307 0.04326923076923077 0.11778846153846154
4 0.9615384615384616 0.65625 0.04326923076923077 0.11778846153846154
2 0.015625 0.7091346153846154 0.03125 0.12139423076923077
2 0.09014423076923077 0.7163461538461539 0.038461538461538464 0.11899038461538461
2 0.16826923076923078 0.7235576923076923 0.038461538461538464 0.11899038461538461
4 0.2403846153846154 0.7319711538461539 0.036057692307692304 0.12259615384615384
2 0.31850961538461536 0.7367788461538461 0.036057692307692304 0.12139423076923077
2 0.40024038461538464 0.7427884615384616 0.037259615384615384 0.12259615384615384
2 0.484375 0.7475961538461539 0.04326923076923077 0.12259615384615384
2 0.5612980769230769 0.7512019230769231 0.038461538461538464 0.11899038461538461
2 0.6418269230769231 0.7560096153846154 0.04326923076923077 0.11778846153846154
2 0.7223557692307693 0.7596153846153846 0.042067307692307696 0.11298076923076923
2 0.8028846153846154 0.7644230769230769 0.042067307692307696 0.11899038461538461
2 0.8798076923076923 0.7692307692307693 0.04326923076923077 0.11778846153846154
2 0.953125 0.7752403846153846 0.046875 0.11778846153846154
4 0.08653846153846154 0.8341346153846154 0.037259615384615384 0.12139423076923077
2 0.1622596153846154 0.8401442307692307 0.037259615384615384 0.11778846153846154
4 0.23557692307692307 0.8473557692307693 0.036057692307692304 0.11778846153846154
2 0.3137019230769231 0.8569711538461539 0.03485576923076923 0.125
4 0.3918269230769231 0.8605769230769231 0.037259615384615384 0.11899038461538461