2 0.24278846153846154 0.23197115384615385 0.042067307692307696 0.13701923076923078
4 0.08774038461538461 0.27403846153846156 0.038461538461538464 0.12740384615384615
2 0.15745192307692307 0.3112980769230769 0.038461538461538464 0.1310096153846154
2 0.24278846153846154 0.35697115384615385 0.042067307692307696 0.1346153846153846
4 0.08533653846153846 0.39663461538461536 0.038461538461538464 0.12860576923076922
2 0.15504807692307693 0.43028846153846156 0.038461538461538464 0.12860576923076922
2 0.23918269230769232 0.47596153846153844 0.040865384615384616 0.12740384615384615
4 0.09495192307692307 0.051682692307692304 0.036057692307692304 0.10336538461538461
2 0.08173076923076923 0.5180288461538461 0.036057692307692304 0.12259615384615384
2 0.15144230769230768 0.5492788461538461 0.040865384615384616 0.1310096153846154
2 0.07932692307692307 0.6382211538461539 0.03485576923076923 0.12259615384615384
2 0.15264423076923078 0.6730769230769231 0.03245192307692308 0.11899038461538461
2 0.1658653846153846 0.07091346153846154 0.037259615384615384 0.12740384615384615
2 0.019230769230769232 0.08653846153846154 0.038461538461538464 0.11899038461538461
4 0.24519230769230768 0.11658653846153846 0.04326923076923077 0.1310096153846154
2 0.09134615384615384 0.15865384615384615 0.036057692307692304 0.12860576923076922
2 0.15985576923076922 0.18629807692307693 0.038461538461538464 0.12740384615384615