0 0.17307692307692307 0.4879807692307692 0.04326923076923077 0.014423076923076924
0 0.16826923076923078 0.5036057692307693 0.04326923076923077 0.014423076923076924
0 0.16706730769230768 0.5228365384615384 0.04807692307692308 0.014423076923076924
0 0.1658653846153846 0.5384615384615384 0.052884615384615384 0.014423076923076924
0 0.16947115384615385 0.546875 0.04326923076923077 0.014423076923076924
0 0.16826923076923078 0.5637019230769231 0.040865384615384616 0.014423076923076924
0 0.16105769230769232 0.5805288461538461 0.04326923076923077 0.014423076923076924
0 0.16105769230769232 0.5985576923076923 0.04326923076923077 0.014423076923076924
0 0.15985576923076922 0.6105769230769231 0.038461538461538464 0.016826923076923076
0 0.15625 0.6262019230769231 0.04326923076923077 0.014423076923076924
0 0.15384615384615385 0.6442307692307693 0.04326923076923077 0.014423076923076924
0 0.1310096153846154 0.84375 0.04807692307692308 0.009615384615384616
0 0.15384615384615385 0.6670673076923077 0.04326923076923077 0.009615384615384616
0 0.1502403846153846 0.7475961538461539 0.04807692307692308 0.019230769230769232
0 0.15144230769230768 0.7307692307692307 0.04326923076923077 0.01201923076923077
0 0.1502403846153846 0.7163461538461539 0.04326923076923077 0.014423076923076924
0 0.15144230769230768 0.6971153846153846 0.040865384615384616 0.014423076923076924
0 0.15384615384615385 0.6802884615384616 0.04326923076923077 0.014423076923076924
0 0.24158653846153846 0.4675480769230769 0.040865384615384616 0.014423076923076924
0 0.2403846153846154 0.4735576923076923 0.038461538461538464 0.01201923076923077
0 0.23918269230769232 0.48677884615384615 0.038461538461538464 0.014423076923076924
0 0.23798076923076922 0.5024038461538461 0.038461538461538464 0.014423076923076924
0 0.23918269230769232 0.5168269230769231 0.038461538461538464 0.009615384615384616
0 0.23677884615384615 0.5300480769230769 0.038461538461538464 0.009615384615384616
0 0.23677884615384615 0.5408653846153846 0.040865384615384616 0.014423076923076924
0 0.23557692307692307 0.5564903846153846 0.038461538461538464 0.014423076923076924
0 0.23677884615384615 0.5709134615384616 0.038461538461538464 0.014423076923076924
0 0.23557692307692307 0.5841346153846154 0.04326923076923077 0.014423076923076924
0 0.23197115384615385 0.5997596153846154 0.04807692307692308 0.014423076923076924
0 0.25600961538461536 0.8473557692307693 0.038461538461538464 0.01201923076923077
0 0.20793269230769232 0.8497596153846154 0.04326923076923077 0.004807692307692308
0 0.25600961538461536 0.8305288461538461 0.036057692307692304 0.014423076923076924
0 0.25841346153846156 0.8125 0.038461538461538464 0.019230769230769232
0 0.25841346153846156 0.7944711538461539 0.038461538461538464 0.019230769230769232
0 0.2608173076923077 0.7788461538461539 0.036057692307692304 0.016826923076923076
0 0.26322115384615385 0.7596153846153846 0.038461538461538464 0.019230769230769232
0 0.26322115384615385 0.7487980769230769 0.036057692307692304 0.009615384615384616
0 0.6502403846153846 0.609375 0.028846153846153848 0.01201923076923077
0 0.6514423076923077 0.5985576923076923 0.028846153846153848 0.009615384615384616
0 0.6514423076923077 0.5877403846153846 0.026442307692307692 0.009615384615384616
0 0.44471153846153844 0.7115384615384616 0.028846153846153848 0.014423076923076924
0 0.44471153846153844 0.7259615384615384 0.03125 0.009615384615384616
0 0.4483173076923077 0.7391826923076923 0.03365384615384615 0.009615384615384616
0 0.23317307692307693 0.6141826923076923 0.04567307692307692 0.01201923076923077
0 0.22235576923076922 0.6442307692307693 0.04326923076923077 0.009615384615384616
0 0.21995192307692307 0.6550480769230769 0.04326923076923077 0.009615384615384616
0 0.21995192307692307 0.6694711538461539 0.04567307692307692 0.014423076923076924
0 0.21754807692307693 0.7307692307692307 0.04326923076923077 0.01201923076923077
0 0.21634615384615385 0.6995192307692307 0.04326923076923077 0.01201923076923077
0 0.21754807692307693 0.7163461538461539 0.04326923076923077 0.014423076923076924
0 0.21754807692307693 0.7487980769230769 0.04326923076923077 0.01201923076923077
0 0.2127403846153846 0.8377403846153846 0.038461538461538464 0.016826923076923076
0 0.21514423076923078 0.8233173076923077 0.04326923076923077 0.02403846153846154
0 0.21394230769230768 0.8028846153846154 0.036057692307692304 0.014423076923076924
0 0.21634615384615385 0.7896634615384616 0.04326923076923077 0.009615384615384616
0 0.22596153846153846 0.6298076923076923 0.04326923076923077 0.01201923076923077
0 0.21754807692307693 0.7788461538461539 0.040865384615384616 0.01201923076923077
0 0.21754807692307693 0.7644230769230769 0.04326923076923077 0.01201923076923077
0 0.6502403846153846 0.578125 0.021634615384615384 0.004807692307692308
0 0.6490384615384616 0.6201923076923077 0.021634615384615384 0.01201923076923077
0 0.6526442307692307 0.5673076923076923 0.02403846153846154 0.007211538461538462
0 0.6538461538461539 0.5576923076923077 0.02403846153846154 0.009615384615384616
0 0.6550480769230769 0.5456730769230769 0.026442307692307692 0.01201923076923077
0 0.6538461538461539 0.5348557692307693 0.028846153846153848 0.014423076923076924
0 0.65625 0.5216346153846154 0.026442307692307692 0.014423076923076924
0 0.6550480769230769 0.5120192307692307 0.02403846153846154 0.009615384615384616
0 0.6454326923076923 0.6346153846153846 0.028846153846153848 0.007211538461538462
0 0.6574519230769231 0.5012019230769231 0.02403846153846154 0.007211538461538462
0 0.65625 0.47716346153846156 0.02403846153846154 0.01201923076923077
0 0.625 0.15144230769230768 0.021634615384615384 0.002403846153846154
0 0.6574519230769231 0.49038461538461536 0.019230769230769232 0.009615384615384616
0 0.6442307692307693 0.6502403846153846 0.02403846153846154 0.01201923076923077
0 0.4495192307692308 0.8473557692307693 0.03365384615384615 0.009615384615384616
0 0.44711538461538464 0.8365384615384616 0.03365384615384615 0.014423076923076924
0 0.44711538461538464 0.8052884615384616 0.036057692307692304 0.014423076923076924
0 0.44591346153846156 0.8197115384615384 0.028846153846153848 0.014423076923076924
0 0.44591346153846156 0.7908653846153846 0.036057692307692304 0.009615384615384616
0 0.44711538461538464 0.7800480769230769 0.03365384615384615 0.01201923076923077
0 0.44591346153846156 0.7668269230769231 0.03365384615384615 0.009615384615384616
0 0.44711538461538464 0.7536057692307693 0.028846153846153848 0.01201923076923077
0 0.44711538461538464 0.6995192307692307 0.028846153846153848 0.01201923076923077
0 0.4483173076923077 0.6838942307692307 0.03365384615384615 0.01201923076923077
0 0.4519230769230769 0.6610576923076923 0.028846153846153848 0.007211538461538462
0 0.44711538461538464 0.6706730769230769 0.028846153846153848 0.01201923076923077
0 0.4495192307692308 0.6478365384615384 0.028846153846153848 0.01201923076923077
0 0.45913461538461536 0.5889423076923077 0.03365384615384615 0.016826923076923076
0 0.45072115384615385 0.6189903846153846 0.03365384615384615 0.009615384615384616
0 0.45913461538461536 0.5757211538461539 0.03365384615384615 0.014423076923076924
0 0.4543269230769231 0.6033653846153846 0.026442307692307692 0.01201923076923077
0 0.46033653846153844 0.5612980769230769 0.028846153846153848 0.01201923076923077
0 0.4567307692307692 0.5336538461538461 0.028846153846153848 0.014423076923076924
0 0.4567307692307692 0.5024038461538461 0.028846153846153848 0.009615384615384616
0 0.4579326923076923 0.5492788461538461 0.03365384615384615 0.009615384615384616
0 0.4579326923076923 0.48197115384615385 0.028846153846153848 0.009615384615384616
0 0.45913461538461536 0.47115384615384615 0.03365384615384615 0.01201923076923077
0 0.453125 0.6334134615384616 0.028846153846153848 0.009615384615384616
0 0.46153846153846156 0.46033653846153844 0.028846153846153848 0.009615384615384616
0 0.45913461538461536 0.44711538461538464 0.028846153846153848 0.014423076923076924
0 0.4651442307692308 0.4326923076923077 0.026442307692307692 0.014423076923076924
0 0.4651442307692308 0.4182692307692308 0.028846153846153848 0.009615384615384616
0 0.4675480769230769 0.3918269230769231 0.03365384615384615 0.01201923076923077
0 0.46875 0.40384615384615385 0.028846153846153848 0.014423076923076924
0 0.47115384615384615 0.3798076923076923 0.03365384615384615 0.009615384615384616
0 0.4675480769230769 0.359375 0.028846153846153848 0.009615384615384616
0 0.47115384615384615 0.36899038461538464 0.02403846153846154 0.009615384615384616
0 0.47596153846153844 0.33533653846153844 0.028846153846153848 0.014423076923076924
0 0.47115384615384615 0.34975961538461536 0.028846153846153848 0.014423076923076924
0 0.47475961538461536 0.3233173076923077 0.028846153846153848 0.01201923076923077
0 0.4735576923076923 0.3088942307692308 0.03365384615384615 0.01201923076923077
0 0.47596153846153844 0.2824519230769231 0.03365384615384615 0.014423076923076924
0 0.47475961538461536 0.29447115384615385 0.028846153846153848 0.009615384615384616
0 0.47836538461538464 0.26802884615384615 0.028846153846153848 0.014423076923076924
0 0.47596153846153844 0.2548076923076923 0.028846153846153848 0.01201923076923077
0 0.4795673076923077 0.1935096153846154 0.03365384615384615 0.014423076923076924
0 0.47836538461538464 0.17668269230769232 0.03365384615384615 0.014423076923076924
0 0.48197115384615385 0.16346153846153846 0.028846153846153848 0.009615384615384616
0 0.4254807692307692 0.4519230769230769 0.03365384615384615 0.009615384615384616
0 0.43028846153846156 0.4254807692307692 0.028846153846153848 0.014423076923076924
0 0.4326923076923077 0.4014423076923077 0.03365384615384615 0.014423076923076924
0 0.42788461538461536 0.4423076923076923 0.028846153846153848 0.01201923076923077
0 0.43028846153846156 0.41346153846153844 0.03365384615384615 0.01201923076923077
0 0.43509615384615385 0.3894230769230769 0.028846153846153848 0.014423076923076924
0 0.4338942307692308 0.3762019230769231 0.028846153846153848 0.009615384615384616
0 0.43509615384615385 0.3641826923076923 0.028846153846153848 0.009615384615384616
0 0.4362980769230769 0.35096153846153844 0.028846153846153848 0.01201923076923077
0 0.4362980769230769 0.33653846153846156 0.038461538461538464 0.014423076923076924
0 0.43990384615384615 0.31850961538461536 0.03365384615384615 0.014423076923076924
0 0.4411057692307692 0.30288461538461536 0.03365384615384615 0.01201923076923077
0 0.43990384615384615 0.28725961538461536 0.03365384615384615 0.014423076923076924
0 0.43990384615384615 0.27524038461538464 0.028846153846153848 0.014423076923076924
0 0.4387019230769231 0.26322115384615385 0.036057692307692304 0.014423076923076924
0 0.4411057692307692 0.25 0.03365384615384615 0.009615384615384616
0 0.44350961538461536 0.234375 0.038461538461538464 0.014423076923076924
0 0.6129807692307693 0.34615384615384615 0.02403846153846154 0.01201923076923077
0 0.6117788461538461 0.31850961538461536 0.026442307692307692 0.01201923076923077
0 0.6105769230769231 0.33052884615384615 0.026442307692307692 0.009615384615384616
0 0.6165865384615384 0.3016826923076923 0.02403846153846154 0.009615384615384616
0 0.6189903846153846 0.29086538461538464 0.02403846153846154 0.009615384615384616
0 0.6189903846153846 0.2692307692307692 0.02403846153846154 0.01201923076923077
0 0.6177884615384616 0.2800480769230769 0.019230769230769232 0.009615384615384616
0 0.6213942307692307 0.2536057692307692 0.028846153846153848 0.01201923076923077
0 0.6213942307692307 0.2403846153846154 0.026442307692307692 0.009615384615384616
0 0.6213942307692307 0.20793269230769232 0.026442307692307692 0.009615384615384616
0 0.6213942307692307 0.22596153846153846 0.028846153846153848 0.014423076923076924
0 0.6225961538461539 0.19471153846153846 0.02403846153846154 0.01201923076923077
0 0.5829326923076923 0.7512019230769231 0.026442307692307692 0.009615384615384616
0 0.5793269230769231 0.7403846153846154 0.026442307692307692 0.007211538461538462
0 0.6237980769230769 0.18028846153846154 0.02403846153846154 0.009615384615384616
0 0.4254807692307692 0.4639423076923077 0.03365384615384615 0.014423076923076924
1 0.5877403846153846 0.7608173076923077 0.014423076923076924 0.007211538461538462
0 0.47475961538461536 0.24278846153846154 0.03365384615384615 0.007211538461538462
0 0.4795673076923077 0.22115384615384615 0.036057692307692304 0.014423076923076924
0 0.4795673076923077 0.234375 0.036057692307692304 0.009615384615384616
0 0.47836538461538464 0.20673076923076922 0.03365384615384615 0.01201923076923077
0 0.45913461538461536 0.5180288461538461 0.03365384615384615 0.01201923076923077
0 0.44350961538461536 0.21754807692307693 0.038461538461538464 0.014423076923076924
0 0.4831730769230769 0.15144230769230768 0.03365384615384615 0.009615384615384616
0 0.21754807692307693 0.6850961538461539 0.04567307692307692 0.01201923076923077
0 0.46033653846153844 0.4891826923076923 0.028846153846153848 0.009615384615384616
0 0.6237980769230769 0.171875 0.026442307692307692 0.01201923076923077
0 0.6225961538461539 0.15745192307692307 0.026442307692307692 0.007211538461538462
0 0.6430288461538461 0.6610576923076923 0.02403846153846154 0.009615384615384616
0 0.44711538461538464 0.18870192307692307 0.03365384615384615 0.014423076923076924
0 0.44350961538461536 0.203125 0.028846153846153848 0.014423076923076924
0 0.44711538461538464 0.17668269230769232 0.03365384615384615 0.014423076923076924
0 0.17427884615384615 0.4735576923076923 0.040865384615384616 0.014423076923076924
0 0.4495192307692308 0.16466346153846154 0.03365384615384615 0.014423076923076924