0 0.8269230769230769 0.43149038461538464 0.04807692307692308 0.014423076923076924
0 0.8245192307692307 0.44711538461538464 0.04326923076923077 0.014423076923076924
0 0.8269230769230769 0.46274038461538464 0.04326923076923077 0.014423076923076924
0 0.8269230769230769 0.47836538461538464 0.04807692307692308 0.014423076923076924
0 0.8269230769230769 0.49759615384615385 0.04326923076923077 0.014423076923076924
0 0.8293269230769231 0.5120192307692307 0.04807692307692308 0.014423076923076924
0 0.8293269230769231 0.5276442307692307 0.04807692307692308 0.014423076923076924
0 0.8317307692307693 0.5420673076923077 0.04326923076923077 0.014423076923076924
0 0.8329326923076923 0.5588942307692307 0.04326923076923077 0.014423076923076924
0 0.8305288461538461 0.5745192307692307 0.04567307692307692 0.014423076923076924
0 0.8317307692307693 0.5889423076923077 0.04326923076923077 0.014423076923076924
0 0.8317307692307693 0.6057692307692307 0.04326923076923077 0.014423076923076924
0 0.84375 0.7908653846153846 0.04326923076923077 0.004807692307692308
0 0.8353365384615384 0.6237980769230769 0.04567307692307692 0.01201923076923077
0 0.8365384615384616 0.7019230769230769 0.040865384615384616 0.014423076923076924
0 0.8353365384615384 0.6875 0.04326923076923077 0.014423076923076924
0 0.8353365384615384 0.6706730769230769 0.04326923076923077 0.014423076923076924
0 0.8353365384615384 0.6550480769230769 0.040865384615384616 0.014423076923076924
0 0.8341346153846154 0.6394230769230769 0.04326923076923077 0.014423076923076924
0 0.7596153846153846 0.421875 0.04326923076923077 0.014423076923076924
0 0.7596153846153846 0.4362980769230769 0.04326923076923077 0.014423076923076924
0 0.7584134615384616 0.4519230769230769 0.04326923076923077 0.014423076923076924
0 0.7584134615384616 0.4651442307692308 0.040865384615384616 0.019230769230769232
0 0.7596153846153846 0.4807692307692308 0.038461538461538464 0.014423076923076924
0 0.7620192307692307 0.49759615384615385 0.04326923076923077 0.014423076923076924
0 0.7620192307692307 0.5132211538461539 0.04326923076923077 0.014423076923076924
0 0.7632211538461539 0.5276442307692307 0.038461538461538464 0.014423076923076924
0 0.7632211538461539 0.5408653846153846 0.040865384615384616 0.014423076923076924
0 0.7644230769230769 0.5564903846153846 0.038461538461538464 0.014423076923076924
0 0.7632211538461539 0.5709134615384616 0.038461538461538464 0.014423076923076924
0 0.7644230769230769 0.5841346153846154 0.04326923076923077 0.014423076923076924
0 0.7644230769230769 0.5997596153846154 0.04807692307692308 0.014423076923076924
0 0.7295673076923077 0.8449519230769231 0.04326923076923077 0.01201923076923077
0 0.7752403846153846 0.8473557692307693 0.04326923076923077 0.007211538461538462
0 0.7295673076923077 0.828125 0.04326923076923077 0.019230769230769232
0 0.7283653846153846 0.8125 0.038461538461538464 0.019230769230769232
0 0.7283653846153846 0.796875 0.038461538461538464 0.019230769230769232
0 0.7283653846153846 0.78125 0.036057692307692304 0.016826923076923076
0 0.7271634615384616 0.765625 0.038461538461538464 0.019230769230769232
0 0.7259615384615384 0.7512019230769231 0.036057692307692304 0.016826923076923076
0 0.7247596153846154 0.7367788461538461 0.038461538461538464 0.016826923076923076
0 0.34975961538461536 0.609375 0.028846153846153848 0.01201923076923077
0 0.3485576923076923 0.5985576923076923 0.028846153846153848 0.009615384615384616
0 0.3485576923076923 0.5877403846153846 0.026442307692307692 0.009615384615384616
0 0.5456730769230769 0.7067307692307693 0.028846153846153848 0.014423076923076924
0 0.5444711538461539 0.71875 0.03365384615384615 0.01201923076923077
0 0.7235576923076923 0.71875 0.038461538461538464 0.014423076923076924
0 0.7235576923076923 0.703125 0.038461538461538464 0.014423076923076924
0 0.5456730769230769 0.7319711538461539 0.03365384615384615 0.009615384615384616
0 0.765625 0.6177884615384616 0.04326923076923077 0.014423076923076924
0 0.7680288461538461 0.6298076923076923 0.04807692307692308 0.014423076923076924
0 0.7692307692307693 0.6466346153846154 0.04326923076923077 0.014423076923076924
0 0.7680288461538461 0.6610576923076923 0.04807692307692308 0.014423076923076924
0 0.7704326923076923 0.6766826923076923 0.04326923076923077 0.014423076923076924
0 0.7692307692307693 0.6923076923076923 0.04567307692307692 0.01201923076923077
0 0.7692307692307693 0.7043269230769231 0.04807692307692308 0.014423076923076924
0 0.7692307692307693 0.71875 0.04567307692307692 0.01201923076923077
0 0.7764423076923077 0.8329326923076923 0.038461538461538464 0.014423076923076924
0 0.7752403846153846 0.8173076923076923 0.04567307692307692 0.01201923076923077
0 0.7752403846153846 0.8028846153846154 0.036057692307692304 0.014423076923076924
0 0.7740384615384616 0.7860576923076923 0.04326923076923077 0.014423076923076924
0 0.7740384615384616 0.7716346153846154 0.04326923076923077 0.016826923076923076
0 0.7716346153846154 0.7728365384615384 0.036057692307692304 0.014423076923076924
0 0.7716346153846154 0.7548076923076923 0.040865384615384616 0.01201923076923077
0 0.7692307692307693 0.7379807692307693 0.04326923076923077 0.016826923076923076
0 0.35096153846153844 0.5745192307692307 0.02403846153846154 0.009615384615384616
0 0.33774038461538464 0.4266826923076923 0.021634615384615384 0.01201923076923077
0 0.3449519230769231 0.5661057692307693 0.028846153846153848 0.007211538461538462
0 0.34615384615384615 0.5576923076923077 0.02403846153846154 0.009615384615384616
0 0.3449519230769231 0.5456730769230769 0.026442307692307692 0.01201923076923077
0 0.34615384615384615 0.5348557692307693 0.028846153846153848 0.014423076923076924
0 0.34375 0.5216346153846154 0.026442307692307692 0.014423076923076924
0 0.3449519230769231 0.5120192307692307 0.02403846153846154 0.009615384615384616
0 0.34134615384615385 0.4338942307692308 0.021634615384615384 0.009615384615384616
0 0.3425480769230769 0.5012019230769231 0.02403846153846154 0.007211538461538462
0 0.34375 0.47716346153846156 0.02403846153846154 0.01201923076923077
0 0.3401442307692308 0.44591346153846156 0.019230769230769232 0.009615384615384616
0 0.3425480769230769 0.49038461538461536 0.019230769230769232 0.009615384615384616
0 0.3449519230769231 0.46875 0.021634615384615384 0.007211538461538462
0 0.3425480769230769 0.46033653846153844 0.019230769230769232 0.009615384615384616
0 0.5444711538461539 0.8425480769230769 0.03365384615384615 0.009615384615384616
0 0.5444711538461539 0.8317307692307693 0.04326923076923077 0.014423076923076924
0 0.5444711538461539 0.8016826923076923 0.036057692307692304 0.014423076923076924
0 0.5420673076923077 0.8161057692307693 0.028846153846153848 0.009615384615384616
0 0.546875 0.7848557692307693 0.036057692307692304 0.009615384615384616
0 0.5432692307692307 0.7728365384615384 0.038461538461538464 0.014423076923076924
0 0.5432692307692307 0.7596153846153846 0.03365384615384615 0.009615384615384616
0 0.5420673076923077 0.7463942307692307 0.028846153846153848 0.009615384615384616
0 0.5420673076923077 0.6923076923076923 0.038461538461538464 0.016826923076923076
0 0.5432692307692307 0.6778846153846154 0.03365384615384615 0.01201923076923077
0 0.5444711538461539 0.6538461538461539 0.028846153846153848 0.007211538461538462
0 0.5420673076923077 0.6670673076923077 0.028846153846153848 0.01201923076923077
0 0.5432692307692307 0.6394230769230769 0.02403846153846154 0.009615384615384616
0 0.5408653846153846 0.5889423076923077 0.03365384615384615 0.016826923076923076
0 0.5408653846153846 0.6153846153846154 0.026442307692307692 0.01201923076923077
0 0.5408653846153846 0.5757211538461539 0.03365384615384615 0.014423076923076924
0 0.5420673076923077 0.6021634615384616 0.026442307692307692 0.01201923076923077
0 0.5396634615384616 0.5612980769230769 0.028846153846153848 0.01201923076923077
0 0.5384615384615384 0.5360576923076923 0.028846153846153848 0.014423076923076924
0 0.5396634615384616 0.4987980769230769 0.028846153846153848 0.014423076923076924
0 0.5432692307692307 0.5108173076923077 0.03365384615384615 0.009615384615384616
0 0.5408653846153846 0.5240384615384616 0.019230769230769232 0.009615384615384616
0 0.5420673076923077 0.5372596153846154 0.02403846153846154 0.009615384615384616
0 0.5420673076923077 0.5492788461538461 0.03365384615384615 0.009615384615384616
0 0.5420673076923077 0.48197115384615385 0.028846153846153848 0.009615384615384616
0 0.5408653846153846 0.47115384615384615 0.03365384615384615 0.01201923076923077
0 0.5456730769230769 0.6274038461538461 0.028846153846153848 0.009615384615384616
0 0.5396634615384616 0.5228365384615384 0.03365384615384615 0.01201923076923077
0 0.5384615384615384 0.46033653846153844 0.028846153846153848 0.009615384615384616
0 0.5408653846153846 0.44711538461538464 0.028846153846153848 0.014423076923076924
0 0.5408653846153846 0.4338942307692308 0.026442307692307692 0.014423076923076924
0 0.5384615384615384 0.41947115384615385 0.03365384615384615 0.009615384615384616
0 0.5372596153846154 0.39663461538461536 0.03365384615384615 0.01201923076923077
0 0.5372596153846154 0.4098557692307692 0.028846153846153848 0.014423076923076924
0 0.5360576923076923 0.38100961538461536 0.03365384615384615 0.009615384615384616
0 0.5348557692307693 0.3557692307692308 0.028846153846153848 0.009615384615384616
0 0.5372596153846154 0.3701923076923077 0.026442307692307692 0.01201923076923077
0 0.5372596153846154 0.33052884615384615 0.028846153846153848 0.014423076923076924
0 0.5336538461538461 0.3425480769230769 0.028846153846153848 0.014423076923076924
0 0.5300480769230769 0.3161057692307692 0.028846153846153848 0.014423076923076924
0 0.5300480769230769 0.30288461538461536 0.03365384615384615 0.01201923076923077
0 0.5276442307692307 0.2776442307692308 0.03365384615384615 0.014423076923076924
0 0.5300480769230769 0.2932692307692308 0.03365384615384615 0.01201923076923077
0 0.5276442307692307 0.26322115384615385 0.02403846153846154 0.014423076923076924
0 0.5288461538461539 0.24879807692307693 0.028846153846153848 0.01201923076923077
0 0.5276442307692307 0.2247596153846154 0.02403846153846154 0.014423076923076924
0 0.5288461538461539 0.19951923076923078 0.028846153846153848 0.019230769230769232
0 0.5276442307692307 0.23798076923076922 0.014423076923076924 0.01201923076923077
0 0.5300480769230769 0.18269230769230768 0.03365384615384615 0.014423076923076924
0 0.5288461538461539 0.16826923076923078 0.03365384615384615 0.014423076923076924
0 0.5288461538461539 0.15625 0.028846153846153848 0.009615384615384616
0 0.5733173076923077 0.4206730769230769 0.03365384615384615 0.009615384615384616
0 0.5733173076923077 0.4074519230769231 0.028846153846153848 0.014423076923076924
0 0.5757211538461539 0.3786057692307692 0.028846153846153848 0.014423076923076924
0 0.5745192307692307 0.39663461538461536 0.028846153846153848 0.014423076923076924
0 0.5733173076923077 0.3641826923076923 0.028846153846153848 0.01201923076923077
0 0.5697115384615384 0.35336538461538464 0.03365384615384615 0.014423076923076924
0 0.5685096153846154 0.3401442307692308 0.026442307692307692 0.016826923076923076
0 0.5685096153846154 0.328125 0.028846153846153848 0.014423076923076924
0 0.5697115384615384 0.3137019230769231 0.028846153846153848 0.014423076923076924
0 0.5673076923076923 0.30288461538461536 0.03365384615384615 0.019230769230769232
0 0.5649038461538461 0.28846153846153844 0.028846153846153848 0.014423076923076924
0 0.5661057692307693 0.27163461538461536 0.028846153846153848 0.014423076923076924
0 0.5649038461538461 0.25961538461538464 0.03365384615384615 0.014423076923076924
0 0.5649038461538461 0.24759615384615385 0.028846153846153848 0.019230769230769232
0 0.5649038461538461 0.23317307692307693 0.028846153846153848 0.014423076923076924
0 0.5661057692307693 0.21995192307692307 0.026442307692307692 0.014423076923076924
0 0.5637019230769231 0.20793269230769232 0.028846153846153848 0.014423076923076924
0 0.5649038461538461 0.19471153846153846 0.028846153846153848 0.016826923076923076
0 0.5661057692307693 0.17908653846153846 0.03365384615384615 0.019230769230769232
0 0.5661057692307693 0.16105769230769232 0.028846153846153848 0.014423076923076924
0 0.3918269230769231 0.2956730769230769 0.019230769230769232 0.01201923076923077
0 0.3894230769230769 0.27283653846153844 0.019230769230769232 0.01201923076923077
0 0.38822115384615385 0.2848557692307692 0.02403846153846154 0.007211538461538462
0 0.3894230769230769 0.25961538461538464 0.02403846153846154 0.009615384615384616
0 0.3870192307692308 0.24759615384615385 0.02403846153846154 0.009615384615384616
0 0.3870192307692308 0.22355769230769232 0.026442307692307692 0.014423076923076924
0 0.3870192307692308 0.23557692307692307 0.02403846153846154 0.014423076923076924
0 0.38461538461538464 0.21153846153846154 0.028846153846153848 0.014423076923076924
0 0.3870192307692308 0.19831730769230768 0.026442307692307692 0.009615384615384616
0 0.38461538461538464 0.18629807692307693 0.021634615384615384 0.01201923076923077
0 0.38461538461538464 0.17548076923076922 0.02403846153846154 0.009615384615384616
0 0.38341346153846156 0.1622596153846154 0.019230769230769232 0.01201923076923077
0 0.4074519230769231 0.7007211538461539 0.02403846153846154 0.007211538461538462
0 0.4074519230769231 0.6887019230769231 0.02403846153846154 0.01201923076923077
0 0.38221153846153844 0.15264423076923078 0.021634615384615384 0.004807692307692308
0 0.5637019230769231 0.15264423076923078 0.03365384615384615 0.009615384615384616
1 0.39903846153846156 0.7103365384615384 0.014423076923076924 0.007211538461538462