0 0.8269230769230769 0.5120192307692307 0.04326923076923077 0.014423076923076924
0 0.8317307692307693 0.4963942307692308 0.04326923076923077 0.014423076923076924
0 0.8329326923076923 0.47716346153846156 0.04807692307692308 0.014423076923076924
0 0.8341346153846154 0.46153846153846156 0.052884615384615384 0.014423076923076924
0 0.8305288461538461 0.453125 0.04326923076923077 0.014423076923076924
0 0.8317307692307693 0.4362980769230769 0.040865384615384616 0.014423076923076924
0 0.8389423076923077 0.41947115384615385 0.04326923076923077 0.014423076923076924
0 0.8389423076923077 0.4014423076923077 0.04326923076923077 0.014423076923076924
0 0.8401442307692307 0.3894230769230769 0.038461538461538464 0.016826923076923076
0 0.84375 0.3737980769230769 0.04326923076923077 0.014423076923076924
0 0.8461538461538461 0.3557692307692308 0.04326923076923077 0.014423076923076924
0 0.8689903846153846 0.15625 0.04807692307692308 0.009615384615384616
0 0.8461538461538461 0.3329326923076923 0.04326923076923077 0.009615384615384616
0 0.8497596153846154 0.25240384615384615 0.04807692307692308 0.019230769230769232
0 0.8485576923076923 0.2692307692307692 0.04326923076923077 0.01201923076923077
0 0.8497596153846154 0.28365384615384615 0.04326923076923077 0.014423076923076924
0 0.8485576923076923 0.30288461538461536 0.040865384615384616 0.014423076923076924
0 0.8461538461538461 0.31971153846153844 0.04326923076923077 0.014423076923076924
0 0.7584134615384616 0.5324519230769231 0.040865384615384616 0.014423076923076924
0 0.7596153846153846 0.5264423076923077 0.038461538461538464 0.01201923076923077
0 0.7608173076923077 0.5132211538461539 0.038461538461538464 0.014423076923076924
0 0.7620192307692307 0.49759615384615385 0.038461538461538464 0.014423076923076924
0 0.7608173076923077 0.4831730769230769 0.038461538461538464 0.009615384615384616
0 0.7632211538461539 0.4699519230769231 0.038461538461538464 0.009615384615384616
0 0.7632211538461539 0.45913461538461536 0.040865384615384616 0.014423076923076924
0 0.7644230769230769 0.44350961538461536 0.038461538461538464 0.014423076923076924
0 0.7632211538461539 0.42908653846153844 0.038461538461538464 0.014423076923076924
0 0.7644230769230769 0.41586538461538464 0.04326923076923077 0.014423076923076924
0 0.7680288461538461 0.40024038461538464 0.04807692307692308 0.014423076923076924
0 0.7439903846153846 0.15264423076923078 0.038461538461538464 0.01201923076923077
0 0.7920673076923077 0.1502403846153846 0.04326923076923077 0.004807692307692308
0 0.7439903846153846 0.16947115384615385 0.036057692307692304 0.014423076923076924
0 0.7415865384615384 0.1875 0.038461538461538464 0.019230769230769232
0 0.7415865384615384 0.20552884615384615 0.038461538461538464 0.019230769230769232
0 0.7391826923076923 0.22115384615384615 0.036057692307692304 0.016826923076923076
0 0.7367788461538461 0.2403846153846154 0.038461538461538464 0.019230769230769232
0 0.7367788461538461 0.2512019230769231 0.036057692307692304 0.009615384615384616
0 0.34975961538461536 0.390625 0.028846153846153848 0.01201923076923077
0 0.3485576923076923 0.4014423076923077 0.028846153846153848 0.009615384615384616
0 0.3485576923076923 0.41225961538461536 0.026442307692307692 0.009615384615384616
0 0.5552884615384616 0.28846153846153844 0.028846153846153848 0.014423076923076924
0 0.5552884615384616 0.27403846153846156 0.03125 0.009615384615384616
0 0.5516826923076923 0.2608173076923077 0.03365384615384615 0.009615384615384616
0 0.7668269230769231 0.3858173076923077 0.04567307692307692 0.01201923076923077
0 0.7776442307692307 0.3557692307692308 0.04326923076923077 0.009615384615384616
0 0.7800480769230769 0.3449519230769231 0.04326923076923077 0.009615384615384616
0 0.7800480769230769 0.33052884615384615 0.04567307692307692 0.014423076923076924
0 0.7824519230769231 0.2692307692307692 0.04326923076923077 0.01201923076923077
0 0.7836538461538461 0.3004807692307692 0.04326923076923077 0.01201923076923077
0 0.7824519230769231 0.28365384615384615 0.04326923076923077 0.014423076923076924
0 0.7824519230769231 0.2512019230769231 0.04326923076923077 0.01201923076923077
0 0.7872596153846154 0.1622596153846154 0.038461538461538464 0.016826923076923076
0 0.7848557692307693 0.17668269230769232 0.04326923076923077 0.02403846153846154
0 0.7860576923076923 0.1971153846153846 0.036057692307692304 0.014423076923076924
0 0.7836538461538461 0.21033653846153846 0.04326923076923077 0.009615384615384616
0 0.7740384615384616 0.3701923076923077 0.04326923076923077 0.01201923076923077
0 0.7824519230769231 0.22115384615384615 0.040865384615384616 0.009615384615384616
0 0.7824519230769231 0.23557692307692307 0.04326923076923077 0.01201923076923077
0 0.34975961538461536 0.421875 0.021634615384615384 0.004807692307692308
0 0.35096153846153844 0.3798076923076923 0.021634615384615384 0.01201923076923077
0 0.3473557692307692 0.4326923076923077 0.02403846153846154 0.007211538461538462
0 0.34615384615384615 0.4423076923076923 0.02403846153846154 0.009615384615384616
0 0.3449519230769231 0.4543269230769231 0.026442307692307692 0.01201923076923077
0 0.34615384615384615 0.4651442307692308 0.028846153846153848 0.014423076923076924
0 0.34375 0.47836538461538464 0.026442307692307692 0.014423076923076924
0 0.3449519230769231 0.4879807692307692 0.02403846153846154 0.009615384615384616
0 0.3545673076923077 0.36538461538461536 0.028846153846153848 0.007211538461538462
0 0.3425480769230769 0.4987980769230769 0.02403846153846154 0.007211538461538462
0 0.34375 0.5228365384615384 0.02403846153846154 0.01201923076923077
0 0.375 0.8485576923076923 0.021634615384615384 0.002403846153846154
0 0.3425480769230769 0.5096153846153846 0.019230769230769232 0.009615384615384616
0 0.3557692307692308 0.34975961538461536 0.02403846153846154 0.01201923076923077
0 0.5504807692307693 0.15264423076923078 0.03365384615384615 0.009615384615384616
0 0.5528846153846154 0.16346153846153846 0.03365384615384615 0.014423076923076924
0 0.5528846153846154 0.19471153846153846 0.036057692307692304 0.014423076923076924
0 0.5540865384615384 0.18028846153846154 0.028846153846153848 0.014423076923076924
0 0.5540865384615384 0.2091346153846154 0.036057692307692304 0.009615384615384616
0 0.5528846153846154 0.21995192307692307 0.03365384615384615 0.01201923076923077
0 0.5540865384615384 0.23317307692307693 0.03365384615384615 0.009615384615384616
0 0.5528846153846154 0.24639423076923078 0.028846153846153848 0.01201923076923077
0 0.5528846153846154 0.3004807692307692 0.028846153846153848 0.01201923076923077
0 0.5516826923076923 0.3161057692307692 0.03365384615384615 0.01201923076923077
0 0.5480769230769231 0.3389423076923077 0.028846153846153848 0.007211538461538462
0 0.5528846153846154 0.3293269230769231 0.028846153846153848 0.01201923076923077
0 0.5504807692307693 0.35216346153846156 0.028846153846153848 0.01201923076923077
0 0.5408653846153846 0.4110576923076923 0.03365384615384615 0.016826923076923076
0 0.5492788461538461 0.38100961538461536 0.03365384615384615 0.009615384615384616
0 0.5408653846153846 0.42427884615384615 0.03365384615384615 0.014423076923076924
0 0.5456730769230769 0.39663461538461536 0.026442307692307692 0.01201923076923077
0 0.5396634615384616 0.4387019230769231 0.028846153846153848 0.01201923076923077
0 0.5432692307692307 0.46634615384615385 0.028846153846153848 0.014423076923076924
0 0.5432692307692307 0.49759615384615385 0.028846153846153848 0.009615384615384616
0 0.5420673076923077 0.45072115384615385 0.03365384615384615 0.009615384615384616
0 0.5420673076923077 0.5180288461538461 0.028846153846153848 0.009615384615384616
0 0.5408653846153846 0.5288461538461539 0.03365384615384615 0.01201923076923077
0 0.546875 0.36658653846153844 0.028846153846153848 0.009615384615384616
0 0.5384615384615384 0.5396634615384616 0.028846153846153848 0.009615384615384616
0 0.5408653846153846 0.5528846153846154 0.028846153846153848 0.014423076923076924
0 0.5348557692307693 0.5673076923076923 0.026442307692307692 0.014423076923076924
0 0.5348557692307693 0.5817307692307693 0.028846153846153848 0.009615384615384616
0 0.5324519230769231 0.6081730769230769 0.03365384615384615 0.01201923076923077
0 0.53125 0.5961538461538461 0.028846153846153848 0.014423076923076924
0 0.5288461538461539 0.6201923076923077 0.03365384615384615 0.009615384615384616
0 0.5324519230769231 0.640625 0.028846153846153848 0.009615384615384616
0 0.5288461538461539 0.6310096153846154 0.02403846153846154 0.009615384615384616
0 0.5240384615384616 0.6646634615384616 0.028846153846153848 0.014423076923076924
0 0.5288461538461539 0.6502403846153846 0.028846153846153848 0.014423076923076924
0 0.5252403846153846 0.6766826923076923 0.028846153846153848 0.01201923076923077
0 0.5264423076923077 0.6911057692307693 0.03365384615384615 0.01201923076923077
0 0.5240384615384616 0.7175480769230769 0.03365384615384615 0.014423076923076924
0 0.5252403846153846 0.7055288461538461 0.028846153846153848 0.009615384615384616
0 0.5216346153846154 0.7319711538461539 0.028846153846153848 0.014423076923076924
0 0.5240384615384616 0.7451923076923077 0.028846153846153848 0.01201923076923077
0 0.5204326923076923 0.8064903846153846 0.03365384615384615 0.014423076923076924
0 0.5216346153846154 0.8233173076923077 0.03365384615384615 0.014423076923076924
0 0.5180288461538461 0.8365384615384616 0.028846153846153848 0.009615384615384616
0 0.5745192307692307 0.5480769230769231 0.03365384615384615 0.009615384615384616
0 0.5697115384615384 0.5745192307692307 0.028846153846153848 0.014423076923076924
0 0.5673076923076923 0.5985576923076923 0.03365384615384615 0.014423076923076924
0 0.5721153846153846 0.5576923076923077 0.028846153846153848 0.01201923076923077
0 0.5697115384615384 0.5865384615384616 0.03365384615384615 0.01201923076923077
0 0.5649038461538461 0.6105769230769231 0.028846153846153848 0.014423076923076924
0 0.5661057692307693 0.6237980769230769 0.028846153846153848 0.009615384615384616
0 0.5649038461538461 0.6358173076923077 0.028846153846153848 0.009615384615384616
0 0.5637019230769231 0.6490384615384616 0.028846153846153848 0.01201923076923077
0 0.5637019230769231 0.6634615384615384 0.038461538461538464 0.014423076923076924
0 0.5600961538461539 0.6814903846153846 0.03365384615384615 0.014423076923076924
0 0.5588942307692307 0.6971153846153846 0.03365384615384615 0.01201923076923077
0 0.5600961538461539 0.7127403846153846 0.03365384615384615 0.014423076923076924
0 0.5600961538461539 0.7247596153846154 0.028846153846153848 0.014423076923076924
0 0.5612980769230769 0.7367788461538461 0.036057692307692304 0.014423076923076924
0 0.5588942307692307 0.75 0.03365384615384615 0.009615384615384616
0 0.5564903846153846 0.765625 0.038461538461538464 0.014423076923076924
0 0.3870192307692308 0.6538461538461539 0.02403846153846154 0.01201923076923077
0 0.38822115384615385 0.6814903846153846 0.026442307692307692 0.01201923076923077
0 0.3894230769230769 0.6694711538461539 0.026442307692307692 0.009615384615384616
0 0.38341346153846156 0.6983173076923077 0.02403846153846154 0.009615384615384616
0 0.38100961538461536 0.7091346153846154 0.02403846153846154 0.009615384615384616
0 0.38100961538461536 0.7307692307692307 0.02403846153846154 0.01201923076923077
0 0.38221153846153844 0.7199519230769231 0.019230769230769232 0.009615384615384616
0 0.3786057692307692 0.7463942307692307 0.028846153846153848 0.01201923076923077
0 0.3786057692307692 0.7596153846153846 0.026442307692307692 0.009615384615384616
0 0.3786057692307692 0.7920673076923077 0.026442307692307692 0.009615384615384616
0 0.3786057692307692 0.7740384615384616 0.028846153846153848 0.014423076923076924
0 0.37740384615384615 0.8052884615384616 0.02403846153846154 0.01201923076923077
0 0.4170673076923077 0.24879807692307693 0.026442307692307692 0.009615384615384616
0 0.4206730769230769 0.25961538461538464 0.026442307692307692 0.007211538461538462
0 0.3762019230769231 0.8197115384615384 0.02403846153846154 0.009615384615384616
0 0.5745192307692307 0.5360576923076923 0.03365384615384615 0.014423076923076924
1 0.41225961538461536 0.23918269230769232 0.014423076923076924 0.007211538461538462
0 0.5252403846153846 0.7572115384615384 0.03365384615384615 0.007211538461538462
0 0.5204326923076923 0.7788461538461539 0.036057692307692304 0.014423076923076924
0 0.5204326923076923 0.765625 0.036057692307692304 0.009615384615384616
0 0.5216346153846154 0.7932692307692307 0.03365384615384615 0.01201923076923077
0 0.5408653846153846 0.48197115384615385 0.03365384615384615 0.01201923076923077
0 0.5564903846153846 0.7824519230769231 0.038461538461538464 0.014423076923076924
0 0.5168269230769231 0.8485576923076923 0.03365384615384615 0.009615384615384616
0 0.7824519230769231 0.31490384615384615 0.04567307692307692 0.01201923076923077
0 0.5396634615384616 0.5108173076923077 0.028846153846153848 0.009615384615384616
0 0.3762019230769231 0.828125 0.026442307692307692 0.01201923076923077
0 0.37740384615384615 0.8425480769230769 0.026442307692307692 0.007211538461538462
0 0.35697115384615385 0.3389423076923077 0.02403846153846154 0.009615384615384616
0 0.5528846153846154 0.8112980769230769 0.03365384615384615 0.014423076923076924
0 0.5564903846153846 0.796875 0.028846153846153848 0.014423076923076924
0 0.5528846153846154 0.8233173076923077 0.03365384615384615 0.014423076923076924
0 0.8257211538461539 0.5264423076923077 0.040865384615384616 0.014423076923076924
0 0.5504807692307693 0.8353365384615384 0.03365384615384615 0.014423076923076924