0 0.44711538461538464 0.8269230769230769 0.009615384615384616 0.04567307692307692
0 0.46033653846153844 0.8257211538461539 0.014423076923076924 0.04326923076923077
0 0.47836538461538464 0.8269230769230769 0.014423076923076924 0.04326923076923077
0 0.4963942307692308 0.8293269230769231 0.014423076923076924 0.04807692307692308
0 0.5132211538461539 0.8269230769230769 0.009615384615384616 0.04326923076923077
0 0.5300480769230769 0.8305288461538461 0.014423076923076924 0.04326923076923077
0 0.5444711538461539 0.8317307692307693 0.014423076923076924 0.040865384615384616
0 0.5576923076923077 0.8317307692307693 0.014423076923076924 0.04326923076923077
0 0.5769230769230769 0.8329326923076923 0.014423076923076924 0.04326923076923077
0 0.5949519230769231 0.8317307692307693 0.014423076923076924 0.04567307692307692
0 0.6045673076923077 0.8365384615384616 0.014423076923076924 0.04326923076923077
0 0.6225961538461539 0.8329326923076923 0.014423076923076924 0.04326923076923077
0 0.8161057692307693 0.8497596153846154 0.009615384615384616 0.04807692307692308
0 0.6394230769230769 0.8377403846153846 0.01201923076923077 0.04567307692307692
0 0.7247596153846154 0.84375 0.014423076923076924 0.040865384615384616
0 0.7079326923076923 0.8389423076923077 0.01201923076923077 0.04326923076923077
0 0.6923076923076923 0.8413461538461539 0.014423076923076924 0.04326923076923077
0 0.6730769230769231 0.8377403846153846 0.014423076923076924 0.040865384615384616
0 0.6550480769230769 0.8377403846153846 0.014423076923076924 0.04326923076923077
0 0.44711538461538464 0.7596153846153846 0.014423076923076924 0.04326923076923077
0 0.46033653846153844 0.7596153846153846 0.014423076923076924 0.040865384615384616
0 0.4735576923076923 0.7596153846153846 0.01201923076923077 0.038461538461538464
0 0.48677884615384615 0.7608173076923077 0.014423076923076924 0.038461538461538464
0 0.5024038461538461 0.7620192307692307 0.014423076923076924 0.038461538461538464
0 0.5144230769230769 0.7620192307692307 0.01201923076923077 0.038461538461538464
0 0.5276442307692307 0.7632211538461539 0.014423076923076924 0.038461538461538464
0 0.5408653846153846 0.7632211538461539 0.014423076923076924 0.040865384615384616
0 0.5564903846153846 0.7644230769230769 0.014423076923076924 0.038461538461538464
0 0.5709134615384616 0.7632211538461539 0.014423076923076924 0.038461538461538464
0 0.5841346153846154 0.7644230769230769 0.014423076923076924 0.04326923076923077
0 0.59375 0.7668269230769231 0.014423076923076924 0.04807692307692308
0 0.8449519230769231 0.7295673076923077 0.01201923076923077 0.04326923076923077
0 0.8473557692307693 0.7776442307692307 0.004807692307692308 0.04326923076923077
0 0.828125 0.7295673076923077 0.019230769230769232 0.04326923076923077
0 0.8125 0.7283653846153846 0.019230769230769232 0.038461538461538464
0 0.796875 0.7283653846153846 0.019230769230769232 0.038461538461538464
0 0.78125 0.7283653846153846 0.016826923076923076 0.036057692307692304
0 0.765625 0.7271634615384616 0.019230769230769232 0.038461538461538464
0 0.7512019230769231 0.7259615384615384 0.016826923076923076 0.036057692307692304
0 0.7367788461538461 0.7247596153846154 0.016826923076923076 0.038461538461538464
0 0.609375 0.34975961538461536 0.01201923076923077 0.028846153846153848
0 0.5985576923076923 0.3485576923076923 0.009615384615384616 0.028846153846153848
0 0.5877403846153846 0.3485576923076923 0.009615384615384616 0.026442307692307692
0 0.7067307692307693 0.5456730769230769 0.014423076923076924 0.028846153846153848
0 0.7211538461538461 0.5456730769230769 0.009615384615384616 0.03125
0 0.71875 0.7235576923076923 0.014423076923076924 0.038461538461538464
0 0.7319711538461539 0.5456730769230769 0.009615384615384616 0.03365384615384615
0 0.609375 0.7668269230769231 0.01201923076923077 0.04567307692307692
0 0.6382211538461539 0.7692307692307693 0.014423076923076924 0.04567307692307692
0 0.6502403846153846 0.7668269230769231 0.009615384615384616 0.04326923076923077
0 0.6658653846153846 0.7692307692307693 0.014423076923076924 0.04567307692307692
0 0.7103365384615384 0.7692307692307693 0.01201923076923077 0.04326923076923077
0 0.6923076923076923 0.7692307692307693 0.01201923076923077 0.04567307692307692
0 0.6971153846153846 0.7704326923076923 0.019230769230769232 0.04326923076923077
0 0.7271634615384616 0.7704326923076923 0.01201923076923077 0.04807692307692308
0 0.8365384615384616 0.7776442307692307 0.016826923076923076 0.038461538461538464
0 0.8197115384615384 0.7776442307692307 0.014423076923076924 0.03365384615384615
0 0.8016826923076923 0.7764423076923077 0.014423076923076924 0.036057692307692304
0 0.7872596153846154 0.7752403846153846 0.009615384615384616 0.04326923076923077
0 0.6225961538461539 0.7704326923076923 0.016826923076923076 0.04326923076923077
0 0.7728365384615384 0.7752403846153846 0.014423076923076924 0.040865384615384616
0 0.7620192307692307 0.7776442307692307 0.01201923076923077 0.04326923076923077
0 0.7403846153846154 0.7692307692307693 0.01201923076923077 0.04326923076923077
0 0.578125 0.34975961538461536 0.004807692307692308 0.021634615384615384
0 0.6201923076923077 0.35096153846153844 0.01201923076923077 0.021634615384615384
0 0.5661057692307693 0.3473557692307692 0.007211538461538462 0.02403846153846154
0 0.5576923076923077 0.34615384615384615 0.009615384615384616 0.02403846153846154
0 0.5456730769230769 0.3449519230769231 0.01201923076923077 0.026442307692307692
0 0.5348557692307693 0.34615384615384615 0.014423076923076924 0.028846153846153848
0 0.5216346153846154 0.34375 0.014423076923076924 0.026442307692307692
0 0.5120192307692307 0.3449519230769231 0.009615384615384616 0.02403846153846154
0 0.6274038461538461 0.35336538461538464 0.007211538461538462 0.028846153846153848
0 0.5012019230769231 0.3425480769230769 0.007211538461538462 0.02403846153846154
0 0.47716346153846156 0.34375 0.01201923076923077 0.02403846153846154
0 0.44591346153846156 0.3401442307692308 0.009615384615384616 0.019230769230769232
0 0.49038461538461536 0.3425480769230769 0.009615384615384616 0.019230769230769232
0 0.46875 0.3449519230769231 0.007211538461538462 0.021634615384615384
0 0.4579326923076923 0.3425480769230769 0.01201923076923077 0.021634615384615384
0 0.8473557692307693 0.5456730769230769 0.009615384615384616 0.03365384615384615
0 0.8341346153846154 0.5480769230769231 0.014423076923076924 0.03365384615384615
0 0.8016826923076923 0.5444711538461539 0.014423076923076924 0.036057692307692304
0 0.8185096153846154 0.5480769230769231 0.014423076923076924 0.028846153846153848
0 0.7848557692307693 0.546875 0.009615384615384616 0.036057692307692304
0 0.7728365384615384 0.5432692307692307 0.014423076923076924 0.038461538461538464
0 0.7596153846153846 0.5432692307692307 0.009615384615384616 0.03365384615384615
0 0.7463942307692307 0.5420673076923077 0.009615384615384616 0.028846153846153848
0 0.6923076923076923 0.5420673076923077 0.014423076923076924 0.03365384615384615
0 0.6778846153846154 0.5432692307692307 0.01201923076923077 0.03365384615384615
0 0.6538461538461539 0.5444711538461539 0.007211538461538462 0.028846153846153848
0 0.6670673076923077 0.5420673076923077 0.01201923076923077 0.028846153846153848
0 0.6394230769230769 0.5432692307692307 0.009615384615384616 0.02403846153846154
0 0.5889423076923077 0.5408653846153846 0.016826923076923076 0.03365384615384615
0 0.6117788461538461 0.546875 0.009615384615384616 0.03365384615384615
0 0.5757211538461539 0.5408653846153846 0.014423076923076924 0.03365384615384615
0 0.6021634615384616 0.5420673076923077 0.01201923076923077 0.026442307692307692
0 0.5612980769230769 0.5396634615384616 0.01201923076923077 0.028846153846153848
0 0.5360576923076923 0.5384615384615384 0.014423076923076924 0.028846153846153848
0 0.5012019230769231 0.5408653846153846 0.009615384615384616 0.028846153846153848
0 0.5492788461538461 0.5420673076923077 0.009615384615384616 0.03365384615384615
0 0.48197115384615385 0.5420673076923077 0.009615384615384616 0.028846153846153848
0 0.47115384615384615 0.5408653846153846 0.01201923076923077 0.03365384615384615
0 0.6274038461538461 0.5456730769230769 0.009615384615384616 0.028846153846153848
0 0.46033653846153844 0.5384615384615384 0.009615384615384616 0.028846153846153848
0 0.44711538461538464 0.5408653846153846 0.014423076923076924 0.028846153846153848
0 0.4338942307692308 0.5408653846153846 0.014423076923076924 0.026442307692307692
0 0.41947115384615385 0.5384615384615384 0.009615384615384616 0.03365384615384615
0 0.39783653846153844 0.5372596153846154 0.009615384615384616 0.03365384615384615
0 0.4098557692307692 0.5372596153846154 0.014423076923076924 0.028846153846153848
0 0.38100961538461536 0.5360576923076923 0.009615384615384616 0.03365384615384615
0 0.3557692307692308 0.5348557692307693 0.009615384615384616 0.028846153846153848
0 0.3701923076923077 0.5372596153846154 0.01201923076923077 0.026442307692307692
0 0.33052884615384615 0.5372596153846154 0.014423076923076924 0.028846153846153848
0 0.3425480769230769 0.5336538461538461 0.014423076923076924 0.028846153846153848
0 0.3161057692307692 0.5300480769230769 0.014423076923076924 0.028846153846153848
0 0.30288461538461536 0.5288461538461539 0.01201923076923077 0.03365384615384615
0 0.2776442307692308 0.5276442307692307 0.014423076923076924 0.03365384615384615
0 0.28846153846153844 0.5288461538461539 0.009615384615384616 0.028846153846153848
0 0.26322115384615385 0.5276442307692307 0.014423076923076924 0.02403846153846154
0 0.24879807692307693 0.5288461538461539 0.01201923076923077 0.028846153846153848
0 0.18870192307692307 0.5288461538461539 0.014423076923076924 0.03365384615384615
0 0.16826923076923078 0.5288461538461539 0.014423076923076924 0.03365384615384615
0 0.15625 0.5288461538461539 0.009615384615384616 0.028846153846153848
0 0.4362980769230769 0.5733173076923077 0.014423076923076924 0.03365384615384615
0 0.4074519230769231 0.5733173076923077 0.014423076923076924 0.028846153846153848
0 0.390625 0.5697115384615384 0.014423076923076924 0.03365384615384615
0 0.41947115384615385 0.5745192307692307 0.014423076923076924 0.028846153846153848
0 0.37740384615384615 0.5721153846153846 0.01201923076923077 0.03365384615384615
0 0.36177884615384615 0.5697115384615384 0.01201923076923077 0.028846153846153848
0 0.3473557692307692 0.5697115384615384 0.009615384615384616 0.028846153846153848
0 0.33533653846153844 0.5685096153846154 0.009615384615384616 0.028846153846153848
0 0.32091346153846156 0.5661057692307693 0.01201923076923077 0.028846153846153848
0 0.3088942307692308 0.5661057692307693 0.01201923076923077 0.03365384615384615
0 0.2956730769230769 0.5649038461538461 0.014423076923076924 0.028846153846153848
0 0.2824519230769231 0.5612980769230769 0.01201923076923077 0.03365384615384615
0 0.2692307692307692 0.5649038461538461 0.014423076923076924 0.03365384615384615
0 0.25600961538461536 0.5637019230769231 0.01201923076923077 0.03365384615384615
0 0.24278846153846154 0.5612980769230769 0.014423076923076924 0.028846153846153848
0 0.2283653846153846 0.5637019230769231 0.014423076923076924 0.03365384615384615
0 0.21754807692307693 0.5637019230769231 0.014423076923076924 0.028846153846153848
0 0.20432692307692307 0.5637019230769231 0.014423076923076924 0.028846153846153848
0 0.17067307692307693 0.5637019230769231 0.014423076923076924 0.028846153846153848
0 0.32091346153846156 0.3870192307692308 0.01201923076923077 0.02403846153846154
0 0.29447115384615385 0.3894230769230769 0.01201923076923077 0.026442307692307692
0 0.30649038461538464 0.3870192307692308 0.009615384615384616 0.026442307692307692
0 0.28125 0.3858173076923077 0.009615384615384616 0.02403846153846154
0 0.27283653846153844 0.38461538461538464 0.009615384615384616 0.02403846153846154
0 0.24759615384615385 0.38341346153846156 0.009615384615384616 0.028846153846153848
0 0.25841346153846156 0.38221153846153844 0.014423076923076924 0.02403846153846154
0 0.23557692307692307 0.38221153846153844 0.01201923076923077 0.028846153846153848
0 0.2247596153846154 0.38221153846153844 0.009615384615384616 0.026442307692307692
0 0.20192307692307693 0.38221153846153844 0.009615384615384616 0.028846153846153848
0 0.21634615384615385 0.38221153846153844 0.009615384615384616 0.02403846153846154
0 0.18509615384615385 0.3798076923076923 0.014423076923076924 0.028846153846153848
0 0.7283653846153846 0.41466346153846156 0.009615384615384616 0.026442307692307692
0 0.7175480769230769 0.41225961538461536 0.01201923076923077 0.028846153846153848
0 0.17427884615384615 0.3786057692307692 0.009615384615384616 0.028846153846153848
0 0.15384615384615385 0.5612980769230769 0.009615384615384616 0.03365384615384615
1 0.7391826923076923 0.4074519230769231 0.007211538461538462 0.014423076923076924
0 0.23677884615384615 0.53125 0.007211538461538462 0.03365384615384615
0 0.21394230769230768 0.5252403846153846 0.016826923076923076 0.03365384615384615
0 0.22596153846153846 0.5288461538461539 0.014423076923076924 0.03365384615384615
0 0.19831730769230768 0.5276442307692307 0.01201923076923077 0.03365384615384615
0 0.5144230769230769 0.5420673076923077 0.007211538461538462 0.028846153846153848
0 0.18990384615384615 0.5637019230769231 0.014423076923076924 0.03365384615384615
0 0.5240384615384616 0.5420673076923077 0.009615384615384616 0.03365384615384615
0 0.6802884615384616 0.7692307692307693 0.009615384615384616 0.038461538461538464
0 0.4891826923076923 0.5396634615384616 0.009615384615384616 0.028846153846153848
0 0.16346153846153846 0.37740384615384615 0.01201923076923077 0.026442307692307692
0 0.15504807692307693 0.3786057692307692 0.007211538461538462 0.026442307692307692
0 0.6334134615384616 0.3545673076923077 0.009615384615384616 0.028846153846153848