0 0.17307692307692307 0.5685096153846154 0.04807692307692308 0.014423076923076924
0 0.17548076923076922 0.5528846153846154 0.04326923076923077 0.014423076923076924
0 0.17307692307692307 0.5372596153846154 0.04326923076923077 0.014423076923076924
0 0.17307692307692307 0.5216346153846154 0.04807692307692308 0.014423076923076924
0 0.17307692307692307 0.5024038461538461 0.04326923076923077 0.014423076923076924
0 0.17067307692307693 0.4879807692307692 0.04807692307692308 0.014423076923076924
0 0.17067307692307693 0.4723557692307692 0.04807692307692308 0.014423076923076924
0 0.16826923076923078 0.4579326923076923 0.04326923076923077 0.014423076923076924
0 0.16706730769230768 0.4411057692307692 0.04326923076923077 0.014423076923076924
0 0.16947115384615385 0.4254807692307692 0.04567307692307692 0.014423076923076924
0 0.16826923076923078 0.4110576923076923 0.04326923076923077 0.014423076923076924
0 0.16826923076923078 0.3942307692307692 0.04326923076923077 0.014423076923076924
0 0.15264423076923078 0.203125 0.04326923076923077 0.004807692307692308
0 0.16466346153846154 0.3762019230769231 0.04567307692307692 0.01201923076923077
0 0.16346153846153846 0.2980769230769231 0.040865384615384616 0.014423076923076924
0 0.16466346153846154 0.3125 0.04326923076923077 0.014423076923076924
0 0.16466346153846154 0.3293269230769231 0.04326923076923077 0.014423076923076924
0 0.16466346153846154 0.3449519230769231 0.040865384615384616 0.014423076923076924
0 0.1658653846153846 0.3605769230769231 0.04326923076923077 0.014423076923076924
0 0.2403846153846154 0.578125 0.04326923076923077 0.014423076923076924
0 0.2403846153846154 0.5637019230769231 0.04326923076923077 0.014423076923076924
0 0.24158653846153846 0.5480769230769231 0.04326923076923077 0.014423076923076924
0 0.24158653846153846 0.5348557692307693 0.040865384615384616 0.019230769230769232
0 0.2403846153846154 0.5192307692307693 0.038461538461538464 0.014423076923076924
0 0.23918269230769232 0.5 0.038461538461538464 0.014423076923076924
0 0.23798076923076922 0.48677884615384615 0.04326923076923077 0.014423076923076924
0 0.23677884615384615 0.4723557692307692 0.038461538461538464 0.014423076923076924
0 0.23677884615384615 0.45913461538461536 0.040865384615384616 0.014423076923076924
0 0.23557692307692307 0.44350961538461536 0.038461538461538464 0.014423076923076924
0 0.23677884615384615 0.42908653846153844 0.038461538461538464 0.014423076923076924
0 0.23557692307692307 0.41586538461538464 0.04326923076923077 0.014423076923076924
0 0.23557692307692307 0.40024038461538464 0.04807692307692308 0.014423076923076924
0 0.2704326923076923 0.15504807692307693 0.04326923076923077 0.01201923076923077
0 0.2247596153846154 0.15264423076923078 0.04326923076923077 0.004807692307692308
0 0.2704326923076923 0.171875 0.04326923076923077 0.019230769230769232
0 0.27163461538461536 0.1875 0.038461538461538464 0.019230769230769232
0 0.27163461538461536 0.203125 0.038461538461538464 0.019230769230769232
0 0.27163461538461536 0.21875 0.036057692307692304 0.016826923076923076
0 0.27283653846153844 0.234375 0.038461538461538464 0.019230769230769232
0 0.27403846153846156 0.24879807692307693 0.036057692307692304 0.016826923076923076
0 0.27524038461538464 0.26322115384615385 0.038461538461538464 0.016826923076923076
0 0.6502403846153846 0.390625 0.028846153846153848 0.01201923076923077
0 0.6514423076923077 0.4014423076923077 0.028846153846153848 0.009615384615384616
0 0.6514423076923077 0.41225961538461536 0.026442307692307692 0.009615384615384616
0 0.4543269230769231 0.2932692307692308 0.028846153846153848 0.014423076923076924
0 0.45552884615384615 0.28125 0.03365384615384615 0.01201923076923077
0 0.2764423076923077 0.28125 0.038461538461538464 0.014423076923076924
0 0.2764423076923077 0.296875 0.038461538461538464 0.014423076923076924
0 0.4543269230769231 0.26802884615384615 0.03365384615384615 0.009615384615384616
0 0.23076923076923078 0.38100961538461536 0.04567307692307692 0.01201923076923077
0 0.23076923076923078 0.3641826923076923 0.04567307692307692 0.016826923076923076
0 0.23317307692307693 0.34975961538461536 0.04326923076923077 0.009615384615384616
0 0.23076923076923078 0.33413461538461536 0.04567307692307692 0.014423076923076924
0 0.23076923076923078 0.28966346153846156 0.04326923076923077 0.01201923076923077
0 0.23076923076923078 0.3076923076923077 0.04567307692307692 0.01201923076923077
0 0.22956730769230768 0.30288461538461536 0.04326923076923077 0.019230769230769232
0 0.22956730769230768 0.27283653846153844 0.04807692307692308 0.01201923076923077
0 0.22355769230769232 0.16706730769230768 0.038461538461538464 0.014423076923076924
0 0.2283653846153846 0.1814903846153846 0.038461538461538464 0.009615384615384616
0 0.2247596153846154 0.1971153846153846 0.036057692307692304 0.014423076923076924
0 0.22596153846153846 0.21394230769230768 0.04326923076923077 0.014423076923076924
0 0.22596153846153846 0.2283653846153846 0.04326923076923077 0.016826923076923076
0 0.2283653846153846 0.22716346153846154 0.036057692307692304 0.014423076923076924
0 0.2283653846153846 0.24519230769230768 0.040865384615384616 0.01201923076923077
0 0.23076923076923078 0.25961538461538464 0.04326923076923077 0.01201923076923077
0 0.6502403846153846 0.421875 0.021634615384615384 0.004807692307692308
0 0.6622596153846154 0.5733173076923077 0.021634615384615384 0.01201923076923077
0 0.6526442307692307 0.4338942307692308 0.02403846153846154 0.007211538461538462
0 0.6538461538461539 0.4423076923076923 0.02403846153846154 0.009615384615384616
0 0.6550480769230769 0.4543269230769231 0.026442307692307692 0.01201923076923077
0 0.6538461538461539 0.4651442307692308 0.028846153846153848 0.014423076923076924
0 0.65625 0.47836538461538464 0.026442307692307692 0.014423076923076924
0 0.6550480769230769 0.4879807692307692 0.02403846153846154 0.009615384615384616
0 0.6586538461538461 0.5661057692307693 0.021634615384615384 0.009615384615384616
0 0.6574519230769231 0.4987980769230769 0.02403846153846154 0.007211538461538462
0 0.65625 0.5228365384615384 0.02403846153846154 0.01201923076923077
0 0.6598557692307693 0.5540865384615384 0.019230769230769232 0.009615384615384616
0 0.6574519230769231 0.5096153846153846 0.019230769230769232 0.009615384615384616
0 0.6550480769230769 0.53125 0.021634615384615384 0.007211538461538462
0 0.6574519230769231 0.5396634615384616 0.019230769230769232 0.009615384615384616
0 0.45552884615384615 0.15745192307692307 0.03365384615384615 0.009615384615384616
0 0.45552884615384615 0.16826923076923078 0.04326923076923077 0.014423076923076924
0 0.45552884615384615 0.19831730769230768 0.036057692307692304 0.014423076923076924
0 0.4579326923076923 0.18389423076923078 0.028846153846153848 0.009615384615384616
0 0.453125 0.21514423076923078 0.036057692307692304 0.009615384615384616
0 0.4567307692307692 0.22716346153846154 0.038461538461538464 0.014423076923076924
0 0.4567307692307692 0.2403846153846154 0.03365384615384615 0.009615384615384616
0 0.4579326923076923 0.2536057692307692 0.028846153846153848 0.009615384615384616
0 0.4579326923076923 0.3076923076923077 0.03365384615384615 0.014423076923076924
0 0.4567307692307692 0.32211538461538464 0.03365384615384615 0.01201923076923077
0 0.45552884615384615 0.34615384615384615 0.028846153846153848 0.007211538461538462
0 0.4579326923076923 0.3329326923076923 0.028846153846153848 0.01201923076923077
0 0.4567307692307692 0.3605769230769231 0.02403846153846154 0.009615384615384616
0 0.45913461538461536 0.4110576923076923 0.03365384615384615 0.016826923076923076
0 0.45913461538461536 0.38461538461538464 0.026442307692307692 0.01201923076923077
0 0.45913461538461536 0.42427884615384615 0.03365384615384615 0.014423076923076924
0 0.4579326923076923 0.39783653846153844 0.026442307692307692 0.01201923076923077
0 0.46033653846153844 0.4387019230769231 0.028846153846153848 0.01201923076923077
0 0.46153846153846156 0.4639423076923077 0.028846153846153848 0.014423076923076924
0 0.45913461538461536 0.4987980769230769 0.028846153846153848 0.009615384615384616
0 0.4579326923076923 0.45072115384615385 0.03365384615384615 0.009615384615384616
0 0.4579326923076923 0.5180288461538461 0.028846153846153848 0.009615384615384616
0 0.45913461538461536 0.5288461538461539 0.03365384615384615 0.01201923076923077
0 0.4543269230769231 0.37259615384615385 0.028846153846153848 0.009615384615384616
0 0.46153846153846156 0.5396634615384616 0.028846153846153848 0.009615384615384616
0 0.45913461538461536 0.5528846153846154 0.028846153846153848 0.014423076923076924
0 0.45913461538461536 0.5661057692307693 0.026442307692307692 0.014423076923076924
0 0.46153846153846156 0.5805288461538461 0.03365384615384615 0.009615384615384616
0 0.46274038461538464 0.6021634615384616 0.03365384615384615 0.009615384615384616
0 0.46274038461538464 0.5901442307692307 0.028846153846153848 0.014423076923076924
0 0.4639423076923077 0.6189903846153846 0.03365384615384615 0.009615384615384616
0 0.4651442307692308 0.6442307692307693 0.028846153846153848 0.009615384615384616
0 0.46274038461538464 0.6298076923076923 0.026442307692307692 0.01201923076923077
0 0.46274038461538464 0.6694711538461539 0.028846153846153848 0.014423076923076924
0 0.46634615384615385 0.6574519230769231 0.028846153846153848 0.014423076923076924
0 0.4699519230769231 0.6838942307692307 0.028846153846153848 0.014423076923076924
0 0.47115384615384615 0.6971153846153846 0.03365384615384615 0.01201923076923077
0 0.4723557692307692 0.7223557692307693 0.03365384615384615 0.014423076923076924
0 0.47115384615384615 0.7043269230769231 0.028846153846153848 0.009615384615384616
0 0.4723557692307692 0.7367788461538461 0.02403846153846154 0.014423076923076924
0 0.47115384615384615 0.7512019230769231 0.028846153846153848 0.01201923076923077
0 0.47115384615384615 0.8112980769230769 0.03365384615384615 0.014423076923076924
0 0.47115384615384615 0.8317307692307693 0.03365384615384615 0.014423076923076924
0 0.47115384615384615 0.84375 0.028846153846153848 0.009615384615384616
0 0.4266826923076923 0.5793269230769231 0.03365384615384615 0.009615384615384616
0 0.4266826923076923 0.5925480769230769 0.028846153846153848 0.014423076923076924
0 0.42427884615384615 0.6213942307692307 0.028846153846153848 0.014423076923076924
0 0.4254807692307692 0.6033653846153846 0.028846153846153848 0.014423076923076924
0 0.4266826923076923 0.6358173076923077 0.028846153846153848 0.01201923076923077
0 0.43028846153846156 0.6466346153846154 0.03365384615384615 0.014423076923076924
0 0.43149038461538464 0.6598557692307693 0.026442307692307692 0.016826923076923076
0 0.43149038461538464 0.671875 0.028846153846153848 0.014423076923076924
0 0.43028846153846156 0.6862980769230769 0.028846153846153848 0.014423076923076924
0 0.4326923076923077 0.6971153846153846 0.03365384615384615 0.019230769230769232
0 0.43509615384615385 0.7115384615384616 0.028846153846153848 0.014423076923076924
0 0.4338942307692308 0.7283653846153846 0.028846153846153848 0.014423076923076924
0 0.43509615384615385 0.7403846153846154 0.03365384615384615 0.014423076923076924
0 0.43509615384615385 0.7524038461538461 0.028846153846153848 0.019230769230769232
0 0.43509615384615385 0.7668269230769231 0.028846153846153848 0.014423076923076924
0 0.4338942307692308 0.7800480769230769 0.026442307692307692 0.014423076923076924
0 0.4362980769230769 0.7920673076923077 0.028846153846153848 0.014423076923076924
0 0.43509615384615385 0.8052884615384616 0.028846153846153848 0.016826923076923076
0 0.4338942307692308 0.8389423076923077 0.028846153846153848 0.014423076923076924
0 0.6105769230769231 0.7043269230769231 0.02403846153846154 0.014423076923076924
0 0.6105769230769231 0.7271634615384616 0.019230769230769232 0.01201923076923077
0 0.6117788461538461 0.7151442307692307 0.02403846153846154 0.007211538461538462
0 0.6105769230769231 0.7403846153846154 0.02403846153846154 0.009615384615384616
0 0.6129807692307693 0.7524038461538461 0.02403846153846154 0.009615384615384616
0 0.6129807692307693 0.7764423076923077 0.026442307692307692 0.014423076923076924
0 0.6129807692307693 0.7644230769230769 0.02403846153846154 0.014423076923076924
0 0.6153846153846154 0.7884615384615384 0.028846153846153848 0.014423076923076924
0 0.6129807692307693 0.8016826923076923 0.026442307692307692 0.009615384615384616
0 0.6153846153846154 0.8137019230769231 0.021634615384615384 0.01201923076923077
0 0.6153846153846154 0.8245192307692307 0.02403846153846154 0.009615384615384616
0 0.6165865384615384 0.8377403846153846 0.019230769230769232 0.01201923076923077
0 0.5925480769230769 0.29927884615384615 0.02403846153846154 0.007211538461538462
0 0.5925480769230769 0.3112980769230769 0.02403846153846154 0.01201923076923077
0 0.6177884615384616 0.8473557692307693 0.021634615384615384 0.004807692307692308
0 0.4362980769230769 0.8473557692307693 0.03365384615384615 0.009615384615384616
1 0.6009615384615384 0.28966346153846156 0.014423076923076924 0.007211538461538462
0 0.46875 0.7632211538461539 0.03365384615384615 0.007211538461538462
0 0.47475961538461536 0.7860576923076923 0.03365384615384615 0.016826923076923076
0 0.47115384615384615 0.7740384615384616 0.03365384615384615 0.014423076923076924
0 0.4723557692307692 0.8016826923076923 0.03365384615384615 0.01201923076923077
0 0.4579326923076923 0.4855769230769231 0.028846153846153848 0.007211538461538462
0 0.43509615384615385 0.8185096153846154 0.028846153846153848 0.014423076923076924
0 0.4579326923076923 0.47596153846153844 0.03365384615384615 0.009615384615384616
0 0.23076923076923078 0.31971153846153844 0.038461538461538464 0.009615384615384616
0 0.46033653846153844 0.5108173076923077 0.028846153846153848 0.009615384615384616