0 0.5528846153846154 0.17307692307692307 0.009615384615384616 0.04567307692307692
0 0.5396634615384616 0.17427884615384615 0.014423076923076924 0.04326923076923077
0 0.5216346153846154 0.17307692307692307 0.014423076923076924 0.04326923076923077
0 0.5036057692307693 0.17067307692307693 0.014423076923076924 0.04807692307692308
0 0.48677884615384615 0.17307692307692307 0.009615384615384616 0.04326923076923077
0 0.4699519230769231 0.16947115384615385 0.014423076923076924 0.04326923076923077
0 0.45552884615384615 0.16826923076923078 0.014423076923076924 0.040865384615384616
0 0.4423076923076923 0.16826923076923078 0.014423076923076924 0.04326923076923077
0 0.4230769230769231 0.16706730769230768 0.014423076923076924 0.04326923076923077
0 0.4050480769230769 0.16826923076923078 0.014423076923076924 0.04567307692307692
0 0.3954326923076923 0.16346153846153846 0.014423076923076924 0.04326923076923077
0 0.37740384615384615 0.16706730769230768 0.014423076923076924 0.04326923076923077
0 0.18389423076923078 0.1502403846153846 0.009615384615384616 0.04807692307692308
0 0.3605769230769231 0.1622596153846154 0.01201923076923077 0.04567307692307692
0 0.27524038461538464 0.15625 0.014423076923076924 0.040865384615384616
0 0.2920673076923077 0.16105769230769232 0.01201923076923077 0.04326923076923077
0 0.3076923076923077 0.15865384615384615 0.014423076923076924 0.04326923076923077
0 0.3269230769230769 0.1622596153846154 0.014423076923076924 0.040865384615384616
0 0.3449519230769231 0.1622596153846154 0.014423076923076924 0.04326923076923077
0 0.5528846153846154 0.2403846153846154 0.014423076923076924 0.04326923076923077
0 0.5396634615384616 0.2403846153846154 0.014423076923076924 0.040865384615384616
0 0.5264423076923077 0.2403846153846154 0.01201923076923077 0.038461538461538464
0 0.5132211538461539 0.23918269230769232 0.014423076923076924 0.038461538461538464
0 0.49759615384615385 0.23798076923076922 0.014423076923076924 0.038461538461538464
0 0.4855769230769231 0.23798076923076922 0.01201923076923077 0.038461538461538464
0 0.4723557692307692 0.23677884615384615 0.014423076923076924 0.038461538461538464
0 0.45913461538461536 0.23677884615384615 0.014423076923076924 0.040865384615384616
0 0.44350961538461536 0.23557692307692307 0.014423076923076924 0.038461538461538464
0 0.42908653846153844 0.23677884615384615 0.014423076923076924 0.038461538461538464
0 0.41586538461538464 0.23557692307692307 0.014423076923076924 0.04326923076923077
0 0.40625 0.23317307692307693 0.016826923076923076 0.04807692307692308
0 0.15504807692307693 0.2704326923076923 0.01201923076923077 0.04326923076923077
0 0.15264423076923078 0.22235576923076922 0.004807692307692308 0.04326923076923077
0 0.171875 0.2704326923076923 0.019230769230769232 0.04326923076923077
0 0.1875 0.27163461538461536 0.019230769230769232 0.038461538461538464
0 0.203125 0.27163461538461536 0.019230769230769232 0.038461538461538464
0 0.21875 0.27163461538461536 0.016826923076923076 0.036057692307692304
0 0.234375 0.27283653846153844 0.019230769230769232 0.038461538461538464
0 0.24879807692307693 0.27403846153846156 0.016826923076923076 0.036057692307692304
0 0.26322115384615385 0.27524038461538464 0.016826923076923076 0.038461538461538464
0 0.390625 0.6502403846153846 0.01201923076923077 0.028846153846153848
0 0.4014423076923077 0.6514423076923077 0.009615384615384616 0.028846153846153848
0 0.41225961538461536 0.6514423076923077 0.009615384615384616 0.026442307692307692
0 0.2932692307692308 0.4543269230769231 0.014423076923076924 0.028846153846153848
0 0.27884615384615385 0.4543269230769231 0.009615384615384616 0.03125
0 0.28125 0.2764423076923077 0.014423076923076924 0.038461538461538464
0 0.26802884615384615 0.4543269230769231 0.009615384615384616 0.03365384615384615
0 0.390625 0.23317307692307693 0.01201923076923077 0.04567307692307692
0 0.36177884615384615 0.23076923076923078 0.014423076923076924 0.04567307692307692
0 0.34975961538461536 0.23317307692307693 0.009615384615384616 0.04326923076923077
0 0.33413461538461536 0.23076923076923078 0.014423076923076924 0.04567307692307692
0 0.28966346153846156 0.23076923076923078 0.01201923076923077 0.04326923076923077
0 0.3076923076923077 0.23076923076923078 0.01201923076923077 0.04567307692307692
0 0.30288461538461536 0.22956730769230768 0.019230769230769232 0.04326923076923077
0 0.27283653846153844 0.22956730769230768 0.01201923076923077 0.04807692307692308
0 0.16346153846153846 0.22235576923076922 0.016826923076923076 0.038461538461538464
0 0.18028846153846154 0.22235576923076922 0.014423076923076924 0.03365384615384615
0 0.19831730769230768 0.22355769230769232 0.014423076923076924 0.036057692307692304
0 0.2127403846153846 0.2247596153846154 0.009615384615384616 0.04326923076923077
0 0.37740384615384615 0.22956730769230768 0.016826923076923076 0.04326923076923077
0 0.22716346153846154 0.2247596153846154 0.014423076923076924 0.040865384615384616
0 0.23798076923076922 0.22235576923076922 0.01201923076923077 0.04326923076923077
0 0.25961538461538464 0.23076923076923078 0.01201923076923077 0.04326923076923077
0 0.421875 0.6502403846153846 0.004807692307692308 0.021634615384615384
0 0.3798076923076923 0.6490384615384616 0.01201923076923077 0.021634615384615384
0 0.4338942307692308 0.6526442307692307 0.007211538461538462 0.02403846153846154
0 0.4423076923076923 0.6538461538461539 0.009615384615384616 0.02403846153846154
0 0.4543269230769231 0.6550480769230769 0.01201923076923077 0.026442307692307692
0 0.4651442307692308 0.6538461538461539 0.014423076923076924 0.028846153846153848
0 0.47836538461538464 0.65625 0.014423076923076924 0.026442307692307692
0 0.4879807692307692 0.6550480769230769 0.009615384615384616 0.02403846153846154
0 0.37259615384615385 0.6466346153846154 0.007211538461538462 0.028846153846153848
0 0.4987980769230769 0.6574519230769231 0.007211538461538462 0.02403846153846154
0 0.5228365384615384 0.65625 0.01201923076923077 0.02403846153846154
0 0.5540865384615384 0.6598557692307693 0.009615384615384616 0.019230769230769232
0 0.5096153846153846 0.6574519230769231 0.009615384615384616 0.019230769230769232
0 0.53125 0.6550480769230769 0.007211538461538462 0.021634615384615384
0 0.5420673076923077 0.6574519230769231 0.01201923076923077 0.021634615384615384
0 0.15264423076923078 0.4543269230769231 0.009615384615384616 0.03365384615384615
0 0.1658653846153846 0.4519230769230769 0.014423076923076924 0.03365384615384615
0 0.19831730769230768 0.45552884615384615 0.014423076923076924 0.036057692307692304
0 0.1814903846153846 0.4519230769230769 0.014423076923076924 0.028846153846153848
0 0.21514423076923078 0.453125 0.009615384615384616 0.036057692307692304
0 0.22716346153846154 0.4567307692307692 0.014423076923076924 0.038461538461538464
0 0.2403846153846154 0.4567307692307692 0.009615384615384616 0.03365384615384615
0 0.2536057692307692 0.4579326923076923 0.009615384615384616 0.028846153846153848
0 0.3076923076923077 0.4579326923076923 0.014423076923076924 0.03365384615384615
0 0.32211538461538464 0.4567307692307692 0.01201923076923077 0.03365384615384615
0 0.34615384615384615 0.45552884615384615 0.007211538461538462 0.028846153846153848
0 0.3329326923076923 0.4579326923076923 0.01201923076923077 0.028846153846153848
0 0.3605769230769231 0.4567307692307692 0.009615384615384616 0.02403846153846154
0 0.4110576923076923 0.45913461538461536 0.016826923076923076 0.03365384615384615
0 0.38822115384615385 0.453125 0.009615384615384616 0.03365384615384615
0 0.42427884615384615 0.45913461538461536 0.014423076923076924 0.03365384615384615
0 0.39783653846153844 0.4579326923076923 0.01201923076923077 0.026442307692307692
0 0.4387019230769231 0.46033653846153844 0.01201923076923077 0.028846153846153848
0 0.4639423076923077 0.46153846153846156 0.014423076923076924 0.028846153846153848
0 0.4987980769230769 0.45913461538461536 0.009615384615384616 0.028846153846153848
0 0.45072115384615385 0.4579326923076923 0.009615384615384616 0.03365384615384615
0 0.5180288461538461 0.4579326923076923 0.009615384615384616 0.028846153846153848
0 0.5288461538461539 0.45913461538461536 0.01201923076923077 0.03365384615384615
0 0.37259615384615385 0.4543269230769231 0.009615384615384616 0.028846153846153848
0 0.5396634615384616 0.46153846153846156 0.009615384615384616 0.028846153846153848
0 0.5528846153846154 0.45913461538461536 0.014423076923076924 0.028846153846153848
0 0.5661057692307693 0.45913461538461536 0.014423076923076924 0.026442307692307692
0 0.5805288461538461 0.46153846153846156 0.009615384615384616 0.03365384615384615
0 0.6021634615384616 0.46274038461538464 0.009615384615384616 0.03365384615384615
0 0.5901442307692307 0.46274038461538464 0.014423076923076924 0.028846153846153848
0 0.6189903846153846 0.4639423076923077 0.009615384615384616 0.03365384615384615
0 0.6442307692307693 0.4651442307692308 0.009615384615384616 0.028846153846153848
0 0.6298076923076923 0.46274038461538464 0.01201923076923077 0.026442307692307692
0 0.6694711538461539 0.46274038461538464 0.014423076923076924 0.028846153846153848
0 0.6574519230769231 0.46634615384615385 0.014423076923076924 0.028846153846153848
0 0.6838942307692307 0.4699519230769231 0.014423076923076924 0.028846153846153848
0 0.6971153846153846 0.47115384615384615 0.01201923076923077 0.03365384615384615
0 0.7223557692307693 0.4723557692307692 0.014423076923076924 0.03365384615384615
0 0.7115384615384616 0.47115384615384615 0.009615384615384616 0.028846153846153848
0 0.7367788461538461 0.4723557692307692 0.014423076923076924 0.02403846153846154
0 0.7512019230769231 0.47115384615384615 0.01201923076923077 0.028846153846153848
0 0.8112980769230769 0.47115384615384615 0.014423076923076924 0.03365384615384615
0 0.8317307692307693 0.47115384615384615 0.014423076923076924 0.03365384615384615
0 0.84375 0.47115384615384615 0.009615384615384616 0.028846153846153848
0 0.5637019230769231 0.4266826923076923 0.014423076923076924 0.03365384615384615
0 0.5925480769230769 0.4266826923076923 0.014423076923076924 0.028846153846153848
0 0.609375 0.43028846153846156 0.014423076923076924 0.03365384615384615
0 0.5805288461538461 0.4254807692307692 0.014423076923076924 0.028846153846153848
0 0.6225961538461539 0.42788461538461536 0.01201923076923077 0.03365384615384615
0 0.6382211538461539 0.43028846153846156 0.01201923076923077 0.028846153846153848
0 0.6526442307692307 0.43028846153846156 0.009615384615384616 0.028846153846153848
0 0.6646634615384616 0.43149038461538464 0.009615384615384616 0.028846153846153848
0 0.6790865384615384 0.4338942307692308 0.01201923076923077 0.028846153846153848
0 0.6911057692307693 0.4338942307692308 0.01201923076923077 0.03365384615384615
0 0.7043269230769231 0.43509615384615385 0.014423076923076924 0.028846153846153848
0 0.7175480769230769 0.4387019230769231 0.01201923076923077 0.03365384615384615
0 0.7307692307692307 0.43509615384615385 0.014423076923076924 0.03365384615384615
0 0.7439903846153846 0.4362980769230769 0.01201923076923077 0.03365384615384615
0 0.7572115384615384 0.4387019230769231 0.014423076923076924 0.028846153846153848
0 0.7716346153846154 0.4362980769230769 0.014423076923076924 0.03365384615384615
0 0.7824519230769231 0.4362980769230769 0.014423076923076924 0.028846153846153848
0 0.7956730769230769 0.4362980769230769 0.014423076923076924 0.028846153846153848
0 0.8293269230769231 0.4362980769230769 0.014423076923076924 0.028846153846153848
0 0.6790865384615384 0.6129807692307693 0.01201923076923077 0.02403846153846154
0 0.7055288461538461 0.6105769230769231 0.01201923076923077 0.026442307692307692
0 0.6935096153846154 0.6129807692307693 0.009615384615384616 0.026442307692307692
0 0.71875 0.6141826923076923 0.009615384615384616 0.02403846153846154
0 0.7271634615384616 0.6153846153846154 0.009615384615384616 0.02403846153846154
0 0.7524038461538461 0.6165865384615384 0.009615384615384616 0.028846153846153848
0 0.7415865384615384 0.6177884615384616 0.014423076923076924 0.02403846153846154
0 0.7644230769230769 0.6177884615384616 0.01201923076923077 0.028846153846153848
0 0.7752403846153846 0.6177884615384616 0.009615384615384616 0.026442307692307692
0 0.7980769230769231 0.6177884615384616 0.009615384615384616 0.03125
0 0.7836538461538461 0.6177884615384616 0.009615384615384616 0.026442307692307692
0 0.8149038461538461 0.6201923076923077 0.014423076923076924 0.028846153846153848
0 0.29927884615384615 0.5925480769230769 0.007211538461538462 0.02403846153846154
0 0.3112980769230769 0.5925480769230769 0.01201923076923077 0.02403846153846154
0 0.8257211538461539 0.6213942307692307 0.009615384615384616 0.03125
0 0.8461538461538461 0.4387019230769231 0.009615384615384616 0.03365384615384615
1 0.28966346153846156 0.6009615384615384 0.007211538461538462 0.014423076923076924
0 0.7632211538461539 0.46875 0.007211538461538462 0.03365384615384615
0 0.7860576923076923 0.47475961538461536 0.016826923076923076 0.03365384615384615
0 0.7740384615384616 0.47115384615384615 0.014423076923076924 0.036057692307692304
0 0.8016826923076923 0.4723557692307692 0.01201923076923077 0.03365384615384615
0 0.4855769230769231 0.4579326923076923 0.007211538461538462 0.028846153846153848
0 0.8100961538461539 0.4362980769230769 0.014423076923076924 0.03365384615384615
0 0.47596153846153844 0.4579326923076923 0.009615384615384616 0.03365384615384615
0 0.31971153846153844 0.23076923076923078 0.009615384615384616 0.038461538461538464
0 0.5108173076923077 0.46033653846153844 0.009615384615384616 0.028846153846153848
0 0.8365384615384616 0.6225961538461539 0.01201923076923077 0.026442307692307692
0 0.8449519230769231 0.6213942307692307 0.007211538461538462 0.026442307692307692
0 0.36658653846153844 0.6454326923076923 0.009615384615384616 0.028846153846153848