0 0.8473557692307693 0.2512019230769231 0.004807692307692308 0.04567307692307692
0 0.8497596153846154 0.203125 0.004807692307692308 0.036057692307692304
0 0.8377403846153846 0.24879807692307693 0.014423076923076924 0.04326923076923077
0 0.8245192307692307 0.25240384615384615 0.016826923076923076 0.040865384615384616
0 0.765625 0.578125 0.01201923076923077 0.026442307692307692
0 0.7536057692307693 0.578125 0.014423076923076924 0.028846153846153848
0 0.6766826923076923 0.6418269230769231 0.01201923076923077 0.02403846153846154
0 0.8341346153846154 0.203125 0.014423076923076924 0.040865384615384616
0 0.8185096153846154 0.20673076923076922 0.014423076923076924 0.038461538461538464
0 0.8040865384615384 0.20673076923076922 0.014423076923076924 0.040865384615384616
0 0.7872596153846154 0.20793269230769232 0.016826923076923076 0.04567307692307692
0 0.7836538461538461 0.2548076923076923 0.014423076923076924 0.04326923076923077
0 0.8076923076923077 0.25600961538461536 0.014423076923076924 0.038461538461538464
0 0.7956730769230769 0.2536057692307692 0.004807692307692308 0.04326923076923077
0 0.7680288461538461 0.25600961538461536 0.014423076923076924 0.04326923076923077
0 0.7704326923076923 0.2091346153846154 0.014423076923076924 0.04326923076923077
0 0.7548076923076923 0.21514423076923078 0.014423076923076924 0.040865384615384616
0 0.7403846153846154 0.2127403846153846 0.014423076923076924 0.038461538461538464
0 0.7235576923076923 0.21634615384615385 0.014423076923076924 0.04326923076923077
0 0.7091346153846154 0.21514423076923078 0.01201923076923077 0.036057692307692304
0 0.6959134615384616 0.21634615384615385 0.014423076923076924 0.038461538461538464
0 0.6790865384615384 0.21634615384615385 0.01201923076923077 0.04326923076923077
0 0.6574519230769231 0.21995192307692307 0.014423076923076924 0.038461538461538464
0 0.6430288461538461 0.22115384615384615 0.014423076923076924 0.038461538461538464
0 0.6286057692307693 0.22235576923076922 0.014423076923076924 0.03365384615384615
0 0.6117788461538461 0.22716346153846154 0.014423076923076924 0.038461538461538464
0 0.59375 0.22956730769230768 0.016826923076923076 0.038461538461538464
0 0.5817307692307693 0.23076923076923078 0.01201923076923077 0.036057692307692304
0 0.5673076923076923 0.23076923076923078 0.014423076923076924 0.036057692307692304
0 0.5540865384615384 0.23317307692307693 0.014423076923076924 0.04326923076923077
0 0.5360576923076923 0.23557692307692307 0.01201923076923077 0.038461538461538464
0 0.5204326923076923 0.23557692307692307 0.01201923076923077 0.036057692307692304
0 0.5072115384615384 0.23798076923076922 0.014423076923076924 0.038461538461538464
0 0.49278846153846156 0.23798076923076922 0.01201923076923077 0.04326923076923077
0 0.47716346153846156 0.23918269230769232 0.014423076923076924 0.038461538461538464
0 0.7632211538461539 0.14543269230769232 0.016826923076923076 0.052884615384615384
0 0.7475961538461539 0.14182692307692307 0.014423076923076924 0.052884615384615384
0 0.7283653846153846 0.14783653846153846 0.014423076923076924 0.038461538461538464
0 0.7127403846153846 0.1502403846153846 0.01201923076923077 0.04326923076923077
0 0.6983173076923077 0.1502403846153846 0.01201923076923077 0.038461538461538464
0 0.6814903846153846 0.15264423076923078 0.01201923076923077 0.04326923076923077
0 0.6610576923076923 0.15745192307692307 0.014423076923076924 0.04807692307692308
0 0.6442307692307693 0.15625 0.01201923076923077 0.04326923076923077
0 0.6310096153846154 0.15865384615384615 0.009615384615384616 0.038461538461538464
0 0.6153846153846154 0.15865384615384615 0.014423076923076924 0.038461538461538464
0 0.5997596153846154 0.15985576923076922 0.014423076923076924 0.04807692307692308
0 0.5829326923076923 0.1622596153846154 0.01201923076923077 0.038461538461538464
0 0.5673076923076923 0.1658653846153846 0.014423076923076924 0.036057692307692304
0 0.5528846153846154 0.16706730769230768 0.01201923076923077 0.038461538461538464
0 0.5336538461538461 0.16826923076923078 0.014423076923076924 0.04326923076923077
0 0.5168269230769231 0.16826923076923078 0.014423076923076924 0.04326923076923077
0 0.5012019230769231 0.17067307692307693 0.01201923076923077 0.036057692307692304
0 0.48677884615384615 0.17067307692307693 0.01201923076923077 0.040865384615384616
0 0.6574519230769231 0.6442307692307693 0.009615384615384616 0.028846153846153848
0 0.6454326923076923 0.6442307692307693 0.007211538461538462 0.019230769230769232
0 0.6346153846153846 0.6466346153846154 0.004807692307692308 0.019230769230769232
0 0.6237980769230769 0.6478365384615384 0.009615384615384616 0.026442307692307692
0 0.6129807692307693 0.6490384615384616 0.009615384615384616 0.026442307692307692
0 0.609375 0.6478365384615384 0.009615384615384616 0.02403846153846154
0 0.5889423076923077 0.6502403846153846 0.007211538461538462 0.021634615384615384
0 0.578125 0.6502403846153846 0.009615384615384616 0.019230769230769232
0 0.5661057692307693 0.6526442307692307 0.007211538461538462 0.019230769230769232
0 0.5564903846153846 0.6502403846153846 0.009615384615384616 0.026442307692307692
0 0.5444711538461539 0.6538461538461539 0.009615384615384616 0.021634615384615384
0 0.5348557692307693 0.65625 0.009615384615384616 0.019230769230769232
0 0.5240384615384616 0.6538461538461539 0.009615384615384616 0.021634615384615384
0 0.5108173076923077 0.6526442307692307 0.01201923076923077 0.021634615384615384
0 0.5 0.6550480769230769 0.009615384615384616 0.019230769230769232
0 0.6658653846153846 0.640625 0.009615384615384616 0.021634615384615384
0 0.8449519230769231 0.43509615384615385 0.009615384615384616 0.03365384615384615
0 0.8329326923076923 0.4387019230769231 0.014423076923076924 0.038461538461538464
0 0.8197115384615384 0.43990384615384615 0.009615384615384616 0.03365384615384615
0 0.8064903846153846 0.43990384615384615 0.009615384615384616 0.028846153846153848
0 0.7920673076923077 0.4423076923076923 0.01201923076923077 0.03365384615384615
0 0.7764423076923077 0.43990384615384615 0.009615384615384616 0.036057692307692304
0 0.7644230769230769 0.43990384615384615 0.009615384615384616 0.03365384615384615
0 0.7475961538461539 0.44350961538461536 0.014423076923076924 0.03365384615384615
0 0.7355769230769231 0.44350961538461536 0.009615384615384616 0.028846153846153848
0 0.7211538461538461 0.44591346153846156 0.01201923076923077 0.028846153846153848
0 0.7079326923076923 0.44471153846153844 0.007211538461538462 0.028846153846153848
0 0.6971153846153846 0.44591346153846156 0.009615384615384616 0.028846153846153848
0 0.6826923076923077 0.4483173076923077 0.009615384615384616 0.028846153846153848
0 0.6682692307692307 0.4495192307692308 0.009615384615384616 0.026442307692307692
0 0.65625 0.4495192307692308 0.009615384615384616 0.03365384615384615
0 0.640625 0.4495192307692308 0.01201923076923077 0.026442307692307692
0 0.6286057692307693 0.4495192307692308 0.014423076923076924 0.028846153846153848
0 0.6129807692307693 0.453125 0.01201923076923077 0.028846153846153848
0 0.6033653846153846 0.4519230769230769 0.01201923076923077 0.03365384615384615
0 0.5889423076923077 0.4519230769230769 0.014423076923076924 0.03365384615384615
0 0.5757211538461539 0.4519230769230769 0.009615384615384616 0.028846153846153848
0 0.5637019230769231 0.453125 0.01201923076923077 0.028846153846153848
0 0.5552884615384616 0.45552884615384615 0.014423076923076924 0.03365384615384615
0 0.5396634615384616 0.453125 0.01201923076923077 0.028846153846153848
0 0.5252403846153846 0.4543269230769231 0.009615384615384616 0.026442307692307692
0 0.5132211538461539 0.4579326923076923 0.009615384615384616 0.036057692307692304
0 0.5024038461538461 0.4579326923076923 0.007211538461538462 0.02403846153846154
0 0.4891826923076923 0.4579326923076923 0.009615384615384616 0.02403846153846154
0 0.47475961538461536 0.4639423076923077 0.009615384615384616 0.028846153846153848
0 0.46274038461538464 0.4639423076923077 0.009615384615384616 0.028846153846153848
0 0.45072115384615385 0.46634615384615385 0.009615384615384616 0.026442307692307692
0 0.43509615384615385 0.4639423076923077 0.014423076923076924 0.03365384615384615
0 0.42427884615384615 0.46875 0.01201923076923077 0.03365384615384615
0 0.40865384615384615 0.4675480769230769 0.014423076923076924 0.03365384615384615
0 0.47716346153846156 0.42788461538461536 0.009615384615384616 0.03365384615384615
0 0.4639423076923077 0.4266826923076923 0.01201923076923077 0.03365384615384615
0 0.4519230769230769 0.42908653846153844 0.009615384615384616 0.028846153846153848
0 0.4326923076923077 0.43149038461538464 0.009615384615384616 0.028846153846153848
0 0.4182692307692308 0.43028846153846156 0.014423076923076924 0.026442307692307692
0 0.4074519230769231 0.4326923076923077 0.009615384615384616 0.02403846153846154
0 0.3954326923076923 0.4387019230769231 0.01201923076923077 0.02403846153846154
0 0.39663461538461536 0.46875 0.01201923076923077 0.026442307692307692
0 0.3858173076923077 0.4723557692307692 0.01201923076923077 0.02403846153846154
0 0.38221153846153844 0.43990384615384615 0.009615384615384616 0.028846153846153848
0 0.3737980769230769 0.4723557692307692 0.014423076923076924 0.026442307692307692
0 0.3701923076923077 0.4423076923076923 0.01201923076923077 0.03365384615384615
0 0.3605769230769231 0.4723557692307692 0.01201923076923077 0.03365384615384615
0 0.35697115384615385 0.4411057692307692 0.014423076923076924 0.028846153846153848
0 0.3473557692307692 0.47475961538461536 0.014423076923076924 0.03365384615384615
0 0.34134615384615385 0.44350961538461536 0.014423076923076924 0.03365384615384615
0 0.3317307692307692 0.47836538461538464 0.01201923076923077 0.028846153846153848
0 0.31850961538461536 0.4795673076923077 0.009615384615384616 0.026442307692307692
0 0.3269230769230769 0.44350961538461536 0.014423076923076924 0.026442307692307692
0 0.31490384615384615 0.44471153846153844 0.009615384615384616 0.02403846153846154
0 0.3076923076923077 0.4795673076923077 0.009615384615384616 0.03365384615384615
0 0.29447115384615385 0.47836538461538464 0.009615384615384616 0.03365384615384615
0 0.30288461538461536 0.44471153846153844 0.009615384615384616 0.03365384615384615
0 0.29086538461538464 0.4411057692307692 0.009615384615384616 0.02403846153846154
0 0.2776442307692308 0.44350961538461536 0.009615384615384616 0.028846153846153848
0 0.28125 0.47836538461538464 0.014423076923076924 0.028846153846153848
0 0.2692307692307692 0.4807692307692308 0.009615384615384616 0.02403846153846154
0 0.25721153846153844 0.484375 0.014423076923076924 0.028846153846153848
0 0.2439903846153846 0.4807692307692308 0.009615384615384616 0.028846153846153848
0 0.26322115384615385 0.44711538461538464 0.014423076923076924 0.028846153846153848
0 0.24879807692307693 0.44350961538461536 0.009615384615384616 0.03365384615384615
0 0.234375 0.44711538461538464 0.01201923076923077 0.02403846153846154
0 0.23076923076923078 0.4831730769230769 0.014423076923076924 0.038461538461538464
0 0.2127403846153846 0.48197115384615385 0.009615384615384616 0.028846153846153848
0 0.19951923076923078 0.4855769230769231 0.014423076923076924 0.028846153846153848
0 0.1875 0.4855769230769231 0.014423076923076924 0.028846153846153848
0 0.17548076923076922 0.48677884615384615 0.014423076923076924 0.028846153846153848
0 0.16346153846153846 0.4879807692307692 0.014423076923076924 0.026442307692307692
0 0.1502403846153846 0.49038461538461536 0.007211538461538462 0.03365384615384615
0 0.22115384615384615 0.44471153846153844 0.014423076923076924 0.026442307692307692
0 0.2091346153846154 0.4495192307692308 0.014423076923076924 0.028846153846153848
0 0.19230769230769232 0.4495192307692308 0.014423076923076924 0.03365384615384615
0 0.18028846153846154 0.4495192307692308 0.009615384615384616 0.028846153846153848
0 0.16826923076923078 0.453125 0.014423076923076924 0.028846153846153848
0 0.15504807692307693 0.4519230769230769 0.009615384615384616 0.03365384615384615
0 0.3629807692307692 0.6141826923076923 0.009615384615384616 0.019230769230769232
0 0.3485576923076923 0.6153846153846154 0.009615384615384616 0.026442307692307692
0 0.33774038461538464 0.6153846153846154 0.01201923076923077 0.028846153846153848
0 0.3233173076923077 0.6189903846153846 0.009615384615384616 0.026442307692307692
0 0.3125 0.6189903846153846 0.009615384615384616 0.02403846153846154
0 0.3004807692307692 0.6189903846153846 0.01201923076923077 0.02403846153846154
0 0.28725961538461536 0.6213942307692307 0.009615384615384616 0.028846153846153848
0 0.2776442307692308 0.6213942307692307 0.007211538461538462 0.03365384615384615
0 0.2644230769230769 0.6213942307692307 0.009615384615384616 0.028846153846153848
0 0.2512019230769231 0.6225961538461539 0.009615384615384616 0.028846153846153848
0 0.23677884615384615 0.6237980769230769 0.01201923076923077 0.02403846153846154
0 0.2247596153846154 0.6262019230769231 0.01201923076923077 0.02403846153846154
0 0.21033653846153846 0.6274038461538461 0.01201923076923077 0.02403846153846154
0 0.19951923076923078 0.6286057692307693 0.016826923076923076 0.026442307692307692
0 0.18629807692307693 0.6274038461538461 0.01201923076923077 0.026442307692307692
0 0.17548076923076922 0.6310096153846154 0.014423076923076924 0.02403846153846154
0 0.5973557692307693 0.6490384615384616 0.01201923076923077 0.02403846153846154
1 0.7740384615384616 0.5889423076923077 0.009615384615384616 0.009615384615384616