0 0.24278846153846154 0.8509615384615384 0.04567307692307692 0.004807692307692308
0 0.2439903846153846 0.84375 0.036057692307692304 0.016826923076923076
0 0.24519230769230768 0.8257211538461539 0.040865384615384616 0.016826923076923076
0 0.5697115384615384 0.7920673076923077 0.026442307692307692 0.009615384615384616
0 0.5733173076923077 0.78125 0.028846153846153848 0.014423076923076924
0 0.6382211538461539 0.6778846153846154 0.02403846153846154 0.01201923076923077
0 0.1935096153846154 0.84375 0.040865384615384616 0.014423076923076924
0 0.19471153846153846 0.8305288461538461 0.038461538461538464 0.014423076923076924
0 0.19831730769230768 0.8100961538461539 0.04326923076923077 0.016826923076923076
0 0.203125 0.7908653846153846 0.04326923076923077 0.016826923076923076
0 0.24639423076923078 0.7908653846153846 0.04326923076923077 0.014423076923076924
0 0.24759615384615385 0.8064903846153846 0.04326923076923077 0.014423076923076924
0 0.20793269230769232 0.7752403846153846 0.04326923076923077 0.016826923076923076
0 0.21033653846153846 0.7572115384615384 0.040865384615384616 0.014423076923076924
0 0.2091346153846154 0.7427884615384616 0.038461538461538464 0.014423076923076924
0 0.2091346153846154 0.7271634615384616 0.04326923076923077 0.014423076923076924
0 0.2127403846153846 0.7103365384615384 0.036057692307692304 0.01201923076923077
0 0.21394230769230768 0.6959134615384616 0.038461538461538464 0.014423076923076924
0 0.21634615384615385 0.6802884615384616 0.04326923076923077 0.01201923076923077
0 0.21754807692307693 0.6646634615384616 0.038461538461538464 0.014423076923076924
0 0.21754807692307693 0.6502403846153846 0.038461538461538464 0.014423076923076924
0 0.22115384615384615 0.6394230769230769 0.03365384615384615 0.014423076923076924
0 0.22716346153846154 0.625 0.038461538461538464 0.014423076923076924
0 0.2283653846153846 0.6081730769230769 0.038461538461538464 0.014423076923076924
0 0.23076923076923078 0.59375 0.040865384615384616 0.014423076923076924
0 0.23076923076923078 0.5817307692307693 0.04326923076923077 0.016826923076923076
0 0.234375 0.5456730769230769 0.038461538461538464 0.01201923076923077
0 0.23557692307692307 0.53125 0.040865384615384616 0.014423076923076924
0 0.23798076923076922 0.5168269230769231 0.038461538461538464 0.014423076923076924
0 0.23798076923076922 0.4963942307692308 0.040865384615384616 0.01201923076923077
0 0.13581730769230768 0.7896634615384616 0.052884615384615384 0.016826923076923076
0 0.13701923076923078 0.7716346153846154 0.052884615384615384 0.014423076923076924
0 0.13701923076923078 0.7572115384615384 0.04807692307692308 0.014423076923076924
0 0.14302884615384615 0.7367788461538461 0.04807692307692308 0.019230769230769232
0 0.140625 0.7211538461538461 0.040865384615384616 0.016826923076923076
0 0.14543269230769232 0.7043269230769231 0.04326923076923077 0.014423076923076924
0 0.1502403846153846 0.6862980769230769 0.04807692307692308 0.014423076923076924
0 0.14783653846153846 0.6694711538461539 0.04326923076923077 0.01201923076923077
0 0.15144230769230768 0.6550480769230769 0.04807692307692308 0.014423076923076924
0 0.15384615384615385 0.6382211538461539 0.04326923076923077 0.014423076923076924
0 0.15384615384615385 0.6237980769230769 0.04807692307692308 0.014423076923076924
0 0.15985576923076922 0.6057692307692307 0.04326923076923077 0.014423076923076924
0 0.1622596153846154 0.5889423076923077 0.04326923076923077 0.01201923076923077
0 0.1658653846153846 0.5757211538461539 0.038461538461538464 0.014423076923076924
0 0.1658653846153846 0.5552884615384616 0.04326923076923077 0.014423076923076924
0 0.16826923076923078 0.5396634615384616 0.04326923076923077 0.014423076923076924
0 0.17067307692307693 0.5276442307692307 0.04326923076923077 0.014423076923076924
0 0.171875 0.5084134615384616 0.040865384615384616 0.014423076923076924
0 0.6394230769230769 0.6658653846153846 0.02403846153846154 0.007211538461538462
0 0.6430288461538461 0.6550480769230769 0.021634615384615384 0.009615384615384616
0 0.6454326923076923 0.6334134615384616 0.019230769230769232 0.009615384615384616
0 0.6490384615384616 0.6117788461538461 0.028846153846153848 0.009615384615384616
0 0.6454326923076923 0.6213942307692307 0.02403846153846154 0.009615384615384616
0 0.6502403846153846 0.5889423076923077 0.021634615384615384 0.007211538461538462
0 0.6502403846153846 0.578125 0.019230769230769232 0.009615384615384616
0 0.6526442307692307 0.5661057692307693 0.019230769230769232 0.007211538461538462
0 0.6502403846153846 0.5564903846153846 0.026442307692307692 0.009615384615384616
0 0.6538461538461539 0.5444711538461539 0.021634615384615384 0.009615384615384616
0 0.6550480769230769 0.5300480769230769 0.02403846153846154 0.009615384615384616
0 0.6538461538461539 0.5168269230769231 0.021634615384615384 0.01201923076923077
0 0.6358173076923077 0.6899038461538461 0.021634615384615384 0.009615384615384616
0 0.42788461538461536 0.8401442307692307 0.036057692307692304 0.01201923076923077
0 0.43149038461538464 0.8245192307692307 0.038461538461538464 0.014423076923076924
0 0.4254807692307692 0.8088942307692307 0.04807692307692308 0.014423076923076924
0 0.4326923076923077 0.7956730769230769 0.03365384615384615 0.01201923076923077
0 0.4338942307692308 0.7824519230769231 0.03365384615384615 0.009615384615384616
0 0.43509615384615385 0.7680288461538461 0.03365384615384615 0.009615384615384616
0 0.4362980769230769 0.7524038461538461 0.03365384615384615 0.014423076923076924
0 0.4375 0.7415865384615384 0.03365384615384615 0.009615384615384616
0 0.4387019230769231 0.7271634615384616 0.038461538461538464 0.014423076923076924
0 0.43990384615384615 0.7139423076923077 0.03365384615384615 0.009615384615384616
0 0.43990384615384615 0.7007211538461539 0.03365384615384615 0.009615384615384616
0 0.44350961538461536 0.6887019230769231 0.028846153846153848 0.009615384615384616
0 0.4411057692307692 0.6730769230769231 0.03365384615384615 0.009615384615384616
0 0.44350961538461536 0.6598557692307693 0.03365384615384615 0.01201923076923077
0 0.44591346153846156 0.6454326923076923 0.028846153846153848 0.01201923076923077
0 0.4495192307692308 0.6310096153846154 0.028846153846153848 0.009615384615384616
0 0.44591346153846156 0.6177884615384616 0.028846153846153848 0.01201923076923077
0 0.4519230769230769 0.6033653846153846 0.03365384615384615 0.01201923076923077
0 0.4519230769230769 0.5889423076923077 0.03365384615384615 0.014423076923076924
0 0.4519230769230769 0.5757211538461539 0.028846153846153848 0.009615384615384616
0 0.453125 0.5637019230769231 0.028846153846153848 0.01201923076923077
0 0.45552884615384615 0.5552884615384616 0.03365384615384615 0.014423076923076924
0 0.453125 0.5396634615384616 0.028846153846153848 0.01201923076923077
0 0.4543269230769231 0.5252403846153846 0.026442307692307692 0.009615384615384616
0 0.4579326923076923 0.5132211538461539 0.036057692307692304 0.009615384615384616
0 0.46153846153846156 0.5024038461538461 0.028846153846153848 0.007211538461538462
0 0.46274038461538464 0.49038461538461536 0.03365384615384615 0.01201923076923077
0 0.4639423076923077 0.47475961538461536 0.028846153846153848 0.009615384615384616
0 0.4639423076923077 0.46274038461538464 0.028846153846153848 0.009615384615384616
0 0.46634615384615385 0.45072115384615385 0.026442307692307692 0.009615384615384616
0 0.4639423076923077 0.43509615384615385 0.03365384615384615 0.014423076923076924
0 0.46875 0.42427884615384615 0.03365384615384615 0.01201923076923077
0 0.4675480769230769 0.40865384615384615 0.03365384615384615 0.014423076923076924
0 0.4230769230769231 0.4855769230769231 0.03365384615384615 0.009615384615384616
0 0.4266826923076923 0.47596153846153844 0.03365384615384615 0.014423076923076924
0 0.43028846153846156 0.4543269230769231 0.03365384615384615 0.014423076923076924
0 0.42908653846153844 0.44591346153846156 0.028846153846153848 0.009615384615384616
0 0.4326923076923077 0.4182692307692308 0.026442307692307692 0.014423076923076924
0 0.43149038461538464 0.43028846153846156 0.028846153846153848 0.014423076923076924
0 0.43509615384615385 0.4110576923076923 0.028846153846153848 0.014423076923076924
0 0.46875 0.39663461538461536 0.026442307692307692 0.01201923076923077
0 0.4723557692307692 0.3858173076923077 0.02403846153846154 0.01201923076923077
0 0.4387019230769231 0.39663461538461536 0.03365384615384615 0.019230769230769232
0 0.4723557692307692 0.3737980769230769 0.026442307692307692 0.014423076923076924
0 0.43990384615384615 0.38221153846153844 0.03365384615384615 0.009615384615384616
0 0.47596153846153844 0.3605769230769231 0.03365384615384615 0.01201923076923077
0 0.4795673076923077 0.3473557692307692 0.03365384615384615 0.014423076923076924
0 0.4387019230769231 0.3701923076923077 0.03365384615384615 0.01201923076923077
0 0.48197115384615385 0.33533653846153844 0.028846153846153848 0.01201923076923077
0 0.48197115384615385 0.32091346153846156 0.028846153846153848 0.014423076923076924
0 0.44350961538461536 0.3425480769230769 0.028846153846153848 0.014423076923076924
0 0.44591346153846156 0.3293269230769231 0.028846153846153848 0.016826923076923076
0 0.4807692307692308 0.3076923076923077 0.03365384615384615 0.009615384615384616
0 0.4855769230769231 0.2956730769230769 0.03365384615384615 0.009615384615384616
0 0.44591346153846156 0.3161057692307692 0.03365384615384615 0.01201923076923077
0 0.44711538461538464 0.2920673076923077 0.028846153846153848 0.01201923076923077
0 0.453125 0.27884615384615385 0.03365384615384615 0.014423076923076924
0 0.49038461538461536 0.2824519230769231 0.028846153846153848 0.014423076923076924
0 0.4891826923076923 0.27163461538461536 0.03365384615384615 0.01201923076923077
0 0.49038461538461536 0.25721153846153844 0.028846153846153848 0.014423076923076924
0 0.49038461538461536 0.2439903846153846 0.028846153846153848 0.01201923076923077
0 0.4519230769230769 0.2692307692307692 0.028846153846153848 0.019230769230769232
0 0.4567307692307692 0.19110576923076922 0.028846153846153848 0.014423076923076924
0 0.48677884615384615 0.23076923076923078 0.038461538461538464 0.014423076923076924
0 0.49038461538461536 0.21875 0.038461538461538464 0.014423076923076924
0 0.49399038461538464 0.20432692307692307 0.028846153846153848 0.014423076923076924
0 0.49399038461538464 0.18990384615384615 0.028846153846153848 0.014423076923076924
0 0.4963942307692308 0.1778846153846154 0.028846153846153848 0.014423076923076924
0 0.23076923076923078 0.5600961538461539 0.04326923076923077 0.014423076923076924
0 0.45072115384615385 0.25240384615384615 0.028846153846153848 0.01201923076923077
0 0.453125 0.2403846153846154 0.03365384615384615 0.014423076923076924
0 0.453125 0.2283653846153846 0.03365384615384615 0.016826923076923076
0 0.4567307692307692 0.203125 0.028846153846153848 0.014423076923076924
0 0.4230769230769231 0.4987980769230769 0.03365384615384615 0.014423076923076924
0 0.6129807692307693 0.3870192307692308 0.026442307692307692 0.009615384615384616
0 0.6153846153846154 0.375 0.02403846153846154 0.009615384615384616
0 0.6189903846153846 0.3629807692307692 0.021634615384615384 0.009615384615384616
0 0.6201923076923077 0.33774038461538464 0.026442307692307692 0.009615384615384616
0 0.6225961538461539 0.32572115384615385 0.02403846153846154 0.009615384615384616
0 0.6225961538461539 0.3125 0.02403846153846154 0.01201923076923077
0 0.6225961538461539 0.3004807692307692 0.028846153846153848 0.009615384615384616
0 0.625 0.28725961538461536 0.028846153846153848 0.009615384615384616
0 0.6274038461538461 0.27283653846153844 0.028846153846153848 0.009615384615384616
0 0.6286057692307693 0.25841346153846156 0.026442307692307692 0.01201923076923077
0 0.6298076923076923 0.24639423076923078 0.02403846153846154 0.01201923076923077
0 0.6346153846153846 0.23317307692307693 0.028846153846153848 0.009615384615384616
0 0.6310096153846154 0.22355769230769232 0.03365384615384615 0.009615384615384616
0 0.6490384615384616 0.5985576923076923 0.02403846153846154 0.01201923076923077
1 0.5817307692307693 0.8040865384615384 0.007211538461538462 0.009615384615384616
0 0.6177884615384616 0.34975961538461536 0.02403846153846154 0.009615384615384616
0 0.6394230769230769 0.6995192307692307 0.02403846153846154 0.009615384615384616
0 0.6442307692307693 0.6442307692307693 0.019230769230769232 0.009615384615384616
0 0.44350961538461536 0.3545673076923077 0.028846153846153848 0.014423076923076924
0 0.45552884615384615 0.21394230769230768 0.028846153846153848 0.014423076923076924
0 0.6346153846153846 0.2127403846153846 0.026442307692307692 0.009615384615384616
0 0.6370192307692307 0.20192307692307693 0.03365384615384615 0.014423076923076924
0 0.44711538461538464 0.30528846153846156 0.038461538461538464 0.009615384615384616