0 0.8497596153846154 0.1346153846153846 0.007211538461538462 0.04567307692307692
0 0.8473557692307693 0.2512019230769231 0.004807692307692308 0.04567307692307692
0 0.8425480769230769 0.20552884615384615 0.014423076923076924 0.036057692307692304
0 0.8401442307692307 0.25 0.014423076923076924 0.04326923076923077
0 0.8245192307692307 0.25240384615384615 0.016826923076923076 0.040865384615384616
0 0.7584134615384616 0.5817307692307693 0.01201923076923077 0.026442307692307692
0 0.7487980769230769 0.5817307692307693 0.014423076923076924 0.028846153846153848
0 0.6646634615384616 0.640625 0.01201923076923077 0.02403846153846154
0 0.8269230769230769 0.21033653846153846 0.014423076923076924 0.040865384615384616
0 0.8112980769230769 0.2091346153846154 0.014423076923076924 0.038461538461538464
0 0.796875 0.21153846153846154 0.014423076923076924 0.040865384615384616
0 0.7764423076923077 0.2127403846153846 0.016826923076923076 0.04567307692307692
0 0.7740384615384616 0.25721153846153844 0.014423076923076924 0.04326923076923077
0 0.8076923076923077 0.25600961538461536 0.014423076923076924 0.038461538461538464
0 0.7920673076923077 0.25600961538461536 0.014423076923076924 0.040865384615384616
0 0.7584134615384616 0.25961538461538464 0.014423076923076924 0.04326923076923077
0 0.7620192307692307 0.21514423076923078 0.014423076923076924 0.04326923076923077
0 0.7451923076923077 0.21514423076923078 0.014423076923076924 0.040865384615384616
0 0.7307692307692307 0.21634615384615385 0.014423076923076924 0.038461538461538464
0 0.7139423076923077 0.21754807692307693 0.014423076923076924 0.04326923076923077
0 0.6995192307692307 0.22115384615384615 0.01201923076923077 0.036057692307692304
0 0.6838942307692307 0.22355769230769232 0.014423076923076924 0.038461538461538464
0 0.6682692307692307 0.22235576923076922 0.01201923076923077 0.04326923076923077
0 0.6490384615384616 0.22235576923076922 0.014423076923076924 0.038461538461538464
0 0.6346153846153846 0.22596153846153846 0.014423076923076924 0.038461538461538464
0 0.6201923076923077 0.22716346153846154 0.014423076923076924 0.03365384615384615
0 0.6057692307692307 0.22716346153846154 0.014423076923076924 0.038461538461538464
0 0.5913461538461539 0.23076923076923078 0.016826923076923076 0.038461538461538464
0 0.5769230769230769 0.23197115384615385 0.01201923076923077 0.036057692307692304
0 0.5612980769230769 0.234375 0.014423076923076924 0.036057692307692304
0 0.5480769230769231 0.234375 0.014423076923076924 0.04326923076923077
0 0.5300480769230769 0.23557692307692307 0.01201923076923077 0.038461538461538464
0 0.5144230769230769 0.23918269230769232 0.01201923076923077 0.036057692307692304
0 0.5 0.23918269230769232 0.014423076923076924 0.038461538461538464
0 0.4855769230769231 0.2403846153846154 0.01201923076923077 0.03365384615384615
0 0.47115384615384615 0.23918269230769232 0.014423076923076924 0.038461538461538464
0 0.7560096153846154 0.14423076923076922 0.016826923076923076 0.052884615384615384
0 0.7391826923076923 0.14783653846153846 0.014423076923076924 0.052884615384615384
0 0.7247596153846154 0.14903846153846154 0.014423076923076924 0.038461538461538464
0 0.7067307692307693 0.1502403846153846 0.01201923076923077 0.04326923076923077
0 0.6899038461538461 0.15264423076923078 0.01201923076923077 0.038461538461538464
0 0.6742788461538461 0.15264423076923078 0.009615384615384616 0.038461538461538464
0 0.6538461538461539 0.15504807692307693 0.014423076923076924 0.04807692307692308
0 0.6394230769230769 0.15985576923076922 0.01201923076923077 0.038461538461538464
0 0.6237980769230769 0.15985576923076922 0.009615384615384616 0.038461538461538464
0 0.6069711538461539 0.1622596153846154 0.014423076923076924 0.038461538461538464
0 0.5913461538461539 0.16346153846153846 0.014423076923076924 0.04807692307692308
0 0.5757211538461539 0.16346153846153846 0.01201923076923077 0.038461538461538464
0 0.5600961538461539 0.1658653846153846 0.014423076923076924 0.036057692307692304
0 0.546875 0.16706730769230768 0.01201923076923077 0.038461538461538464
0 0.5264423076923077 0.16947115384615385 0.014423076923076924 0.04326923076923077
0 0.5108173076923077 0.17307692307692307 0.014423076923076924 0.04326923076923077
0 0.4963942307692308 0.17307692307692307 0.01201923076923077 0.036057692307692304
0 0.4807692307692308 0.17307692307692307 0.01201923076923077 0.040865384615384616
0 0.6550480769230769 0.6442307692307693 0.009615384615384616 0.028846153846153848
0 0.6454326923076923 0.6442307692307693 0.007211538461538462 0.019230769230769232
0 0.6346153846153846 0.6466346153846154 0.004807692307692308 0.019230769230769232
0 0.6237980769230769 0.6478365384615384 0.009615384615384616 0.026442307692307692
0 0.6129807692307693 0.6490384615384616 0.009615384615384616 0.026442307692307692
0 0.6021634615384616 0.6466346153846154 0.01201923076923077 0.03365384615384615
0 0.5889423076923077 0.6502403846153846 0.007211538461538462 0.021634615384615384
0 0.578125 0.6502403846153846 0.009615384615384616 0.019230769230769232
0 0.5661057692307693 0.6526442307692307 0.007211538461538462 0.019230769230769232
0 0.5564903846153846 0.6502403846153846 0.009615384615384616 0.026442307692307692
0 0.5444711538461539 0.6538461538461539 0.009615384615384616 0.021634615384615384
0 0.5348557692307693 0.65625 0.009615384615384616 0.019230769230769232
0 0.5240384615384616 0.6538461538461539 0.009615384615384616 0.021634615384615384
0 0.5144230769230769 0.6550480769230769 0.004807692307692308 0.028846153846153848
0 0.5012019230769231 0.6550480769230769 0.01201923076923077 0.021634615384615384
0 0.49038461538461536 0.6574519230769231 0.009615384615384616 0.019230769230769232
0 0.4807692307692308 0.6598557692307693 0.004807692307692308 0.02403846153846154
0 0.8449519230769231 0.43509615384615385 0.009615384615384616 0.03365384615384615
0 0.8329326923076923 0.4387019230769231 0.014423076923076924 0.038461538461538464
0 0.8197115384615384 0.43990384615384615 0.009615384615384616 0.03365384615384615
0 0.8064903846153846 0.43990384615384615 0.009615384615384616 0.028846153846153848
0 0.7920673076923077 0.4423076923076923 0.01201923076923077 0.03365384615384615
0 0.7764423076923077 0.43990384615384615 0.009615384615384616 0.036057692307692304
0 0.7644230769230769 0.43990384615384615 0.009615384615384616 0.03365384615384615
0 0.7475961538461539 0.44350961538461536 0.014423076923076924 0.03365384615384615
0 0.7355769230769231 0.44350961538461536 0.009615384615384616 0.028846153846153848
0 0.7211538461538461 0.44591346153846156 0.01201923076923077 0.028846153846153848
0 0.7079326923076923 0.44471153846153844 0.007211538461538462 0.028846153846153848
0 0.6971153846153846 0.44591346153846156 0.009615384615384616 0.028846153846153848
0 0.6826923076923077 0.4483173076923077 0.009615384615384616 0.028846153846153848
0 0.6682692307692307 0.4495192307692308 0.009615384615384616 0.026442307692307692
0 0.65625 0.4495192307692308 0.009615384615384616 0.03365384615384615
0 0.640625 0.4495192307692308 0.01201923076923077 0.026442307692307692
0 0.6286057692307693 0.4495192307692308 0.014423076923076924 0.028846153846153848
0 0.6129807692307693 0.453125 0.01201923076923077 0.028846153846153848
0 0.6033653846153846 0.4519230769230769 0.01201923076923077 0.03365384615384615
0 0.5889423076923077 0.4519230769230769 0.014423076923076924 0.03365384615384615
0 0.5757211538461539 0.4519230769230769 0.009615384615384616 0.028846153846153848
0 0.5637019230769231 0.453125 0.01201923076923077 0.028846153846153848
0 0.5552884615384616 0.45552884615384615 0.014423076923076924 0.03365384615384615
0 0.5360576923076923 0.45913461538461536 0.01201923076923077 0.028846153846153848
0 0.5252403846153846 0.4543269230769231 0.009615384615384616 0.026442307692307692
0 0.5132211538461539 0.4579326923076923 0.009615384615384616 0.036057692307692304
0 0.4987980769230769 0.46033653846153844 0.007211538461538462 0.02403846153846154
0 0.4855769230769231 0.45913461538461536 0.009615384615384616 0.02403846153846154
0 0.47475961538461536 0.4639423076923077 0.009615384615384616 0.028846153846153848
0 0.46274038461538464 0.4639423076923077 0.009615384615384616 0.028846153846153848
0 0.45072115384615385 0.46634615384615385 0.009615384615384616 0.026442307692307692
0 0.43509615384615385 0.4639423076923077 0.014423076923076924 0.03365384615384615
0 0.42427884615384615 0.46875 0.01201923076923077 0.03365384615384615
0 0.40865384615384615 0.4675480769230769 0.014423076923076924 0.03365384615384615
0 0.47115384615384615 0.43028846153846156 0.009615384615384616 0.03365384615384615
0 0.45913461538461536 0.43028846153846156 0.01201923076923077 0.03365384615384615
0 0.44711538461538464 0.43149038461538464 0.009615384615384616 0.026442307692307692
0 0.4326923076923077 0.43149038461538464 0.009615384615384616 0.028846153846153848
0 0.4182692307692308 0.43028846153846156 0.014423076923076924 0.026442307692307692
0 0.4074519230769231 0.4326923076923077 0.009615384615384616 0.02403846153846154
0 0.3954326923076923 0.4387019230769231 0.01201923076923077 0.02403846153846154
0 0.39663461538461536 0.46875 0.01201923076923077 0.026442307692307692
0 0.3858173076923077 0.4723557692307692 0.01201923076923077 0.02403846153846154
0 0.38221153846153844 0.43990384615384615 0.009615384615384616 0.028846153846153848
0 0.3737980769230769 0.4723557692307692 0.014423076923076924 0.026442307692307692
0 0.3701923076923077 0.4423076923076923 0.01201923076923077 0.03365384615384615
0 0.3605769230769231 0.4723557692307692 0.01201923076923077 0.03365384615384615
0 0.35697115384615385 0.4411057692307692 0.014423076923076924 0.028846153846153848
0 0.3473557692307692 0.47475961538461536 0.014423076923076924 0.03365384615384615
0 0.3425480769230769 0.44350961538461536 0.019230769230769232 0.028846153846153848
0 0.3317307692307692 0.47836538461538464 0.01201923076923077 0.028846153846153848
0 0.31850961538461536 0.4795673076923077 0.009615384615384616 0.026442307692307692
0 0.3269230769230769 0.44350961538461536 0.014423076923076924 0.026442307692307692
0 0.31490384615384615 0.44471153846153844 0.009615384615384616 0.02403846153846154
0 0.3076923076923077 0.4795673076923077 0.009615384615384616 0.03365384615384615
0 0.29447115384615385 0.47836538461538464 0.009615384615384616 0.03365384615384615
0 0.30288461538461536 0.44471153846153844 0.009615384615384616 0.03365384615384615
0 0.29086538461538464 0.4411057692307692 0.009615384615384616 0.02403846153846154
0 0.2776442307692308 0.44350961538461536 0.009615384615384616 0.028846153846153848
0 0.28125 0.47836538461538464 0.014423076923076924 0.028846153846153848
0 0.2692307692307692 0.4807692307692308 0.009615384615384616 0.02403846153846154
0 0.25721153846153844 0.484375 0.014423076923076924 0.028846153846153848
0 0.2439903846153846 0.4807692307692308 0.009615384615384616 0.028846153846153848
0 0.26322115384615385 0.44711538461538464 0.014423076923076924 0.028846153846153848
0 0.24879807692307693 0.44350961538461536 0.009615384615384616 0.03365384615384615
0 0.23677884615384615 0.44350961538461536 0.014423076923076924 0.028846153846153848
0 0.2283653846153846 0.4831730769230769 0.014423076923076924 0.04326923076923077
0 0.2127403846153846 0.48197115384615385 0.009615384615384616 0.028846153846153848
0 0.19951923076923078 0.4855769230769231 0.014423076923076924 0.028846153846153848
0 0.1875 0.4855769230769231 0.014423076923076924 0.028846153846153848
0 0.17548076923076922 0.48677884615384615 0.014423076923076924 0.028846153846153848
0 0.16346153846153846 0.4879807692307692 0.014423076923076924 0.026442307692307692
0 0.1502403846153846 0.49038461538461536 0.007211538461538462 0.03365384615384615
0 0.22115384615384615 0.44471153846153844 0.014423076923076924 0.026442307692307692
0 0.2091346153846154 0.4495192307692308 0.014423076923076924 0.028846153846153848
0 0.19230769230769232 0.4495192307692308 0.014423076923076924 0.03365384615384615
0 0.18028846153846154 0.4495192307692308 0.009615384615384616 0.028846153846153848
0 0.16826923076923078 0.453125 0.014423076923076924 0.028846153846153848
0 0.15504807692307693 0.4519230769230769 0.009615384615384616 0.03365384615384615
0 0.35336538461538464 0.6141826923076923 0.01201923076923077 0.028846153846153848
0 0.3425480769230769 0.6141826923076923 0.009615384615384616 0.026442307692307692
0 0.33052884615384615 0.6165865384615384 0.01201923076923077 0.028846153846153848
0 0.3173076923076923 0.6153846153846154 0.009615384615384616 0.026442307692307692
0 0.30649038461538464 0.6189903846153846 0.009615384615384616 0.02403846153846154
0 0.296875 0.6213942307692307 0.01201923076923077 0.02403846153846154
0 0.28365384615384615 0.6225961538461539 0.009615384615384616 0.028846153846153848
0 0.27283653846153844 0.6213942307692307 0.007211538461538462 0.03365384615384615
0 0.2620192307692308 0.6237980769230769 0.009615384615384616 0.028846153846153848
0 0.2512019230769231 0.6225961538461539 0.009615384615384616 0.028846153846153848
0 0.23677884615384615 0.6237980769230769 0.01201923076923077 0.02403846153846154
0 0.2247596153846154 0.6262019230769231 0.01201923076923077 0.02403846153846154
0 0.21033653846153846 0.6274038461538461 0.01201923076923077 0.02403846153846154
0 0.19951923076923078 0.6286057692307693 0.016826923076923076 0.026442307692307692
0 0.18629807692307693 0.6274038461538461 0.01201923076923077 0.026442307692307692
0 0.17548076923076922 0.6310096153846154 0.014423076923076924 0.02403846153846154
0 0.15625 0.6322115384615384 0.01201923076923077 0.028846153846153848
0 0.1622596153846154 0.6322115384615384 0.009615384615384616 0.021634615384615384
1 0.7692307692307693 0.5853365384615384 0.004807692307692308 0.02403846153846154