1 0.21514423076923078 0.4014423076923077 0.014423076923076924 0.014423076923076924
1 0.27283653846153844 0.3713942307692308 0.014423076923076924 0.016826923076923076
1 0.4362980769230769 0.6670673076923077 0.007211538461538462 0.014423076923076924
1 0.21634615384615385 0.7439903846153846 0.009615384615384616 0.019230769230769232
1 0.4963942307692308 0.5853365384615384 0.014423076923076924 0.021634615384615384
1 0.515625 0.5901442307692307 0.007211538461538462 0.014423076923076924
1 0.5168269230769231 0.6117788461538461 0.004807692307692308 0.014423076923076924
1 0.5072115384615384 0.5985576923076923 0.007211538461538462 0.019230769230769232
1 0.5769230769230769 0.6610576923076923 0.004807692307692308 0.009615384615384616
1 0.5600961538461539 0.6310096153846154 0.004807692307692308 0.019230769230769232
1 0.23317307692307693 0.328125 0.004807692307692308 0.007211538461538462
1 0.49399038461538464 0.38221153846153844 0.004807692307692308 0.01201923076923077