0 0.7584134615384616 0.15625 0.036057692307692304 0.014423076923076924
0 0.7596153846153846 0.1658653846153846 0.040865384615384616 0.016826923076923076
0 0.43149038461538464 0.1971153846153846 0.026442307692307692 0.009615384615384616
0 0.43149038461538464 0.21033653846153846 0.028846153846153848 0.014423076923076924
0 0.3629807692307692 0.31850961538461536 0.02403846153846154 0.01201923076923077
0 0.8052884615384616 0.15264423076923078 0.038461538461538464 0.009615384615384616
0 0.8064903846153846 0.16466346153846154 0.038461538461538464 0.014423076923076924
0 0.8040865384615384 0.1814903846153846 0.04326923076923077 0.016826923076923076
0 0.8004807692307693 0.20192307692307693 0.04326923076923077 0.016826923076923076
0 0.7536057692307693 0.20072115384615385 0.04326923076923077 0.014423076923076924
0 0.7572115384615384 0.18629807692307693 0.04326923076923077 0.014423076923076924
0 0.7980769230769231 0.21754807692307693 0.04326923076923077 0.014423076923076924
0 0.796875 0.23557692307692307 0.040865384615384616 0.014423076923076924
0 0.7956730769230769 0.25240384615384615 0.038461538461538464 0.014423076923076924
0 0.7920673076923077 0.2692307692307692 0.04326923076923077 0.014423076923076924
0 0.7932692307692307 0.27884615384615385 0.036057692307692304 0.01201923076923077
0 0.7884615384615384 0.2956730769230769 0.038461538461538464 0.014423076923076924
0 0.7872596153846154 0.3125 0.04326923076923077 0.01201923076923077
0 0.7848557692307693 0.3317307692307692 0.038461538461538464 0.014423076923076924
0 0.7836538461538461 0.3485576923076923 0.038461538461538464 0.014423076923076924
0 0.7788461538461539 0.3605769230769231 0.03365384615384615 0.014423076923076924
0 0.7728365384615384 0.375 0.038461538461538464 0.014423076923076924
0 0.7716346153846154 0.3918269230769231 0.038461538461538464 0.014423076923076924
0 0.7692307692307693 0.40625 0.040865384615384616 0.014423076923076924
0 0.7692307692307693 0.4182692307692308 0.04326923076923077 0.016826923076923076
0 0.7644230769230769 0.45072115384615385 0.038461538461538464 0.01201923076923077
0 0.7644230769230769 0.4639423076923077 0.040865384615384616 0.014423076923076924
0 0.7620192307692307 0.4831730769230769 0.038461538461538464 0.014423076923076924
0 0.7608173076923077 0.4951923076923077 0.040865384615384616 0.01201923076923077
0 0.8701923076923077 0.20432692307692307 0.052884615384615384 0.016826923076923076
0 0.8689903846153846 0.22115384615384615 0.052884615384615384 0.014423076923076924
0 0.8653846153846154 0.23798076923076922 0.04807692307692308 0.014423076923076924
0 0.8605769230769231 0.25961538461538464 0.04807692307692308 0.019230769230769232
0 0.859375 0.27884615384615385 0.040865384615384616 0.016826923076923076
0 0.8557692307692307 0.2932692307692308 0.04326923076923077 0.014423076923076924
0 0.8545673076923077 0.3076923076923077 0.04807692307692308 0.014423076923076924
0 0.8533653846153846 0.3245192307692308 0.04326923076923077 0.01201923076923077
0 0.8497596153846154 0.34134615384615385 0.04807692307692308 0.014423076923076924
0 0.8473557692307693 0.3557692307692308 0.04326923076923077 0.014423076923076924
0 0.8449519230769231 0.3737980769230769 0.04807692307692308 0.014423076923076924
0 0.8401442307692307 0.390625 0.04326923076923077 0.014423076923076924
0 0.8401442307692307 0.4050480769230769 0.04326923076923077 0.01201923076923077
0 0.8341346153846154 0.4206730769230769 0.038461538461538464 0.014423076923076924
0 0.8365384615384616 0.4375 0.04326923076923077 0.014423076923076924
0 0.8341346153846154 0.4543269230769231 0.04326923076923077 0.014423076923076924
0 0.8293269230769231 0.4699519230769231 0.04326923076923077 0.014423076923076924
0 0.8317307692307693 0.4855769230769231 0.040865384615384616 0.014423076923076924
0 0.36177884615384615 0.3329326923076923 0.028846153846153848 0.009615384615384616
0 0.359375 0.34134615384615385 0.021634615384615384 0.009615384615384616
0 0.3557692307692308 0.3605769230769231 0.028846153846153848 0.014423076923076924
0 0.35096153846153844 0.38461538461538464 0.028846153846153848 0.009615384615384616
0 0.3557692307692308 0.3737980769230769 0.02403846153846154 0.009615384615384616
0 0.35096153846153844 0.40865384615384615 0.02403846153846154 0.009615384615384616
0 0.3473557692307692 0.41947115384615385 0.02403846153846154 0.009615384615384616
0 0.34975961538461536 0.43149038461538464 0.02403846153846154 0.009615384615384616
0 0.34975961538461536 0.44350961538461536 0.026442307692307692 0.009615384615384616
0 0.3473557692307692 0.4543269230769231 0.021634615384615384 0.009615384615384616
0 0.34615384615384615 0.4639423076923077 0.02403846153846154 0.009615384615384616
0 0.34615384615384615 0.47596153846153844 0.021634615384615384 0.01201923076923077
0 0.3641826923076923 0.30288461538461536 0.021634615384615384 0.009615384615384616
0 0.5769230769230769 0.15504807692307693 0.036057692307692304 0.01201923076923077
0 0.5745192307692307 0.16947115384615385 0.038461538461538464 0.014423076923076924
0 0.5709134615384616 0.18028846153846154 0.036057692307692304 0.01201923076923077
0 0.5685096153846154 0.19591346153846154 0.03365384615384615 0.01201923076923077
0 0.5673076923076923 0.2127403846153846 0.03365384615384615 0.009615384615384616
0 0.5697115384615384 0.22596153846153846 0.03365384615384615 0.009615384615384616
0 0.5685096153846154 0.24158653846153846 0.03365384615384615 0.014423076923076924
0 0.5685096153846154 0.2548076923076923 0.03365384615384615 0.009615384615384616
0 0.5661057692307693 0.2668269230769231 0.038461538461538464 0.014423076923076924
0 0.5637019230769231 0.28125 0.03365384615384615 0.009615384615384616
0 0.5649038461538461 0.2932692307692308 0.03365384615384615 0.009615384615384616
0 0.5588942307692307 0.30649038461538464 0.038461538461538464 0.009615384615384616
0 0.5588942307692307 0.32211538461538464 0.03365384615384615 0.009615384615384616
0 0.5540865384615384 0.33533653846153844 0.03365384615384615 0.01201923076923077
0 0.5540865384615384 0.34615384615384615 0.028846153846153848 0.01201923076923077
0 0.5552884615384616 0.3605769230769231 0.028846153846153848 0.009615384615384616
0 0.5528846153846154 0.3713942307692308 0.028846153846153848 0.01201923076923077
0 0.5528846153846154 0.38461538461538464 0.03365384615384615 0.01201923076923077
0 0.5504807692307693 0.39783653846153844 0.03365384615384615 0.014423076923076924
0 0.5480769230769231 0.42427884615384615 0.028846153846153848 0.009615384615384616
0 0.546875 0.4362980769230769 0.028846153846153848 0.01201923076923077
0 0.5444711538461539 0.44471153846153844 0.03365384615384615 0.014423076923076924
0 0.5456730769230769 0.46274038461538464 0.028846153846153848 0.01201923076923077
0 0.5408653846153846 0.47475961538461536 0.03365384615384615 0.01201923076923077
0 0.5420673076923077 0.48677884615384615 0.036057692307692304 0.009615384615384616
0 0.5384615384615384 0.49759615384615385 0.028846153846153848 0.007211538461538462
0 0.5372596153846154 0.5096153846153846 0.03365384615384615 0.01201923076923077
0 0.5360576923076923 0.5252403846153846 0.028846153846153848 0.009615384615384616
0 0.5360576923076923 0.5372596153846154 0.028846153846153848 0.009615384615384616
0 0.5336538461538461 0.5492788461538461 0.026442307692307692 0.009615384615384616
0 0.5360576923076923 0.5649038461538461 0.03365384615384615 0.014423076923076924
0 0.53125 0.5805288461538461 0.03365384615384615 0.01201923076923077
0 0.5252403846153846 0.59375 0.03365384615384615 0.014423076923076924
0 0.5745192307692307 0.5012019230769231 0.03365384615384615 0.009615384615384616
0 0.5625 0.5324519230769231 0.036057692307692304 0.01201923076923077
0 0.5697115384615384 0.5144230769230769 0.03365384615384615 0.014423076923076924
0 0.5709134615384616 0.546875 0.028846153846153848 0.009615384615384616
0 0.5649038461538461 0.5709134615384616 0.03365384615384615 0.014423076923076924
0 0.5697115384615384 0.5600961538461539 0.028846153846153848 0.014423076923076924
0 0.5649038461538461 0.5889423076923077 0.028846153846153848 0.014423076923076924
0 0.5240384615384616 0.6045673076923077 0.026442307692307692 0.01201923076923077
0 0.5252403846153846 0.6177884615384616 0.03365384615384615 0.014423076923076924
0 0.5612980769230769 0.6033653846153846 0.03365384615384615 0.019230769230769232
0 0.5528846153846154 0.40865384615384615 0.028846153846153848 0.01201923076923077
0 0.5240384615384616 0.6310096153846154 0.03365384615384615 0.01201923076923077
0 0.5216346153846154 0.6430288461538461 0.03365384615384615 0.014423076923076924
0 0.5564903846153846 0.6213942307692307 0.03365384615384615 0.009615384615384616
0 0.5180288461538461 0.6574519230769231 0.028846153846153848 0.01201923076923077
0 0.5192307692307693 0.6706730769230769 0.028846153846153848 0.014423076923076924
0 0.5540865384615384 0.6466346153846154 0.028846153846153848 0.014423076923076924
0 0.5528846153846154 0.6610576923076923 0.03365384615384615 0.014423076923076924
0 0.515625 0.6814903846153846 0.03365384615384615 0.009615384615384616
0 0.5168269230769231 0.6935096153846154 0.03365384615384615 0.009615384615384616
0 0.5528846153846154 0.6742788461538461 0.03365384615384615 0.01201923076923077
0 0.5528846153846154 0.6983173076923077 0.028846153846153848 0.01201923076923077
0 0.546875 0.7211538461538461 0.03365384615384615 0.014423076923076924
0 0.515625 0.7079326923076923 0.028846153846153848 0.014423076923076924
0 0.5120192307692307 0.7211538461538461 0.03365384615384615 0.01201923076923077
0 0.5096153846153846 0.734375 0.028846153846153848 0.014423076923076924
0 0.5096153846153846 0.7487980769230769 0.028846153846153848 0.01201923076923077
0 0.5516826923076923 0.7079326923076923 0.028846153846153848 0.014423076923076924
0 0.5432692307692307 0.8076923076923077 0.028846153846153848 0.014423076923076924
0 0.5120192307692307 0.7596153846153846 0.038461538461538464 0.014423076923076924
0 0.5084134615384616 0.7716346153846154 0.036057692307692304 0.014423076923076924
0 0.5072115384615384 0.7860576923076923 0.028846153846153848 0.014423076923076924
0 0.5036057692307693 0.8004807692307693 0.028846153846153848 0.014423076923076924
0 0.5060096153846154 0.8161057692307693 0.028846153846153848 0.014423076923076924
0 0.7692307692307693 0.43509615384615385 0.04326923076923077 0.014423076923076924
0 0.5432692307692307 0.7355769230769231 0.028846153846153848 0.014423076923076924
0 0.546875 0.7572115384615384 0.036057692307692304 0.014423076923076924
0 0.546875 0.7644230769230769 0.03365384615384615 0.016826923076923076
0 0.5444711538461539 0.7932692307692307 0.028846153846153848 0.014423076923076924
0 0.578125 0.49038461538461536 0.03365384615384615 0.014423076923076924
0 0.3858173076923077 0.6069711538461539 0.026442307692307692 0.009615384615384616
0 0.38461538461538464 0.6201923076923077 0.02403846153846154 0.009615384615384616
0 0.38341346153846156 0.6274038461538461 0.021634615384615384 0.009615384615384616
0 0.37740384615384615 0.6538461538461539 0.026442307692307692 0.009615384615384616
0 0.3762019230769231 0.6694711538461539 0.02403846153846154 0.009615384615384616
0 0.37740384615384615 0.6814903846153846 0.02403846153846154 0.01201923076923077
0 0.3762019230769231 0.6911057692307693 0.028846153846153848 0.009615384615384616
0 0.3737980769230769 0.7019230769230769 0.028846153846153848 0.009615384615384616
0 0.3762019230769231 0.7139423076923077 0.028846153846153848 0.009615384615384616
0 0.3737980769230769 0.7223557692307693 0.026442307692307692 0.01201923076923077
0 0.36899038461538464 0.7367788461538461 0.02403846153846154 0.01201923076923077
0 0.3701923076923077 0.7475961538461539 0.028846153846153848 0.009615384615384616
0 0.3701923076923077 0.7572115384615384 0.03365384615384615 0.009615384615384616
0 0.35216346153846156 0.3954326923076923 0.02403846153846154 0.01201923076923077
1 0.421875 0.18870192307692307 0.007211538461538462 0.009615384615384616
0 0.38100961538461536 0.640625 0.02403846153846154 0.009615384615384616
0 0.36538461538461536 0.29086538461538464 0.02403846153846154 0.009615384615384616
0 0.3557692307692308 0.34975961538461536 0.026442307692307692 0.014423076923076924
0 0.5588942307692307 0.6358173076923077 0.028846153846153848 0.01201923076923077
0 0.546875 0.78125 0.028846153846153848 0.014423076923076924
0 0.36899038461538464 0.7668269230769231 0.026442307692307692 0.009615384615384616
0 0.36658653846153844 0.7800480769230769 0.028846153846153848 0.014423076923076924
0 0.5516826923076923 0.6838942307692307 0.038461538461538464 0.009615384615384616