0 0.2512019230769231 0.15264423076923078 0.04567307692307692 0.004807692307692308
0 0.203125 0.1502403846153846 0.036057692307692304 0.004807692307692308
0 0.24879807692307693 0.1622596153846154 0.04326923076923077 0.014423076923076924
0 0.25240384615384615 0.17548076923076922 0.040865384615384616 0.016826923076923076
0 0.578125 0.234375 0.026442307692307692 0.01201923076923077
0 0.578125 0.24639423076923078 0.028846153846153848 0.014423076923076924
0 0.6418269230769231 0.3233173076923077 0.02403846153846154 0.01201923076923077
0 0.203125 0.1658653846153846 0.040865384615384616 0.014423076923076924
0 0.20673076923076922 0.1814903846153846 0.038461538461538464 0.014423076923076924
0 0.20673076923076922 0.19591346153846154 0.040865384615384616 0.014423076923076924
0 0.20793269230769232 0.2127403846153846 0.04326923076923077 0.016826923076923076
0 0.2548076923076923 0.21634615384615385 0.04326923076923077 0.014423076923076924
0 0.25600961538461536 0.19230769230769232 0.038461538461538464 0.014423076923076924
0 0.2536057692307692 0.20432692307692307 0.04326923076923077 0.004807692307692308
0 0.25600961538461536 0.23197115384615385 0.04326923076923077 0.014423076923076924
0 0.2091346153846154 0.22956730769230768 0.04326923076923077 0.014423076923076924
0 0.21514423076923078 0.24519230769230768 0.040865384615384616 0.014423076923076924
0 0.2127403846153846 0.25961538461538464 0.038461538461538464 0.014423076923076924
0 0.21634615384615385 0.2764423076923077 0.04326923076923077 0.014423076923076924
0 0.21514423076923078 0.29086538461538464 0.036057692307692304 0.01201923076923077
0 0.21634615384615385 0.30408653846153844 0.038461538461538464 0.014423076923076924
0 0.21634615384615385 0.32091346153846156 0.04326923076923077 0.01201923076923077
0 0.21995192307692307 0.3425480769230769 0.038461538461538464 0.014423076923076924
0 0.22115384615384615 0.35697115384615385 0.038461538461538464 0.014423076923076924
0 0.22235576923076922 0.3713942307692308 0.03365384615384615 0.014423076923076924
0 0.22716346153846154 0.38822115384615385 0.038461538461538464 0.014423076923076924
0 0.22956730769230768 0.40625 0.038461538461538464 0.016826923076923076
0 0.23076923076923078 0.4182692307692308 0.036057692307692304 0.01201923076923077
0 0.23076923076923078 0.4326923076923077 0.036057692307692304 0.014423076923076924
0 0.23317307692307693 0.44591346153846156 0.04326923076923077 0.014423076923076924
0 0.23557692307692307 0.4639423076923077 0.038461538461538464 0.01201923076923077
0 0.23557692307692307 0.4795673076923077 0.036057692307692304 0.01201923076923077
0 0.23798076923076922 0.49278846153846156 0.038461538461538464 0.014423076923076924
0 0.23798076923076922 0.5072115384615384 0.04326923076923077 0.01201923076923077
0 0.23918269230769232 0.5228365384615384 0.038461538461538464 0.014423076923076924
0 0.14543269230769232 0.23677884615384615 0.052884615384615384 0.016826923076923076
0 0.14182692307692307 0.25240384615384615 0.052884615384615384 0.014423076923076924
0 0.14783653846153846 0.27163461538461536 0.038461538461538464 0.014423076923076924
0 0.1502403846153846 0.28725961538461536 0.04326923076923077 0.01201923076923077
0 0.1502403846153846 0.3016826923076923 0.038461538461538464 0.01201923076923077
0 0.15264423076923078 0.31850961538461536 0.04326923076923077 0.01201923076923077
0 0.15745192307692307 0.3389423076923077 0.04807692307692308 0.014423076923076924
0 0.15625 0.3557692307692308 0.04326923076923077 0.01201923076923077
0 0.15865384615384615 0.36899038461538464 0.038461538461538464 0.009615384615384616
0 0.15865384615384615 0.38461538461538464 0.038461538461538464 0.014423076923076924
0 0.15985576923076922 0.40024038461538464 0.04807692307692308 0.014423076923076924
0 0.1622596153846154 0.4170673076923077 0.038461538461538464 0.01201923076923077
0 0.1658653846153846 0.4326923076923077 0.036057692307692304 0.014423076923076924
0 0.16706730769230768 0.44711538461538464 0.038461538461538464 0.01201923076923077
0 0.16826923076923078 0.46634615384615385 0.04326923076923077 0.014423076923076924
0 0.16826923076923078 0.4831730769230769 0.04326923076923077 0.014423076923076924
0 0.17067307692307693 0.4987980769230769 0.036057692307692304 0.01201923076923077
0 0.17067307692307693 0.5132211538461539 0.040865384615384616 0.01201923076923077
0 0.6442307692307693 0.3425480769230769 0.028846153846153848 0.009615384615384616
0 0.6442307692307693 0.3545673076923077 0.019230769230769232 0.007211538461538462
0 0.6466346153846154 0.36538461538461536 0.019230769230769232 0.004807692307692308
0 0.6478365384615384 0.3762019230769231 0.026442307692307692 0.009615384615384616
0 0.6490384615384616 0.3870192307692308 0.026442307692307692 0.009615384615384616
0 0.6478365384615384 0.390625 0.02403846153846154 0.009615384615384616
0 0.6502403846153846 0.4110576923076923 0.021634615384615384 0.007211538461538462
0 0.6502403846153846 0.421875 0.019230769230769232 0.009615384615384616
0 0.6526442307692307 0.4338942307692308 0.019230769230769232 0.007211538461538462
0 0.6502403846153846 0.44350961538461536 0.026442307692307692 0.009615384615384616
0 0.6538461538461539 0.45552884615384615 0.021634615384615384 0.009615384615384616
0 0.65625 0.4651442307692308 0.019230769230769232 0.009615384615384616
0 0.6538461538461539 0.47596153846153844 0.021634615384615384 0.009615384615384616
0 0.6526442307692307 0.4891826923076923 0.021634615384615384 0.01201923076923077
0 0.6550480769230769 0.5 0.019230769230769232 0.009615384615384616
0 0.640625 0.33413461538461536 0.021634615384615384 0.009615384615384616
0 0.43509615384615385 0.15504807692307693 0.03365384615384615 0.009615384615384616
0 0.4387019230769231 0.16706730769230768 0.038461538461538464 0.014423076923076924
0 0.43990384615384615 0.18028846153846154 0.03365384615384615 0.009615384615384616
0 0.43990384615384615 0.1935096153846154 0.028846153846153848 0.009615384615384616
0 0.4423076923076923 0.20793269230769232 0.03365384615384615 0.01201923076923077
0 0.43990384615384615 0.22355769230769232 0.03365384615384615 0.009615384615384616
0 0.43990384615384615 0.23557692307692307 0.03365384615384615 0.009615384615384616
0 0.44350961538461536 0.25240384615384615 0.03365384615384615 0.014423076923076924
0 0.44350961538461536 0.2644230769230769 0.028846153846153848 0.009615384615384616
0 0.44591346153846156 0.27884615384615385 0.028846153846153848 0.01201923076923077
0 0.44471153846153844 0.2920673076923077 0.028846153846153848 0.007211538461538462
0 0.44591346153846156 0.30288461538461536 0.028846153846153848 0.009615384615384616
0 0.4483173076923077 0.3173076923076923 0.028846153846153848 0.009615384615384616
0 0.4495192307692308 0.3317307692307692 0.026442307692307692 0.009615384615384616
0 0.4495192307692308 0.34375 0.03365384615384615 0.009615384615384616
0 0.4495192307692308 0.359375 0.026442307692307692 0.01201923076923077
0 0.4495192307692308 0.3713942307692308 0.028846153846153848 0.014423076923076924
0 0.453125 0.3870192307692308 0.028846153846153848 0.01201923076923077
0 0.4519230769230769 0.39663461538461536 0.03365384615384615 0.01201923076923077
0 0.4519230769230769 0.4110576923076923 0.03365384615384615 0.014423076923076924
0 0.4519230769230769 0.42427884615384615 0.028846153846153848 0.009615384615384616
0 0.453125 0.4362980769230769 0.028846153846153848 0.01201923076923077
0 0.45552884615384615 0.44471153846153844 0.03365384615384615 0.014423076923076924
0 0.453125 0.46033653846153844 0.028846153846153848 0.01201923076923077
0 0.4543269230769231 0.47475961538461536 0.026442307692307692 0.009615384615384616
0 0.4579326923076923 0.48677884615384615 0.036057692307692304 0.009615384615384616
0 0.4579326923076923 0.49759615384615385 0.02403846153846154 0.007211538461538462
0 0.4579326923076923 0.5108173076923077 0.02403846153846154 0.009615384615384616
0 0.4639423076923077 0.5252403846153846 0.028846153846153848 0.009615384615384616
0 0.4639423076923077 0.5372596153846154 0.028846153846153848 0.009615384615384616
0 0.46634615384615385 0.5492788461538461 0.026442307692307692 0.009615384615384616
0 0.4639423076923077 0.5649038461538461 0.03365384615384615 0.014423076923076924
0 0.46875 0.5757211538461539 0.03365384615384615 0.01201923076923077
0 0.4675480769230769 0.5913461538461539 0.03365384615384615 0.014423076923076924
0 0.42788461538461536 0.5228365384615384 0.03365384615384615 0.009615384615384616
0 0.4266826923076923 0.5360576923076923 0.03365384615384615 0.01201923076923077
0 0.42908653846153844 0.5480769230769231 0.028846153846153848 0.009615384615384616
0 0.43149038461538464 0.5673076923076923 0.028846153846153848 0.009615384615384616
0 0.43028846153846156 0.5817307692307693 0.026442307692307692 0.014423076923076924
0 0.4326923076923077 0.5925480769230769 0.02403846153846154 0.009615384615384616
0 0.4387019230769231 0.6045673076923077 0.02403846153846154 0.01201923076923077
0 0.46875 0.6033653846153846 0.026442307692307692 0.01201923076923077
0 0.4723557692307692 0.6141826923076923 0.02403846153846154 0.01201923076923077
0 0.43990384615384615 0.6177884615384616 0.028846153846153848 0.009615384615384616
0 0.4723557692307692 0.6262019230769231 0.026442307692307692 0.014423076923076924
0 0.4423076923076923 0.6298076923076923 0.03365384615384615 0.01201923076923077
0 0.4723557692307692 0.6394230769230769 0.03365384615384615 0.01201923076923077
0 0.4411057692307692 0.6430288461538461 0.028846153846153848 0.014423076923076924
0 0.47475961538461536 0.6526442307692307 0.03365384615384615 0.014423076923076924
0 0.44350961538461536 0.6586538461538461 0.03365384615384615 0.014423076923076924
0 0.47836538461538464 0.6682692307692307 0.028846153846153848 0.01201923076923077
0 0.4795673076923077 0.6814903846153846 0.026442307692307692 0.009615384615384616
0 0.44350961538461536 0.6730769230769231 0.026442307692307692 0.014423076923076924
0 0.44471153846153844 0.6850961538461539 0.02403846153846154 0.009615384615384616
0 0.4795673076923077 0.6923076923076923 0.03365384615384615 0.009615384615384616
0 0.47836538461538464 0.7055288461538461 0.03365384615384615 0.009615384615384616
0 0.44471153846153844 0.6971153846153846 0.03365384615384615 0.009615384615384616
0 0.4411057692307692 0.7091346153846154 0.02403846153846154 0.009615384615384616
0 0.44350961538461536 0.7223557692307693 0.028846153846153848 0.009615384615384616
0 0.47836538461538464 0.71875 0.028846153846153848 0.014423076923076924
0 0.4807692307692308 0.7307692307692307 0.02403846153846154 0.009615384615384616
0 0.484375 0.7427884615384616 0.028846153846153848 0.014423076923076924
0 0.4807692307692308 0.7560096153846154 0.028846153846153848 0.009615384615384616
0 0.44711538461538464 0.7367788461538461 0.028846153846153848 0.014423076923076924
0 0.44350961538461536 0.7512019230769231 0.03365384615384615 0.009615384615384616
0 0.44711538461538464 0.765625 0.02403846153846154 0.01201923076923077
0 0.4831730769230769 0.7692307692307693 0.038461538461538464 0.014423076923076924
0 0.48197115384615385 0.7872596153846154 0.028846153846153848 0.009615384615384616
0 0.4855769230769231 0.8004807692307693 0.028846153846153848 0.014423076923076924
0 0.4855769230769231 0.8125 0.028846153846153848 0.014423076923076924
0 0.48677884615384615 0.8245192307692307 0.028846153846153848 0.014423076923076924
0 0.4879807692307692 0.8365384615384616 0.026442307692307692 0.014423076923076924
0 0.49038461538461536 0.8497596153846154 0.03365384615384615 0.007211538461538462
0 0.44471153846153844 0.7788461538461539 0.026442307692307692 0.014423076923076924
0 0.4495192307692308 0.7908653846153846 0.028846153846153848 0.014423076923076924
0 0.4495192307692308 0.8076923076923077 0.03365384615384615 0.014423076923076924
0 0.4495192307692308 0.8197115384615384 0.028846153846153848 0.009615384615384616
0 0.453125 0.8317307692307693 0.028846153846153848 0.014423076923076924
0 0.4519230769230769 0.8449519230769231 0.03365384615384615 0.009615384615384616
0 0.6141826923076923 0.6370192307692307 0.019230769230769232 0.009615384615384616
0 0.6153846153846154 0.6514423076923077 0.026442307692307692 0.009615384615384616
0 0.6153846153846154 0.6622596153846154 0.028846153846153848 0.01201923076923077
0 0.6189903846153846 0.6766826923076923 0.026442307692307692 0.009615384615384616
0 0.6189903846153846 0.6875 0.02403846153846154 0.009615384615384616
0 0.6189903846153846 0.6995192307692307 0.02403846153846154 0.01201923076923077
0 0.6213942307692307 0.7127403846153846 0.028846153846153848 0.009615384615384616
0 0.6213942307692307 0.7223557692307693 0.03365384615384615 0.007211538461538462
0 0.6213942307692307 0.7355769230769231 0.028846153846153848 0.009615384615384616
0 0.6225961538461539 0.7487980769230769 0.028846153846153848 0.009615384615384616
0 0.6237980769230769 0.7632211538461539 0.02403846153846154 0.01201923076923077
0 0.6262019230769231 0.7752403846153846 0.02403846153846154 0.01201923076923077
0 0.6274038461538461 0.7896634615384616 0.02403846153846154 0.01201923076923077
0 0.6286057692307693 0.8004807692307693 0.026442307692307692 0.014423076923076924
0 0.6274038461538461 0.8137019230769231 0.028846153846153848 0.01201923076923077
0 0.6310096153846154 0.8245192307692307 0.02403846153846154 0.014423076923076924
0 0.6490384615384616 0.4026442307692308 0.02403846153846154 0.01201923076923077
1 0.5889423076923077 0.22596153846153846 0.009615384615384616 0.009615384615384616