0 0.7572115384615384 0.14903846153846154 0.04567307692307692 0.004807692307692308
0 0.7560096153846154 0.15625 0.036057692307692304 0.014423076923076924
0 0.7548076923076923 0.17427884615384615 0.040865384615384616 0.016826923076923076
0 0.43028846153846156 0.203125 0.026442307692307692 0.009615384615384616
0 0.42908653846153844 0.21514423076923078 0.028846153846153848 0.014423076923076924
0 0.36177884615384615 0.32211538461538464 0.02403846153846154 0.01201923076923077
0 0.8064903846153846 0.15625 0.040865384615384616 0.014423076923076924
0 0.8052884615384616 0.16947115384615385 0.038461538461538464 0.014423076923076924
0 0.8016826923076923 0.18990384615384615 0.04326923076923077 0.016826923076923076
0 0.796875 0.2091346153846154 0.04326923076923077 0.016826923076923076
0 0.7536057692307693 0.2091346153846154 0.04326923076923077 0.014423076923076924
0 0.7524038461538461 0.1935096153846154 0.04326923076923077 0.014423076923076924
0 0.7920673076923077 0.2247596153846154 0.04326923076923077 0.014423076923076924
0 0.7896634615384616 0.24278846153846154 0.040865384615384616 0.014423076923076924
0 0.7908653846153846 0.25721153846153844 0.038461538461538464 0.014423076923076924
0 0.7908653846153846 0.27283653846153844 0.04326923076923077 0.014423076923076924
0 0.7872596153846154 0.28966346153846156 0.036057692307692304 0.01201923076923077
0 0.7860576923076923 0.30408653846153844 0.038461538461538464 0.014423076923076924
0 0.7836538461538461 0.31971153846153844 0.04326923076923077 0.01201923076923077
0 0.7824519230769231 0.33533653846153844 0.038461538461538464 0.014423076923076924
0 0.7824519230769231 0.34975961538461536 0.038461538461538464 0.014423076923076924
0 0.7788461538461539 0.3605769230769231 0.03365384615384615 0.014423076923076924
0 0.7728365384615384 0.375 0.038461538461538464 0.014423076923076924
0 0.7716346153846154 0.3918269230769231 0.038461538461538464 0.014423076923076924
0 0.7692307692307693 0.40625 0.040865384615384616 0.014423076923076924
0 0.7692307692307693 0.4182692307692308 0.04326923076923077 0.016826923076923076
0 0.765625 0.4543269230769231 0.038461538461538464 0.01201923076923077
0 0.7644230769230769 0.46875 0.040865384615384616 0.014423076923076924
0 0.7620192307692307 0.4831730769230769 0.038461538461538464 0.014423076923076924
0 0.7608173076923077 0.4951923076923077 0.040865384615384616 0.01201923076923077
0 0.8641826923076923 0.21033653846153846 0.052884615384615384 0.016826923076923076
0 0.8629807692307693 0.2283653846153846 0.052884615384615384 0.014423076923076924
0 0.8629807692307693 0.24278846153846154 0.04807692307692308 0.014423076923076924
0 0.8569711538461539 0.26322115384615385 0.04807692307692308 0.019230769230769232
0 0.859375 0.27884615384615385 0.040865384615384616 0.016826923076923076
0 0.8545673076923077 0.2956730769230769 0.04326923076923077 0.014423076923076924
0 0.8497596153846154 0.3137019230769231 0.04807692307692308 0.014423076923076924
0 0.8521634615384616 0.33052884615384615 0.04326923076923077 0.01201923076923077
0 0.8485576923076923 0.3449519230769231 0.04807692307692308 0.014423076923076924
0 0.8461538461538461 0.36177884615384615 0.04326923076923077 0.014423076923076924
0 0.8461538461538461 0.3762019230769231 0.04807692307692308 0.014423076923076924
0 0.8401442307692307 0.3942307692307692 0.04326923076923077 0.014423076923076924
0 0.8377403846153846 0.4110576923076923 0.04326923076923077 0.01201923076923077
0 0.8341346153846154 0.42427884615384615 0.038461538461538464 0.014423076923076924
0 0.8341346153846154 0.44471153846153844 0.04326923076923077 0.014423076923076924
0 0.8317307692307693 0.46033653846153844 0.04326923076923077 0.014423076923076924
0 0.8293269230769231 0.4723557692307692 0.04326923076923077 0.014423076923076924
0 0.828125 0.4879807692307692 0.040865384615384616 0.014423076923076924
0 0.3605769230769231 0.33413461538461536 0.02403846153846154 0.007211538461538462
0 0.35697115384615385 0.3449519230769231 0.021634615384615384 0.009615384615384616
0 0.3545673076923077 0.36658653846153844 0.019230769230769232 0.009615384615384616
0 0.35096153846153844 0.38822115384615385 0.028846153846153848 0.009615384615384616
0 0.3545673076923077 0.3786057692307692 0.02403846153846154 0.009615384615384616
0 0.34975961538461536 0.4110576923076923 0.021634615384615384 0.007211538461538462
0 0.34975961538461536 0.421875 0.019230769230769232 0.009615384615384616
0 0.3473557692307692 0.4338942307692308 0.019230769230769232 0.007211538461538462
0 0.34975961538461536 0.44350961538461536 0.026442307692307692 0.009615384615384616
0 0.3473557692307692 0.4543269230769231 0.021634615384615384 0.009615384615384616
0 0.34615384615384615 0.4639423076923077 0.02403846153846154 0.009615384615384616
0 0.34615384615384615 0.47596153846153844 0.021634615384615384 0.01201923076923077
0 0.3641826923076923 0.31009615384615385 0.021634615384615384 0.009615384615384616
0 0.5721153846153846 0.15985576923076922 0.036057692307692304 0.01201923076923077
0 0.5685096153846154 0.17548076923076922 0.038461538461538464 0.014423076923076924
0 0.5745192307692307 0.19110576923076922 0.04807692307692308 0.014423076923076924
0 0.5673076923076923 0.20432692307692307 0.03365384615384615 0.01201923076923077
0 0.5661057692307693 0.21754807692307693 0.03365384615384615 0.009615384615384616
0 0.5649038461538461 0.23197115384615385 0.03365384615384615 0.009615384615384616
0 0.5637019230769231 0.24759615384615385 0.03365384615384615 0.014423076923076924
0 0.5625 0.25841346153846156 0.03365384615384615 0.009615384615384616
0 0.5612980769230769 0.27283653846153844 0.038461538461538464 0.014423076923076924
0 0.5600961538461539 0.2860576923076923 0.03365384615384615 0.009615384615384616
0 0.5600961538461539 0.29927884615384615 0.03365384615384615 0.009615384615384616
0 0.5564903846153846 0.3112980769230769 0.028846153846153848 0.009615384615384616
0 0.5588942307692307 0.3269230769230769 0.03365384615384615 0.009615384615384616
0 0.5564903846153846 0.3401442307692308 0.03365384615384615 0.01201923076923077
0 0.5540865384615384 0.3545673076923077 0.028846153846153848 0.01201923076923077
0 0.5504807692307693 0.36899038461538464 0.028846153846153848 0.009615384615384616
0 0.5540865384615384 0.38221153846153844 0.028846153846153848 0.01201923076923077
0 0.5480769230769231 0.39663461538461536 0.03365384615384615 0.01201923076923077
0 0.5480769230769231 0.4110576923076923 0.03365384615384615 0.014423076923076924
0 0.5480769230769231 0.42427884615384615 0.028846153846153848 0.009615384615384616
0 0.546875 0.4362980769230769 0.028846153846153848 0.01201923076923077
0 0.5444711538461539 0.44471153846153844 0.03365384615384615 0.014423076923076924
0 0.546875 0.46033653846153844 0.028846153846153848 0.01201923076923077
0 0.5456730769230769 0.47475961538461536 0.026442307692307692 0.009615384615384616
0 0.5420673076923077 0.48677884615384615 0.036057692307692304 0.009615384615384616
0 0.5384615384615384 0.49759615384615385 0.028846153846153848 0.007211538461538462
0 0.5372596153846154 0.5096153846153846 0.03365384615384615 0.01201923076923077
0 0.5360576923076923 0.5252403846153846 0.028846153846153848 0.009615384615384616
0 0.5360576923076923 0.5372596153846154 0.028846153846153848 0.009615384615384616
0 0.5336538461538461 0.5492788461538461 0.026442307692307692 0.009615384615384616
0 0.5360576923076923 0.5649038461538461 0.03365384615384615 0.014423076923076924
0 0.53125 0.5805288461538461 0.03365384615384615 0.01201923076923077
0 0.5252403846153846 0.59375 0.03365384615384615 0.014423076923076924
0 0.5769230769230769 0.5144230769230769 0.03365384615384615 0.009615384615384616
0 0.5721153846153846 0.5228365384615384 0.036057692307692304 0.01201923076923077
0 0.5697115384615384 0.5456730769230769 0.03365384615384615 0.014423076923076924
0 0.5709134615384616 0.5540865384615384 0.028846153846153848 0.009615384615384616
0 0.5673076923076923 0.5817307692307693 0.026442307692307692 0.014423076923076924
0 0.5685096153846154 0.5697115384615384 0.028846153846153848 0.014423076923076924
0 0.5649038461538461 0.5889423076923077 0.028846153846153848 0.014423076923076924
0 0.5240384615384616 0.6045673076923077 0.026442307692307692 0.01201923076923077
0 0.5264423076923077 0.6189903846153846 0.03365384615384615 0.014423076923076924
0 0.5612980769230769 0.6033653846153846 0.03365384615384615 0.019230769230769232
0 0.5240384615384616 0.6201923076923077 0.026442307692307692 0.009615384615384616
0 0.5600961538461539 0.6177884615384616 0.03365384615384615 0.009615384615384616
0 0.5240384615384616 0.6394230769230769 0.03365384615384615 0.01201923076923077
0 0.5204326923076923 0.6526442307692307 0.03365384615384615 0.014423076923076924
0 0.5625 0.6262019230769231 0.03365384615384615 0.01201923076923077
0 0.5180288461538461 0.6646634615384616 0.028846153846153848 0.01201923076923077
0 0.5180288461538461 0.6790865384615384 0.028846153846153848 0.014423076923076924
0 0.5564903846153846 0.6574519230769231 0.028846153846153848 0.014423076923076924
0 0.5540865384615384 0.6706730769230769 0.028846153846153848 0.016826923076923076
0 0.5192307692307693 0.6923076923076923 0.03365384615384615 0.009615384615384616
0 0.5144230769230769 0.7043269230769231 0.03365384615384615 0.009615384615384616
0 0.5540865384615384 0.6838942307692307 0.03365384615384615 0.01201923076923077
0 0.5528846153846154 0.7079326923076923 0.028846153846153848 0.01201923076923077
0 0.546875 0.7211538461538461 0.03365384615384615 0.014423076923076924
0 0.5096153846153846 0.7175480769230769 0.028846153846153848 0.014423076923076924
0 0.5108173076923077 0.7283653846153846 0.03365384615384615 0.01201923076923077
0 0.5096153846153846 0.7427884615384616 0.028846153846153848 0.014423076923076924
0 0.5096153846153846 0.7560096153846154 0.028846153846153848 0.01201923076923077
0 0.5492788461538461 0.7271634615384616 0.028846153846153848 0.014423076923076924
0 0.5432692307692307 0.8076923076923077 0.028846153846153848 0.014423076923076924
0 0.5132211538461539 0.7692307692307693 0.038461538461538464 0.014423076923076924
0 0.5096153846153846 0.78125 0.038461538461538464 0.014423076923076924
0 0.5060096153846154 0.7956730769230769 0.028846153846153848 0.014423076923076924
0 0.5060096153846154 0.8100961538461539 0.028846153846153848 0.014423076923076924
0 0.5036057692307693 0.8221153846153846 0.028846153846153848 0.014423076923076924
0 0.7692307692307693 0.43990384615384615 0.04326923076923077 0.014423076923076924
0 0.5456730769230769 0.7427884615384616 0.028846153846153848 0.01201923076923077
0 0.546875 0.7572115384615384 0.036057692307692304 0.014423076923076924
0 0.546875 0.7644230769230769 0.03365384615384615 0.016826923076923076
0 0.5444711538461539 0.7932692307692307 0.028846153846153848 0.014423076923076924
0 0.5769230769230769 0.5012019230769231 0.03365384615384615 0.014423076923076924
0 0.3870192307692308 0.6117788461538461 0.026442307692307692 0.009615384615384616
0 0.38461538461538464 0.625 0.02403846153846154 0.009615384615384616
0 0.38100961538461536 0.6370192307692307 0.021634615384615384 0.009615384615384616
0 0.3798076923076923 0.6622596153846154 0.026442307692307692 0.009615384615384616
0 0.37740384615384615 0.6742788461538461 0.02403846153846154 0.009615384615384616
0 0.37740384615384615 0.6875 0.02403846153846154 0.01201923076923077
0 0.37740384615384615 0.6995192307692307 0.028846153846153848 0.009615384615384616
0 0.375 0.7127403846153846 0.028846153846153848 0.009615384615384616
0 0.37259615384615385 0.7271634615384616 0.028846153846153848 0.009615384615384616
0 0.3713942307692308 0.7415865384615384 0.026442307692307692 0.01201923076923077
0 0.3701923076923077 0.7536057692307693 0.02403846153846154 0.01201923076923077
0 0.36538461538461536 0.7668269230769231 0.028846153846153848 0.009615384615384616
0 0.36899038461538464 0.7764423076923077 0.03365384615384615 0.009615384615384616
0 0.35096153846153844 0.4014423076923077 0.02403846153846154 0.01201923076923077
1 0.4182692307692308 0.19591346153846154 0.007211538461538462 0.009615384615384616
0 0.38221153846153844 0.6502403846153846 0.02403846153846154 0.009615384615384616
0 0.36899038461538464 0.296875 0.02403846153846154 0.009615384615384616
0 0.3557692307692308 0.3557692307692308 0.019230769230769232 0.009615384615384616
0 0.5564903846153846 0.6454326923076923 0.028846153846153848 0.014423076923076924
0 0.546875 0.78125 0.028846153846153848 0.014423076923076924
0 0.36538461538461536 0.7872596153846154 0.026442307692307692 0.009615384615384616
0 0.3629807692307692 0.7980769230769231 0.03365384615384615 0.014423076923076924
0 0.5528846153846154 0.6947115384615384 0.038461538461538464 0.009615384615384616