0 0.5168269230769231 0.16947115384615385 0.014423076923076924 0.04326923076923077
0 0.5012019230769231 0.171875 0.014423076923076924 0.04326923076923077
0 0.4855769230769231 0.17067307692307693 0.014423076923076924 0.04807692307692308
0 0.46634615384615385 0.16947115384615385 0.014423076923076924 0.052884615384615384
0 0.453125 0.16947115384615385 0.014423076923076924 0.04326923076923077
0 0.4362980769230769 0.16826923076923078 0.014423076923076924 0.040865384615384616
0 0.41947115384615385 0.16105769230769232 0.014423076923076924 0.04326923076923077
0 0.4014423076923077 0.16105769230769232 0.014423076923076924 0.04326923076923077
0 0.3894230769230769 0.15985576923076922 0.016826923076923076 0.038461538461538464
0 0.3737980769230769 0.15625 0.014423076923076924 0.04326923076923077
0 0.3557692307692308 0.15384615384615385 0.014423076923076924 0.04326923076923077
0 0.1622596153846154 0.13581730769230768 0.009615384615384616 0.04807692307692308
0 0.33653846153846156 0.15625 0.009615384615384616 0.04326923076923077
0 0.25721153846153844 0.1502403846153846 0.019230769230769232 0.04807692307692308
0 0.27403846153846156 0.1502403846153846 0.01201923076923077 0.04326923076923077
0 0.28846153846153844 0.15264423076923078 0.014423076923076924 0.04326923076923077
0 0.3076923076923077 0.15504807692307693 0.014423076923076924 0.040865384615384616
0 0.3233173076923077 0.15745192307692307 0.014423076923076924 0.04326923076923077
0 0.5396634615384616 0.2403846153846154 0.014423076923076924 0.040865384615384616
0 0.5264423076923077 0.2403846153846154 0.01201923076923077 0.038461538461538464
0 0.5132211538461539 0.23918269230769232 0.014423076923076924 0.038461538461538464
0 0.49759615384615385 0.23798076923076922 0.014423076923076924 0.038461538461538464
0 0.4831730769230769 0.23918269230769232 0.01201923076923077 0.038461538461538464
0 0.4699519230769231 0.23677884615384615 0.009615384615384616 0.038461538461538464
0 0.45913461538461536 0.23677884615384615 0.014423076923076924 0.040865384615384616
0 0.44350961538461536 0.23557692307692307 0.014423076923076924 0.038461538461538464
0 0.42908653846153844 0.23677884615384615 0.014423076923076924 0.038461538461538464
0 0.41586538461538464 0.23557692307692307 0.014423076923076924 0.04326923076923077
0 0.40625 0.23317307692307693 0.016826923076923076 0.04807692307692308
0 0.15384615384615385 0.25961538461538464 0.01201923076923077 0.038461538461538464
0 0.1502403846153846 0.20793269230769232 0.004807692307692308 0.04326923076923077
0 0.16947115384615385 0.25600961538461536 0.014423076923076924 0.036057692307692304
0 0.1875 0.25841346153846156 0.019230769230769232 0.038461538461538464
0 0.20552884615384615 0.25841346153846156 0.019230769230769232 0.038461538461538464
0 0.22115384615384615 0.2608173076923077 0.016826923076923076 0.036057692307692304
0 0.2403846153846154 0.26322115384615385 0.019230769230769232 0.038461538461538464
0 0.2536057692307692 0.26322115384615385 0.016826923076923076 0.036057692307692304
0 0.390625 0.6502403846153846 0.01201923076923077 0.028846153846153848
0 0.4014423076923077 0.6514423076923077 0.009615384615384616 0.028846153846153848
0 0.41225961538461536 0.6514423076923077 0.009615384615384616 0.026442307692307692
0 0.28846153846153844 0.44471153846153844 0.014423076923076924 0.028846153846153848
0 0.27403846153846156 0.44471153846153844 0.009615384615384616 0.03125
0 0.2608173076923077 0.4483173076923077 0.009615384615384616 0.03365384615384615
0 0.390625 0.23317307692307693 0.01201923076923077 0.04567307692307692
0 0.3605769230769231 0.22596153846153846 0.009615384615384616 0.04326923076923077
0 0.3449519230769231 0.21995192307692307 0.009615384615384616 0.04326923076923077
0 0.33052884615384615 0.21995192307692307 0.014423076923076924 0.04567307692307692
0 0.2692307692307692 0.21754807692307693 0.01201923076923077 0.04326923076923077
0 0.3004807692307692 0.21634615384615385 0.01201923076923077 0.04326923076923077
0 0.28365384615384615 0.21754807692307693 0.014423076923076924 0.04326923076923077
0 0.2512019230769231 0.21754807692307693 0.01201923076923077 0.04326923076923077
0 0.1622596153846154 0.2127403846153846 0.016826923076923076 0.038461538461538464
0 0.17668269230769232 0.21514423076923078 0.02403846153846154 0.04326923076923077
0 0.1971153846153846 0.21394230769230768 0.014423076923076924 0.036057692307692304
0 0.21033653846153846 0.21634615384615385 0.009615384615384616 0.04326923076923077
0 0.37740384615384615 0.22956730769230768 0.016826923076923076 0.04326923076923077
0 0.22115384615384615 0.21754807692307693 0.009615384615384616 0.040865384615384616
0 0.23557692307692307 0.21754807692307693 0.01201923076923077 0.04326923076923077
0 0.421875 0.6502403846153846 0.004807692307692308 0.021634615384615384
0 0.3798076923076923 0.6490384615384616 0.01201923076923077 0.021634615384615384
0 0.4326923076923077 0.6526442307692307 0.007211538461538462 0.02403846153846154
0 0.4423076923076923 0.6538461538461539 0.009615384615384616 0.02403846153846154
0 0.4543269230769231 0.6550480769230769 0.01201923076923077 0.026442307692307692
0 0.4651442307692308 0.6538461538461539 0.014423076923076924 0.028846153846153848
0 0.47836538461538464 0.65625 0.014423076923076924 0.026442307692307692
0 0.4879807692307692 0.6550480769230769 0.009615384615384616 0.02403846153846154
0 0.36538461538461536 0.6454326923076923 0.007211538461538462 0.028846153846153848
0 0.4987980769230769 0.6574519230769231 0.007211538461538462 0.02403846153846154
0 0.5228365384615384 0.65625 0.01201923076923077 0.02403846153846154
0 0.8485576923076923 0.625 0.002403846153846154 0.021634615384615384
0 0.5096153846153846 0.6574519230769231 0.009615384615384616 0.019230769230769232
0 0.53125 0.6550480769230769 0.007211538461538462 0.021634615384615384
0 0.3581730769230769 0.6454326923076923 0.009615384615384616 0.021634615384615384
0 0.15264423076923078 0.4495192307692308 0.009615384615384616 0.03365384615384615
0 0.16346153846153846 0.44711538461538464 0.014423076923076924 0.03365384615384615
0 0.19471153846153846 0.44711538461538464 0.014423076923076924 0.036057692307692304
0 0.18028846153846154 0.44591346153846156 0.014423076923076924 0.028846153846153848
0 0.2091346153846154 0.44591346153846156 0.009615384615384616 0.036057692307692304
0 0.21995192307692307 0.44711538461538464 0.01201923076923077 0.03365384615384615
0 0.23317307692307693 0.44591346153846156 0.009615384615384616 0.03365384615384615
0 0.24639423076923078 0.44711538461538464 0.01201923076923077 0.028846153846153848
0 0.3004807692307692 0.44711538461538464 0.01201923076923077 0.028846153846153848
0 0.3161057692307692 0.4483173076923077 0.01201923076923077 0.03365384615384615
0 0.3389423076923077 0.4519230769230769 0.007211538461538462 0.028846153846153848
0 0.3293269230769231 0.44711538461538464 0.01201923076923077 0.028846153846153848
0 0.35216346153846156 0.4495192307692308 0.01201923076923077 0.028846153846153848
0 0.4110576923076923 0.45913461538461536 0.016826923076923076 0.03365384615384615
0 0.38100961538461536 0.45072115384615385 0.009615384615384616 0.03365384615384615
0 0.42427884615384615 0.45913461538461536 0.014423076923076924 0.03365384615384615
0 0.39663461538461536 0.4543269230769231 0.01201923076923077 0.026442307692307692
0 0.4387019230769231 0.46033653846153844 0.01201923076923077 0.028846153846153848
0 0.4639423076923077 0.46153846153846156 0.014423076923076924 0.028846153846153848
0 0.49759615384615385 0.4567307692307692 0.009615384615384616 0.028846153846153848
0 0.45072115384615385 0.4579326923076923 0.009615384615384616 0.03365384615384615
0 0.5180288461538461 0.4579326923076923 0.009615384615384616 0.028846153846153848
0 0.5288461538461539 0.45913461538461536 0.01201923076923077 0.03365384615384615
0 0.36658653846153844 0.453125 0.009615384615384616 0.028846153846153848
0 0.5396634615384616 0.46153846153846156 0.009615384615384616 0.028846153846153848
0 0.5528846153846154 0.45913461538461536 0.014423076923076924 0.028846153846153848
0 0.5661057692307693 0.45913461538461536 0.014423076923076924 0.026442307692307692
0 0.5817307692307693 0.4651442307692308 0.007211538461538462 0.026442307692307692
0 0.6021634615384616 0.46274038461538464 0.009615384615384616 0.03365384615384615
0 0.5901442307692307 0.46274038461538464 0.014423076923076924 0.028846153846153848
0 0.6153846153846154 0.4639423076923077 0.009615384615384616 0.03365384615384615
0 0.640625 0.4675480769230769 0.009615384615384616 0.028846153846153848
0 0.6286057692307693 0.4675480769230769 0.009615384615384616 0.02403846153846154
0 0.6646634615384616 0.47596153846153844 0.014423076923076924 0.028846153846153848
0 0.6502403846153846 0.47115384615384615 0.014423076923076924 0.028846153846153848
0 0.6766826923076923 0.47475961538461536 0.01201923076923077 0.028846153846153848
0 0.6911057692307693 0.4735576923076923 0.01201923076923077 0.03365384615384615
0 0.7175480769230769 0.47596153846153844 0.014423076923076924 0.03365384615384615
0 0.7055288461538461 0.47475961538461536 0.009615384615384616 0.028846153846153848
0 0.7319711538461539 0.47836538461538464 0.014423076923076924 0.028846153846153848
0 0.7451923076923077 0.47596153846153844 0.01201923076923077 0.028846153846153848
0 0.8064903846153846 0.4795673076923077 0.014423076923076924 0.03365384615384615
0 0.8233173076923077 0.47836538461538464 0.014423076923076924 0.03365384615384615
0 0.8365384615384616 0.48197115384615385 0.009615384615384616 0.028846153846153848
0 0.5540865384615384 0.4254807692307692 0.014423076923076924 0.03365384615384615
0 0.5805288461538461 0.4254807692307692 0.014423076923076924 0.028846153846153848
0 0.6081730769230769 0.4326923076923077 0.014423076923076924 0.03365384615384615
0 0.5661057692307693 0.42788461538461536 0.01201923076923077 0.028846153846153848
0 0.59375 0.4326923076923077 0.01201923076923077 0.03365384615384615
0 0.6177884615384616 0.43028846153846156 0.01201923076923077 0.028846153846153848
0 0.6310096153846154 0.43509615384615385 0.009615384615384616 0.028846153846153848
0 0.6430288461538461 0.43509615384615385 0.009615384615384616 0.028846153846153848
0 0.6574519230769231 0.4362980769230769 0.01201923076923077 0.028846153846153848
0 0.6694711538461539 0.4387019230769231 0.014423076923076924 0.038461538461538464
0 0.6862980769230769 0.43990384615384615 0.014423076923076924 0.03365384615384615
0 0.6971153846153846 0.4411057692307692 0.01201923076923077 0.03365384615384615
0 0.7127403846153846 0.43990384615384615 0.014423076923076924 0.03365384615384615
0 0.7247596153846154 0.43990384615384615 0.014423076923076924 0.028846153846153848
0 0.7367788461538461 0.4387019230769231 0.014423076923076924 0.036057692307692304
0 0.75 0.4411057692307692 0.009615384615384616 0.03365384615384615
0 0.7776442307692307 0.44471153846153844 0.01201923076923077 0.03125
0 0.7620192307692307 0.4423076923076923 0.014423076923076924 0.038461538461538464
0 0.65625 0.6117788461538461 0.01201923076923077 0.02403846153846154
0 0.6814903846153846 0.6117788461538461 0.01201923076923077 0.026442307692307692
0 0.6694711538461539 0.6105769230769231 0.009615384615384616 0.026442307692307692
0 0.6983173076923077 0.6165865384615384 0.009615384615384616 0.02403846153846154
0 0.7091346153846154 0.6189903846153846 0.009615384615384616 0.02403846153846154
0 0.7307692307692307 0.6189903846153846 0.01201923076923077 0.02403846153846154
0 0.7199519230769231 0.6177884615384616 0.009615384615384616 0.019230769230769232
0 0.7463942307692307 0.6213942307692307 0.01201923076923077 0.028846153846153848
0 0.7596153846153846 0.6213942307692307 0.009615384615384616 0.026442307692307692
0 0.7920673076923077 0.6213942307692307 0.009615384615384616 0.026442307692307692
0 0.7740384615384616 0.6213942307692307 0.014423076923076924 0.028846153846153848
0 0.8052884615384616 0.6225961538461539 0.01201923076923077 0.026442307692307692
0 0.25721153846153844 0.5817307692307693 0.009615384615384616 0.026442307692307692
0 0.265625 0.5829326923076923 0.007211538461538462 0.026442307692307692
0 0.8197115384615384 0.6237980769230769 0.009615384615384616 0.02403846153846154
0 0.5372596153846154 0.42427884615384615 0.009615384615384616 0.03365384615384615
1 0.24879807692307693 0.5901442307692307 0.007211538461538462 0.014423076923076924
0 0.7572115384615384 0.47475961538461536 0.007211538461538462 0.03365384615384615
0 0.7836538461538461 0.47596153846153844 0.014423076923076924 0.036057692307692304
0 0.7680288461538461 0.47836538461538464 0.014423076923076924 0.03365384615384615
0 0.7932692307692307 0.47836538461538464 0.01201923076923077 0.03365384615384615
0 0.484375 0.45913461538461536 0.01201923076923077 0.03365384615384615
0 0.7932692307692307 0.44471153846153844 0.014423076923076924 0.038461538461538464
0 0.8485576923076923 0.4831730769230769 0.009615384615384616 0.03365384615384615
0 0.31490384615384615 0.21754807692307693 0.01201923076923077 0.04567307692307692
0 0.5108173076923077 0.46033653846153844 0.009615384615384616 0.028846153846153848
0 0.828125 0.6237980769230769 0.01201923076923077 0.026442307692307692
0 0.8425480769230769 0.6225961538461539 0.007211538461538462 0.026442307692307692
0 0.3485576923076923 0.6442307692307693 0.009615384615384616 0.02403846153846154
0 0.8209134615384616 0.44711538461538464 0.014423076923076924 0.038461538461538464
0 0.8064903846153846 0.44350961538461536 0.014423076923076924 0.028846153846153848
0 0.8329326923076923 0.4483173076923077 0.014423076923076924 0.03365384615384615
0 0.5300480769230769 0.17427884615384615 0.014423076923076924 0.040865384615384616
0 0.8449519230769231 0.4495192307692308 0.009615384615384616 0.038461538461538464