0 0.15625 0.24158653846153846 0.014423076923076924 0.036057692307692304
0 0.1658653846153846 0.2403846153846154 0.016826923076923076 0.040865384615384616
0 0.1971153846153846 0.5685096153846154 0.009615384615384616 0.026442307692307692
0 0.21033653846153846 0.5685096153846154 0.014423076923076924 0.028846153846153848
0 0.31850961538461536 0.6370192307692307 0.01201923076923077 0.02403846153846154
0 0.15264423076923078 0.19471153846153846 0.009615384615384616 0.038461538461538464
0 0.16466346153846154 0.1935096153846154 0.014423076923076924 0.038461538461538464
0 0.1814903846153846 0.19591346153846154 0.016826923076923076 0.04326923076923077
0 0.20192307692307693 0.19951923076923078 0.016826923076923076 0.04326923076923077
0 0.20072115384615385 0.24639423076923078 0.014423076923076924 0.04326923076923077
0 0.18629807692307693 0.24278846153846154 0.014423076923076924 0.04326923076923077
0 0.21754807692307693 0.20192307692307693 0.014423076923076924 0.04326923076923077
0 0.23557692307692307 0.203125 0.014423076923076924 0.040865384615384616
0 0.25240384615384615 0.20432692307692307 0.014423076923076924 0.038461538461538464
0 0.2692307692307692 0.20793269230769232 0.014423076923076924 0.04326923076923077
0 0.27884615384615385 0.20673076923076922 0.01201923076923077 0.036057692307692304
0 0.2956730769230769 0.21153846153846154 0.014423076923076924 0.038461538461538464
0 0.3125 0.2127403846153846 0.01201923076923077 0.04326923076923077
0 0.3317307692307692 0.21514423076923078 0.014423076923076924 0.038461538461538464
0 0.3485576923076923 0.21634615384615385 0.014423076923076924 0.038461538461538464
0 0.3605769230769231 0.22115384615384615 0.014423076923076924 0.03365384615384615
0 0.375 0.22716346153846154 0.014423076923076924 0.038461538461538464
0 0.3918269230769231 0.2283653846153846 0.014423076923076924 0.038461538461538464
0 0.40625 0.23076923076923078 0.014423076923076924 0.040865384615384616
0 0.4182692307692308 0.23076923076923078 0.016826923076923076 0.04326923076923077
0 0.45072115384615385 0.23557692307692307 0.01201923076923077 0.038461538461538464
0 0.4639423076923077 0.23557692307692307 0.014423076923076924 0.040865384615384616
0 0.4831730769230769 0.23798076923076922 0.014423076923076924 0.038461538461538464
0 0.4951923076923077 0.23918269230769232 0.01201923076923077 0.040865384615384616
0 0.20432692307692307 0.12980769230769232 0.016826923076923076 0.052884615384615384
0 0.22115384615384615 0.1310096153846154 0.014423076923076924 0.052884615384615384
0 0.23798076923076922 0.1346153846153846 0.014423076923076924 0.04807692307692308
0 0.25961538461538464 0.13942307692307693 0.019230769230769232 0.04807692307692308
0 0.27884615384615385 0.140625 0.016826923076923076 0.040865384615384616
0 0.2932692307692308 0.14423076923076922 0.014423076923076924 0.04326923076923077
0 0.3076923076923077 0.14543269230769232 0.014423076923076924 0.04807692307692308
0 0.3245192307692308 0.1466346153846154 0.01201923076923077 0.04326923076923077
0 0.34134615384615385 0.1502403846153846 0.014423076923076924 0.04807692307692308
0 0.3557692307692308 0.15264423076923078 0.014423076923076924 0.04326923076923077
0 0.3737980769230769 0.15504807692307693 0.014423076923076924 0.04807692307692308
0 0.390625 0.15985576923076922 0.014423076923076924 0.04326923076923077
0 0.4050480769230769 0.15985576923076922 0.01201923076923077 0.04326923076923077
0 0.4206730769230769 0.1658653846153846 0.014423076923076924 0.038461538461538464
0 0.4375 0.16346153846153846 0.014423076923076924 0.04326923076923077
0 0.4543269230769231 0.1658653846153846 0.014423076923076924 0.04326923076923077
0 0.4699519230769231 0.17067307692307693 0.014423076923076924 0.04326923076923077
0 0.4855769230769231 0.16826923076923078 0.014423076923076924 0.040865384615384616
0 0.3329326923076923 0.6382211538461539 0.009615384615384616 0.028846153846153848
0 0.34134615384615385 0.640625 0.009615384615384616 0.021634615384615384
0 0.3605769230769231 0.6442307692307693 0.014423076923076924 0.028846153846153848
0 0.38461538461538464 0.6490384615384616 0.009615384615384616 0.028846153846153848
0 0.3737980769230769 0.6442307692307693 0.009615384615384616 0.02403846153846154
0 0.40865384615384615 0.6490384615384616 0.009615384615384616 0.02403846153846154
0 0.41947115384615385 0.6526442307692307 0.009615384615384616 0.02403846153846154
0 0.43149038461538464 0.6502403846153846 0.009615384615384616 0.02403846153846154
0 0.44350961538461536 0.6502403846153846 0.009615384615384616 0.026442307692307692
0 0.4543269230769231 0.6526442307692307 0.009615384615384616 0.021634615384615384
0 0.4639423076923077 0.6538461538461539 0.009615384615384616 0.02403846153846154
0 0.47596153846153844 0.6538461538461539 0.01201923076923077 0.021634615384615384
0 0.30288461538461536 0.6358173076923077 0.009615384615384616 0.021634615384615384
0 0.15504807692307693 0.4230769230769231 0.01201923076923077 0.036057692307692304
0 0.16947115384615385 0.4254807692307692 0.014423076923076924 0.038461538461538464
0 0.18028846153846154 0.42908653846153844 0.01201923076923077 0.036057692307692304
0 0.19591346153846154 0.43149038461538464 0.01201923076923077 0.03365384615384615
0 0.2127403846153846 0.4326923076923077 0.009615384615384616 0.03365384615384615
0 0.22596153846153846 0.43028846153846156 0.009615384615384616 0.03365384615384615
0 0.24158653846153846 0.43149038461538464 0.014423076923076924 0.03365384615384615
0 0.2548076923076923 0.43149038461538464 0.009615384615384616 0.03365384615384615
0 0.2668269230769231 0.4338942307692308 0.014423076923076924 0.038461538461538464
0 0.28125 0.4362980769230769 0.009615384615384616 0.03365384615384615
0 0.2932692307692308 0.43509615384615385 0.009615384615384616 0.03365384615384615
0 0.30649038461538464 0.4411057692307692 0.009615384615384616 0.038461538461538464
0 0.32211538461538464 0.4411057692307692 0.009615384615384616 0.03365384615384615
0 0.33533653846153844 0.44591346153846156 0.01201923076923077 0.03365384615384615
0 0.34615384615384615 0.44591346153846156 0.01201923076923077 0.028846153846153848
0 0.3605769230769231 0.44471153846153844 0.009615384615384616 0.028846153846153848
0 0.3713942307692308 0.44711538461538464 0.01201923076923077 0.028846153846153848
0 0.38461538461538464 0.44711538461538464 0.01201923076923077 0.03365384615384615
0 0.39783653846153844 0.4495192307692308 0.014423076923076924 0.03365384615384615
0 0.42427884615384615 0.4519230769230769 0.009615384615384616 0.028846153846153848
0 0.4362980769230769 0.453125 0.01201923076923077 0.028846153846153848
0 0.44471153846153844 0.45552884615384615 0.014423076923076924 0.03365384615384615
0 0.46274038461538464 0.4543269230769231 0.01201923076923077 0.028846153846153848
0 0.47475961538461536 0.45913461538461536 0.01201923076923077 0.03365384615384615
0 0.48677884615384615 0.4579326923076923 0.009615384615384616 0.036057692307692304
0 0.49759615384615385 0.46153846153846156 0.007211538461538462 0.028846153846153848
0 0.5096153846153846 0.46274038461538464 0.01201923076923077 0.03365384615384615
0 0.5252403846153846 0.4639423076923077 0.009615384615384616 0.028846153846153848
0 0.5372596153846154 0.4639423076923077 0.009615384615384616 0.028846153846153848
0 0.5492788461538461 0.46634615384615385 0.009615384615384616 0.026442307692307692
0 0.5649038461538461 0.4639423076923077 0.014423076923076924 0.03365384615384615
0 0.5805288461538461 0.46875 0.01201923076923077 0.03365384615384615
0 0.59375 0.47475961538461536 0.014423076923076924 0.03365384615384615
0 0.5012019230769231 0.4254807692307692 0.009615384615384616 0.03365384615384615
0 0.5324519230769231 0.4375 0.01201923076923077 0.036057692307692304
0 0.5144230769230769 0.43028846153846156 0.014423076923076924 0.03365384615384615
0 0.546875 0.42908653846153844 0.009615384615384616 0.028846153846153848
0 0.5709134615384616 0.43509615384615385 0.014423076923076924 0.03365384615384615
0 0.5600961538461539 0.43028846153846156 0.014423076923076924 0.028846153846153848
0 0.5889423076923077 0.43509615384615385 0.014423076923076924 0.028846153846153848
0 0.6045673076923077 0.47596153846153844 0.01201923076923077 0.026442307692307692
0 0.6177884615384616 0.47475961538461536 0.014423076923076924 0.03365384615384615
0 0.6033653846153846 0.4387019230769231 0.019230769230769232 0.03365384615384615
0 0.40865384615384615 0.44711538461538464 0.01201923076923077 0.028846153846153848
0 0.6310096153846154 0.47596153846153844 0.01201923076923077 0.03365384615384615
0 0.6430288461538461 0.47836538461538464 0.014423076923076924 0.03365384615384615
0 0.6213942307692307 0.44350961538461536 0.009615384615384616 0.03365384615384615
0 0.6574519230769231 0.48197115384615385 0.01201923076923077 0.028846153846153848
0 0.6706730769230769 0.4807692307692308 0.014423076923076924 0.028846153846153848
0 0.6466346153846154 0.44591346153846156 0.014423076923076924 0.028846153846153848
0 0.6610576923076923 0.44711538461538464 0.014423076923076924 0.03365384615384615
0 0.6814903846153846 0.484375 0.009615384615384616 0.03365384615384615
0 0.6935096153846154 0.4831730769230769 0.009615384615384616 0.03365384615384615
0 0.6742788461538461 0.44711538461538464 0.01201923076923077 0.03365384615384615
0 0.6983173076923077 0.44711538461538464 0.01201923076923077 0.028846153846153848
0 0.7211538461538461 0.453125 0.014423076923076924 0.03365384615384615
0 0.7079326923076923 0.484375 0.014423076923076924 0.028846153846153848
0 0.7211538461538461 0.4879807692307692 0.01201923076923077 0.03365384615384615
0 0.734375 0.49038461538461536 0.014423076923076924 0.028846153846153848
0 0.7487980769230769 0.49038461538461536 0.01201923076923077 0.028846153846153848
0 0.7079326923076923 0.4483173076923077 0.014423076923076924 0.028846153846153848
0 0.8076923076923077 0.4567307692307692 0.014423076923076924 0.028846153846153848
0 0.7596153846153846 0.4879807692307692 0.014423076923076924 0.038461538461538464
0 0.7716346153846154 0.49158653846153844 0.014423076923076924 0.036057692307692304
0 0.7860576923076923 0.49278846153846156 0.014423076923076924 0.028846153846153848
0 0.8004807692307693 0.4963942307692308 0.014423076923076924 0.028846153846153848
0 0.8161057692307693 0.49399038461538464 0.014423076923076924 0.028846153846153848
0 0.43509615384615385 0.23076923076923078 0.014423076923076924 0.04326923076923077
0 0.7355769230769231 0.4567307692307692 0.014423076923076924 0.028846153846153848
0 0.7572115384615384 0.453125 0.014423076923076924 0.036057692307692304
0 0.7644230769230769 0.453125 0.016826923076923076 0.03365384615384615
0 0.7932692307692307 0.45552884615384615 0.014423076923076924 0.028846153846153848
0 0.49038461538461536 0.421875 0.014423076923076924 0.03365384615384615
0 0.6069711538461539 0.6141826923076923 0.009615384615384616 0.026442307692307692
0 0.6201923076923077 0.6153846153846154 0.009615384615384616 0.02403846153846154
0 0.6274038461538461 0.6165865384615384 0.009615384615384616 0.021634615384615384
0 0.6538461538461539 0.6225961538461539 0.009615384615384616 0.026442307692307692
0 0.6694711538461539 0.6237980769230769 0.009615384615384616 0.02403846153846154
0 0.6814903846153846 0.6225961538461539 0.01201923076923077 0.02403846153846154
0 0.6911057692307693 0.6237980769230769 0.009615384615384616 0.028846153846153848
0 0.7019230769230769 0.6262019230769231 0.009615384615384616 0.028846153846153848
0 0.7139423076923077 0.6237980769230769 0.009615384615384616 0.028846153846153848
0 0.7223557692307693 0.6262019230769231 0.01201923076923077 0.026442307692307692
0 0.7367788461538461 0.6310096153846154 0.01201923076923077 0.02403846153846154
0 0.7475961538461539 0.6298076923076923 0.009615384615384616 0.028846153846153848
0 0.7572115384615384 0.6298076923076923 0.009615384615384616 0.03365384615384615
0 0.3954326923076923 0.6478365384615384 0.01201923076923077 0.02403846153846154
1 0.18870192307692307 0.578125 0.009615384615384616 0.007211538461538462
0 0.640625 0.6189903846153846 0.009615384615384616 0.02403846153846154
0 0.29086538461538464 0.6346153846153846 0.009615384615384616 0.02403846153846154
0 0.34975961538461536 0.6442307692307693 0.014423076923076924 0.026442307692307692
0 0.6358173076923077 0.4411057692307692 0.01201923076923077 0.028846153846153848
0 0.78125 0.453125 0.014423076923076924 0.028846153846153848
0 0.7668269230769231 0.6310096153846154 0.009615384615384616 0.026442307692307692
0 0.7800480769230769 0.6334134615384616 0.014423076923076924 0.028846153846153848
0 0.6838942307692307 0.4483173076923077 0.009615384615384616 0.038461538461538464