1 0.78515625 0.4015625 0.0140625 0.0140625
1 0.72734375 0.37109375 0.0140625 0.0171875
1 0.5640625 0.6671875 0.0078125 0.0140625
1 0.78359375 0.74375 0.009375 0.0203125
1 0.50390625 0.58515625 0.0140625 0.021875
1 0.484375 0.58984375 0.0078125 0.0140625
1 0.4828125 0.61171875 0.0046875 0.0140625
1 0.49296875 0.5984375 0.0078125 0.0203125
1 0.4234375 0.6609375 0.0046875 0.009375
1 0.43984375 0.63125 0.0046875 0.0203125
1 0.7671875 0.328125 0.0046875 0.0078125
1 0.50625 0.38203125 0.0046875 0.0125