1 0.21484375 0.4015625 0.0140625 0.0140625
1 0.27265625 0.37109375 0.0140625 0.0171875
1 0.4359375 0.6671875 0.0078125 0.0140625
1 0.21640625 0.74375 0.009375 0.0203125
1 0.49609375 0.58515625 0.0140625 0.021875
1 0.515625 0.58984375 0.0078125 0.0140625
1 0.5171875 0.61171875 0.0046875 0.0140625
1 0.50703125 0.5984375 0.0078125 0.0203125
1 0.5765625 0.6609375 0.0046875 0.009375
1 0.56015625 0.63125 0.0046875 0.0203125
1 0.2328125 0.328125 0.0046875 0.0078125
1 0.49375 0.38203125 0.0046875 0.0125