2 0.2015625 0.38203125 0.00859375 0.01015625
2 0.19375 0.3765625 0.00703125 0.00859375
2 0.70390625 0.74296875 0.0125 0.0171875
2 0.696875 0.72421875 0.00859375 0.01015625
2 0.7953125 0.871875 0.01171875 0.01640625
2 0.83203125 0.77890625 0.01640625 0.0203125
2 0.74765625 0.5390625 0.00703125 0.01171875
2 0.72734375 0.534375 0.0078125 0.009375
2 0.81640625 0.3921875 0.0125 0.01328125
2 0.80625 0.3859375 0.0078125 0.009375
2 0.80546875 0.3703125 0.0109375 0.0109375
2 0.5859375 0.30234375 0.0109375 0.01328125
2 0.5453125 0.17109375 0.0078125 0.009375