2 0.2375 0.41796875 0.0125 0.01484375
2 0.33125 0.02265625 0.00859375 0.01015625
2 0.05 0.08671875 0.00703125 0.01015625
2 0.56796875 0.2140625 0.00625 0.0078125
2 0.60703125 0.34296875 0.0109375 0.01171875
2 0.8296875 0.4296875 0.0109375 0.0125
2 0.81953125 0.42265625 0.00703125 0.01015625
2 0.81953125 0.40546875 0.009375 0.0109375
2 0.7234375 0.76796875 0.01171875 0.01484375
2 0.7171875 0.74921875 0.0078125 0.01015625
2 0.84296875 0.8 0.0140625 0.01484375
2 0.8109375 0.88984375 0.01015625 0.0125