2 0.325 0.0328125 0.0078125 0.01015625
2 0.04296875 0.0953125 0.00703125 0.009375
2 0.228125 0.428125 0.01328125 0.01484375
2 0.559375 0.22578125 0.00703125 0.00859375
2 0.59765625 0.3546875 0.01015625 0.009375
2 0.81953125 0.4421875 0.01328125 0.01328125
2 0.80859375 0.434375 0.00703125 0.00859375
2 0.80859375 0.41953125 0.0109375 0.009375
2 0.71171875 0.78125 0.01171875 0.015625
2 0.70625 0.7625 0.0078125 0.01015625
2 0.83125 0.8140625 0.0140625 0.01484375
2 0.7984375 0.9046875 0.0109375 0.0140625