2 0.04296875 0.0953125 0.0078125 0.01171875
2 0.3265625 0.03203125 0.0078125 0.0109375
2 0.22890625 0.4296875 0.0140625 0.0171875
2 0.6015625 0.35546875 0.01171875 0.0140625
2 0.56171875 0.22578125 0.009375 0.0078125
2 0.8125 0.41953125 0.01015625 0.009375
2 0.8234375 0.44296875 0.01484375 0.0140625
2 0.81328125 0.4359375 0.00703125 0.00703125
2 0.715625 0.78359375 0.0125 0.01484375
2 0.70859375 0.76484375 0.0078125 0.00859375
2 0.83671875 0.81640625 0.01640625 0.01640625
2 0.803125 0.90703125 0.0109375 0.01328125