2 0.0515625 0.090625 0.0078125 0.01015625
2 0.33203125 0.02734375 0.00859375 0.009375
2 0.565625 0.21953125 0.00703125 0.00703125
2 0.60546875 0.34765625 0.0109375 0.009375
2 0.8265625 0.434375 0.01328125 0.0140625
2 0.81484375 0.425 0.0078125 0.0078125
2 0.81640625 0.4109375 0.01171875 0.01015625
2 0.7203125 0.77265625 0.01171875 0.01484375
2 0.71328125 0.75390625 0.0078125 0.009375
2 0.83828125 0.8046875 0.0140625 0.015625
2 0.80625 0.89453125 0.009375 0.01328125
2 0.23671875 0.42109375 0.01328125 0.01484375